
#id1 id2 FENE BEXC STCK NEXC HB CRSTCK CXSTCK total, t = 100
0 1 0.0120364 0 -1.26262 0 0 0 0 -1.25059
1 2 0.0694314 0 -1.217 0 0 0 0 -1.14757
2 3 0.0714346 0 -1.22669 0 0 0 0 -1.15525
3 4 0.15893 0 -1.23004 0 0 0 0 -1.07111
4 5 0.178554 0 -1.28583 0 0 0 0 -1.10728
5 6 0.343113 0 -0.97551 0 0 0 0 -0.632397
6 7 0.00120324 0 -1.05084 0 0 0 0 -1.04964
7 8 0.104347 0 -1.29561 0 0 0 0 -1.19127
8 9 0.374779 0 -1.17789 0 0 0 0 -0.803113
9 10 0.0522966 0 -1.34159 0 0 0 0 -1.2893
10 11 0.543343 0 -1.24825 0 0 0 0 -0.704908
11 12 0.0562413 0 -1.18374 0 0 0 0 -1.1275
12 13 0.244463 0 -1.05763 0 0 0 0 -0.813165
13 14 0.272073 0 -1.36119 0 0 0 0 -1.08912
14 15 0.234724 0 -1.30189 0 0 0 0 -1.06716
15 16 0.322586 0 -1.25416 0 0 0 0 -0.931577
16 17 0.280719 0 -1.24471 0 0 0 0 -0.963996
17 18 0.0831211 0 -1.41021 0 0 0 0 -1.32709
18 19 0.479828 0 -1.20227 0 0 0 0 -0.722443
19 20 0.574165 0 -0.0170758 0 0 0 0 0.557089
20 21 1.15775 0 0 0 0 0 0 1.15775
21 22 1.13432 0 0 0 0 0 0 1.13432
22 23 0.0106863 0 -0.303329 0 0 0 0 -0.292643
23 24 0.0944886 0 -0.517357 0 0 0 0 -0.422869
24 25 0.286549 0 -1.06422 0 0 0 0 -0.777675
25 26 0.114932 0 -0.780123 0 0 0 0 -0.665191
26 27 0.0570609 0 -1.13694 0 0 0 0 -1.07988
28 29 1.51789 0 0 0 0 0 0 1.51789
29 30 0.589611 0 -0.636932 0 0 0 0 -0.0473213
30 31 0.731513 0 -0.339471 0 0 0 0 0.392042
31 32 0.00420147 0 -0 0 0 0 0 0.00420147
32 33 0.0490838 0 -0.654909 0 0 0 0 -0.605825
33 34 1.78396 0 0 0 0 0 0 1.78396
34 35 2.04567 0 0 0 0 0 0 2.04567
35 36 0.0480013 0 -1.12322 0 0 0 0 -1.07521
36 37 0.00210415 0 -1.38741 0 0 0 0 -1.3853
37 38 0.0626995 0 -1.13815 0 0 0 0 -1.07545
38 39 0.00570669 0 -1.34824 0 0 0 0 -1.34253
39 40 0.0472534 0 -0.843904 0 0 0 0 -0.796651
40 41 0.205495 0 -1.23397 0 0 0 0 -1.02848
41 42 0.0550912 0 -1.25842 0 0 0 0 -1.20333
42 43 0.183017 0 -1.23088 0 0 0 0 -1.04786
43 44 0.211175 0 -1.36908 0 0 0 0 -1.15791
44 45 0.163189 0 -1.01439 0 0 0 0 -0.851199
45 46 0.116354 0 -1.16577 0 0 0 0 -1.04942
46 47 0.422611 0 -1.29559 0 0 0 0 -0.872979
47 48 0.0396685 0 -1.27456 0 0 0 0 -1.23489
48 49 0.113876 0 -1.24549 0 0 0 0 -1.13161
49 50 0.275309 0 -1.11595 0 0 0 0 -0.840643
50 51 0.659615 0 -1.29647 0 0 0 0 -0.636859
51 52 0.0249333 0 -1.02453 0 0 0 0 -0.9996
52 53 0.10768 0 -1.39301 0 0 0 0 -1.28533
53 54 0.221835 0 -1.31556 0 0 0 0 -1.09373
55 56 0.0334669 0 -1.34617 0 0 0 0 -1.3127
56 57 0.0511132 0 -1.36846 0 0 0 0 -1.31735
57 58 0.321678 0 -1.28668 0 0 0 0 -0.965
58 59 0.111506 0 -1.32687 0 0 0 0 -1.21536
59 60 0.0668803 0 -1.30344 0 0 0 0 -1.23656
60 61 1.88339 0 0 0 0 0 0 1.88339
61 62 1.7316 0 0 0 0 0 0 1.7316
62 63 0.00908954 0 -0.287735 0 0 0 0 -0.278645
63 64 0.0601247 0 -0.475298 0 0 0 0 -0.415173
64 65 0.0215533 0 -0.530431 0 0 0 0 -0.508877
65 66 0.70173 0 -0 0 0 0 0 0.70173
66 67 1.61822 0 0 0 0 0 0 1.61822
67 68 1.56154 0 0 0 0 0 0 1.56154
68 69 0.0831043 0 -0.326125 0 0 0 0 -0.243021
69 70 0.158954 0 -1.28637 0 0 0 0 -1.12741
70 71 0.0624639 0 -1.0908 0 0 0 0 -1.02833
71 72 0.0353932 0 -0.461135 0 0 0 0 -0.425742
72 73 0.154541 0 -0.847973 0 0 0 0 -0.693432
73 74 1.19232 0 0 0 0 0 0 1.19232
73 75 0 0 0 0 0 -0 -0.102665 -0.102665
74 75 1.69517 0 0 0 0 0 0 1.69517
75 76 0.0127698 0 -0.860825 0 0 0 0 -0.848055
76 77 0.168553 0 -1.34595 0 0 0 0 -1.17739
77 78 0.219108 0 -1.35564 0 0 0 0 -1.13653
78 79 0.157835 0 -1.22536 0 0 0 0 -1.06753
79 80 0.0505956 0 -1.3762 0 0 0 0 -1.3256
#Total energy per particle is  -0.504856 and should be -0.50485610

