
#id1 id2 FENE BEXC STCK NEXC HB CRSTCK CXSTCK total, t = 100
0 1 0.0137362 0 -1.1573 0 0 0 0 -1.14357
1 2 0.120862 0 -1.26619 0 0 0 0 -1.14533
2 3 0.0984649 0 -1.23783 0 0 0 0 -1.13937
3 4 0.410335 0 -1.2036 0 0 0 0 -0.793263
4 5 0.518084 0 -1.2956 0 0 0 0 -0.777514
5 6 0.199336 0 -1.14324 0 0 0 0 -0.943899
6 7 0.337881 0 -1.34029 0 0 0 0 -1.00241
7 8 0.0879416 0 -1.17568 0 0 0 0 -1.08774
8 9 0.080988 0 -1.20971 0 0 0 0 -1.12872
9 10 0.0241719 0 -1.20736 0 0 0 0 -1.18319
10 11 0.0408328 0 -1.31288 0 0 0 0 -1.27204
11 12 0.0592696 0 -1.43103 0 0 0 0 -1.37176
12 13 0.111067 0 -1.35037 0 0 0 0 -1.2393
13 14 0.135213 0 -1.22618 0 0 0 0 -1.09097
14 15 0.0619731 0 -1.08559 0 0 0 0 -1.02362
15 16 0.0310142 0 -1.27425 0 0 0 0 -1.24324
16 17 0.148647 0 -1.18614 0 0 0 0 -1.03749
17 18 0.422132 0 -1.29813 0 0 0 0 -0.875996
18 19 0.2996 0 -1.2794 0 0 0 0 -0.9798
19 20 0.10006 0 -1.2795 0 0 0 0 -1.17944
20 21 0.190366 0 -1.05395 0 0 0 0 -0.863586
21 22 0.0207348 0 -1.08195 0 0 0 0 -1.06121
22 23 0.344922 0 -1.12281 0 0 0 0 -0.777889
23 24 0.0706944 0 -0.76633 0 0 0 0 -0.695636
24 25 0.0120193 0 -0.903553 0 0 0 0 -0.891534
#Total energy per particle is  -0.99802 and should be -0.9980210

