t = 0
b =  30.0 30.0 30.0
E = 0. 0. 0.
1.21404694775 12.0540995749 15.0314743771 0.715218526568 0.618396425484 -0.325650610629 0.0886654172811 0.381898004845 0.919941496876 0.0 0.0 0.0 0.0 0.0 0.0
1.5740254137 12.0317869906 15.4297239907 0.172851893643 0.903666827327 -0.391801592713 0.0886654172811 0.381898004845 0.919941496876 0.0 0.0 0.0 0.0 0.0 0.0
1.97340547424 12.2154652879 15.7386624189 -0.435184063606 0.845619092965 -0.309100599151 0.0886654172811 0.381898004845 0.919941496876 0.0 0.0 0.0 0.0 0.0 0.0
2.27358531378 12.5919024841 15.9771413559 -0.877886319202 0.466306527189 -0.108967120086 0.0886654172811 0.381898004845 0.919941496876 0.0 0.0 0.0 0.0 0.0 0.0
2.37365093925 13.0746342679 16.1907812344 -0.987064884656 -0.0901636844964 0.132564789733 0.0886654172811 0.381898004845 0.919941496876 0.0 0.0 0.0 0.0 0.0 0.0
2.2487150932 13.5368132369 16.4346392608 -0.721240997585 -0.612379204985 0.323733119568 0.0886654172811 0.381898004845 0.919941496876 0.0 0.0 0.0 0.0 0.0 0.0
1.95937233905 13.8594003469 16.7522922621 -0.181405597025 -0.901941627065 0.391909824749 0.0886654172811 0.381898004845 0.919941496876 0.0 0.0 0.0 0.0 0.0 0.0
1.62867817336 13.9763898346 17.1592811203 0.427348822785 -0.848841345364 0.311193435126 0.0886654172811 0.381898004845 0.919941496876 0.0 0.0 0.0 0.0 0.0 0.0
1.39539818526 13.8998859109 17.6372065317 0.873746279927 -0.473252044688 0.112249456621 0.0886654172811 0.381898004845 0.919941496876 0.0 0.0 0.0 0.0 0.0 0.0
1.36128868917 13.7155041688 18.1407192104 0.988192917066 0.0821336201168 -0.129339967165 0.0886654172811 0.381898004845 0.919941496876 0.0 0.0 0.0 0.0 0.0 0.0
1.55243779961 13.5498447879 18.6147488394 0.727208543308 0.606315349439 -0.321790974975 0.0886654172811 0.381898004845 0.919941496876 0.0 0.0 0.0 0.0 0.0 0.0
1.90935412039 13.5223950101 19.0154262056 0.189945485668 0.900147740456 -0.391988211335 0.0886654172811 0.381898004845 0.919941496876 0.0 0.0 0.0 0.0 0.0 0.0
2.3095685206 13.7001339379 19.3267498467 -0.419481037697 0.851998955207 -0.313262572515 0.0886654172811 0.381898004845 0.919941496876 0.0 0.0 0.0 0.0 0.0 0.0
2.61416220507 14.0720860545 19.5666652745 -0.869539701491 0.480161522212 -0.115523244926 0.0886654172811 0.381898004845 0.919941496876 0.0 0.0 0.0 0.0 0.0 0.0
2.72054428722 14.5534910051 19.780247175 -0.98924569476 -0.0740973009441 0.126105294857 0.0886654172811 0.381898004845 0.919941496876 0.0 0.0 0.0 0.0 0.0 0.0
2.60142778212 15.0180054737 20.0225747815 -0.733120709284 -0.600205320631 0.319824324755 0.0886654172811 0.381898004845 0.919941496876 0.0 0.0 0.0 0.0 0.0 0.0
2.31519638828 15.3457031205 20.3378063528 -0.198470909227 -0.898285304112 0.392036746501 0.0886654172811 0.381898004845 0.919941496876 0.0 0.0 0.0 0.0 0.0 0.0
1.98372354443 15.468636604 20.7424027128 0.411581307503 -0.855091682032 0.315307853747 0.0886654172811 0.381898004845 0.919941496876 0.0 0.0 0.0 0.0 0.0 0.0
1.74607067258 15.3966519116 21.218873508 0.86526690424 -0.487034433577 0.118788235688 0.0886654172811 0.381898004845 0.919941496876 0.0 0.0 0.0 0.0 0.0 0.0
1.70565541878 15.2136477048 21.7224220853 0.990223137565 0.0660553389751 -0.122861019142 0.0886654172811 0.381898004845 0.919941496876 0.0 0.0 0.0 0.0 0.0 0.0
1.89096156034 15.0457008146 22.1979644894 0.738977045281 0.594049583864 -0.317833318674 0.0886654172811 0.381898004845 0.919941496876 0.0 0.0 0.0 0.0 0.0 0.0
2.24471754262 15.0131675458 22.6010567785 0.206981218457 0.896354459864 -0.392055426551 0.0886654172811 0.381898004845 0.919941496876 0.0 0.0 0.0 0.0 0.0 0.0
2.64565490017 15.1849583042 22.9147800208 -0.403650233799 0.858119290314 -0.317329123064 0.0886654172811 0.381898004845 0.919941496876 0.0 0.0 0.0 0.0 0.0 0.0
2.95458017422 15.5523573819 23.1561680795 -0.860928213564 0.493870255384 -0.122044180266 0.0886654172811 0.381898004845 0.919941496876 0.0 0.0 0.0 0.0 0.0 0.0
3.0672568349 16.0323341999 23.3697361635 -0.991125171043 -0.0580083466363 0.119607387086 0.0886654172811 0.381898004845 0.919941496876 0.0 0.0 0.0 0.0 0.0 0.0
2.95400648165 16.4990880134 23.6105687551 -0.744777105314 -0.587848607922 0.315818108355 0.0886654172811 0.381898004845 0.919941496876 0.0 0.0 0.0 0.0 0.0 0.0
2.67098416381 16.8318417182 23.9233920944 -0.215475765267 -0.894355354753 0.392044250062 0.0886654172811 0.381898004845 0.919941496876 0.0 0.0 0.0 0.0 0.0 0.0
2.3388441385 16.9607270918 24.3255819329 0.395688420568 -0.86108154949 0.319326226541 0.0886654172811 0.381898004845 0.919941496876 0.0 0.0 0.0 0.0 0.0 0.0
