t = 0
b =  30.0 30.0 30.0
E = 0. 0. 0.
9.58559496118 28.0103359687 27.9844880319 0.507776269702 0.451469932367 -0.733715312704 0.7075682224 0.267283475564 0.654145820395 0.0 0.0 0.0 0.0 0.0 0.0
10.0921516753 27.8664574577 28.0911856025 0.123154763743 0.864896068242 -0.486608359266 0.7075682224 0.267283475564 0.654145820395 0.0 0.0 0.0 0.0 0.0 0.0
10.6267815217 27.9197320327 28.0869607822 -0.308255296 0.949733727501 -0.0546307544842 0.7075682224 0.267283475564 0.654145820395 0.0 0.0 0.0 0.0 0.0 0.0
11.0911445637 28.1894984408 28.0702828798 -0.622554015038 0.673751664981 0.398101987303 0.7075682224 0.267283475564 0.654145820395 0.0 0.0 0.0 0.0 0.0 0.0
11.4135963984 28.6128465621 28.1443523379 -0.700334055216 0.141800080408 0.699589128204 0.7075682224 0.267283475564 0.654145820395 0.0 0.0 0.0 0.0 0.0 0.0
11.5764070631 29.0685180162 28.3778931598 -0.512045478856 -0.444023725483 0.735290662794 0.7075682224 0.267283475564 0.654145820395 0.0 0.0 0.0 0.0 0.0 0.0
11.6224969449 29.4229742481 28.7790435113 -0.129222264135 -0.861155494382 0.491642981184 0.7075682224 0.267283475564 0.654145820395 0.0 0.0 0.0 0.0 0.0 0.0
11.6391306074 29.581130058 29.292263896 0.302694649212 -0.951119893214 0.0612119111895 0.7075682224 0.267283475564 0.654145820395 0.0 0.0 0.0 0.0 0.0 0.0
11.7247635248 29.5224780582 29.8194375377 0.619612804539 -0.679737942736 -0.392474587274 0.7075682224 0.267283475564 0.654145820395 0.0 0.0 0.0 0.0 0.0 0.0
11.9516372004 29.3088797731 30.2571465849 0.701129696047 -0.150112183201 -0.697053428207 0.7075682224 0.267283475564 0.654145820395 0.0 0.0 0.0 0.0 0.0 0.0
12.3383334124 29.061063411 30.5359622812 0.516275693764 0.436543704474 -0.736810017652 0.7075682224 0.267283475564 0.654145820395 0.0 0.0 0.0 0.0 0.0 0.0
12.8427146849 28.9127572002 30.6468221108 0.135279923751 0.857349340198 -0.496640162585 0.7075682224 0.267283475564 0.654145820395 0.0 0.0 0.0 0.0 0.0 0.0
13.3779330204 28.9598837984 30.6444727997 -0.297110951056 0.952433627464 -0.0677884063708 0.7075682224 0.267283475564 0.654145820395 0.0 0.0 0.0 0.0 0.0 0.0
13.8454249052 29.2241176719 30.6266711192 -0.616624408125 0.685672455816 0.386817298785 0.7075682224 0.267283475564 0.654145820395 0.0 0.0 0.0 0.0 0.0 0.0
14.1723572368 29.6446506034 30.6970444542 -0.701871943138 0.158412854371 0.694464644892 0.7075682224 0.267283475564 0.654145820395 0.0 0.0 0.0 0.0 0.0 0.0
14.3392978368 30.1012937499 30.9257210268 -0.52046659228 -0.429030438971 0.738273261575 0.7075682224 0.267283475564 0.654145820395 0.0 0.0 0.0 0.0 0.0 0.0
14.3875980608 30.4601393944 31.3226870126 -0.141327281277 -0.853477895542 0.501599522915 0.7075682224 0.267283475564 0.654145820395 0.0 0.0 0.0 0.0 0.0 0.0
14.4036827265 30.6244347258 31.8339926255 0.291504626749 -0.953674830206 0.0743597392025 0.7075682224 0.267283475564 0.654145820395 0.0 0.0 0.0 0.0 0.0 0.0
14.4862158811 30.5713398496 32.3622485432 0.613589053376 -0.691554752283 -0.381130552662 0.7075682224 0.267283475564 0.654145820395 0.0 0.0 0.0 0.0 0.0 0.0
14.7086166797 30.3606050459 32.8036257395 0.702560739963 -0.166701461788 -0.691822975406 0.7075682224 0.267283475564 0.654145820395 0.0 0.0 0.0 0.0 0.0 0.0
15.0911662211 30.1118706387 33.0873018667 0.524617855249 0.42148450114 -0.739680283131 0.7075682224 0.267283475564 0.654145820395 0.0 0.0 0.0 0.0 0.0 0.0
15.5933024191 29.9592136368 33.2023678502 0.147363876183 0.84954145524 -0.506520684499 0.7075682224 0.267283475564 0.654145820395 0.0 0.0 0.0 0.0 0.0 0.0
16.1290302173 30.0002096364 33.2019724277 -0.285876103237 0.954843406918 -0.0809254092522 0.7075682224 0.267283475564 0.654145820395 0.0 0.0 0.0 0.0 0.0 0.0
16.5995925488 30.2588622206 33.1831300556 -0.610506971445 0.697384384178 0.375414781971 0.7075682224 0.267283475564 0.654145820395 0.0 0.0 0.0 0.0 0.0 0.0
16.9309897969 30.6764835971 33.2498634948 -0.703196034068 0.174977374244 0.689128620922 0.7075682224 0.267283475564 0.654145820395 0.0 0.0 0.0 0.0 0.0 0.0
17.102093487 31.1339910716 33.4736838249 -0.528729166538 -0.413906465632 0.74103097517 0.7075682224 0.267283475564 0.654145820395 0.0 0.0 0.0 0.0 0.0 0.0
17.1526733469 31.4971485542 33.8664221891 -0.15338924876 -0.845540319066 0.511403272573 0.7075682224 0.267283475564 0.654145820395 0.0 0.0 0.0 0.0 0.0 0.0
