
#id1 id2 FENE BEXC STCK NEXC HB CRSTCK CXSTCK total, t = 100
0 1 0.00169688 0 -1.03387 0 0 0 0 -1.03217
1 2 0.203592 0 -1.03512 0 0 0 0 -0.831529
2 3 0.00268564 0 -0.911331 0 0 0 0 -0.908645
3 4 7.01591e-07 0 -1.2501 0 0 0 0 -1.2501
4 5 0.0682845 0 -1.20807 0 0 0 0 -1.13979
5 6 0.0409604 0 -1.20834 0 0 0 0 -1.16738
6 7 0.14586 0 -1.0832 0 0 0 0 -0.937337
7 8 0.0492974 0 -1.08896 0 0 0 0 -1.03966
8 9 0.192129 0 -1.1715 0 0 0 0 -0.97937
9 10 0.0653007 0 -1.27459 0 0 0 0 -1.20929
10 11 0.169404 0 -1.1219 0 0 0 0 -0.952496
11 12 0.229834 0 -1.31954 0 0 0 0 -1.08971
12 13 0.715379 0 -1.17886 0 0 0 0 -0.46348
13 14 0.172911 0 -1.30092 0 0 0 0 -1.12801
14 15 0.210203 0 -1.28716 0 0 0 0 -1.07695
15 16 0.229909 0 -1.33223 0 0 0 0 -1.10232
16 17 0.131706 0 -1.20621 0 0 0 0 -1.0745
17 18 0.0660947 0 -1.34549 0 0 0 0 -1.2794
18 19 0.643188 0 -1.2539 0 0 0 0 -0.610714
19 20 0.0462527 0 -1.02447 0 0 0 0 -0.978217
20 21 0.00236509 0 -1.13861 0 0 0 0 -1.13625
21 22 0.0659609 0 -1.08896 0 0 0 0 -1.023
22 23 0.252754 0 -1.1864 0 0 0 0 -0.933647
23 24 0.0415864 0 -1.09322 0 0 0 0 -1.05163
24 25 0.241452 0 -0.809511 0 0 0 0 -0.568058
25 26 0.0835238 0 -1.28089 0 0 0 0 -1.19737
#Total energy per particle is  -0.968927 and should be -0.96892710

