t = 0
b =  30.0 30.0 30.0
E = 0. 0. 0.
1.80246464482 4.89068783508 25.6972841993 0.806308586512 -0.545950233539 -0.227606691061 0.531285442206 0.499320357544 0.684408474116 0.0 0.0 0.0 0.0 0.0 0.0
2.00996340481 4.78638394838 26.1817943292 0.805602871265 -0.0477495420658 -0.590528572587 0.531285442206 0.499320357544 0.684408474116 0.0 0.0 0.0 0.0 0.0 0.0
2.40109936466 4.67119555206 26.5316934523 0.498835156263 0.468591998768 -0.729098776275 0.531285442206 0.499320357544 0.684408474116 0.0 0.0 0.0 0.0 0.0 0.0
2.90594481407 4.66282271661 26.7153944865 0.00255162531798 0.806907604829 -0.590672164975 0.531285442206 0.499320357544 0.684408474116 0.0 0.0 0.0 0.0 0.0 0.0
3.41137190655 4.83838449506 26.7644517821 -0.494701310747 0.83866552104 -0.227839322689 0.531285442206 0.499320357544 0.684408474116 0.0 0.0 0.0 0.0 0.0 0.0
3.80403181968 5.20512010542 26.7615730969 -0.804008947894 0.551800384068 0.221553487557 0.531285442206 0.499320357544 0.684408474116 0.0 0.0 0.0 0.0 0.0 0.0
4.01341786784 5.6976386307 26.8091975361 -0.807860143423 0.0552970555784 0.586774423703 0.531285442206 0.499320357544 0.684408474116 0.0 0.0 0.0 0.0 0.0 0.0
4.03865217089 6.20276212153 26.9905772237 -0.504791763765 -0.462214548843 0.72906994594 0.531285442206 0.499320357544 0.684408474116 0.0 0.0 0.0 0.0 0.0 0.0
3.94881917551 6.60252379141 27.3381484285 -0.00994455338415 -0.804123118344 0.594379606314 0.531285442206 0.499320357544 0.684408474116 0.0 0.0 0.0 0.0 0.0 0.0
3.85671931886 6.81898557117 27.8212084831 0.488680759091 -0.840531870965 0.233874516753 0.531285442206 0.499320357544 0.684408474116 0.0 0.0 0.0 0.0 0.0 0.0
3.87601425663 6.84384808449 28.3575802413 0.801648080882 -0.557608512862 -0.215483411896 0.531285442206 0.499320357544 0.684408474116 0.0 0.0 0.0 0.0 0.0 0.0
4.07804489966 6.74160371975 28.8448325489 0.810055893904 -0.062840358006 -0.582975589676 0.531285442206 0.499320357544 0.684408474116 0.0 0.0 0.0 0.0 0.0 0.0
4.4647278092 6.62503489344 29.1991955525 0.510709929419 0.455801899491 -0.728985594105 0.531285442206 0.499320357544 0.684408474116 0.0 0.0 0.0 0.0 0.0 0.0
4.96782706321 6.61236612445 29.387386267 0.0173367241341 0.801277394771 -0.598041783345 0.531285442206 0.499320357544 0.684408474116 0.0 0.0 0.0 0.0 0.0 0.0
5.47487822404 6.78234856281 29.4392533381 -0.482622992504 0.842334211133 -0.239891900366 0.531285442206 0.499320357544 0.684408474116 0.0 0.0 0.0 0.0 0.0 0.0
5.87191545854 7.14434111111 29.4364370431 -0.799226165264 0.563374177609 0.20939692634 0.531285442206 0.499320357544 0.684408474116 0.0 0.0 0.0 0.0 0.0 0.0
6.08676906352 7.63475482092 29.4813527839 -0.812189955491 0.0703788748972 0.5791323598 0.531285442206 0.499320357544 0.684408474116 0.0 0.0 0.0 0.0 0.0 0.0
6.11648394259 8.14121139747 29.6582817644 -0.516589202535 -0.44935453906 0.728845727195 0.531285442206 0.499320357544 0.684408474116 0.0 0.0 0.0 0.0 0.0 0.0
6.02844229669 8.54523759271 30.0013511514 -0.0247275746253 -0.798370650821 0.601658417178 0.531285442206 0.499320357544 0.684408474116 0.0 0.0 0.0 0.0 0.0 0.0
5.93476399937 8.76727517297 30.4815685935 0.476528472308 -0.84407240429 0.245891015283 0.531285442206 0.499320357544 0.684408474116 0.0 0.0 0.0 0.0 0.0 0.0
5.94971038231 8.79690642212 31.0178369002 0.79674338548 -0.569096939231 -0.203294494397 0.531285442206 0.499320357544 0.684408474116 0.0 0.0 0.0 0.0 0.0 0.0
6.14627444504 8.69681200606 31.5077642206 0.814262165669 -0.0779120321645 -0.575245026752 0.531285442206 0.499320357544 0.684408474116 0.0 0.0 0.0 0.0 0.0 0.0
6.52844959405 8.57895753982 31.866564419 0.522429135384 0.442872958541 -0.728650355861 0.531285442206 0.499320357544 0.684408474116 0.0 0.0 0.0 0.0 0.0 0.0
7.02971248092 8.56205597841 32.0592687459 0.0321165420161 0.795403107855 -0.605229232393 0.531285442206 0.499320357544 0.684408474116 0.0 0.0 0.0 0.0 0.0 0.0
7.53829633455 8.72646658046 32.1140110502 -0.470397662623 0.845746318065 -0.251871404647 0.531285442206 0.499320357544 0.684408474116 0.0 0.0 0.0 0.0 0.0 0.0
7.93965302618 9.08366508233 32.1113392599 -0.794199930603 0.574776361917 0.197176580791 0.531285442206 0.499320357544 0.684408474116 0.0 0.0 0.0 0.0 0.0 0.0
8.15997181864 9.57188387399 32.1536138773 -0.816272366631 0.0854392561289 0.571313886569 0.531285442206 0.499320357544 0.684408474116 0.0 0.0 0.0 0.0 0.0 0.0
