t = 100
b = 30 30 30
E = -0.603704159348705 -0.817849515160476 0.214145355811771
6.94228823350538 12.0625635311549 23.8863017767483 -0.312345185495066 -0.442918707563013 0.840394790202364 0.637742572160076 0.557904185131402 0.531062344844673 -1.26829938170983 1.17742779807253 -1.89395062732558 0.115261308916814 0.936738971930252 -0.631925580291287
7.388382740744 12.0526367536082 24.7852919151294 0.349680263550257 -0.76132325662251 0.545994963304624 0.610147738998163 0.627311297256139 0.483942308238979 0.180390923456613 0.0961985127354044 -0.480686531821579 0.375184606093689 0.46848389597368 -0.730758084356035
7.63530003958469 12.1071500764373 25.2837103871807 0.65343307986049 -0.749438142891042 -0.106618774253969 0.72302101605801 0.576178949637609 0.381127681607326 0.0886465742368053 0.170407694125454 0.118216911653592 0.292554011612876 0.262563031983465 -0.0134893277774625
7.92351709844415 12.1056246021448 25.6605807674562 0.599596480007694 -0.150684632071932 -0.785988605005689 0.643935058235953 0.674013712715734 0.362012481485682 -0.112267487980107 -0.285677379633891 0.207397390436292 0.230791456686821 -0.16331287877625 0.135976102918684
8.37255925589631 12.2954027517787 25.7466239693776 0.172006317197202 0.000914189759191475 -0.985095361877445 0.777112576903372 0.614433796873727 0.136260900757528 -0.445129949610505 0.271769772987363 -0.415561952410204 0.392578967442545 0.419002781205017 -0.121069902917825
8.77261910026438 12.3883900545165 25.7137553770815 -0.31669776998134 0.466671876017742 -0.825784332579241 0.85576453676126 0.516072746363841 -0.0365495927229326 -0.993455571794869 1.01975793452485 -1.05219762229137 0.635209314845154 1.0441113640671 0.595704989177054
9.14577035235843 12.8081800972045 25.1486444006448 -0.387803833418689 0.640084741081193 -0.663249277888793 0.652612380768824 0.698819445026866 0.292828182576668 -0.092496671412859 1.30217475903945 -2.17741717861158 0.0681163265659705 0.0229077421047145 -0.506673329717821
9.64955831125539 12.846574028868 25.3105933193543 -0.700900473316788 0.70511276833418 0.107491360022601 0.672333621165591 0.602823921753559 0.429616926326721 0.0171382006608128 0.670598520493872 -0.982753647725795 -0.112514304466032 0.131771822123139 -0.248817238698376
9.86062922948571 13.2557708182159 25.5346073931733 -0.735016684822878 0.338152511195499 0.587710162153376 0.594112524276168 0.738907939845268 0.317876151122634 -0.0567911972275583 0.31936055242572 0.0197558733205496 0.244362956766581 0.398486255766103 -0.359630839344695
9.9676042438705 13.6282121480013 25.5770316212686 -0.214656685725134 -0.0527500602732564 0.975263974119638 0.642161259646662 0.744743061834827 0.181622057156015 -0.565358729071982 -0.14727998725176 0.256692447215782 0.485965163379814 0.186045157575142 0.0112423288952419
10.0603732110349 14.0921012044063 25.7409268313802 0.268178460131601 -0.472917114896125 0.839303042362662 0.556059995442692 0.787423631106808 0.266009756336847 0.0850964980199067 -0.206957948393799 0.350570434167997 0.546149057627897 -0.262278698537823 -0.017269191722786
10.1921532180963 14.4269483636402 26.0965131958408 0.592406099023637 -0.681859831200489 0.429094471233594 0.492960799125798 0.728060936927242 0.476357859715668 0.515547596628176 0.436109207643917 0.51095475387847 0.420276382258008 0.0613475982675974 0.370812320939715
10.3961637865557 14.6960305866551 26.4934915705705 0.809693812133765 -0.55566368850523 -0.188768845220801 0.574838647676102 0.686214394490538 0.445724372172984 0.0340922076399865 -0.140455879029774 0.247677085421784 0.367254006222533 -0.0746627545748693 -0.00363493415171591
10.746717008886 14.8964332140485 26.8734026184979 0.585607590816863 -0.389482461382007 -0.710891723604348 0.770799916259664 0.538976516587212 0.339664077413802 0.00379540102599635 0.406585571157391 -0.193432592896322 0.318271080777931 0.264786426544393 0.0847593048306275
11.1489030869551 14.8011282767353 27.1175798927323 0.226097103708532 0.371378799573481 -0.900531939437551 0.728599602671017 0.549128541918448 0.409390211255292 0.439349138131359 0.349498506988639 -0.278555140915043 0.591975508867799 -0.433151865621112 0.0964885829775048
11.7018748644578 14.8900036603967 27.1424042448053 -0.171172257784128 0.613137572255815 -0.771208309942274 0.881136544336132 0.445472633586029 0.158595127749286 0.281400578967913 0.648571477885374 -0.434418414418426 0.603926405072757 -0.0173515918882311 0.161504990017537
12.1112971921409 14.8897193332775 27.0396427772802 -0.357053168928893 0.778055529144502 -0.516858310390787 0.669827140457279 0.598930743877784 0.438877486555631 0.0390861804133637 0.670646746307076 0.147467896757147 0.376449347958788 -0.198806872506262 -0.246829411972434
12.5294042845189 15.1422083361224 26.9617343462071 -0.706813612400364 0.694056169713511 0.136749521899237 0.701870561593078 0.663938130581964 0.257999525206792 -0.360892101314317 0.0997587099930455 0.372695766662389 0.430930686716271 0.308026212516643 -0.0223550524585225
12.6891112596656 15.5598228197138 26.7755672696817 -0.416310894575015 0.32385199421393 0.849591083701055 0.614098338387061 0.789229447489803 7.33184413276853e-05 -0.045832932993929 0.437127881062901 0.373627327193858 0.463360640553033 -0.112953510367801 0.387743556185516
12.9481598212304 15.9995494377965 26.8781208937831 -0.513650111822268 -0.0910485105593647 0.853155094566801 0.491623341744257 0.783704388664988 0.379623246363321 -0.0395965379308887 -0.322461677865788 0.804695066546071 0.678867394951871 0.303146321962217 -0.180532847749646
12.8832490097583 16.4267328203101 27.1212634370402 0.207440524276795 -0.543952909174638 0.813070441445347 0.515085046298244 0.767337775302693 0.381942431502122 0.109587395305157 -0.629007909957683 0.358545410193449 0.815845547902051 -0.188727474523122 -0.125240255234284
12.9177616004204 16.7759847559732 27.4110111687092 0.605864715655315 -0.65213591849167 0.455682533078336 0.504769682984186 0.757825972208313 0.413409298453415 0.094821646597815 -0.363867930869816 0.186053205656535 0.599675491084312 0.0888125221834128 0.224172426360785
13.0719716401976 17.0670522447289 27.8047760162874 0.676216756091914 -0.726831013213606 -0.120197580984817 0.671221524966209 0.540611293436195 0.507149859036181 -0.100196887788142 -0.297885513871656 -0.234695487632708 0.331041520022539 -0.0189874303606623 -0.179033928916723
13.3085991510029 17.1249169680888 28.2005710637171 0.591134555338883 -0.307628541271412 -0.745603446577404 0.753470449162573 0.540488856439314 0.374371420485884 -0.300583085904972 0.135342133444142 0.428299112140854 0.192101062479853 -0.00648532924643463 0.194927212892706
13.7746777565804 17.2994875773449 28.403897427824 0.129226038857214 0.00342153571066387 -0.991609199690016 0.797886806213139 0.593409332071218 0.106027780831337 -0.326617683120387 0.0623889025805861 0.087515305848971 0.423124585254982 0.192745383395389 -0.196162021949959
14.2269059163291 17.2448355209285 28.3881569484082 -0.193456250720586 0.695159576287848 -0.69233498258427 0.841054788535411 0.480853749877175 0.247803147837742 -0.283038554281316 0.434736792278961 0.0515890921119617 0.379914898277637 -0.39286462960875 0.438983332167825
14.6715634092727 17.4376406063754 28.3379071723005 -0.619815150566927 0.770252405054107 -0.15013427841778 0.707635899192919 0.631289113625739 0.317372604348874 -0.259207990863089 0.568666281058546 -0.527980018024079 0.14632310331346 -0.124699036155718 0.813644295798131
4.91377516454494 14.0188546731765 13.4309297821871 0.987943137004157 -0.0612397383048986 -0.142189784453971 0.117887185806087 0.892914854969957 0.434517612511881 0.529589085846686 -0.248518804409691 -0.187947129288009 -0.0645079378426095 -0.0857821676217639 -0.410830812779626
5.08615380493127 14.3172292258053 13.7911671024406 0.676116243259025 0.257597930957518 -0.690297046497082 0.233008229563138 0.814052622971019 0.53200129110422 0.0440635049424031 -0.150976349116627 0.286425555417495 0.105436014843287 0.32744152137236 -0.0242894700281873
5.42450848776439 14.6629773545578 14.0078726274128 0.056436657678414 0.510482604045674 -0.858033971254711 0.183802271142748 0.839402803687922 0.511487575153153 -0.210709828771541 -0.174174261523954 -0.490180407161405 0.361529945572861 0.365492007169234 0.232090465779947
5.71413718345224 15.0508684732483 14.1066404955928 -0.567435925146642 0.445399008150448 -0.692557633830994 0.201120871592472 0.890571743304642 0.40796108663429 -0.177457205560715 0.172655085438249 -0.103396351066674 0.408397575028377 0.0775843605738055 0.101435477736911
5.9304974259726 15.467577807636 14.1588324964493 -0.907325182384726 0.272327046865032 -0.320310589507947 0.153292410345012 0.923702206934228 0.351106188291542 -0.214843504707162 -0.0537462239995621 0.2150716983332 0.377100652335309 -0.193052306699263 0.0572474408286535
6.01755804939687 15.8536297994796 14.238504980444 -0.970867883581348 0.0270510800089406 0.238083330984215 0.157642461428818 0.820400982931327 0.549628021871565 -0.700106889718141 0.0777555996448124 0.752300277871438 0.0716259587225286 0.106824089714767 0.310278780538802
6.12384526824276 16.3189696274378 14.9293976101644 -0.778607320615836 -0.505418303370277 0.371917816374746 -0.162282594725121 0.734704660843112 0.658690597061071 0.324453236275758 -0.455617680263726 2.82714245609236 0.194999220492507 0.846409822300974 -0.103761971256132
5.8020005982825 16.7387716169933 14.4487235353294 -0.383769461860892 -0.452594637845633 0.804909301273029 0.0100244872935479 0.869559412024725 0.493726463725052 0.23429243606098 -0.696517942469623 1.56167424397965 0.441903009295181 -0.14817135380169 -0.822341742544917
5.46240629101826 17.1331463023567 14.5726196686949 0.486952519900511 -0.384036069804774 0.784470153187255 -0.131873023712852 0.855527772379158 0.500681157804674 0.225962024292718 -0.762666038800713 0.209010237419719 0.579941012278988 -0.155493356847634 -0.222884716930542
5.36592161354878 17.4366118142532 14.9578800470344 0.805755989377953 -0.380294897755192 0.454018679229304 0.00027526705329302 0.766843216992457 0.641834315649788 0.349715431907823 0.801554714657308 0.18486483217115 0.224770398639536 0.318376251937211 0.120671912575024
5.36653267369002 17.6453242251484 15.4134964233578 0.954787477416641 -0.0274998146539535 -0.296014381930371 0.203096505603341 0.787472598860697 0.581926625066957 0.343178782961298 0.079379117811465 0.389255152943773 0.0664854511001 -0.176512043278682 -0.0294936547759982
5.61190671433325 17.8241858340367 15.8221562279126 0.257049669622606 0.473098869203462 -0.842675996551489 0.118245281962414 0.850026936052701 0.513295375118744 0.396188517098571 0.266888533225441 0.173187223610531 0.197509798645929 0.096523692714427 1.18122203725484
6.08848414547392 17.5885621567904 16.7494717680927 0.23138657570665 0.305211389323543 -0.923745713484795 0.0535644112141238 0.944076627409825 0.325346057713722 0.756844156815346 -1.06982252405533 1.53804463707294 -0.229497355972744 0.534546103559155 -0.25674157287018
6.23923242082854 18.234548964999 16.4357340033588 -0.476822602461249 0.237689379196524 -0.846252826047502 -0.0560277018400225 0.952569261042773 0.299119675735797 0.12296063315083 -0.0798092351151512 0.608674697612319 0.331357317708977 0.467650133501899 -0.26401740698385
6.45494186239468 18.7102638676757 16.2511465386369 -0.901749941397917 0.302788922836165 -0.308489533402513 0.169008347950098 0.903830697607071 0.393098120626931 -0.609381749132552 -0.281427314836761 0.310827310086809 0.360711924957529 0.0349267433649937 0.196793876974152
6.60520248103182 19.2364668658563 16.3105359179981 -0.982126482700976 -0.119628806861184 0.145314835340312 -0.0290928093522404 0.85924477733478 0.510736627133344 -0.488954307306471 -0.300825357289846 -0.0729649749505339 0.459926806825228 0.400184891568886 0.0466240789936372
6.44039376393299 19.6523903049426 16.302601154478 -0.467834012878188 -0.374366535055255 0.800612842212737 -0.0505314434229147 0.915706972143344 0.398656746585322 -0.015523616625442 -0.320533316173142 0.176205010694429 0.602061649429695 0.0619053721315632 0.364661059952408
6.20636711660219 20.0393668834892 16.4494877081227 0.0349236872617965 -0.541743383411155 0.83981803218085 -0.177153977085226 0.82366711718563 0.53869178498934 -0.181379520781017 -0.186574768079549 0.0780024584460299 0.746852531222048 0.310543070097843 0.313636227508053
5.86766812389886 20.2544686731663 16.6770642930863 0.602080513144926 -0.370256576594777 0.707395933529187 -0.224331190688312 0.771843761498615 0.594922363950358 -0.275838146028646 -0.485026233030601 0.261211074714176 0.923145170341989 -0.375022535816564 0.261860666742207
5.69818966110665 20.4983992226204 17.0894428783332 0.901561787900887 -0.270744482204546 0.337466515042114 -0.0624268696198295 0.690430823495866 0.720699697884205 0.234100445098686 -0.0315728877254392 0.263481295050978 0.611467847434983 -0.265947622108739 0.20884982335921
5.73133912687477 20.7703050278651 17.4784901430643 0.975882805382977 -0.141351066210527 -0.166350558246433 0.21627514529627 0.729481815094112 0.64890771841208 0.0693203812727722 0.0353099916831116 0.142534574708528 0.527171006428261 0.478350425878033 -0.0260789002319705
5.92919728462406 20.8825688944814 17.9052938410712 0.709717134199392 0.265676614257647 -0.652470234514593 0.302349293809792 0.721661563164139 0.622727371907579 -0.0813391027450366 0.252293953249693 0.0550133069394034 0.509286641628295 -0.0902365968009061 -0.100046129531631
6.32427208356762 21.0681070658431 18.1439363178007 0.164281475746534 0.560623743738439 -0.811611049383037 0.229404498794924 0.77851562754882 0.584197634493149 -0.0208109435029552 0.0925988083226086 0.210503220599906 0.593015001524923 -0.401828032601908 -0.114696415756331
6.65817401180087 21.3832017815067 18.3206026469161 -0.428351843726348 0.604957511733757 -0.671223500619194 0.218943296254247 0.790173319751286 0.572441996263356 -0.0350541994105794 -0.162751790493134 -0.106271209128515 0.327169643268536 -0.316457822651733 0.0655177664978666
6.94269985028925 21.7071796295042 18.5101168914751 -0.883737847506092 0.386581960350415 -0.263745494132508 0.17021901826285 0.7905080868892 0.588321622354287 -0.000543922472683141 -0.0175024737371418 0.38524625694085 -0.0461435586394881 -0.25656151732197 0.225769866334263
7.03151581012583 22.2148411871936 18.6573277515429 -0.929368666850357 -0.187689074709261 0.317878245439406 0.0561453347297936 0.779217455326966 0.624233722659709 -0.578322263271127 -0.399072631680424 0.29558446360075 -0.176423192498506 0.222402120675775 0.434836792449198
