
#id1 id2 FENE BEXC STCK NEXC HB CRSTCK CXSTCK total, t = 100
0 1 1.44283 0 0 0 0 0 0 1.44283
1 2 0.184413 0 -0.196061 0 0 0 0 -0.0116479
2 3 0.0418405 0 -0.873461 0 0 0 0 -0.831621
3 4 0.0578246 0 -1.10526 0 0 0 0 -1.04744
4 5 0.410371 0 -0.327876 0 0 0 0 0.0824948
5 6 0.00918586 0 0 0 0 0 0 0.00918586
6 7 1.18458 0 0 0 0 0 0 1.18458
7 8 0.0142438 0 -0.697893 0 0 0 0 -0.683649
8 9 0.67654 0.0102919 -0.950951 0 0 0 0 -0.264119
9 10 0.126951 0 -1.2751 0 0 0 0 -1.14815
10 11 0.0883174 0 -0.947391 0 0 0 0 -0.859074
11 12 0.0160128 0 -0 0 0 0 0 0.0160128
12 13 0.299797 0 -0.0215198 0 0 0 0 0.278277
13 14 1.56032 0 0 0 0 0 0 1.56032
14 15 0.0455204 0 -1.20632 0 0 0 0 -1.1608
15 16 0.0468431 0 -1.33877 0 0 0 0 -1.29193
16 17 0.100401 0 -1.2271 0 0 0 0 -1.1267
17 18 0.143434 0 -0.998536 0 0 0 0 -0.855102
18 19 0.0083828 0 -1.42888 0 0 0 0 -1.4205
19 20 0.0622921 0 -0.889544 0 0 0 0 -0.827252
20 21 0.120018 0 -1.12717 0 0 0 0 -1.00716
21 22 0.172753 0 -1.29681 0 0 0 0 -1.12406
22 23 0.196487 0 -1.30097 0 0 0 0 -1.10449
23 24 0.0465355 0 -1.20493 0 0 0 0 -1.1584
24 25 1.57084e-05 0 -0.896252 0 0 0 0 -0.896236
25 26 0.000584016 0 -1.28248 0 0 0 0 -1.2819
27 28 0.00974745 0 -1.00693 0 0 0 0 -0.997187
28 29 0.0206403 0 -1.31266 0 0 0 0 -1.29202
29 30 0.024401 0 -1.00985 0 0 0 0 -0.985447
30 31 0.388875 0 -1.40798 0 0 0 0 -1.0191
31 32 0.229748 0 -1.07767 0 0 0 0 -0.847919
32 33 1.24714 0 0 0 0 0 0 1.24714
33 34 1.41047 0 0 0 0 0 0 1.41047
34 35 0.15749 0 -1.29085 0 0 0 0 -1.13336
35 36 0.0485942 0 -1.36667 0 0 0 0 -1.31807
36 37 0.225394 0 -1.22467 0 0 0 0 -0.999275
37 38 0.0510849 0 -1.23244 0 0 0 0 -1.18136
38 39 0.059511 0 -1.34531 0 0 0 0 -1.2858
39 40 0.342645 0 -1.02485 0 0 0 0 -0.682206
40 41 0.327265 0 -1.35796 0 0 0 0 -1.03069
41 42 0.0374839 0 -0.741533 0 0 0 0 -0.70405
42 43 0.50593 0 -1.40488 0 0 0 0 -0.898948
43 44 0.184028 0 -1.33017 0 0 0 0 -1.14615
44 45 1.01464 0 -0 0 0 0 0 1.01464
45 46 0.109161 0 -0.164385 0 0 0 0 -0.0552239
46 47 1.05892 0 0 0 0 0 0 1.05892
47 48 0.654063 0 -0.670597 0 0 0 0 -0.0165345
48 49 0.032858 0 -1.40862 0 0 0 0 -1.37576
49 50 0.459132 0 -1.16021 0 0 0 0 -0.701082
50 51 0.00512008 0 -0.00522311 0 0 0 0 -0.000103033
51 52 1.52048 0 0 0 0 0 0 1.52048
#Total energy per particle is  -0.470663 and should be -0.47066310

