t = 100
b = 30 30 30
E = -0.263624110009248 -0.526840601087827 0.263216491078578
18.2864121507284 14.8890230580501 -0.0487763687671884 -0.260480784445168 0.964311277710884 0.0474700199986454 0.413757512573217 0.0670709051555278 0.90791304416201 -0.127730487480439 0.369871143510834 -0.025485159391578 0.00173104421558767 -0.173421983047658 -0.242339303908065
18.6299897909617 15.1127785959317 0.327199626896137 -0.767913310538819 0.640456727676742 -0.0111451190032587 0.388735487009422 0.479785055666516 0.78656907455023 -0.434418008617413 0.216921680208284 -0.476826085086359 0.13248664508997 -0.0180202981551907 -0.557263206937662
18.7412478771022 15.5326957133658 0.448742336593937 -0.721507145438691 -0.175162034877661 0.669884755480959 0.626194474742495 0.247791369659875 0.739242719102563 -0.453019867171657 0.394852497337522 -0.282828959182787 0.466247477092533 -0.487686441682322 0.133810318631538
18.9245373624863 15.7559065438166 0.925461643546247 -0.65674344779877 -0.598514331551915 0.458768481408561 0.416461078635569 0.219318053204714 0.882303599856614 -0.406351739977014 -0.250704919936152 0.22381016016054 0.16661850632201 -0.0428854755453287 -0.165085798474595
18.9797018597672 15.9915024781271 1.40651915054258 -0.280400415976985 -0.927522821677841 0.247137419428294 0.292401087106123 0.162693270832203 0.942354702932547 0.224008536500682 -0.40912450549247 0.939712537695317 0.257388984970575 0.0276350269183112 -0.135930892334934
18.8907316965077 16.1037393328934 1.90797888507062 0.38737647993878 -0.921103592237758 -0.0388267430087469 0.397522009888946 0.128885331910611 0.908495847007128 0.522605845791709 -0.402181750337026 0.413464057995778 0.504904099408813 -0.05066974849374 -0.00781040740797914
18.8666471655458 16.0175104801534 2.39298628091796 0.865163745461373 -0.374791048923069 -0.333201513077629 0.372419564504595 0.0352035998994998 0.927396495336306 0.697472649929511 -0.443521625953151 -0.0393900557029197 0.379653669978319 0.424690648213687 0.530792539079628
19.2514040548318 16.3790772573082 4.60083767051923 0.814626000002246 0.0748658723815395 -0.575134299640208 0.576890782414102 -0.00227270593630569 0.816818062482923 2.9055173608684 1.60224521760173 8.06224847714111 0.502298915110901 0.419864895590397 0.0888840182157262
19.3094680161471 15.6984010114384 3.54979006549195 0.700327247339064 0.273209263743927 -0.659468222762453 0.602973945525595 0.268046525266785 0.75138097088089 -0.210637111152768 0.483542704759988 0.592269179482097 0.173284270039043 0.861866824623141 -0.569203607245955
19.8492264940602 15.6849906149947 3.36242071294442 0.353143604417259 0.907357054243644 -0.22801897862756 0.466414378050259 0.0405296014138051 0.883637290587311 0.801182485351601 -0.116509300876243 -0.0158765899901896 0.0741948231216799 -0.392559953914719 -0.328696261105087
20.149545718854 15.7730392043202 3.63341321285122 -0.431591269195583 0.901668961840195 0.0268689567165654 0.315544120138287 0.122999623787059 0.940905353308005 0.703581349843136 0.333447048476366 -0.054839126900606 0.0786132356873978 -0.0550245611439174 -0.112410443245827
20.3919857372947 16.1164185311056 3.91434182430468 -0.846414302275491 0.515310116639134 0.134306341564051 0.395990236876277 0.440425700489124 0.80573992092093 0.254681148750748 0.350710333064191 0.264411684415885 0.335282231887626 0.510124744580335 0.0295832120007032
20.570179103164 16.4102688272508 4.16109771967248 -0.937844097912573 0.0764569082388517 0.338530164129083 0.335528441557679 0.449064464733809 0.828107275011451 0.445188822490579 -0.0544455694885881 0.787045847560284 0.728910759902002 -0.0611298906946405 -0.173396900983198
20.542635177194 16.7445937436571 4.4215568469129 -0.646055170691809 -0.559436553678551 0.519271932357358 0.269911109778621 0.46891216174228 0.840993024317002 -0.315192349126494 0.267408283201965 0.595695819051863 0.441758483026555 -0.124730813605158 -0.00444527187669516
20.524062118864 17.0119446693135 4.83037626607067 -0.21686662677785 -0.927302560636679 0.305088033722958 0.313682186840831 0.229756696771367 0.921311688816256 0.178868404840683 -0.0771209052586579 0.578834461350299 0.375809358054099 0.0821969807961132 -0.227888882040631
20.5045169969705 17.026714946015 5.29080133882798 0.196211677098181 -0.980364837261013 0.019637920940859 0.416860436552041 0.101524940785005 0.903282870348407 0.576182791658374 0.182998847867758 0.49824745173891 0.514847670830472 0.264281518166716 -0.242960964551341
20.4325921886607 16.9372428566757 5.71795298842767 0.748402196971877 -0.637194292984294 -0.1840583247431 0.304367202937182 0.0833915323330442 0.948897435484218 0.260764826712742 0.0597683807546728 -0.147643066829474 0.722319381828262 0.117464256032004 -0.291760141368561
20.4866291739177 16.7541891818117 6.14261514400384 0.920226819915686 -0.176424257678068 -0.349366523195373 0.326180891852793 -0.147632311424283 0.933707996608881 0.512506369565595 0.436783645251894 0.085451284111331 0.463278081113706 -0.0739137985630283 -0.157302477327844
20.6750734195906 16.5792991053582 6.5283201128433 0.740373930569201 0.503981880999801 -0.444801741207071 0.471851113580461 0.0816322562464582 0.877890986882336 0.347698244081256 0.115638137692764 0.153803808145817 0.373123322201883 0.0774768149535724 -0.0713810951649534
21.0470340871299 16.5431004144089 6.77397148688852 0.101477702267496 0.96332213224666 -0.248420263363061 0.564366695743311 0.149895122233166 0.811801435017383 -0.106071421679807 0.117244209107977 -0.346147497255367 0.432076627123407 -0.0751381022054225 -0.0587098241230011
21.445333759117 16.6792115538676 6.99370200399534 -0.422018621973594 0.906539234606789 0.00931558107310565 0.555273780969635 0.250345196241557 0.79309406447485 -0.113293616554019 0.127410484256134 0.187856972067441 0.477583573296127 -0.174429060534715 0.177779358442688
21.7940527048574 16.8849846620097 7.25125444557886 -0.796793703605485 0.580847461386654 0.166540990585622 0.421221568721813 0.336318846166872 0.842295616746937 -0.613753575788517 0.0893211434247698 -0.228226238525284 0.487306601641659 0.238322986224478 -0.0855608322374679
22.024022937457 17.262064135496 7.50472916037704 -0.912026171934573 -0.00815253009143671 0.410050824623438 0.367661306120639 0.42681244845468 0.826230103520529 -0.257813878025361 0.00361475032596788 0.283649127977329 0.527292707526662 -0.0206649299983502 -0.0727995492289119
22.0727147275247 17.6649780221567 7.72994323662889 -0.582466273804797 -0.595403157567463 0.553378713848722 0.361795333189585 0.419734482794647 0.832422359942085 -0.140617970507674 0.446871946477968 -0.36789480556717 0.386487688625079 0.0140524221869702 0.26349433395487
22.1308017885678 17.9107073773327 8.14546253012839 -0.311182990701563 -0.926985595948456 0.209434316313825 0.268351427036655 0.125698988055817 0.955084896014589 -0.277437361922813 0.0867635455593734 -0.348625125992102 0.121894469622092 0.441433229754124 -0.154646223691838
22.042607676146 17.8770224221075 8.61825838405804 0.331114684387385 -0.929982256130119 -0.159674513411031 0.339514870366564 -0.0404658627789731 0.93972977547516 0.0594468014453645 -0.258539148047271 -0.380458278196365 0.577107248810619 0.0388510982122437 -0.287364958316581
21.8872107120454 17.798546567743 9.00492588781466 0.834008760981284 -0.54168207610667 -0.104927574309219 0.263929167919514 0.224662847711128 0.938012729606992 0.123973595945289 -0.0503012926527659 -0.235546949097619 0.646081794599684 -0.674284635978646 -0.19575338836465
21.7942866543447 17.5883467891903 9.3691090041507 0.942989840081602 0.294333429073337 -0.155363704072124 0.0544281683720067 0.324144502182172 0.944440468596737 0.141749176653324 -0.244773024109352 0.00781627820540116 -0.100211967776618 -0.955106305237382 0.768590766742893
2.27303576248831 5.60759105284863 26.3867636436974 0.629060660824331 0.76219912922895 -0.152758211041717 0.386672039891365 -0.136331504150752 0.912084609851478 9.21174884431268 2.77116483167597 -3.29807839382222 0.251592682265599 -1.14828683067199 -1.03751000820514
0.855117038597275 5.37358100964799 27.7173361966366 0.0959547396506499 0.977769226054398 0.18644012864813 0.467738917138246 -0.209628383091281 0.858647848198598 1.27437170054173 1.58036291765899 0.567586053471719 0.0568219367980302 -0.547378529349843 -0.603692604577438
1.37860027505835 4.86564652119994 28.1225430576255 -0.915569730904417 0.402155063696359 0.00180432750193345 0.144601334783901 0.325014682028967 0.934588568221069 0.92627455692586 -1.10630569002056 0.929261306310123 0.177681917467616 1.5454000046088 0.869413396776936
1.15145482445671 5.64987242557044 28.1362485354482 -0.914144689355094 0.0373962901364139 0.403659368121844 0.345472342736587 0.592846791853285 0.727448594194089 1.48976162830941 0.235995697262675 -0.196660751068276 1.06483847060093 0.46296932391328 0.0379178317227809
1.14971974985317 5.94080949432511 28.4957469923566 -0.577796673694565 -0.544887154077242 0.607658517578589 0.291539736612788 0.557610970915282 0.777222291477558 0.53440521017582 0.626599039551316 -0.279589735305822 0.561170135247336 -0.651134087182185 0.206018910416429
1.23235506281735 6.11632668826361 28.950228861235 -0.194914229869385 -0.953401284804787 0.230291801926061 0.218813971007798 0.186609242461088 0.957756400794182 0.537181425263823 0.517886790333103 1.01459033379601 0.335813538393186 -0.573566988276116 0.103086909349959
3.39609845443646 6.6103314338485 28.9648926206351 0.420022249958794 -0.886380149919439 -0.194708559881915 0.357496261511868 -0.0355971668573827 0.933235847114097 10.462589925806 2.43521098410587 -1.76357021692135 0.207009875697463 0.251962182986406 0.400958846859599
0.987124121352896 5.71539146224057 29.7037920925319 0.749548300735668 -0.649352114515474 -0.128526488820806 0.320753133625488 0.186441515961032 0.928631718964543 0.445481032224976 -1.0498596239524 -1.04799380185942 0.213111470179245 -0.0811471802279907 -0.610368628353883
1.05468839727693 5.49928349340159 30.1518551998685 0.94244378685226 -0.0094658918434042 -0.334230438974281 0.334309509636878 0.00855525448232955 0.942424448195461 0.77891821035534 -0.216440877756519 -0.387656326255467 0.310566623793477 -0.0846039031650959 0.0710743066305703
1.24052133319097 5.27946291481551 30.561755191856 0.735206875475163 0.552807645684367 -0.39226832410963 0.457114980215422 0.0229663883038671 0.889110972365835 0.430520327114337 0.161196570684611 -0.427154773673946 0.345872732058362 -0.364239731827603 -0.331947552045872
1.50805584904329 5.16857149660051 30.9877842483581 0.334783620898812 0.823452054603599 -0.458090085955477 0.569030557612773 0.210822872903799 0.794831946933812 0.0283608890754552 0.609499190692826 0.484829821544764 0.493477259372572 0.205839368921704 -0.30896559017338
1.98229944588074 5.11831217680549 31.1403647776456 -0.337686945275678 0.939448887846635 0.0583369093979071 0.620074960423617 0.175402781970346 0.76468346223535 -0.0828682938633973 0.218339229814856 0.396068505829889 0.276804864677244 -0.0161919466872461 0.141291405965181
2.35436838012576 5.31740925195039 31.4822374269701 -0.772202199053391 0.590665296397923 0.234132766189425 0.377184759029878 0.129612573537443 0.917023510749355 0.250852411632068 -0.278401432175497 0.201027421398377 0.333471136013827 0.0334933222510812 -0.0248887739100882
2.49269269696058 5.60566032601819 31.8990595142742 -0.963088767615769 0.0929140637760091 0.252639831261566 0.263342984453338 0.130764641980627 0.955798599208075 -0.146716778153084 0.104172963529956 0.204006582809977 0.366956103778886 0.560768512428402 -0.551523783823504
2.49455599254249 5.9502674854345 32.2254941117061 -0.762670124439135 -0.529642111334488 0.371232267473581 0.349330907475349 0.145734477460181 0.925596705455164 -0.746817180213476 -0.0650827775666885 0.219763721449162 0.57027666291214 0.0144869602170258 -0.143749879749723
2.54685917591735 6.2542378950284 32.6445943877659 -0.454703393895859 -0.869637692321932 0.192288826542821 0.287764763385057 0.0608704643286498 0.955764672931331 -0.193059246568337 -0.288823771445267 0.473589390876152 0.34038699020184 0.270301442425421 -0.0702785099550143
2.47812217146831 6.27241928762232 33.1018939281375 0.168945351161127 -0.970513174634554 -0.171934660805871 0.321252242373637 -0.110694815986818 0.940501747774257 0.147652128424085 -0.591183476281149 0.199145005198409 0.271548166017728 -0.325260525109401 -0.541754402023244
2.49770710334785 6.09635626222693 33.519510487717 0.616786886961603 -0.627725231389567 -0.474905096747672 0.470886355229615 -0.189210526289341 0.861664262270756 0.568497916762165 -0.567573754498846 -0.0338890062586846 0.745683205534708 0.401916209000564 -0.163860340290562
2.46360903796442 5.80049966213845 33.8579773835578 0.903639859023718 -0.0490861660145543 -0.425470838485716 0.409285847675413 -0.193688128005315 0.891610841473458 0.125960307558702 0.056205915245021 -0.330942468508466 0.83244948990356 0.369714024917273 0.138472625314288
2.7473317251061 5.54384818584183 34.1470342658548 0.72521221882958 0.609785052308227 -0.319733183547755 0.509470925283064 -0.162880162470282 0.844931546025198 0.3180598656747 0.32059988003899 0.354469212760916 0.439397746428678 -0.107427828311971 0.368581876548783
3.08675118206518 5.4231401651192 34.408688471201 0.148238016279161 0.984153805250401 -0.0972967720918962 0.540610901608785 0.00174144633682185 0.841270886431055 0.060995736314356 0.0387313070998694 -0.384069148699367 0.424326514239019 -0.357187122011366 -0.00630180266860142
3.51938004085354 5.46400793691974 34.7519309786855 -0.329884768691799 0.940079205606833 0.086180088533593 0.536382749152025 0.111531640984945 0.836572843893258 0.211533931670221 -0.10663533526378 0.152435469845972 0.413405923440756 0.0520147530987293 0.191890948034997
3.86862258305341 5.6167856312403 35.0499461897629 -0.748221065584398 0.657946583310708 0.0852725775487552 0.317717951639229 0.242509491991441 0.916648422942631 -0.557921146051744 -0.587372021600505 -0.0335440375948935 0.511065705704371 0.356887231851272 -0.105776782486413
4.11046866989134 5.93731079280527 35.3158618279053 -0.955107245339893 0.0367835576468128 0.293967686361514 0.28298206213391 0.407002038184707 0.868487414043929 0.0968635696893951 0.209570975101623 0.107797139294796 0.511771272807805 -0.0374578790231735 -0.16359902994117
4.23939685925229 6.18281951077294 35.561077591661 -0.638740873959954 -0.491495093212833 0.591981883458594 0.455849808621841 0.37808466233638 0.805762264093299 0.0238223941178197 -0.0901537370975568 -0.0868376125062586 0.551828631927128 -0.509842057974998 0.017633417548736
4.37270187326436 6.48697763483833 35.9212759825875 -0.257549203401124 -0.908937374253134 0.327873662383339 0.295720505667212 0.24889379518989 0.92228040486097 0.0863350102833476 -0.058113317905143 -0.544998622779115 0.310935120648904 -0.118176118423481 -0.19527739399025
4.2034411139387 6.46983122865568 36.3621072218993 0.537343790772206 -0.836652641681321 0.106178588924087 0.139340072485325 0.212242019516527 0.967231903754638 -0.0686101762999659 -0.3742702840975 -0.458269497869825 0.269736278335439 -0.408276622422467 0.642033170114976
27.3423536774842 11.6669632912168 23.8960876695515 0.89872998959027 -0.038704889183425 -0.436790819900283 0.27517326858712 0.825333908646053 0.493055264879762 0.250438001044511 0.241277402323238 -0.334472404057178 -0.244924776742624 -0.236152552588704 -0.445381674769439
27.5898790827114 11.9630496056033 24.3137982622824 0.447715943640483 0.356537636887844 -0.820019041371368 0.253513689969004 0.828824004991967 0.498779970567204 -0.048448135079329 -0.312697134406348 -0.226333355845874 0.121338173603954 0.195531936197127 -0.348193976862148
27.9549534348944 12.2511920385671 24.4902705917762 -0.079203719766804 0.517397773164558 -0.852071708789323 0.273723998785288 0.833190106975462 0.480488604721132 0.0817898332691581 0.138231431498658 -0.25831133719005 0.343004186146267 0.447632707456318 -0.203371512178652
28.3532316102974 12.4933180649936 24.6673605906423 -0.571326046292731 0.737757830850106 -0.359582831938283 0.33974828938654 0.611425767101925 0.71465342095687 0.436049258250365 0.485389675526725 0.00184886272687719 0.325787040623886 -0.0760649610857457 0.165539225049393
28.562951281131 12.8839880893236 24.787753931184 -0.929346004122869 0.34424597658572 0.133456335477568 0.360218877677503 0.766123722564301 0.53225622036311 -0.134663361114451 0.142032989265806 0.154306599395007 0.0896770244928574 -0.267894277218128 0.0324023597846723
28.6402621055435 13.3475709550027 24.9513983967436 -0.780191994141015 -0.174618054996916 0.600673681140344 0.177735634874528 0.858791148855743 0.480507744213758 -0.526445509357329 0.173714327816332 0.418607496392743 0.309890229233722 0.0759871887378977 0.512433741713151
25.6353299330449 12.8350157993407 25.2616308261712 -0.39601230203492 -0.42837613063711 0.812199500402338 0.383922224771004 0.726247309199501 0.570235436844518 -11.2160442711118 -3.45865193802105 2.09185942684277 -0.214638634905044 -0.164211991679838 -0.0125947409095571
28.1825835245123 14.0287260601765 24.9731402447923 0.0269542936358688 -0.735460137060818 0.677031560693862 -0.0360590168785219 0.67612151307337 0.735907153035768 -0.114877016665751 -1.24133212585005 -1.16349162114436 0.46266935679724 -0.0463465023557235 -0.493871464419958
27.9430934589526 14.356812367056 25.3076760127606 0.5873908687686 -0.683046925199845 0.434072282692764 0.169225429408654 0.628158775896176 0.759459801887366 -0.668409793121205 -0.252408572053535 -0.371903561202437 0.728007603181298 -0.00876650096085536 -0.277489002592983
27.9008196367882 14.5063762675989 25.7492702755244 0.926852845046642 -0.372544181949966 0.0464167837069309 0.175608180987681 0.539495387858483 0.823472151203491 -0.205722916601915 -0.832240993789728 -0.112719130755634 0.305382884868972 0.0172015871315415 -0.280363385800277
27.910124188086 14.6182603279179 26.1666822970869 0.943742382415661 -0.0954710489496634 -0.316599877869959 0.282823541649434 0.729143737616543 0.623185474010244 -0.641063134861283 -0.66139353666674 -0.300299259068448 0.56897513964035 -0.453051419486677 -0.311756917382016
27.9149335257724 14.7324931131062 26.897225362104 0.648660284061911 0.402779963890592 -0.645761583183791 0.21205845574933 0.719232357864734 0.661616133079958 -0.979600766487642 -0.103213079874094 -0.171463059675501 0.0543859983165761 -0.63217999914896 -0.283771884021378
26.4562139481081 14.6881520281118 27.4026949023255 -0.093742594303378 0.817837124747822 -0.567762841686958 0.359980137018863 0.559534608444564 0.746548863017568 -10.3464469282652 -1.19965327497066 1.35156703184368 0.169107345286521 -0.940939534429535 0.278296021795451
29.2955967253984 15.211769257824 27.1456641669406 -0.512486522917787 0.620680459816146 -0.593391284022841 0.287861355778593 0.775233170983305 0.562271510946588 -0.162552480187209 0.114548317621519 -0.161694393397447 0.28892616638126 -0.140273990532018 -0.697143620499319
29.4869217833435 15.6443866685332 27.2088516010504 -0.937102404152875 0.31556364251167 -0.149193009976416 0.216161541993872 0.860244527175094 0.461793705595957 -0.58155231416359 -0.189522224846538 0.0162296857102398 0.585215526648623 0.382637769148795 -0.176991313721837
29.5107046041965 16.0921991322123 27.1811879395407 -0.878595764163086 -0.0799028993293817 0.470834249671671 0.145191554908209 0.894543822863357 0.422741825465382 -0.78845391084623 -1.10837490391908 -0.255062549320734 0.682470992203822 0.34144015545031 0.17640566908011
29.4007750182582 16.5021206370308 27.1685470077893 -0.0499915717479634 -0.348235252859832 0.936073152556958 0.272172307716639 0.897022197285074 0.34824315507431 0.0522519298965744 -1.1129385849415 -1.05072682656943 0.495957769154215 -1.10203999889626 0.439827158821558
29.2637607082187 17.1059077571712 26.9160838479356 0.266426135184568 -0.523628154130545 0.809216011533412 0.201805971923505 0.851258096653402 0.484390218138935 -0.252955555608631 1.05759234971655 -1.61273945629648 0.0900359249675329 -1.54946735593205 -0.00940927940128415
29.0718622447426 17.7495174772881 27.2738376791594 0.642627280343964 -0.647972424911484 0.408854247784532 0.305826791147713 0.706209174337148 0.638544013176618 0.240142251484062 1.41690995302188 -1.11205918793744 0.00696628812154901 -0.650612557900479 -0.533675104810092
28.1157326243662 17.4700530181984 27.1296868704541 0.974856556638131 -0.113575877344457 0.191716183197221 -0.0219347888532989 0.807269026174008 0.589775775386795 -3.23366139688598 -1.14260254380972 -5.47456968286776 -0.0658752787787984 -0.829777125530994 -0.913881085626974
29.1550045633339 17.5918191583621 28.7018153641106 0.940700248729642 0.0788657694978068 -0.329944108281983 0.219037674862766 0.601486949063601 0.768268072591674 0.0917636592972929 -0.0597127593867966 -0.771752597088205 0.321178875269926 -0.279245859532068 -0.443179657735939
29.3705869595123 17.740428047659 29.1472823503171 0.510765003890356 0.459177569551495 -0.72682525498236 0.335920436533143 0.671621510303247 0.660364966974474 -0.209168307309248 0.0567420660177029 -0.245129467983631 0.457132264562445 -0.299394651181193 -0.282072243334175
29.7511270344123 17.9248945942703 29.4654960639962 -0.137368691742527 0.702826697685129 -0.697971601658501 0.338386923145845 0.695555529884621 0.633795453508332 -0.123921914521463 0.132408606658381 -0.0556956317560293 0.29408133025287 0.0567033160523351 0.290203086207387
30.135425568765 18.2102170403668 29.6877947302347 -0.672231039218877 0.573765985846303 -0.467865262971335 0.309997873510375 0.792037082393867 0.525907274289915 -0.147364302717369 -0.282676014123192 0.272158320062288 0.34678413034007 -0.48485707717785 -0.244614133272485
30.4308489254439 18.5123844034485 29.7688429194712 -0.905260685207524 0.398832028029114 0.146410336402036 0.412671700846635 0.743497385146948 0.526225795627915 -0.0531332343867457 0.258926105200923 0.173763660145891 0.173992630752708 -0.413957945191609 0.215304520639517
30.5546641615712 19.0349834526307 29.8226061485212 -0.715110881438036 -0.246971285421048 0.653927750959463 0.28553894865366 0.750684562114826 0.595768476685857 -0.617376766658989 0.358235726680732 0.403550331321438 -0.0786116567111275 -0.0853779798399995 0.64241306943619
