
#id1 id2 FENE BEXC STCK NEXC HB CRSTCK CXSTCK total, t = 100
0 1 1.53009 0 0 0 0 0 0 1.53009
1 2 0.642115 0 -0 0 0 0 0 0.642115
2 3 0.0881214 0 -0.53073 0 0 0 0 -0.442609
3 4 0.12272 0 -0.023168 0 0 0 0 0.0995516
4 5 0.146591 0 -1.01939 0 0 0 0 -0.872802
5 6 0.0411141 0 -1.19207 0 0 0 0 -1.15095
6 7 0.453128 0 -1.16553 0 0 0 0 -0.712398
7 8 0.000850449 0 -0.92273 0 0 0 0 -0.921879
8 9 0.0547862 0 -1.25502 0 0 0 0 -1.20024
9 10 0.138347 0 -0.99938 0 0 0 0 -0.861034
10 11 0.0032288 0 -1.27221 0 0 0 0 -1.26898
11 12 0.732952 0 -1.14365 0 0 0 0 -0.410703
12 13 0.2139 0 -1.30901 0 0 0 0 -1.09511
13 14 0.0442434 0 -1.41678 0 0 0 0 -1.37254
14 15 0.0605959 0 -1.29828 0 0 0 0 -1.23769
15 16 0.00384053 0 -1.09456 0 0 0 0 -1.09072
16 17 0.0290617 0 -1.1273 0 0 0 0 -1.09824
17 18 0.215813 0 -1.33205 0 0 0 0 -1.11624
18 19 0.331896 0 -1.03718 0 0 0 0 -0.705287
19 20 0.0227028 0 -0.833998 0 0 0 0 -0.811295
20 21 2.1539 0 0 0 0 0 0 2.1539
21 22 1.8654 0 0 0 0 0 0 1.8654
22 23 0.0134721 0 -0.317287 0 0 0 0 -0.303815
23 24 0.119937 0 -1.14479 0 0 0 0 -1.02486
24 25 0.1465 0 -1.35716 0 0 0 0 -1.21066
25 26 0.0226462 0 -1.29038 0 0 0 0 -1.26774
26 27 0.0611566 0 -1.08539 0 0 0 0 -1.02423
28 29 0.251779 0 -0.958018 0 0 0 0 -0.706239
29 30 0.0164055 0 -0.817112 0 0 0 0 -0.800707
30 31 0.0119324 0 -1.354 0 0 0 0 -1.34207
31 32 0.0906527 0 -1.25467 0 0 0 0 -1.16402
32 33 0.0043102 0 -1.07699 0 0 0 0 -1.07268
33 34 1.74 0 0 0 0 0 0 1.74
33 35 0 0 0 0 0 -0 -0.416218 -0.416218
34 35 1.84669 0 0 0 0 0 0 1.84669
35 36 0.0668557 0 -1.27299 0 0 0 0 -1.20614
36 37 0.0226436 0 -1.09973 0 0 0 0 -1.07708
37 38 0.0484227 0 -1.30967 0 0 0 0 -1.26125
38 39 0.0844039 0 -1.3404 0 0 0 0 -1.256
39 40 0.169762 0 -1.15634 0 0 0 0 -0.986581
40 41 0.425854 0 -1.08226 0 0 0 0 -0.656402
41 42 0.00816959 0 -0.422378 0 0 0 0 -0.414209
42 43 0.493085 0 -0.745297 0 0 0 0 -0.252212
43 44 0.300815 0 -0.283264 0 0 0 0 0.0175511
44 45 0.00641153 0 -0.488075 0 0 0 0 -0.481664
45 46 0.173989 0 -1.17494 0 0 0 0 -1.00095
46 47 1.88959 0 0 0 0 0 0 1.88959
47 48 1.85426 0 0 0 0 0 0 1.85426
48 49 0.0334547 0 -0.989283 0 0 0 0 -0.955828
49 50 1.8196e-05 0 -0.584257 0 0 0 0 -0.584239
50 51 0.0480597 0 -1.23444 0 0 0 0 -1.18638
51 52 0.025541 0 -1.1913 0 0 0 0 -1.16576
52 53 0.00871906 0 -1.23133 0 0 0 0 -1.22261
#Total energy per particle is  -0.495742 and should be -0.49574210

