t = 100
b = 30 30 30
E = -0.364177809096001 -0.565667852434696 0.201490043338695
5.20686482878504 4.24202023494059 25.7572089429897 0.758959703752788 -0.612882818933672 -0.219897020085945 0.622660425610738 0.584347221873846 0.520415413365581 12.6631772203077 5.69466349397941 -6.94510246583812 0.307749106085412 -0.0870925343268545 -0.037643719095454
2.34203659846282 2.61442529400393 27.771421230968 0.738418314559137 -0.35481585329667 -0.573449204605302 0.648472590007745 0.606907888504024 0.459506252486951 0.528181438335899 -0.722549728349074 -0.30552340610216 0.0831027641227501 -0.248029355422191 -0.738538150520416
2.70441309854751 2.74950382794146 28.0887089960755 0.299724652413763 0.173967072446276 -0.938030101756768 0.609792923097175 0.721229559517936 0.328603706088232 -0.00900345224105023 -0.173543733052184 -0.479753172367764 0.167776686937433 -0.108864116944996 -0.127396879860852
3.19524671658163 2.92944214329993 28.1305407840304 -0.27499251024826 0.60608867519134 -0.746348121474648 0.667256325893836 0.679199230537563 0.305707836976253 -0.0960530775405589 -0.220210386973391 -0.729958423709517 0.178292935105165 -0.113003294992317 -0.298657025458662
3.71566538715336 3.15568752077785 28.1797976472363 -0.601769987154212 0.617922050970313 -0.506008997387464 0.592018176365957 0.7703793749151 0.236706525181905 -0.142417128932184 0.784254526077902 0.311469786338522 0.468056859740441 0.474198435905644 0.0765017739887452
4.0269514109651 3.47609271144585 28.0294457507352 -0.820140718866227 0.530530757121304 0.214257316799265 0.556692875260465 0.826392823921964 0.0846630812266329 -0.0392013982980264 0.275108681111092 0.0904267743825406 0.440481766085376 0.374139231123197 -0.0411417386451925
4.26546059332478 3.91233653486482 27.9454347155638 -0.645668181746326 0.0825561870590259 0.759142251104783 0.399885967101865 0.883480794476437 0.244034414320528 -0.254790102649848 0.154500307561491 0.187393469028659 0.773339077468987 0.20005912191989 0.307988659626889
7.00499487215901 5.7959699157133 25.7263581593091 -0.3202469486626 -0.432591312551378 0.842796850085811 0.600201175499252 0.595659338292617 0.533805566175443 10.4280514121269 5.08893911252206 -8.60011185609268 0.124093800240681 0.39094916471993 0.220907903978091
4.46911555652992 4.86717121577954 28.165964332657 0.116143223015964 -0.678441766410164 0.725415330780168 0.524851757510786 0.661979968817439 0.535082273622714 -0.0110808586126002 -0.135070897507024 0.269935757545497 0.450452339494114 0.166160129737551 -0.405547321718862
4.55976692300058 5.12447443002215 28.5948754851812 0.478936257394702 -0.85061542487642 0.216963917046354 0.650400975295368 0.509828081855986 0.563075290735071 0.280285444519169 -0.48994965615838 -0.0704999600263212 0.656176351292662 0.2660693997223 0.172249979196694
4.7441646708362 5.22663766491097 29.0803639053969 0.718824559371139 -0.549365869018688 -0.426014412039709 0.694503310406371 0.54022040539242 0.475212529714435 0.503214239687567 -0.529307500283133 0.0234229352486508 0.61096655764701 -0.125628430563653 0.159707244133387
5.13640915746402 5.36082956433149 29.4042990546091 0.601741152906769 -0.338791277352787 -0.723275837171729 0.779353977899137 0.447130929421712 0.438954662096169 0.238551803447034 0.0272577348592749 -0.620535407590394 0.59012101373728 0.0522110314823874 -0.285882192942135
5.55120499274603 5.32093839457615 29.6548944051407 0.3485396164947 0.174429525294685 -0.920920386400756 0.741021268811573 0.550360234652213 0.38469594927603 0.861680231708054 0.479641895155557 0.149601412409513 0.579173556971075 -0.263653294270896 0.0100216241297712
5.99134793639078 5.41153862042167 29.7585860687701 -0.0640529241224649 0.517660945141089 -0.853184770602807 0.760823506678091 0.578579148309313 0.2939279562876 0.512990244224389 0.226947294924966 0.24887377958726 0.254291515376227 0.351303002688386 -0.0641659229378219
6.42456619887173 5.6635055513098 29.7320934144936 -0.517087186271765 0.680963381437789 -0.518564943258522 0.674109351341239 0.697331727580237 0.243526028050302 0.0602245360311928 0.418134425027164 0.329656808044649 0.397067630671849 0.338512369036976 -0.58929283692379
6.69513525934955 5.96122906726454 29.5887245101036 -0.718749501335118 0.677668868962905 0.155447549754867 0.689963278299395 0.667640343486069 0.279655016486592 -0.329691461374477 0.364971668736731 0.454159184506674 0.609100944355377 0.411163024669381 0.085659255659354
6.87488920854722 6.38403738159466 29.4549227841797 -0.524320847677466 0.266427770778356 0.808766822414769 0.64612900105404 0.743109501677344 0.174084658208313 -0.151864644159579 0.225255974280313 0.34064158225318 0.692262359338047 0.32933105158192 0.325601497452769
6.89358608059857 6.89267068672905 29.4596122378625 -0.17805364898272 -0.225865529019091 0.9577481623044 0.359298406995228 0.891176870244504 0.276962707265679 0.110454045989671 -0.273563805025642 -0.0606118692986213 0.534964247653593 -0.298752056847227 0.194119237478835
6.91069977668341 7.32476098810628 29.6520433517684 0.366842650217503 -0.628811075639959 0.685582224617599 0.522870816232795 0.748908334975836 0.407114603204582 -0.053456377715943 0.196928266657915 0.479977075814601 0.51606459711594 -0.339088684399175 0.462434683011827
6.97542657296082 7.59527468684714 30.0455893726285 0.730234817605809 -0.682971170191276 -0.0175325439625129 0.577190651839489 0.602997571921705 0.550676643361258 0.181776224068398 -0.62397961408398 0.391087702643926 0.447276163650507 -0.5217535836587 0.366078626674465
7.35007368447249 7.77666737761022 30.4232983461212 0.611981054821439 -0.69349662197442 -0.380186145727749 0.74874397961097 0.353243654997484 0.560893273243577 0.346627026047822 0.361633157491122 -0.258346939542119 0.854764846573503 0.446496391186359 0.229984643143978
7.63135530834779 7.67797559686421 30.7892853640687 0.678221309223531 -0.124923597782112 -0.724161468136708 0.71070447992356 0.362079080063703 0.603156511193046 0.171405292022799 -0.740068979206006 -0.184389084542703 0.715062370829902 0.113119589496231 0.227286274430601
8.03571953639656 7.72366946791971 31.0787364109142 0.281516896873871 0.229769964008944 -0.931640424867648 0.795177462468703 0.487557776507511 0.360527533922496 -0.108525488109902 0.182105653660794 -0.0984406556101978 0.536586589972532 -0.0616711060890981 0.263871222487659
8.4706436791845 7.97967756492828 31.1408733107163 -0.152911263416895 0.31383083477448 -0.937084969101424 0.845859202266382 0.531896140469927 0.0401073571696664 -0.218078919857454 0.149139684281668 -0.23449977193814 0.360264767192299 0.254018310858045 -0.704826592609683
8.89220211069833 8.06110250552596 31.0091961684637 -0.569327161246277 0.742176897959791 -0.353609836408888 0.686682821269622 0.665804615996269 0.291840363377815 -0.266336960935581 0.0355054299552251 -0.14655047744361 0.611240973320049 0.0787053968684153 -0.0286578653474383
9.23167728134586 8.32411432206598 30.8707859493378 -0.755014435030259 0.601358860104163 0.261382105731642 0.655573436262275 0.700369714392888 0.282321828679821 -0.00770830836915245 -0.165170412513294 -0.440952676565078 0.41827459720424 -0.192096831036201 -0.140804288176686
9.50467714026173 8.64035039213573 30.8562062947096 -0.711034045044944 0.369232556320599 0.59841272602074 0.674473679082777 0.598729451927156 0.431981690413001 0.0350723521100955 -0.617685478936756 0.886277612217591 0.0675742317938521 -0.0221671545796964 0.128936958910845
9.68757221972959 9.1144575023878 30.850757763024 -0.202385213346335 -0.381198360538852 0.902068689458665 0.697285109617813 0.590688254221414 0.406055098832224 -0.504415329092569 -0.268877659036183 0.0545640255601711 -0.114487811267781 0.073822550680791 0.431515661282444
28.4838863095693 14.7895620030721 4.73760550184462 0.824452311160383 0.431730729181239 -0.365905513730709 0.296169380233085 0.221800267949699 0.929025414152366 -0.195592706748389 0.285601949775394 -0.257701843708751 0.073924570498689 -0.0786825212404061 -0.120454779299457
28.8180757969803 14.7194451313189 5.09120087354983 0.263626700898833 0.892134334205894 -0.366874875077959 0.533596621680102 0.181971236173663 0.825930384392631 -0.144856877275504 -0.241726181764383 -0.443829527617849 0.268829258488916 -0.332880437024169 -0.245095376546858
29.1873786278844 14.8269530922739 5.41525282587341 -0.188637666279311 0.946675398747501 -0.261192269567869 0.53849775487021 0.322128558072973 0.778622659583475 -0.604794548910692 0.207615319861724 0.0331870984964441 0.776152600086586 0.0601519679546403 -0.189288622797827
29.5974917271013 14.9890989644596 5.56683733140427 -0.612731402018462 0.741466949935053 0.273471885132818 0.626185371565951 0.244394163108839 0.740380482793187 -0.402961647492429 0.403218951012088 0.0920297747777583 0.556053230013006 -0.148240756000593 0.144923937026956
29.8862628466985 15.2890219493904 5.82717076768775 -0.831240004087443 0.178840603885036 0.526361069014122 0.554081504617839 0.343341026347599 0.758360408080362 -0.213346661955972 0.0206706497398148 0.43181605308235 0.0622730266826194 -0.194297755226874 0.296275915322325
30.0108805984759 15.4598870405048 6.26902783145804 -0.85294828392914 -0.373285331088845 0.364879662551664 0.316804981207624 0.185363218995191 0.930201570607668 -0.118218934156534 -0.411722018768121 0.554757529609993 0.0273684710071296 0.345560332486882 0.0419303654622107
27.2051901592243 14.6648466694374 8.19199627026002 -0.440096147503819 -0.72142456604599 0.534660509867233 0.353262265278035 0.408308937917995 0.84171816213437 -10.9541187548876 -5.05870423509992 7.22699487405728 0.196982833909852 -0.547253216504312 -0.277529032108771
29.6323494455454 15.6266501979681 6.98776746798468 0.227867112119369 -0.941358737375324 0.248837673257861 0.474925842244731 0.330552496138071 0.815585908820246 -0.287570904059944 -1.61998457091428 -0.395584414480247 -0.110160282619994 -0.132416316853993 -0.242366255290784
29.7174471265321 15.8699061056657 7.54930077765152 0.642380769215877 -0.755933781695366 -0.126138599702206 0.306481883252749 0.102533202684302 0.946338037812229 0.0825056137987826 -0.477686767186049 0.608203393128264 0.204993851299149 0.0264789664999316 -0.319910861990684
29.7618372937365 15.7361879876928 8.02111186388004 0.957860837929757 -0.164297568379894 -0.235603066676336 0.255149893713654 0.109995661435264 0.960624469122768 0.236509740957583 -0.865131872515883 0.0909422263708921 0.420556879959415 -0.0561715490729256 -0.0200859465857869
29.9933039043068 15.5584441181022 8.42509405533276 0.780421574288199 0.467962868910469 -0.414671919419525 0.37751211006057 0.176015684450026 0.909122085967851 0.0811703691711895 -0.560203471286677 0.380520203997841 0.240903574157677 0.0792542253450401 0.2539231722813
30.3774914769024 15.6945849937376 8.66430108024268 0.396971148357222 0.764414571164199 -0.508019835032502 0.398878259674377 0.354816567274486 0.84557744668353 0.464971734478789 0.0957308098564572 0.100771602497378 0.246917027591315 0.595728597611591 -0.119905397238112
30.7371253820806 15.8020239317637 8.84838952682463 -0.235656764146974 0.920433560440977 -0.311877910765773 0.536650334773459 0.39079830926714 0.747852249166263 0.0406950860386923 0.347353734082724 0.100470859258049 0.483848008460054 0.0419616109217351 -0.2513810774203
31.1104945121687 16.0601655666379 9.01563530366274 -0.694782397709408 0.717140818096569 0.0546474863228338 0.36409060878947 0.285176431102281 0.886629749413855 -0.655403223419519 0.0881021349343599 0.215459229714445 0.498795439610913 0.27958034839149 0.374523505918194
31.3917745506213 16.3769515667296 9.29141446527545 -0.963600312535467 0.109905593192735 0.243711056934074 0.265598172756925 0.497634524842203 0.825722336864318 -0.138038037561451 0.430934216135179 0.428469240847261 0.223292634132523 -0.421854513408814 -0.335685669960461
31.4321853181663 16.7888637617654 9.62848865533777 -0.895833177808571 -0.30880041298104 0.319570189135288 0.235832480825049 0.279149197965066 0.930837605444003 -0.0224181923736811 -0.247993278787799 0.321930897261719 0.587344441939855 0.200725812553237 -0.0348997771175672
31.286846944227 17.1061050884675 9.95444542731969 -0.298382613123235 -0.835216628213861 0.461931684423347 0.389335711263341 0.335370687940535 0.85787183565055 -0.342315016446237 0.168140840177952 0.596239209251655 0.410101127488157 0.0616385094771474 0.29015609034325
31.2341246302647 17.3293559787693 10.4237317795484 0.240264739314002 -0.952938738033546 0.184879683853364 0.217878859391239 0.238540279765068 0.946375835207027 -0.333793595767552 0.103184203199356 -0.228732923567972 0.138708590640338 -0.0483436893662168 -0.090628974097142
31.2724876956841 17.3283679924672 10.9353770518711 0.634182314730678 -0.755758384580834 -0.163223579082693 0.396302929131476 0.136464410250089 0.907921436330818 0.58495010846878 -0.306416159600597 0.282696906246674 0.284470147983811 0.166203179016598 0.194322946220642
28.0018086430459 15.8347488162356 12.3457136935108 0.946483226428037 -0.0396124364519997 -0.320312722358809 0.31810126735083 0.282375925610759 0.905027790260301 -11.9512872063204 -5.15219817943292 4.40808757784461 0.0188224465021805 0.281817264312991 0.51438525566323
31.2031237297642 16.5697113154597 12.349199981949 0.582177625959394 0.213639520527194 -0.784491713206878 0.68971783898004 0.381147538311803 0.615642540408588 -0.40483064145334 -0.0480365470256347 0.659291455968363 -0.0616517330891127 1.44929584829986 0.283551422131036
31.8256318058132 16.5374204469936 12.4283041511683 0.213331367305578 0.810588170224398 -0.545377325985301 0.45740528052289 0.410400057929403 0.788892947548558 -0.237738278373245 -0.720202259507798 1.57163131239207 0.393162137105216 0.585032166829537 0.157898873543175
32.2479717863837 16.9336072406814 12.4927570609109 -0.288459284149822 0.913172552404992 -0.287935777496114 0.516377992895711 0.401604926509933 0.756351199651318 0.421686792852024 0.287320256322385 0.758414164053344 0.509628700468298 0.266088949825235 0.148650525047324
32.5907476798699 17.1389063947692 12.683198175746 -0.707730914975019 0.705752324368627 0.0321012373062294 0.473618671156669 0.440250382597998 0.762800657048961 0.0722094329093699 -0.0694641426058682 0.647539163820188 0.675527573342618 0.168282480620761 0.211203517730738
32.8997574596513 17.4599430559587 12.8633953118795 -0.865015576643074 0.0647309978749959 0.497551841002878 0.457860060601343 0.507415800824797 0.729995384004224 0.0380405137784633 0.325490536064162 -0.137023303779601 0.394321427224154 0.00761328693296543 0.366947920196952
32.9506873831385 17.8580336363612 13.1880858135746 -0.521658915760199 -0.654982242812853 0.546690162822662 0.250420741375897 0.495009240511122 0.832018745617451 -0.394064716106966 0.406979600365408 0.477253240694195 0.378011790426412 -0.244335477197004 0.753906548326659
