t = 100
b = 30 30 30
E = -0.741510482791378 -0.928439843048058 0.18692936025668
3.48072322904032 12.2402818563789 19.9475425154739 -0.602262993345869 0.706769929877876 -0.371154201688438 0.418897302894587 0.675576134888922 0.606730433400965 0.311999472684793 0.546891536712186 0.96009089039257 0.229665026001718 0.929296867566419 -0.840198780693247
3.720634229535 12.5938929929653 19.8912247894899 -0.850007256242353 0.357500385796231 0.386886313179642 0.526326791639619 0.546231908936281 0.651621589477386 0.434942909490313 0.454691937489981 0.425863720775968 0.83892853165588 0.224526343742913 0.00284233959951235
3.8304973276248 12.9234271261674 20.1139869956775 -0.800149240544573 -0.0302570190306427 0.599037220123492 0.437555356268805 0.65366353833482 0.617469987065515 0.189643710734512 -0.0479830238591838 0.519744254772178 0.415694405547292 -0.0851469531681217 -0.38850666378853
3.88891916071312 13.292200261627 20.3650492347692 -0.470044471493138 -0.636469470266229 0.611526524955752 0.529314112715898 0.351164591869699 0.772340521267254 0.230086692280866 0.480736196378435 0.688676715222251 0.635541165712543 0.399334137789568 0.0895816629772792
3.8179363766214 13.4546301230205 20.7638253373101 0.227250984166926 -0.914547250593338 0.334604539689967 0.248615860171964 0.386692621645371 0.888064675547616 0.14917864281483 0.1748863382777 0.300231643642966 0.577787353713993 0.0168629759574913 0.0989252303668163
3.88601880501305 13.4207591011285 21.2356012617157 0.555188613412026 -0.830328529823276 -0.0481665559683224 0.388732629275209 0.207852266998255 0.897599169545354 0.149255200162559 -0.326317823992887 -0.367908250354004 0.60301407968209 0.222171542331095 -0.0231252112238987
4.03021452557207 13.3386276617238 21.6960753561135 0.722880206340263 -0.494437458963782 -0.48267555181927 0.637036829755739 0.206324742439248 0.742707250994801 0.467445911639716 -0.136475087697623 -0.0710996140772879 0.69136075002034 0.269181657227986 -0.266214667733675
4.28235001227658 13.097684517593 22.019954439135 0.788190994086922 0.145269922939216 -0.59803970425149 0.573814026924237 0.177801346475097 0.799452329602486 0.331031085021919 0.252751757892225 0.335900387401422 0.581171437793515 0.143783290856429 0.362062905200245
4.6811851338397 12.9934173141557 22.2117661705418 0.370047140837214 0.761716933989789 -0.531838610202501 0.695798582511748 0.152085376648083 0.701950323319499 0.40595221809457 -0.0381762286729202 -0.414593170909676 0.217643134823926 -0.359124396045273 -0.158086835107713
5.13289225328907 13.0821356430445 22.4579434110188 -0.143488619550132 0.902718891112788 -0.405597707842713 0.636401078870612 0.398028393071852 0.660732129127766 -0.445493570046097 0.0308081166611626 0.251479867011056 0.259550687914357 0.158885538017139 0.117817136171016
5.54580648030154 13.3259943561387 22.515163874748 -0.598884027106455 0.800788024718606 0.00873741371528769 0.531586602661188 0.389349403168103 0.752211809949268 0.220601689900048 0.273477751843666 -0.0840806907891836 0.457023956947495 0.163726669410247 -0.235139921386423
5.82111819455399 13.7274200364397 22.6007693260859 -0.79240971150156 0.446372825355748 0.415737935826527 0.596929550527033 0.427173912319747 0.679115190709653 -0.460723860866928 -0.287294787987567 0.262101459532517 0.285677940448509 0.232796922486287 0.274594491318187
5.97340938794216 14.0271811782787 22.7829131559105 -0.693451574350005 -0.113404966194643 0.711522388091885 0.644652380541608 0.343393322516709 0.683011138357535 -0.408511594106239 0.0313975955916823 0.218897406601323 0.341665459452686 -0.113118094559594 -0.304868512517973
6.12266743622117 14.3636585471569 23.0639631117388 -0.428864881529512 -0.658603792178977 0.618316941010984 0.498895859303136 0.397938698003579 0.769901030375718 0.0928892085161333 -0.694456001198178 -0.268235031401222 0.342066459075555 0.552479446930931 0.274144455127845
5.99454391140511 14.4998960900755 23.4501222782168 0.378260996475603 -0.850524368861063 0.365413192421415 0.457407988151194 0.514915255417115 0.725010410144992 -0.347330727243137 -0.633722012138846 -0.0590611295782697 0.220362470455862 -0.414400625243995 0.222431587959604
6.16527947956487 14.7011589199717 23.9029474558125 0.549294411179681 -0.830658364633924 -0.0910066585538494 0.658045782718416 0.362864995881206 0.659776192670321 0.104085689583507 -0.0102495163177018 -0.327019871587533 0.276278910738292 0.166148048059334 0.0753087327377191
6.35735018644902 14.6725667978348 24.3242734192662 0.655155032961364 -0.57700668050036 -0.487683357395092 0.660104513408659 0.123218792048028 0.740998681184361 0.288118891933896 -0.0369561361065646 -0.276835935550353 0.329911486060948 0.16762026626097 -0.534698649325924
6.52275591293317 14.4219323994972 24.6869394823162 0.767367662226451 0.0760380886126567 -0.636682779997274 0.587775047035598 0.313410532039419 0.745851334630756 0.035717752957428 -0.28242534344147 -0.872465178377419 0.49903644808009 0.0685341355070434 -0.0279206658874602
6.86841618841689 14.4224935930165 24.9575646034296 0.501138761276309 0.482490024027804 -0.718375393906756 0.688082143453408 0.281254983414579 0.668908424793527 0.18363068027788 -0.24754526176326 -0.147863307210211 0.444489313322835 0.0658802505382274 -0.273416684124052
7.34673186594573 14.3425529838741 25.0646955638882 -0.0728751912101165 0.940005727501012 -0.3332841424859 0.764534792094348 0.267243982493677 0.586572325057268 -0.0275942255760351 -0.188321894085466 -0.131339631881019 0.470400656512663 0.0950512179833397 0.0730840089640647
7.81560192387609 14.5794187554707 25.0786260864108 -0.537258836127467 0.79190736358777 0.290233619947377 0.807056851084825 0.382749869704789 0.449623920849532 0.0610103630431957 0.268944034173339 -0.781921807937762 0.167663507758352 -0.371053477951656 0.229774382911804
8.0960060958116 14.949634417619 25.3918434503801 -0.859355791596999 0.274822241672323 0.431254265083165 0.509871821682507 0.395791914502667 0.763792751133922 -0.631975805966745 0.696051895735365 0.0883670382464709 0.37791363894846 -0.130176545495895 0.111523136369374
8.36251219896002 15.3953203887286 25.5783030949756 -0.723228562126153 -0.0898756268492298 0.684735496355847 0.618964881607104 0.355400536731762 0.700409033797243 0.316352514981125 -0.358078073812621 -0.0792513768060846 0.231956115140538 0.139867541725485 0.062208720601773
8.54540400434536 15.7820635433249 25.9276359312997 -0.427299863649738 -0.726956640051566 0.537539534242328 0.481670550454328 0.320108611554491 0.815796444809055 0.433728993814046 -0.15620250747823 0.213621836764397 0.0335543756756086 -0.31524088224547 -0.0541276503076962
8.57081312595313 15.9848873960692 26.3326421783802 0.209399901933052 -0.977440843131427 0.0275856715661329 0.458116550276974 0.122988930666264 0.880342452409361 -0.277024157642462 -0.701375009095066 0.334161230900546 0.290568095652422 0.518972060679712 0.418543892417656
