
#id1 id2 FENE BEXC STCK NEXC HB CRSTCK CXSTCK total, t = 100
0 1 0.048231 0 -1.14222 0 0 0 0 -1.09398
1 2 0.681456 0 -1.24963 0 0 0 0 -0.568175
2 3 0.137064 0 -0.970339 0 0 0 0 -0.833274
3 4 0.0983522 0 -1.00573 0 0 0 0 -0.907381
4 5 0.265952 0 -1.0351 0 0 0 0 -0.769151
5 6 0.102061 0 -1.16554 0 0 0 0 -1.06348
6 7 0.14922 0 -1.24806 0 0 0 0 -1.09884
7 8 0.0728971 0 -1.10516 0 0 0 0 -1.03226
8 9 0.0724727 0 -1.26032 0 0 0 0 -1.18785
9 10 0.119773 0 -1.23007 0 0 0 0 -1.11029
10 11 0.17531 0 -1.15186 0 0 0 0 -0.976546
11 12 0.607706 0 -1.21761 0 0 0 0 -0.609905
12 13 0.22223 0 -1.31892 0 0 0 0 -1.09669
13 14 0.0499771 0 -0.969415 0 0 0 0 -0.919438
14 15 0.109502 0 -1.24224 0 0 0 0 -1.13274
15 16 0.352545 0 -1.20678 0 0 0 0 -0.854233
16 17 0.102668 0 -1.07056 0 0 0 0 -0.967891
17 18 0.520654 0 -1.35564 0 0 0 0 -0.83499
18 19 0.000273363 0 -1.37384 0 0 0 0 -1.37356
19 20 0.000205269 0 -1.29578 0 0 0 0 -1.29557
20 21 1.82721e-07 0 -0.71741 0 0 0 0 -0.71741
21 22 0.253715 0 -0.801096 0 0 0 0 -0.547382
22 23 0.00182101 0 -1.24226 0 0 0 0 -1.24044
23 24 0.0194424 0 -0.998949 0 0 0 0 -0.979506
#Total energy per particle is  -0.92844 and should be -0.9284410

