
#id1 id2 FENE BEXC STCK NEXC HB CRSTCK CXSTCK total, t = 100
0 1 0.126731 0 -1.14492 0 0 0 0 -1.01819
1 2 0.16633 0 -1.11657 0 0 0 0 -0.950237
2 3 0.19317 0 -1.32808 0 0 0 0 -1.13491
3 4 0.015273 0 -1.23022 0 0 0 0 -1.21494
4 5 0.0011627 0 -1.07941 0 0 0 0 -1.07824
5 6 0.0355032 0 -1.43903 0 0 0 0 -1.40352
6 7 0.301895 0 -1.17399 0 0 0 0 -0.872091
7 8 0.159708 0 -1.1684 0 0 0 0 -1.00869
8 9 0.199454 0 -1.18088 0 0 0 0 -0.981429
9 10 0.129991 0 -1.34016 0 0 0 0 -1.21017
10 11 0.116722 0 -1.23994 0 0 0 0 -1.12322
11 12 0.203236 0 -1.3566 0 0 0 0 -1.15337
12 13 0.0587564 0 -1.17056 0 0 0 0 -1.1118
13 14 0.0464463 0 -1.36368 0 0 0 0 -1.31723
14 15 0.355477 0.0100091 -0.91279 0 0 0 0 -0.547304
15 16 0.0564194 0 -1.33714 0 0 0 0 -1.28072
16 17 0.192161 0 -1.2054 0 0 0 0 -1.01324
17 18 0.146466 0 -1.23809 0 0 0 0 -1.09162
18 19 0.216021 0 -1.18542 0 0 0 0 -0.969398
19 20 0.137301 0 -1.27017 0 0 0 0 -1.13287
20 21 0.0356658 0 -1.42416 0 0 0 0 -1.38849
21 22 0.000765679 0 -1.00664 0 0 0 0 -1.00588
22 23 0.109218 0 -1.35012 0 0 0 0 -1.2409
23 24 0.0904559 0 -0.990594 0 0 0 0 -0.900138
24 25 0.0204528 0 -0.915726 0 0 0 0 -0.895273
#Total energy per particle is  -1.04015 and should be -1.0401510

