t = 100
b = 30 30 30
E = -0.862307697073508 -1.08196583918935 0.219658142115844
7.71020503753838 4.227981062083 29.5386690647848 0.474945461875292 -0.526392034895441 0.705222033921461 0.247305405141057 0.848917391193182 0.467096544155742 0.183057680135611 -0.638310848326818 -0.612112026908311 0.186856610700378 -0.0864842446093501 -0.467711251691247
7.69854004833363 4.57697658059137 29.8864663238279 0.856273723964641 -0.496274271962244 0.143202786944586 0.343885745673564 0.754602410960354 0.558853898575661 -0.265722950827327 0.21210581775371 0.0367058258445657 0.44162036956245 0.276159179071953 -0.13795439591131
7.8806861222908 4.69954499996887 30.3150196635024 0.902999857323002 0.0330972241567455 -0.428363995459578 0.274805012667702 0.721917279202458 0.635072858180373 -0.049612357564418 -0.416679320823698 -0.330123075312537 0.65055030268174 0.0557959341983418 0.1033384590472
8.25579380967539 4.98338638750929 30.6519616369723 0.598377965516605 0.177701787981056 -0.781259090574537 0.488667642937008 0.691790398674203 0.531629446612532 0.132236664315728 0.455827448066618 -0.199216108283799 0.515091447100745 0.0422275407808849 0.000880833061504899
8.65346411904987 5.19311459390844 30.8454571945174 0.0605634681627121 0.505830489122807 -0.860504191712882 0.427074690448179 0.766061172231549 0.480372117771036 0.171904647920703 0.319732531394925 -0.144763723417236 0.385533979889033 -0.10038694394508 -0.0386277683340388
8.92869782785235 5.62629067294629 30.9258860604287 -0.392351802191366 0.378435218491417 -0.838359552326882 0.346276685307913 0.90515993876975 0.246531590224795 -0.99745194295855 -0.0358312618039685 -0.12185092953019 0.260325436703912 0.316174610936446 -0.542144210522529
9.12022291023515 6.07770470055131 30.854529193114 -0.847834057516698 0.183258333832698 -0.497587866849873 0.158624139471463 0.983064102255509 0.0917782266443727 -0.742961499522177 0.663312715602496 0.288863713431615 0.550185816954778 0.867413070233887 -0.69541663432839
9.29541068630633 6.42349740821224 30.6492865454531 -0.931818095142127 0.249040789043125 0.263995472005376 0.300929441555955 0.936801677377255 0.178448801555053 -0.0377387567074947 0.946724298911356 -0.296932817633883 0.490696826969332 -0.0702506972584353 -0.292101411658491
9.30014077668499 6.91354777401917 30.6081057670826 -0.749432995062836 -0.168388612309784 0.640308792535029 0.171320156529129 0.884857088737273 0.433217288099695 -0.203510409489213 0.161247298964912 0.023215073597397 0.266413959631627 -0.0811238376870071 -0.564107269540127
9.16155460433214 7.39139220299154 30.6758063455332 -0.0805352501179782 -0.559671505072316 0.824791950190041 0.247416178719929 0.790357545474154 0.560464152531005 -0.0843601930140903 0.124514538123198 0.0707936377822705 0.374287273753332 0.284822617847703 -0.112554936723318
9.0678726942103 7.64349749711495 31.083640343298 0.59373320580944 -0.618020970511405 0.515296848409755 0.180401446258781 0.726324547361424 0.663255501763495 -0.0969171713399341 -0.134363947395194 0.25109306122202 0.512044301409589 0.0950484429592257 -0.110693900333228
9.06426146550085 7.89386352092517 31.4868506481704 0.891511997998491 -0.434712757928648 0.127401163081501 0.26273022168325 0.725297997743625 0.636329737802168 -0.101808419791368 -0.122450536264745 -0.124262434805689 0.874629352902011 0.139483022636769 -0.0119004093999405
9.19856325711278 8.10607171186795 31.9359775900378 0.888329186876474 -0.215370907218158 -0.405569364349503 0.419830173955895 0.73873211403124 0.527273529016738 0.210815063438568 0.286416743024293 0.144812057157421 0.417224223469545 0.25951877256908 0.166779764469824
9.50092470786237 8.29442157442661 32.2511836663876 0.496934897525982 0.131910054083839 -0.857703518758279 0.523058583992707 0.743127703954087 0.417337777182528 0.286657379681588 0.374459167915499 0.229538987460471 0.543394615897994 -0.602274936176133 -0.305057978580683
9.83698821894421 8.45195992532701 32.4548065657721 -0.0446209388594532 0.54328846646423 -0.83835940697819 0.509303662282317 0.734319251587877 0.448759292160143 -0.11219994354558 -0.113326813722474 -0.216415403180243 0.707070099762436 0.143671029259346 0.386298799767531
10.2503044485076 8.73612276127562 32.543308248367 -0.62518691743534 0.634760414787698 -0.454114983042067 0.594871497402805 0.764205259040244 0.249235060158244 -0.367889394716825 -0.0229567695964292 -0.283985837381472 0.269872874569112 -0.218232659197489 0.284681206563917
10.455552795904 9.24906727566475 32.5959376710307 -0.915380987414723 0.305290782325509 -0.262440598585613 0.289790815188997 0.952175545722928 0.0968653930306652 -0.514401380227145 -0.156574396487358 0.301239122739263 0.702402315305565 0.487280790259527 -0.151547744439388
10.5478380618416 9.64792492029771 32.3560614544986 -0.842393271675158 0.200973508219029 0.499983105592452 0.252703574863301 0.96683067758772 0.0371381269924465 -0.517310827051728 -0.244695636411704 -0.136377047717244 0.695810697509705 -0.319044554269934 0.086828715239531
10.5197381186671 10.1329422749997 32.3100599576094 -0.409609626639899 -0.124442889049781 0.903733258997519 0.222869376170126 0.946983408675085 0.231412077320713 -0.194094034195826 -0.506501373600912 0.229302039864071 0.373994354627247 -0.199054892038624 0.39452693814278
10.4550510098978 10.6046702250659 32.4842513487897 0.203832890645742 -0.464129590647981 0.86199522105875 0.179314071040026 0.883284770910306 0.433190905534665 -0.31074759688035 -0.348603071775877 0.670734921800637 0.597533575871837 -0.237704549022085 -0.0308487830378324
10.3315662062161 10.9098772305474 32.7107387691362 0.708926049001055 -0.26698702818807 0.652795271091923 -0.0938954890856583 0.881612265002987 0.462540103457927 0.0620481310523468 -0.490876012954674 0.5080892953267 0.611135206247894 -0.148468758555953 0.330132005465581
10.2045567966364 11.2539498882774 33.0790108534847 0.966956054634645 -0.225094489555402 0.119701048283723 0.160982692810685 0.903170531272264 0.39795407398398 0.358166510553239 0.0490505585836205 0.00656875866996733 0.34603768722985 0.0507423873477141 0.54122090905531
10.4692378819537 11.5396819479996 33.4203998055695 0.85577539098312 -0.231218877970921 -0.462802540454819 0.446884406128625 0.781095450685183 0.436101028234866 -0.194958686774126 0.117604951146727 0.170938082313571 -0.0270976320209002 0.0613554680754151 -0.117692666749978
10.7496452679552 11.802058807368 33.7641120582144 0.459012435655986 0.0402919537097879 -0.887515646804548 0.486863744621976 0.824206639140387 0.289217897596599 -0.0127237325270715 0.208333495039227 0.14235042175385 0.467657291037208 0.103669417043526 -0.0169992854966786
11.2006086626761 12.097626815634 33.8426354778794 -0.175517586295297 0.225442842506348 -0.958315701398256 0.499973718051146 0.858962273010211 0.110498782928427 0.379155694738322 0.950685528991837 -0.926308404698636 0.38379912988595 0.360997490345492 0.322482032805696
