
#id1 id2 FENE BEXC STCK NEXC HB CRSTCK CXSTCK total, t = 100
0 1 0.00721204 0 -1.24106 0 0 0 0 -1.23385
1 2 0.34292 0 -1.38937 0 0 0 0 -1.04645
2 3 0.101033 0 -1.16731 0 0 0 0 -1.06628
3 4 0.0560173 0 -1.28373 0 0 0 0 -1.22771
4 5 0.492823 0 -1.33696 0 0 0 0 -0.844142
5 6 0.0846851 0 -1.39275 0 0 0 0 -1.30807
6 7 0.0039731 0 -1.40248 0 0 0 0 -1.39851
7 8 0.0634966 0 -1.12321 0 0 0 0 -1.05971
8 9 0.44769 0 -1.37807 0 0 0 0 -0.930376
9 10 0.0221495 0 -1.34991 0 0 0 0 -1.32776
10 11 0.00379126 0 -1.03945 0 0 0 0 -1.03566
11 12 0.0988206 0 -1.14089 0 0 0 0 -1.04207
12 13 0.00967021 0 -1.26927 0 0 0 0 -1.2596
13 14 0.14314 0 -1.11027 0 0 0 0 -0.967134
14 15 0.290018 0 -1.20092 0 0 0 0 -0.910899
15 16 0.214391 0 -1.35435 0 0 0 0 -1.13996
16 17 0.277616 0 -1.05404 0 0 0 0 -0.776425
17 18 0.0408156 0 -1.14156 0 0 0 0 -1.10074
18 19 0.167663 0 -1.124 0 0 0 0 -0.956342
19 20 0.0307587 0 -1.2699 0 0 0 0 -1.23914
20 21 0.00185111 0 -1.26755 0 0 0 0 -1.2657
21 22 0.139522 0 -1.02433 0 0 0 0 -0.884807
22 23 0.0338488 0 -1.32556 0 0 0 0 -1.29171
23 24 0.00255577 0 -1.05686 0 0 0 0 -1.0543
#Total energy per particle is  -1.05469 and should be -1.0546910

