t = 0
b =  30.0 30.0 30.0
E = 0. 0. 0.
19.9583973628 19.5785348247 10.9685467053 0.98975910798 -0.106807816999 -0.0947047960658 0.119342421938 0.255128097393 0.959513960423 0.0 0.0 0.0 0.0 0.0 0.0
20.0901649949 19.3277020816 11.4250610296 0.847671793017 0.476979180837 -0.232257168611 0.119342421938 0.255128097393 0.959513960423 0.0 0.0 0.0 0.0 0.0 0.0
20.4151594389 19.1855967579 11.8286323249 0.38353979157 0.879553813206 -0.281571159668 0.119342421938 0.255128097393 0.959513960423 0.0 0.0 0.0 0.0 0.0 0.0
20.8275817904 19.2439857535 12.1680194656 -0.226305389138 0.947971246583 -0.223911559548 0.119342421938 0.255128097393 0.959513960423 0.0 0.0 0.0 0.0 0.0 0.0
21.1884178214 19.5184648246 12.4563659593 -0.750173368888 0.656238554149 -0.0811842143546 0.119342421938 0.255128097393 0.959513960423 0.0 0.0 0.0 0.0 0.0 0.0
21.3782518093 19.9425334948 12.7262065087 -0.989037943568 0.11518986327 0.0923863711999 0.119342421938 0.255128097393 0.959513960423 0.0 0.0 0.0 0.0 0.0 0.0
21.3426345669 20.392859698 13.0171065343 -0.852150467653 -0.469621382537 0.230857829718 0.119342421938 0.255128097393 0.959513960423 0.0 0.0 0.0 0.0 0.0 0.0
21.1127695985 20.7361356922 13.3606306095 -0.391516781882 -0.876015613467 0.281622538989 0.119342421938 0.255128097393 0.959513960423 0.0 0.0 0.0 0.0 0.0 0.0
20.7936583674 20.8797238998 13.7683505513 0.217860675138 -0.949596866641 0.22539413722 0.119342421938 0.255128097393 0.959513960423 0.0 0.0 0.0 0.0 0.0 0.0
20.5242084841 20.8068514717 14.2274490938 0.744469219237 -0.662410393765 0.0835347343327 0.119342421938 0.255128097393 0.959513960423 0.0 0.0 0.0 0.0 0.0 0.0
20.4244603827 20.5829825735 14.7055893816 0.988241460086 -0.123563137387 -0.0900609107542 0.119342421938 0.255128097393 0.959513960423 0.0 0.0 0.0 0.0 0.0 0.0
20.5499819532 20.3309474543 15.163200282 0.856564247732 0.462227820751 -0.229440910107 0.119342421938 0.255128097393 0.959513960423 0.0 0.0 0.0 0.0 0.0 0.0
20.870757371 20.1842771814 15.5685101197 0.399463956674 0.872410701748 -0.281652471663 0.119342421938 0.255128097393 0.959513960423 0.0 0.0 0.0 0.0 0.0 0.0
21.2825906102 20.2364729554 15.9096172676 -0.209399370205 0.951150171222 -0.226859550256 0.119342421938 0.255128097393 0.959513960423 0.0 0.0 0.0 0.0 0.0 0.0
21.6466912564 20.5054834408 16.1990117739 -0.738708375373 0.668531788266 -0.0858788928173 0.119342421938 0.255128097393 0.959513960423 0.0 0.0 0.0 0.0 0.0 0.0
21.8424033052 20.9268857684 16.4688301838 -0.987369718191 0.131927001692 0.0877285918214 0.119342421938 0.255128097393 0.959513960423 0.0 0.0 0.0 0.0 0.0 0.0
21.8130443957 21.3783608602 16.7586463291 -0.860912797127 -0.454799058526 0.228006517683 0.119342421938 0.255128097393 0.959513960423 0.0 0.0 0.0 0.0 0.0 0.0
21.587440387 21.7261644923 17.1004365672 -0.40738071074 -0.868739352575 0.281660955412 0.119342421938 0.255128097393 0.959513960423 0.0 0.0 0.0 0.0 0.0 0.0
21.2689739324 21.8759389616 17.5064314289 0.200922118699 -0.952631042034 0.228307687059 0.119342421938 0.255128097393 0.959513960423 0.0 0.0 0.0 0.0 0.0 0.0
20.9963076811 21.808561155 17.9644690351 0.732891276006 -0.674602271482 0.0882165112918 0.119342421938 0.255128097393 0.959513960423 0.0 0.0 0.0 0.0 0.0 0.0
20.8907040193 21.5874077393 18.4426155979 0.98642278427 -0.140280819246 -0.0853895920167 0.119342421938 0.255128097393 0.959513960423 0.0 0.0 0.0 0.0 0.0 0.0
21.0099554622 21.3342773064 18.9012976004 0.86519578468 0.447335661592 -0.22655476168 0.119342421938 0.255128097393 0.959513960423 0.0 0.0 0.0 0.0 0.0 0.0
21.3264283114 21.1831170517 19.3083364379 0.415266441188 0.865001845538 -0.281647989588 0.119342421938 0.255128097393 0.959513960423 0.0 0.0 0.0 0.0 0.0 0.0
21.7375611589 21.2291339949 19.6511736073 -0.192429566196 0.954039366304 -0.229738437348 0.119342421938 0.255128097393 0.959513960423 0.0 0.0 0.0 0.0 0.0 0.0
22.1048296808 21.4926242417 19.9416418927 -0.727018364131 0.680621381124 -0.0905474117374 0.119342421938 0.255128097393 0.959513960423 0.0 0.0 0.0 0.0 0.0 0.0
22.3063743437 21.9112621537 20.2114698928 -0.985400730434 0.148623953872 0.083044089464 0.119342421938 0.255128097393 0.959513960423 0.0 0.0 0.0 0.0 0.0 0.0
22.2832968791 22.3637789007 20.5002277956 -0.869412884224 -0.439838198316 0.225085752655 0.119342421938 0.255128097393 0.959513960423 0.0 0.0 0.0 0.0 0.0 0.0
9.76268126841 27.3187413961 27.8861323052 0.574109472652 0.768419362832 -0.282718935051 0.377009915221 0.0584193153443 0.924365029315 0.0 0.0 0.0 0.0 0.0 0.0
10.2307708342 27.2048835724 28.1240685498 0.0388676312885 0.996131867588 -0.0788074210554 0.377009915221 0.0584193153443 0.924365029315 0.0 0.0 0.0 0.0 0.0 0.0
10.7077202778 27.3180940392 28.3440406403 -0.511140673034 0.845397221411 0.155044349789 0.377009915221 0.0584193153443 0.924365029315 0.0 0.0 0.0 0.0 0.0 0.0
11.0681551888 27.6240128293 28.5993550953 -0.866958089854 0.373482036532 0.329992179945 0.377009915221 0.0584193153443 0.924365029315 0.0 0.0 0.0 0.0 0.0 0.0
11.230966976 28.0150668613 28.929891278 -0.893403633572 -0.240325218312 0.379570463765 0.377009915221 0.0584193153443 0.924365029315 0.0 0.0 0.0 0.0 0.0 0.0
11.1901273768 28.3513387523 29.3469505598 -0.580430199985 -0.762828904696 0.284943582321 0.377009915221 0.0584193153443 0.924365029315 0.0 0.0 0.0 0.0 0.0 0.0
11.0169786953 28.5137237705 29.8289627403 -0.0469416291472 -0.995521136367 0.0820618699506 0.377009915221 0.0584193153443 0.924365029315 0.0 0.0 0.0 0.0 0.0 0.0
10.8331296679 28.4491797142 30.3296809265 0.504380851425 -0.849998244106 -0.151996518815 0.377009915221 0.0584193153443 0.924365029315 0.0 0.0 0.0 0.0 0.0 0.0
10.7642542715 28.1908785315 30.7957515016 0.864080613743 -0.381546807697 -0.328308888837 0.377009915221 0.0584193153443 0.924365029315 0.0 0.0 0.0 0.0 0.0 0.0
10.8923460782 27.845603742 31.186984055 0.895501704243 0.231860640079 -0.379891222958 0.377009915221 0.0584193153443 0.924365029315 0.0 0.0 0.0 0.0 0.0 0.0
11.2245675265 27.5531815927 31.4916203923 0.58670672531 0.757180354186 -0.287146530034 0.377009915221 0.0584193153443 0.924365029315 0.0 0.0 0.0 0.0 0.0 0.0
11.6905287913 27.4333587289 31.730801669 0.055012052219 0.994834592357 -0.0853100695166 0.377009915221 0.0584193153443 0.924365029315 0.0 0.0 0.0 0.0 0.0 0.0
12.1690300552 27.5403084418 31.9505365127 -0.497582619263 0.854534536144 0.148937112719 0.377009915221 0.0584193153443 0.924365029315 0.0 0.0 0.0 0.0 0.0 0.0
12.5341073453 27.8420493291 32.2042215759 -0.861137334549 0.389582522594 0.326600595736 0.377009915221 0.0584193153443 0.924365029315 0.0 0.0 0.0 0.0 0.0 0.0
12.702888353 28.2325955646 32.5323552551 -0.897531578991 -0.223378404761 0.380183051963 0.377009915221 0.0584193153443 0.924365029315 0.0 0.0 0.0 0.0 0.0 0.0
12.6670770089 28.5722226858 32.9471516731 -0.592938570647 -0.75147414146 0.289327610427 0.377009915221 0.0584193153443 0.924365029315 0.0 0.0 0.0 0.0 0.0 0.0
12.4961052991 28.7405512528 33.4279003289 -0.0630782859101 -0.994072287841 0.0885517723906 0.377009915221 0.0584193153443 0.924365029315 0.0 0.0 0.0 0.0 0.0 0.0
12.3107548919 28.6822810105 33.928834364 0.490746494257 -0.859005752068 -0.145866364484 0.377009915221 0.0584193153443 0.924365029315 0.0 0.0 0.0 0.0 0.0 0.0
12.2372701636 28.4282003799 34.3965181568 0.858128476412 -0.397588569275 -0.324867430735 0.377009915221 0.0584193153443 0.924365029315 0.0 0.0 0.0 0.0 0.0 0.0
12.3593958485 28.0834894225 34.7901484085 0.899493103235 0.214879158312 -0.380445928557 0.377009915221 0.0584193153443 0.924365029315 0.0 0.0 0.0 0.0 0.0 0.0
12.6865610145 27.787760176 35.0970559988 0.599125261416 0.745710701069 -0.291486657403 0.377009915221 0.0584193153443 0.924365029315 0.0 0.0 0.0 0.0 0.0 0.0
13.1502968028 27.6620157073 35.3375191964 0.0711397159455 0.993234280871 -0.0917867317043 0.377009915221 0.0584193153443 0.924365029315 0.0 0.0 0.0 0.0 0.0 0.0
13.6302488915 27.7626790241 35.5570596056 -0.483872997006 0.863411551379 0.142784507961 0.377009915221 0.0584193153443 0.924365029315 0.0 0.0 0.0 0.0 0.0 0.0
13.9999021154 28.0601570312 35.8091477479 -0.855054268469 0.405564338047 0.323109525822 0.377009915221 0.0584193153443 0.924365029315 0.0 0.0 0.0 0.0 0.0 0.0
14.1746456918 28.450083442 36.1348887168 -0.901386127597 -0.206363547984 0.38067983272 0.377009915221 0.0584193153443 0.924365029315 0.0 0.0 0.0 0.0 0.0 0.0
9.21768047489 18.4952119919 20.7886136125 0.642366121724 -0.397942958925 -0.654986386961 0.74753198882 0.513788813723 0.42097147241 0.0 0.0 0.0 0.0 0.0 0.0
9.64171324258 18.3827119813 21.0988152592 0.421245179349 0.123316717077 -0.89852405987 0.74753198882 0.513788813723 0.42097147241 0.0 0.0 0.0 0.0 0.0 0.0
10.1617688622 18.2983220202 21.2041983183 0.0400861504958 0.597726310516 -0.800697419913 0.74753198882 0.513788813723 0.42097147241 0.0 0.0 0.0 0.0 0.0 0.0
10.690962121 18.3501837904 21.1270623753 -0.356302277135 0.845049685139 -0.398672443184 0.74753198882 0.513788813723 0.42097147241 0.0 0.0 0.0 0.0 0.0 0.0
11.1389362646 18.5946746629 20.9590490363 -0.617325512627 0.7713245559 0.154814860158 0.74753198882 0.513788813723 0.42097147241 0.0 0.0 0.0 0.0 0.0 0.0
11.4461910381 19.0149889922 20.8263257495 -0.643816464739 0.404560332016 0.64948540976 0.74753198882 0.513788813723 0.42097147241 0.0 0.0 0.0 0.0 0.0 0.0
11.6066878282 19.527522862 20.8416526824 -0.425710777859 -0.115903125889 0.897405593377 0.74753198882 0.513788813723 0.42097147241 0.0 0.0 0.0 0.0 0.0 0.0
11.6701438332 20.0136366105 21.0615432485 -0.0458704489665 -0.592333048472 0.804386388249 0.74753198882 0.513788813723 0.42097147241 0.0 0.0 0.0 0.0 0.0 0.0
11.7231436678 20.364728022 21.4647937171 0.351396830402 -0.84372574266 0.405767345602 0.74753198882 0.513788813723 0.42097147241 0.0 0.0 0.0 0.0 0.0 0.0
11.856244421 20.5234921239 21.9605388649 0.615162578858 -0.774572920869 -0.147009495708 0.74753198882 0.513788813723 0.42097147241 0.0 0.0 0.0 0.0 0.0 0.0
12.1295715034 20.5056923041 22.4227731935 0.645217778637 -0.411146896272 -0.64393497173 0.74753198882 0.513788813723 0.42097147241 0.0 0.0 0.0 0.0 0.0 0.0
12.5499759987 20.3941715363 22.738222525 0.430143956846 0.108480708229 -0.896218785973 0.74753198882 0.513788813723 0.42097147241 0.0 0.0 0.0 0.0 0.0 0.0
13.0684318226 20.3073789495 22.8493787561 0.0516512542249 0.586894677973 -0.808014099446 0.74753198882 0.513788813723 0.42097147241 0.0 0.0 0.0 0.0 0.0 0.0
13.5986615514 20.3543690229 22.7763481479 -0.346464623439 0.842337547199 -0.412831347265 0.74753198882 0.513788813723 0.42097147241 0.0 0.0 0.0 0.0 0.0 0.0
14.0499146585 20.5933699667 22.609212621 -0.612952798078 0.777762299112 0.139192935915 0.74753198882 0.513788813723 0.42097147241 0.0 0.0 0.0 0.0 0.0 0.0
14.3614451559 21.0096618511 22.4738061282 -0.646569956704 0.417702150099 0.638335495559 0.74753198882 0.513788813723 0.42097147241 0.0 0.0 0.0 0.0 0.0 0.0
14.5255900114 21.5211689537 22.4839082317 -0.434544378704 -0.101050029343 0.894963728039 0.74753198882 0.513788813723 0.42097147241 0.0 0.0 0.0 0.0 0.0 0.0
14.590680462 22.009641699 22.6980173452 -0.0574281260404 -0.581411613172 0.811580277242 0.74753198882 0.513788813723 0.42097147241 0.0 0.0 0.0 0.0 0.0 0.0
14.6426801696 22.3655816488 23.0971262084 0.341506031853 -0.840885204473 0.419863910222 0.74753198882 0.513788813723 0.42097147241 0.0 0.0 0.0 0.0 0.0 0.0
14.7725261878 22.5298417897 23.5919430632 0.61069633857 -0.780892447743 -0.131365776042 0.74753198882 0.513788813723 0.42097147241 0.0 0.0 0.0 0.0 0.0 0.0
15.0415804556 22.5160974726 24.0568150852 0.647872895965 -0.424225594291 -0.632687407669 0.74753198882 0.513788813723 0.42097147241 0.0 0.0 0.0 0.0 0.0 0.0
15.4583173705 22.4056509179 24.3774659927 0.438911708326 0.0936116551061 -0.893640515153 0.74753198882 0.513788813723 0.42097147241 0.0 0.0 0.0 0.0 0.0 0.0
15.975104223 22.316543143 24.4944115167 0.0632006244817 0.575884271625 -0.815084650058 0.74753198882 0.513788813723 0.42097147241 0.0 0.0 0.0 0.0 0.0 0.0
16.5062976599 22.3587082059 24.425558469 -0.336521433261 0.839368825082 -0.426864498917 0.74753198882 0.513788813723 0.42097147241 0.0 0.0 0.0 0.0 0.0 0.0
16.9607810256 22.5922074189 24.2594016454 -0.60839337217 0.783963128392 0.123528612156 0.74753198882 0.513788813723 0.42097147241 0.0 0.0 0.0 0.0 0.0 0.0
