t = 100
b = 30 30 30
E = -0.74489054839005 -0.939091013536498 0.194200465146448
20.0885754926201 18.75995473283 13.5495791405819 0.570509931324101 -0.561446780851464 0.59941289019253 0.563403189304291 0.798581723567276 0.211763920675376 -0.0250393264453207 -0.0456259251534118 0.231834939549067 -0.034716737014255 -0.139097967664037 -0.370671846543675
20.3172216757383 19.0405909357364 13.8471796648793 0.788610325544646 -0.59061742080368 -0.171069279200332 0.612128970729926 0.78042134221251 0.127438348431066 0.0370315944424146 -0.361236983286289 0.433029812632959 0.376455361436013 0.38672938336701 0.00318947925937403
20.7267302360446 19.2221086016464 14.0872703894038 0.594482467115934 -0.369428651565342 -0.714221918840535 0.713166696380753 0.652547310539022 0.25607646807678 0.0832800468016594 -0.13995914889613 0.29715165781689 0.482842856978776 0.592679162736987 0.207440577003664
21.1686465684854 19.3619415877222 14.329921579354 0.296095118588381 -0.107334724868536 -0.94910843375728 0.717833799414828 0.680522098147143 0.146983658628923 -0.252660249006648 -0.0786944827657292 0.351838734688717 0.578199968191765 0.0585098950492817 -0.0537292143650299
21.6015466368601 19.5861052875544 14.3316174148251 -0.166076926200438 0.00733272274934682 -0.986085479638 0.640059163457213 0.76150661409438 -0.102136324737196 0.261176169922708 0.379804038176178 -0.324749459401867 0.454650731044154 0.248461586995119 -0.405103341895453
21.9961393704483 19.7343674472751 14.116749106909 -0.708117936529046 0.513466482923545 -0.484686537840731 0.574006348947494 0.818360189925439 0.0283406628796665 0.0991856733732328 0.859149156397373 -0.675419487360141 0.453123474412616 -0.1588196583271 -0.12831540870762
22.2585526057175 20.1094410141983 13.8991991450446 -0.855412566869176 0.474490867258169 0.207671954627828 0.500774536753988 0.860049726149067 0.0976688953208975 -0.0423842352507841 0.623606285825244 -0.507697240387915 0.425389607385264 0.24626735834454 0.953558583369177
22.0159804887079 20.0370400595563 13.0849883058952 -0.710951843332805 0.361586593177144 0.603160420686564 0.55908094757001 0.810889477238469 0.172877501693792 -1.7938866091507 -1.19534220944876 -1.66527816382553 0.0268185824112757 -0.040845935125136 -0.284376279649593
22.3756990551581 20.7220260003754 13.5033061762666 -0.311593356709806 -0.125492905310824 0.941892240086145 0.431390200477683 0.864518684467731 0.257894980974043 -0.252167203572522 -0.630003472519618 0.0914046685919905 0.270302234215806 0.0298330945182921 -0.0872527767376111
22.4195109745797 21.2601900787448 13.6431341358974 0.236332067196777 -0.42858641740806 0.872043988711358 0.407931527866812 0.858309220543978 0.311282887544818 0.104351396636296 -0.564853834698665 -0.354435821540352 0.715679277856019 0.0526876739113751 0.0401446261727638
22.4240833838518 21.712300904177 13.8947080751262 0.680101984144366 -0.505294040871677 0.531167679941769 0.275240112356326 0.847519385499976 0.45382118946562 -0.232433232421409 -0.850344070679826 -0.124775420724696 0.743752363113966 0.236048607194282 0.0171266902318653
22.4590360639407 21.9834908893434 14.3133393157921 0.933724348623024 -0.324682121701885 -0.150798684894904 0.356841269709432 0.810363089675219 0.464732034362658 0.0504396718084508 -0.846931613153269 0.158722265887118 0.515263448670816 -0.157237267247821 0.351551795241446
22.7455132441438 22.2752582869037 14.6235684030699 0.642133833106167 -0.21901787073584 -0.734639501198229 0.604361371699075 0.734188813124046 0.309376798725899 0.307050547202086 -0.593592814316151 0.333750092647297 0.531394244980756 -0.0206858364205316 0.263088561658319
23.2352758942127 22.4951920753973 14.7209935169647 0.165768867096183 0.0877003105840209 -0.982257207809703 0.753084529179397 0.631814681214611 0.183504195012359 0.299789632618282 -0.041831967123025 -0.817367570837218 0.618833512551836 -0.0476161972207839 0.618177517012688
23.861742342964 22.0627255075613 14.4689753920087 -0.0573796522895886 0.431781425565069 -0.900151241414239 0.588845145455953 0.742742124432576 0.318740352101128 0.234667562255562 -1.63974132398732 -2.27210541952125 0.175537504778574 -0.581879590423434 -0.269990831363203
24.1645520264493 22.8345301086825 14.6068482713517 -0.578878850390478 0.595325260647889 -0.557213596051405 0.719505154757641 0.694465111811108 -0.00551618697725854 -0.691358577737458 -0.124862865425779 -1.11799243557825 0.421052868403976 0.213166344382583 -0.171156354754782
24.4162249150345 23.2581940682344 14.4853884150229 -0.820402788956377 0.557667942914629 -0.126275943521276 0.560811120091185 0.827849829854775 0.0124671542444605 -0.247258825290261 -0.283886532167261 0.0830638557278399 0.410101752029868 0.575086795408556 -0.10367613838478
24.499920923488 23.6965010733998 14.3051996202648 -0.658141483078465 0.313590206415872 0.684478525844938 0.499824700929768 0.861873258944102 0.0857300171498209 -0.727151885724079 0.153806876604419 0.432469535355103 0.429239230882762 -0.271694315043516 -0.376721035986931
24.4841575352749 24.1782315752913 14.1875211217067 -0.233925507549629 0.0439996614865128 0.97125834241574 0.547637095533058 0.831392504548346 0.0942337301961609 0.178480537597572 -0.269742642606092 0.587475239744367 0.625768613981213 -0.0849606450624569 0.354323677220272
24.5178829436956 24.6804865909864 14.2627038869271 0.0942799415216546 -0.344606761579458 0.934000724934983 0.323478282399415 0.897877520116075 0.298626271265207 -0.00200239450921111 0.135100291562266 0.146796179338449 0.297754825530039 0.641086138950579 -0.0565060138322282
24.4996375771828 25.0461555635255 14.5815779959726 0.610400620746964 -0.537868801498241 0.581470649009872 0.469985376002699 0.836843836825212 0.280724104519607 0.302049065880034 0.37635823786716 -0.151556857507601 0.384912778762388 -0.253952639090448 0.041259578504801
24.7049560891294 25.3626551622927 14.8671869067125 0.761563545364585 -0.643744532194648 0.0749254737227188 0.607105180144618 0.749079062192657 0.265148526861583 -0.198814326288993 0.1032996837576 0.0766167522991638 0.570774333114861 0.262869498240536 -0.429202366963523
25.0026928883996 25.4821736949635 15.1545100578216 0.794193093852279 -0.219147126049632 -0.566773100667311 0.476335435578849 0.803646339240307 0.35673098674176 0.365340499043739 0.239739163060005 -0.29950333475716 0.336518748483215 0.071388551484396 0.461801503073118
25.3585801229968 25.7520441381259 15.4199564347294 0.354576250761316 -0.017262492508353 -0.934867674964597 0.593599625589912 0.776661526822276 0.210799047729127 -0.195737906735337 -0.493357639488602 -0.299437391054786 0.234952291995439 0.125410393368948 -0.325230783139115
25.804508984106 25.9143880836805 15.4240722075238 -0.162566402587917 0.40864435508905 -0.898099012718507 0.639488556216624 0.736800722156365 0.219497070208648 -0.212759249316465 0.472700316044834 0.415444091313706 0.36645051414353 -0.600646417626754 0.0124711122536628
26.2725890407398 26.1577826032058 15.4240958110491 -0.567860500177823 0.659090253995473 -0.493086574905755 0.605534299804116 0.740264723852058 0.292123658471071 -0.188522735917326 0.15313727703334 0.0217255940893117 0.0274894155589632 -0.31640091524984 0.127578244159473
26.645857710775 26.4565689213531 15.3060929566849 -0.784471376623221 0.522290151449629 0.334391310060583 0.614212435144583 0.728851498114843 0.302520184385266 -0.274354205912736 0.680194268131043 0.0783141437099127 -0.355636106254503 0.0132305914097452 0.715918446457513
19.1595411436568 11.7902357392302 1.0602489717351 0.81902997494372 -0.369485261563529 -0.438942393458448 0.49309080813278 0.0621446341510299 0.867755374504658 0.544989865541794 -0.084604826538782 -0.243028912729674 0.320589279122644 0.133800063931753 -0.186344722865043
19.5133660943469 11.6819712861712 1.4716660633732 0.587535068382877 0.192711587162221 -0.785916451794084 0.763333173075707 0.19034454543616 0.617325931507277 0.232223052072152 -0.087534757469972 0.0239724679184884 0.581229685257015 0.215523829810719 0.00358442654187416
19.9909859750861 11.6032349067497 1.49423981585404 0.15038686728065 0.954178512635221 -0.258702623367719 0.761312372155658 0.0551671421431103 0.646034015812255 -0.431664516587578 0.046447046397222 -0.188163464840768 0.816770895078567 0.0537155565751195 0.510640135827011
20.4389497121811 11.6843968927067 1.77447024220126 -0.26505201995264 0.917853145826691 -0.295453736179507 0.809755267431368 0.378236031015765 0.448590912583191 -0.45299747650238 0.150886975420954 0.356911918586278 0.646022923569445 -0.222522535285862 -0.211650741687228
20.8908711428658 11.8859686028039 1.81829452018796 -0.634763601942265 0.764620429343276 0.111492824357426 0.704799692807415 0.513773131356891 0.489177325794709 -0.364584381082966 0.118655093050544 0.05126050376031 0.479739815614951 -0.0689347566819076 -0.0575355488162734
21.2020550037321 12.2155976060781 1.91068575968702 -0.847546337052845 0.268220141026532 0.457955285372948 0.529839650259356 0.377911317107886 0.759244929159594 -0.039017447927499 0.512658524778582 -0.0583677141764351 0.57338360279903 0.0940445668595871 -0.222212564888472
21.3362879319963 12.6305658644297 2.08857687871702 -0.642455832122048 -0.366032204812276 0.673253897095141 0.542640398276472 0.403051597107362 0.736946870752933 0.113963589143284 0.339038583810189 0.058593586494845 0.54411418649052 0.162276637795018 0.294596187506481
21.379374171277 12.9443749742039 2.46190647734325 -0.205616916248647 -0.81434735416002 0.542733776395892 0.461346234553239 0.408432943462108 0.787617970183046 0.0487946820664134 -0.495119902942574 -0.0108034358191146 0.346668778885149 -0.220630520939291 0.152712365406053
21.3969489760894 13.1231410166246 2.88237398077579 0.361639877825978 -0.911266361862972 0.197002790424187 0.445332589864509 0.354481206120153 0.822205475092123 -0.444202640251212 -0.567602844516092 0.169806074451439 0.452662434576981 -0.269157624929887 -0.189115347720244
21.4431509849431 13.1698773243993 3.35856738999331 0.65615574239648 -0.73825473626841 -0.156331272916351 0.528762453960315 0.301987759331055 0.793229816667369 0.909759798715011 0.15502356437106 0.325953651043315 0.468167337662041 -0.0272014967264432 0.509709538420853
21.6192707116206 13.1199155630541 3.81113647016468 0.790772787185554 -0.282336952268588 -0.543105998145192 0.597382487166718 0.162511503214835 0.785317807744064 0.231996278937757 0.229973400993099 0.00308375573353114 0.294077216293706 -0.00254040983921028 0.00700381817504145
21.9014914842383 12.8996392461625 4.0776200016673 0.683156674541297 0.540685562965158 -0.490872657065177 0.522944644253184 0.106978712955418 0.845626594724148 0.404980404514512 -0.396589757512881 -0.1826374681948 0.361530784251566 -0.517414825823383 0.202981035970709
22.2949953284453 12.8635956236536 4.35444099491752 0.280712311590772 0.842872086996109 -0.459093808051927 0.524442212879439 0.265906417602627 0.808859705761575 -0.00859817211487403 0.580186239913904 -0.298105534641634 0.210343949192109 -0.0812364944105947 0.360930007141927
22.7593769210184 12.9980379332542 4.59973159438681 -0.257118667318054 0.932122041640591 -0.255026216825046 0.601710274445682 0.360920125702857 0.712517571232473 -0.0842967381169592 0.391462197573555 -0.359050446830137 0.118766111414226 0.18815803149278 -0.0338201173884057
23.1656204180394 13.1682739672942 4.77156382377032 -0.697790953681764 0.705686372506483 0.122859307847807 0.570977414448492 0.44441263820494 0.690276814707991 -0.16139664828235 0.293613632329257 0.129802193113509 0.526124030532601 0.108404911082539 -0.0955120693326412
23.4913554422521 13.4859064382785 4.83695351830485 -0.816579202843289 0.253399737563653 0.518639430959118 0.564280506963295 0.53969782231571 0.624750876930878 -0.412416205814285 -0.0609202516743059 0.0936815124433931 0.70443468265626 -0.24460400034465 -0.170190202569782
23.7341832938479 13.8756391888285 5.00380392480009 -0.763168337755717 -0.196328561479522 0.615653366082745 0.405332950574766 0.596558203101669 0.692692864116227 -0.11746509147617 -0.21049572287943 0.328614613446903 0.559661429533646 0.0437115588724794 -0.137753003197622
23.7908676533558 14.2886940248732 5.21045336035114 -0.229126549321521 -0.752807834242006 0.617074768502458 0.512757068414284 0.445508233301215 0.733895418880882 -0.103086208192557 0.31575640165528 0.0960377321858128 0.599293918365038 -0.163650783709314 -0.0153340696265209
23.7502489576855 14.4275826647973 5.6528371266393 0.435052888985493 -0.854573799616828 0.283606220656037 0.394656997047117 0.464090319802043 0.793010665143924 -0.0750748447778665 0.0975018010789151 0.0210454939484668 0.507398509790668 -0.350799739901707 0.25099106878969
23.7730201579765 14.4647093853583 6.11911529923275 0.749988195416905 -0.653794482000352 -0.100351201329954 0.396358293051147 0.322750767445419 0.859495160130627 0.21223029805101 0.0121127444391846 -0.26724825616368 0.641179025927273 -0.421656129134545 0.244072507667996
23.9813028286332 14.4484049379352 6.58649633283697 0.773007931259297 -0.416452653354571 -0.478566409858641 0.548474925641442 0.0596295119671618 0.83403804892283 0.690691464841034 0.0678762962082628 -0.0959074817126385 0.373523692353491 0.164379927088007 -0.195864290788032
24.240418917313 14.3556139140991 7.03207646469407 0.662272172913189 0.0301941637261239 -0.748654638987302 0.736403087060761 0.15809992033746 0.657810606474182 0.345368687319278 0.834203109238113 -0.0271575335745246 0.584678239717973 0.0777808395694698 -0.295104854648384
24.6425128097087 14.2489935824917 7.21663471244656 0.292527365450077 0.769683057916961 -0.56746419412323 0.753169090925138 0.180194526958743 0.632665899101303 0.337951141657293 0.670440362607205 0.0872074230039124 0.265901955379622 -0.0685492807160621 0.121188523864255
25.04454807995 14.4552293439975 7.60179226926641 -0.223143669786522 0.828302945242086 -0.513927054098037 0.59084303649279 0.534263178780433 0.604538868471938 -0.278811199904599 1.39955108223483 0.264729023069589 0.25806677161774 0.559784069230906 -0.150274480512314
25.2314036215397 15.1510284288825 8.18247909235961 -0.758890974558764 0.646799837009295 0.0757254327280403 0.505129371368166 0.511264242220695 0.695307899059984 -1.32023790204462 2.91972186218139 2.5347762241243 0.202303803130498 0.536472192787951 0.147982252496598
11.2291395923016 9.11313906805415 -0.0395147267331274 -0.657711745163124 -0.032613800808431 0.752563276384248 0.560120550529501 0.646838851002249 0.517556132877141 0.143196864576971 0.125859795767765 0.527564725635995 0.13318131553526 0.450261838658631 -0.519108931184624
11.190668365373 9.58002429914728 0.179517137347062 -0.0614253544459357 -0.562071053748179 0.82480478731996 0.485834032121627 0.705025548503139 0.5166276757542 -0.345646905504428 0.188703018078025 0.116090890894139 0.405978365255276 0.248097021124479 -0.011578249131029
11.1271503765226 9.80705325560961 0.563612545954922 0.670638911034305 -0.619683457856916 0.407720184817229 0.604352422608326 0.775160454681891 0.184076888180922 -0.548669190842742 -0.106172199116284 0.109673530941441 0.424294421591142 -0.434935345068385 0.406169414773661
11.4722050166388 10.1202303936911 0.816332599962789 0.621349833710954 -0.783475597792861 -0.009500166302078 0.720713774727725 0.566734492097776 0.399228695349729 0.61931221427628 0.1787431678192 0.0565478707961717 0.0440540340173198 0.245365847593146 -0.162781902978623
11.7793434230911 10.158938851297 1.21671369082984 0.655730815349041 -0.482710920065603 -0.580523166100756 0.748315891032035 0.517585358047025 0.414883847160321 0.527382013647363 -0.171629836690491 -0.618160326879888 0.580653261262317 0.197354402388502 -0.199078150860834
12.1289278552619 10.1688390225866 1.5254354385819 0.531869510147043 -0.169650336376716 -0.829658649618824 0.805084788838365 0.405100950396924 0.433280039147393 0.279112005936027 0.665165344665561 -0.169617851358553 0.698740991548619 0.20447672495732 -0.208556550451717
12.6006575670748 10.1498820307466 1.72662514845364 0.157794186213483 0.368640407041607 -0.916081399341105 0.804562668653605 0.489871931777882 0.335714594083997 -0.0027127765392787 -0.0619262206619736 -0.725649296137382 0.252953296510132 0.181790884972018 -0.311281907421345
13.0971945472113 10.2916769190197 1.75648743691166 -0.458785197894717 0.705400630754945 -0.540301742652859 0.655619905673295 0.679166470420567 0.329992917626602 -0.337358330439377 0.273848311229671 0.206184893353262 0.330594946217942 -0.159613636333348 -0.103801906219678
13.38420329674 10.6158894475751 1.68836586540504 -0.791621454063669 0.609744694302644 0.0393289016753112 0.59986964051088 0.763337973296077 0.239732010453233 -0.0458193303955218 0.133729011622032 -0.201513328685925 0.501381125229879 0.330187047120625 -0.127342006706947
13.5956783318352 11.0158697697214 1.56088391267796 -0.677594538718886 0.412644444121667 0.608761106500018 0.627768801059724 0.7557313225851 0.18648428326609 -0.159540230961739 -0.153755938208145 0.0844647835239728 0.771157989138435 -0.086734065598397 0.149290004610687
13.7878112766106 11.444163847109 1.49932145576039 -0.463973803648414 0.0103123110024771 0.885788827457815 0.545509660426024 0.791171680636091 0.276525710570814 -0.310580531705869 0.106729381201263 0.159894241501213 0.346790765712452 0.365733722200714 0.250739987251339
13.8002116948428 11.9116495533899 1.61122538843613 0.0466596626078105 -0.476181484254876 0.878108165876454 0.494442717915001 0.774832745351453 0.393904177915207 -0.193827581691245 -0.314592303577692 0.236613480466835 0.465063238338823 -0.842663525368682 -0.17009752057334
13.8829498055101 12.1949640330931 2.04844514039092 0.573541489791654 -0.673882202187656 0.465760474839681 0.505841671066726 0.738567374166149 0.445693079785381 -0.178069666834781 -0.398036673961472 0.0191435504155151 0.532643611113613 0.297070610720289 0.560957024269779
14.0669432190593 12.5178993624465 2.40789564865255 0.757040557110008 -0.648700948504017 -0.0779522674133534 0.583906795811444 0.618192971324284 0.526203560834158 -0.00906275351323439 -0.283727534152301 -0.253041423514597 0.421658568095904 -0.236137160603635 -0.065428505634513
14.3510363342268 12.5848293210253 2.79163235557974 0.790206722816776 -0.187469325758392 -0.583462484378134 0.565805554118847 0.588953410233866 0.577059649306072 0.442460484831884 0.114323651541172 -0.0843702993377005 0.583341627694119 -0.375203514968806 0.370765310626297
14.6759279077863 12.7368505891587 3.17055779156487 0.487320092784262 0.0269479611565667 -0.872807433199308 0.779114434795635 0.437951739138841 0.448529663487057 0.0475557417578164 0.42172477690665 -0.671339817047076 0.372358002294553 0.000435792032901162 -0.0360137407545275
15.1153001825635 12.7016214255572 3.28837144480955 0.0917844043791094 0.65074575680574 -0.753727712711325 0.788490229059358 0.414786242330342 0.454131498288718 -0.252171736437311 0.271338670405145 -0.225442404531867 0.511225358329204 -0.348292173482698 0.203735318733554
15.5666476428391 12.9111033426096 3.37778703835572 -0.387565149066493 0.749536016825511 -0.536645968522071 0.760998806673328 0.588687774420954 0.272630527249097 -0.0957837638396536 0.159117210707578 -0.0317355058847495 0.551694874087902 0.490907922414603 0.0767849912635902
15.9735479324695 13.1749876515719 3.25322276634617 -0.650157280664329 0.759750359403996 0.00864769760871756 0.756031640547203 0.645759088580792 0.106823447433978 -0.121998576587546 0.180522543592706 0.0622334779531548 0.153805233295379 -0.181526730309525 -0.00855028592688226
16.3015407274185 13.5444412529253 3.24955867515302 -0.780167602982246 0.426919211762986 0.457250893440522 0.617281164711149 0.643964769687395 0.451965950032965 -0.0522852297233655 0.0646413475117479 0.612125855302875 0.616674224383161 -0.250705327370103 -0.362483337800542
16.3699712351152 13.9776730154951 3.24686790981403 -0.314566448781331 -0.0495739520677355 0.947940006018566 0.641077313477785 0.725385084223653 0.250671578470039 -0.420407218463519 0.399861148385424 0.847739665047761 0.269648426740709 0.118872239388594 0.35280279093789
16.5347641987749 14.4420650504801 3.40325603527116 0.0390264474419362 -0.506077979073091 0.861604257796609 0.599430546780942 0.701738671768101 0.385026931226494 0.295294543388861 0.164921942038235 0.654129884074461 0.402183963032311 -0.147627041783089 0.134178433516416
16.6492862936804 14.8469886343986 3.81345097143038 0.522612244337005 -0.67272866243263 0.523748479937841 0.518011458689337 0.738475014372064 0.431646458313835 0.739050582445426 0.721161291889716 1.31345493094285 0.480384211683718 0.10986690786675 0.425484942386393
16.9556818329019 15.1807686771515 4.29671349068384 0.586661085877815 -0.802019783883141 0.112218182297441 0.620756919169264 0.534343533643134 0.573705256384325 1.12257509603607 0.144067279745399 0.816722854440995 0.396590498677971 0.200208163307136 -0.104254109244916
17.2594444669312 15.6483471912557 4.88690014669725 0.676507793915696 -0.44046077450618 -0.590196062169954 0.731798085655291 0.312274177643877 0.605769178603739 1.38857533197371 1.55431423836946 1.64601433561293 0.655325540811989 0.00203853307723048 -0.0894178829983551
