t = 0
b =  30.0 30.0 30.0
E = 0. 0. 0.
7.87528436635 17.5575485498 6.2425748582 0.824017797853 -0.40538275438 -0.395802338641 0.505644447161 0.211061993774 0.836526465714 0.0 0.0 0.0 0.0 0.0 0.0
8.07636611275 17.2806805546 6.65681554503 0.817350592863 0.193170779756 -0.542791910584 0.505644447161 0.211061993774 0.836526465714 0.0 0.0 0.0 0.0 0.0 0.0
8.46376295251 17.0478458447 6.94732679877 0.500158232271 0.718335505019 -0.483565760699 0.505644447161 0.211061993774 0.836526465714 0.0 0.0 0.0 0.0 0.0 0.0
8.96517087706 16.9787557358 7.12760922214 -0.0070526029599 0.970592561996 -0.240624893536 0.505644447161 0.211061993774 0.836526465714 0.0 0.0 0.0 0.0 0.0 0.0
9.46497116053 17.130912232 7.25304119346 -0.511584036413 0.854105277229 0.0937333937145 0.505644447161 0.211061993774 0.836526465714 0.0 0.0 0.0 0.0 0.0 0.0
9.84815584681 17.477762053 7.39983969483 -0.821756141204 0.413129117763 0.392480797555 0.505644447161 0.211061993774 0.836526465714 0.0 0.0 0.0 0.0 0.0 0.0
10.0440211949 17.9187846694 7.63610420634 -0.819729348922 -0.184801700691 0.542118184475 0.505644447161 0.211061993774 0.836526465714 0.0 0.0 0.0 0.0 0.0 0.0
10.053029212 18.3176817323 7.99594457507 -0.50627367184 -0.712523263333 0.48579580938 0.505644447161 0.211061993774 0.836526465714 0.0 0.0 0.0 0.0 0.0 0.0
9.94663212974 18.5541590948 8.46652211383 -0.000476162381864 -0.969545325481 0.244911484229 0.505644447161 0.211061993774 0.836526465714 0.0 0.0 0.0 0.0 0.0 0.0
9.84012650624 18.56962857 8.99292723312 0.505502249126 -0.858220908546 -0.0890188084819 0.505644447161 0.211061993774 0.836526465714 0.0 0.0 0.0 0.0 0.0 0.0
9.84885013634 18.389466562 9.49904051222 0.819431904644 -0.420844019765 -0.389129367536 0.505644447161 0.211061993774 0.836526465714 0.0 0.0 0.0 0.0 0.0 0.0
10.0443632949 18.1133731465 9.91645173975 0.822045679417 0.176418548261 -0.541403173967 0.505644447161 0.211061993774 0.836526465714 0.0 0.0 0.0 0.0 0.0 0.0
10.4272617919 17.8774943446 10.2104500967 0.512350556709 0.706656760241 -0.487988862829 0.505644447161 0.211061993774 0.836526465714 0.0 0.0 0.0 0.0 0.0 0.0
10.9269506145 17.8026979735 10.3932113771 0.00800489146201 0.968424254336 -0.249179423964 0.505644447161 0.211061993774 0.836526465714 0.0 0.0 0.0 0.0 0.0 0.0
11.4284641523 17.9486539416 10.5191721999 -0.499381965886 0.862271183018 0.0842974441224 0.505644447161 0.211061993774 0.836526465714 0.0 0.0 0.0 0.0 0.0 0.0
11.8161435553 18.291164653 10.6643486278 -0.817045265172 0.428526872866 0.385748303809 0.505644447161 0.211061993774 0.836526465714 0.0 0.0 0.0 0.0 0.0 0.0
12.0175774643 18.7313580785 10.8974563936 -0.824299407951 -0.168021960875 0.540646933511 0.505644447161 0.211061993774 0.836526465714 0.0 0.0 0.0 0.0 0.0 0.0
12.0311122974 19.1332508928 11.253804645 -0.518388424099 -0.700736442502 0.490144754037 0.505644447161 0.211061993774 0.836526465714 0.0 0.0 0.0 0.0 0.0 0.0
11.9264804729 19.3754108129 11.7218814084 -0.0155330109387 -0.967229433934 0.253428387722 0.505644447161 0.211061993774 0.836526465714 0.0 0.0 0.0 0.0 0.0 0.0
11.8183078981 19.3970907532 12.2477271808 0.493223652775 -0.866255792201 -0.0795696601862 0.505644447161 0.211061993774 0.836526465714 0.0 0.0 0.0 0.0 0.0 0.0
11.8225656705 19.2213076584 12.7554350467 0.81459640454 -0.436177091986 -0.382337863855 0.505644447161 0.211061993774 0.836526465714 0.0 0.0 0.0 0.0 0.0 0.0
12.0125107189 18.9460979817 13.1759889845 0.826490362894 0.159612577967 -0.539849520698 0.505644447161 0.211061993774 0.836526465714 0.0 0.0 0.0 0.0 0.0 0.0
12.3908542715 18.7072719972 13.473484207 0.524386814203 0.694762760969 -0.492263318824 0.505644447161 0.211061993774 0.836526465714 0.0 0.0 0.0 0.0 0.0 0.0
12.8887318149 18.6268172059 13.6587679906 0.0230599475164 0.965960955266 -0.257658051926 0.505644447161 0.211061993774 0.836526465714 0.0 0.0 0.0 0.0 0.0 0.0
13.3918658741 18.7665532448 13.785318613 -0.487027778774 0.870174432651 0.0748358167123 0.505644447161 0.211061993774 0.836526465714 0.0 0.0 0.0 0.0 0.0 0.0
13.7839819358 19.104645573 13.9289280623 -0.812085509238 0.443794094531 0.378898307393 0.505644447161 0.211061993774 0.836526465714 0.0 0.0 0.0 0.0 0.0 0.0
13.9909830801 19.543900779 14.1589073926 -0.828618377396 -0.151191039942 0.539010996254 0.505644447161 0.211061993774 0.836526465714 0.0 0.0 0.0 0.0 0.0 0.0
15.9245211478 23.9152707462 2.23497439346 -0.392267339297 0.650243985498 0.650622082199 0.904815382787 0.145396737179 0.400211084166 0.0 0.0 0.0 0.0 0.0 0.0
16.2907507054 24.3084011621 2.23805486283 -0.414877557089 0.0894770379399 0.905466991284 0.904815382787 0.145396737179 0.400211084166 0.0 0.0 0.0 0.0 0.0 0.0
16.5624089109 24.7219278717 2.44753656135 -0.27986885456 -0.505283732307 0.81630985178 0.904815382787 0.145396737179 0.400211084166 0.0 0.0 0.0 0.0 0.0 0.0
16.7702710021 25.0202751386 2.84309611627 -0.0385332950262 -0.908078764758 0.417022951611 0.904815382787 0.145396737179 0.400211084166 0.0 0.0 0.0 0.0 0.0 0.0
16.9693494276 25.1116258225 3.33371606613 0.217441707531 -0.965879492209 -0.140697940126 0.904815382787 0.145396737179 0.400211084166 0.0 0.0 0.0 0.0 0.0 0.0
17.2179936971 24.9828042457 3.79226391611 0.390806969965 -0.656726451926 -0.644965332066 0.904815382787 0.145396737179 0.400211084166 0.0 0.0 0.0 0.0 0.0 0.0
17.5557224277 24.7042818536 4.10379189836 0.415698130566 -0.0980720526761 -0.904199611108 0.904815382787 0.145396737179 0.400211084166 0.0 0.0 0.0 0.0 0.0 0.0
17.9882095602 24.4034039339 4.2092075508 0.282658621262 0.497841559063 -0.819913340479 0.904815382787 0.145396737179 0.400211084166 0.0 0.0 0.0 0.0 0.0 0.0
18.4851287344 24.2160090133 4.12772393148 0.0422323759413 0.904616839047 -0.424128283582 0.904815382787 0.145396737179 0.400211084166 0.0 0.0 0.0 0.0 0.0 0.0
18.9916747799 24.2348215297 3.94956025658 -0.214238655088 0.96771305749 0.132790199294 0.904815382787 0.145396737179 0.400211084166 0.0 0.0 0.0 0.0 0.0 0.0
19.4493851173 24.4742242679 3.80166611178 -0.38931683917 0.663158906093 0.639259465325 0.904815382787 0.145396737179 0.400211084166 0.0 0.0 0.0 0.0 0.0 0.0
19.818350669 24.8647940997 3.79949118221 -0.41648704702 0.106659598846 0.902863372631 0.904815382787 0.145396737179 0.400211084166 0.0 0.0 0.0 0.0 0.0 0.0
20.0923779852 25.2796769904 4.00312398685 -0.285426862416 -0.490361473257 0.823454389603 0.904815382787 0.145396737179 0.400211084166 0.0 0.0 0.0 0.0 0.0 0.0
20.3013422391 25.5827819678 4.39446324551 -0.0459282406974 -0.901086023262 0.431201316542 0.904815382787 0.145396737179 0.400211084166 0.0 0.0 0.0 0.0 0.0 0.0
20.4998371492 25.6804843578 4.88409485783 0.211019287542 -0.969472927676 -0.124872345975 0.904815382787 0.145396737179 0.400211084166 0.0 0.0 0.0 0.0 0.0 0.0
20.7464339124 25.5571953635 5.34526181497 0.387797060389 -0.669540858142 -0.633504916502 0.904815382787 0.145396737179 0.400211084166 0.0 0.0 0.0 0.0 0.0 0.0
21.0814290278 25.2812845095 5.66202130646 0.417244246374 -0.115239022474 -0.901458377612 0.904815382787 0.145396737179 0.400211084166 0.0 0.0 0.0 0.0 0.0 0.0
21.5115349822 24.9791049167 5.7732933324 0.288173367209 0.482844044525 -0.826932729487 0.904815382787 0.145396737179 0.400211084166 0.0 0.0 0.0 0.0 0.0 0.0
22.0073300648 24.7869896391 5.69606601664 0.0496206078401 0.897486586288 -0.438241511853 0.904815382787 0.145396737179 0.400211084166 0.0 0.0 0.0 0.0 0.0 0.0
22.5144361665 24.799456457 5.51894153446 -0.20778385006 0.971158968744 0.116944983143 0.904815382787 0.145396737179 0.400211084166 0.0 0.0 0.0 0.0 0.0 0.0
22.9741779331 25.0332989925 5.36847466487 -0.386247749361 0.675871822062 0.627702123826 0.904815382787 0.145396737179 0.400211084166 0.0 0.0 0.0 0.0 0.0 0.0
23.345874513 25.421206531 5.36109251416 -0.417969670962 0.123809670205 0.899984733048 0.904815382787 0.145396737179 0.400211084166 0.0 0.0 0.0 0.0 0.0 0.0
23.6222948933 25.8373364877 5.55886191166 -0.290897926485 -0.475289845351 0.830348095243 0.904815382787 0.145396737179 0.400211084166 0.0 0.0 0.0 0.0 0.0 0.0
23.832405082 26.1451241093 5.9459091836 -0.0533091961815 -0.893818802235 0.445248333375 0.904815382787 0.145396737179 0.400211084166 0.0 0.0 0.0 0.0 0.0 0.0
24.0303634379 26.2491657067 6.43445082714 0.204532589033 -0.972771052297 -0.109008714497 0.904815382787 0.145396737179 0.400211084166 0.0 0.0 0.0 0.0 0.0 0.0
28.7658414421 18.4397023185 21.8360460004 0.812695296922 0.473966780629 -0.338942244669 0.0221497391424 0.556137301734 0.830795215848 0.0 0.0 0.0 0.0 0.0 0.0
29.0719569778 18.4702977278 22.2765483294 0.316891313281 0.784243869333 -0.533424267334 0.0221497391424 0.556137301734 0.830795215848 0.0 0.0 0.0 0.0 0.0 0.0
29.4503078984 18.6796615518 22.5954565798 -0.299304978415 0.796573600219 -0.52524949246 0.0221497391424 0.556137301734 0.830795215848 0.0 0.0 0.0 0.0 0.0 0.0
29.7604322398 19.0706043531 22.7946341919 -0.8017903047 0.506271702381 -0.317523653698 0.0221497391424 0.556137301734 0.830795215848 0.0 0.0 0.0 0.0 0.0 0.0
29.8877884559 19.5769518049 22.9214322771 -0.999662089009 0.0236287203976 0.0108347298167 0.0221497391424 0.556137301734 0.830795215848 0.0 0.0 0.0 0.0 0.0 0.0
29.7872716674 20.0886854242 23.0507001394 -0.817745532245 -0.467991207516 0.335076818327 0.0221497391424 0.556137301734 0.830795215848 0.0 0.0 0.0 0.0 0.0 0.0
29.5003497591 20.493740433 23.2563487729 -0.325153775805 -0.781813451299 0.532017621369 0.0221497391424 0.556137301734 0.830795215848 0.0 0.0 0.0 0.0 0.0 0.0
29.1393090374 20.720581041 23.58327084 0.290969336344 -0.79861169371 0.526836035193 0.0221497391424 0.556137301734 0.830795215848 0.0 0.0 0.0 0.0 0.0 0.0
28.8445947851 20.7653780884 24.0302851978 0.796548332869 -0.512004001604 0.321500631018 0.0221497391424 0.556137301734 0.830795215848 0.0 0.0 0.0 0.0 0.0 0.0
28.7314537502 20.6934638074 24.5505856347 0.999505300159 -0.030877429039 -0.00597823808435 0.0221497391424 0.556137301734 0.830795215848 0.0 0.0 0.0 0.0 0.0 0.0
28.8461499801 20.6145110155 25.0695233319 0.822733493081 0.461979995061 -0.331185874588 0.0221497391424 0.556137301734 0.830795215848 0.0 0.0 0.0 0.0 0.0 0.0
29.1483883355 20.640866578 25.5129671987 0.333391476611 0.779323495144 -0.530570460203 0.0221497391424 0.556137301734 0.830795215848 0.0 0.0 0.0 0.0 0.0 0.0
29.5266232885 20.8448689558 25.8354675123 -0.282611535832 0.800588969828 -0.528382457322 0.0221497391424 0.556137301734 0.830795215848 0.0 0.0 0.0 0.0 0.0 0.0
29.8404369331 21.2313656144 26.0375230281 -0.791245700799 0.51769730974 -0.32545312482 0.0221497391424 0.556137301734 0.830795215848 0.0 0.0 0.0 0.0 0.0 0.0
29.9738860953 21.7358713911 26.165391494 -0.99927239511 0.0381237862446 0.00112129108606 0.0221497391424 0.556137301734 0.830795215848 0.0 0.0 0.0 0.0 0.0 0.0
29.8795510835 22.249067486 26.2935155581 -0.827658799575 -0.455933601041 0.327269709762 0.0221497391424 0.556137301734 0.830795215848 0.0 0.0 0.0 0.0 0.0 0.0
29.5965512223 22.6583335022 26.4962407629 -0.341603788365 -0.776774190487 0.529082894042 0.0221497391424 0.556137301734 0.830795215848 0.0 0.0 0.0 0.0 0.0 0.0
29.2356827669 22.8905338173 26.81957043 0.274232213356 -0.802505277996 0.52988864108 0.0221497391424 0.556137301734 0.830795215848 0.0 0.0 0.0 0.0 0.0 0.0
28.9373255531 22.939803029 27.2636882296 0.785882812305 -0.523351193221 0.329380834107 0.0221497391424 0.556137301734 0.830795215848 0.0 0.0 0.0 0.0 0.0 0.0
28.8181103511 22.8697743197 27.7828884006 0.998963391599 -0.0453672401763 0.0037357413029 0.0221497391424 0.556137301734 0.830795215848 0.0 0.0 0.0 0.0 0.0 0.0
28.9266088856 22.7894041467 28.302940134 0.832521076648 0.449852485911 -0.323328622081 0.0221497391424 0.556137301734 0.830795215848 0.0 0.0 0.0 0.0 0.0 0.0
29.2248806258 22.8115778619 28.7492890978 0.349790085667 0.774165731469 -0.52755503617 0.0221497391424 0.556137301734 0.830795215848 0.0 0.0 0.0 0.0 0.0 0.0
29.602887027 23.01022268 29.0753818745 -0.265832007036 0.804360472281 -0.531354471768 0.0221497391424 0.556137301734 0.830795215848 0.0 0.0 0.0 0.0 0.0 0.0
29.9202970138 23.392221493 29.2803523827 -0.780460075793 0.528965221483 -0.333283459768 0.0221497391424 0.556137301734 0.830795215848 0.0 0.0 0.0 0.0 0.0 0.0
30.0598011018 23.894797945 29.4093509157 -0.998578313159 0.052607239217 -0.00859248920069 0.0221497391424 0.556137301734 0.830795215848 0.0 0.0 0.0 0.0 0.0 0.0
