t = 100
b = 30 30 30
E = -0.368441755343167 -0.691373013571459 0.322931258228291
9.53593413583958 18.170444560757 7.87307740782505 0.522606596855435 -0.378865253917747 -0.76376917060702 0.724000364943176 -0.275863642449406 0.632236200995033 -0.0687790972186662 2.00259964588831 6.14168597324348 0.666687850912075 2.36457463843153 -2.19784528842415
8.31165505521025 16.9917853518484 6.76445927376885 0.874434030430135 -0.131452741203571 -0.466995928489174 0.484777471722021 0.274180950123568 0.830551317392015 0.367040400048804 -0.151750336118922 -0.507948604366756 -0.0332156805033694 0.104215633598354 -0.899536950532751
8.62760511921145 16.8641944841988 7.05775939915623 0.516412899124365 0.63160907140203 -0.578262553144511 0.514816708075756 0.310633489758054 0.799043473920469 0.17632277538178 -0.204888753167669 0.308554570348842 -0.122385427358336 0.550682838502029 0.0902855460534524
9.08022631619729 17.0249481120836 7.08986733572258 -0.102783284258474 0.964216005346484 -0.244382841181723 0.510650313445432 0.261986641155171 0.818901177207359 0.302807878632992 -1.31509962916618 -0.455295602575782 0.347097815037835 0.306932045472236 -0.206233470382001
9.40610867551328 17.2972909161019 7.47872043384761 -0.497754785191679 0.866176168367023 0.0444848308124288 0.593203082103758 0.302574378269215 0.746028640593717 -0.797205786200004 -0.436821961455239 1.48152177612413 0.444256447369499 0.0939839227835066 0.53502668512309
9.96850014217228 17.493798123071 7.57004344587215 -0.853304521463594 0.442651585838005 0.275555527002872 0.468175829675836 0.417809271027109 0.778618450138557 2.03926327657202 -1.26321427372402 0.0458800178872073 0.528788300616408 0.348232567599178 0.439313320474606
10.1686324363146 18.1520598244895 7.75279329835276 -0.629389805159693 -0.393007986756567 0.670382789482791 0.551334236049147 0.382113898997118 0.741632936279913 5.88432111019008 3.31032744548351 -0.0486940168079853 0.383798780582007 2.55549073584976 0.00787575570650695
10.1250456452441 18.1932369127617 8.21294532361224 -0.549623852598471 -0.698376214278487 0.458458465844217 0.460530996607702 0.204579123076472 0.86374675946974 0.435644327461505 -0.489063603808392 0.666251501583619 0.408924708060037 -0.0259642600498783 -0.116180121197037
10.0501412341443 18.440650472142 8.60828707250688 -0.0733047810826892 -0.972431621794543 0.221366282672739 0.308792126480625 0.188925054062798 0.932177361246106 1.1783858684058 1.02358877917522 2.35566701947282 0.611487584446462 -0.872894949393883 0.0373166047062474
9.82817883224936 18.4419222128516 9.03208720079804 0.639794697026584 -0.766670860783112 0.0536508909269873 0.268797613763723 0.28862071928869 0.918937325189635 -0.460812575953249 -0.604474477684973 0.00368482973901875 0.619106912685713 -0.296645637779534 -0.00889246296841335
9.88147604720657 18.3302730062069 9.52674181977131 0.814021155923529 -0.493337981293662 -0.306573116629458 0.375338061650356 0.0439742693074833 0.925844203698461 0.677232280653309 -0.491841914857619 0.521629056928519 0.335415116904645 -0.312698798834251 -0.0886165131623362
10.1301540378619 18.2510754767601 9.89310224800121 0.836287269186443 0.0629958785600651 -0.544660449253337 0.522115208073718 0.21177300934003 0.82616450105617 1.00706532935284 0.0654042602313598 -0.479971446555367 0.499162853881376 0.399909206272308 -0.108645644197412
10.5784830471454 18.0873487610305 10.0938014939718 0.592385385538995 0.55835237869176 -0.580794336070766 0.675378698854578 0.0488806658663554 0.735849293011487 0.241983138152383 1.1460882322247 -0.34492606081356 0.374444299421231 0.343171541581997 -0.146976013581619
11.074613943923 18.018076414159 10.2923514314355 -0.110304604049961 0.968171814463309 -0.224668899371007 0.584997036257703 0.24598836504529 0.772831206472066 0.137298684697301 0.648159548158167 -0.0627354136248424 0.463839263196808 -0.088019944585192 0.345595985562153
12.0582560766942 18.4538651361603 9.93954479752011 -0.393848325560185 0.863460584730922 0.315149482248611 0.66619798387916 0.0319248463611202 0.745091223954594 2.18199984174822 1.63295665143765 -1.91417692879928 0.0534097872207456 -0.702250533266357 0.0939907845865674
12.0900878970354 18.5561037369295 10.5129577607426 -0.895207806341649 0.306596538912861 0.323421440050772 0.399774207398165 0.231779291930198 0.886825137124088 0.791701235562322 0.817732166713096 -0.451218334248744 -0.0328370075615205 0.618050104374372 0.0164294744250083
12.10224815229 18.7619562153846 10.9200501234632 -0.872991362353613 -0.19952137663348 0.445058627961611 0.386229142508459 0.274442170305336 0.880629562494668 0.592818747596763 0.00138529581632496 -0.380246331789956 0.195162157411322 0.57480538895225 0.172212752192591
12.1045170373743 18.9737213405746 11.3618402057023 -0.635027492687019 -0.696371177679354 0.334375757889633 0.298199504315398 0.178322542584919 0.937698250903794 0.0875341875895521 -0.159615891205096 -0.217617267600998 0.515292327957558 0.44576626512533 -0.262518432625495
11.9154700912152 19.1549068115452 11.7108217970772 0.136266707809519 -0.923681243832216 0.358112029368307 0.346544960981779 0.383089696450674 0.85624106347015 0.0528060018935795 -0.197764679398983 0.277979524187519 0.591598372376155 -0.571288055959346 0.352171441274339
12.0827590592213 19.3348157025483 12.0907324307522 0.266462103503596 -0.962859521709348 -0.0435818266085598 0.420197174257771 0.0753543301301992 0.904298591986741 0.694455642858028 0.294754283392796 -0.186821046751713 0.293722721719778 0.0248760216824862 -0.50092217559596
11.9825101131926 19.3080157043468 12.4602110824198 0.880140309505307 -0.353190238825151 -0.317190119781665 0.394000516932364 0.170787151069236 0.903103107906809 0.633552776909992 0.196277778465363 -2.19414158093497 0.318915192537386 0.169893416011894 0.329533997586306
12.5376452379966 19.3126857379025 12.6352819146491 0.811310788862394 0.144055466457225 -0.566588657898195 0.584326436108545 -0.169370361851718 0.793647399546577 0.627445929919711 1.43994832587599 -0.83575528681259 0.656025120902386 0.378663445737694 -0.366065531253188
12.4461754258197 18.9451878481752 13.2120947859898 0.644897968541952 0.57400723363826 -0.504601020686578 0.679115453482556 -0.127523973675234 0.722869099417842 1.05895754170128 0.381990063697249 -0.348631360947019 0.695816441976083 -0.857101509788826 -0.651490778871064
12.7918279167077 18.8002294819488 13.5255457651498 0.144562876236344 0.934814942246423 -0.32438015005847 0.659938744370086 0.15317644773706 0.735539063991893 -0.245397498300783 0.188914690440458 -0.216855359321322 0.59539061410147 0.0362855093682038 -0.117026229396817
13.2515899285021 18.8325160839321 13.6838777463589 -0.472422335985928 0.86757299716482 0.1553515754164 0.683118851729344 0.24904768714842 0.686530240229046 0.0239524862335765 0.202624394129792 -0.426800906339208 0.396604469520797 -0.2328291382668 -0.105264987753241
13.6236689909071 19.0976230739493 13.8662593579509 -0.795717624545921 0.338907072713989 0.501971454391986 0.603285209557583 0.370060392184336 0.706471619063617 -0.164829803986297 -0.29398116714969 0.18124947190131 0.157199930097702 -0.343050763282446 0.479912161698478
13.838252374427 19.427661608625 14.2569884247163 -0.774484594184416 -0.408840227374639 0.482724735715253 0.418810360069152 0.24051510601058 0.875642762270682 -0.425103106793409 0.384366100516926 0.229519159456534 0.1617099357715 0.126660199626096 0.566625395346835
15.9066675708464 24.0184031066029 2.28525293233442 -0.541067261709144 0.693809975918508 0.475261841682457 0.835131975335063 0.376752308805252 0.400764476280806 -0.639981683317071 0.0785171140628177 0.531510523981441 0.216236346900146 0.357630600721795 -0.461348032375165
16.2294639172251 24.3467128070418 2.36757160456051 -0.526876782322914 0.153608193265517 0.835945728404102 0.81708056074754 0.36237888325145 0.448398024686835 0.435679553352724 0.26852403745238 -0.00268505763730505 0.493502784056575 0.275742827850206 -0.10194868137108
16.4937556573706 24.6670552009857 2.65982377946668 -0.350094619761359 -0.499074949318157 0.79269025035406 0.862423373662685 0.158550828781014 0.480715550454682 0.252879894150518 -0.187312930393118 0.515626723388296 0.572078064581118 0.144330578044425 0.0821468242074295
16.7869662148965 24.8734721515839 3.0801705798213 -0.107885009441995 -0.931826683752677 0.346496373924192 0.763038167180685 0.145806034944882 0.629692975738771 -0.000443617458117176 -0.722441037711355 0.854940189075624 0.37245225465739 0.332167203898067 0.166584407667931
16.9820482703861 24.794220654632 3.58553652968257 0.402028678967087 -0.817810243453874 -0.411775718021007 0.831405376084157 0.137648625453291 0.538347322955132 -0.0667753834989944 -0.895173058347358 0.724116128614405 0.538484012537752 0.205083854963303 1.16161030260425
16.9311347071514 24.3789947469034 4.33725463215153 0.433744115858977 -0.767474440641365 -0.472068755469141 0.887925664697608 0.27502517698217 0.368712690756956 -1.27094683276461 -1.54037506032124 1.75740426858634 -0.207083372518511 -0.56875994109606 -0.700184500056173
17.555681119286 24.4519799645926 4.28966770829748 0.198573966083734 -0.255232982260994 -0.946268665610782 0.974435357070913 0.154940269065955 0.162693358432522 -0.922619495984886 -0.261436230589029 0.412698301455903 -0.00109352574794761 0.698816759173301 -0.304546143945907
18.0286226585503 24.3759662453712 4.28480786039406 0.141175653882254 0.357233356794972 -0.923284163180172 0.988981452333675 -0.00891921329708962 0.147770171389404 -0.16491746386684 -0.534447644016169 0.197630524592583 0.234317502514535 0.641522896987423 -0.426531988123617
18.472755024088 24.2186719783223 4.20059468884867 0.0178313454041675 0.888123768296097 -0.459258202073673 0.954148782828586 0.122155326637778 0.273272866033936 -0.168183744508431 -0.0596106293199858 -0.00105335178584545 0.648001246804809 0.378787524749545 0.0346272830014034
18.9543326275864 24.358040702419 4.14994769645824 -0.313428990945472 0.949610917631352 -0.0011199669568065 0.932579667647383 0.308029593740563 0.188182943696065 -0.29390916682068 0.0795694422797794 0.56070058192726 0.488949248998235 0.58530833364669 -0.0391187772054751
19.291722715387 24.6181862917232 3.93694529521495 -0.329274251787256 0.634574319011565 0.699209397712199 0.94047981930096 0.28637902571533 0.182988118457394 -0.340563266648322 0.166496089839051 0.130610225185491 0.549021973761818 -0.498416641248904 -0.226180420417766
19.659040011192 24.8985280910697 3.97255499524459 -0.358357382628369 0.208014854014708 0.910115206254569 0.933560320663313 0.0868491154102208 0.347738752437539 0.0771213790281129 -0.304729512202033 0.390228204104258 0.578783322532227 -0.248305725411634 -0.0449998907798861
20.0185246033387 25.1819509040506 4.10634130379759 -0.360214935055185 -0.395633966290562 0.844818825316999 0.837594311867044 0.261541626278604 0.4796161277852 0.193915023308027 -0.103534859751119 0.323871059167132 -0.00347080732107773 0.441721817404224 0.0358128197900164
20.2198748915587 25.3749493267261 4.51296827588608 0.00175072397301353 -0.912335768568645 0.409438959259941 0.792359781982139 0.251045220005593 0.556005539361112 0.360063726628007 0.020290321416263 0.599092256971875 0.507277183768273 -0.238658204679211 0.0701760730360896
20.4854780696128 25.4426052651716 4.87921615544703 0.17398141392282 -0.972418659403465 -0.155345741062205 0.77312037638539 0.0371737840780357 0.633168921881449 -0.113700796081472 -0.115074387515247 0.0838602134803677 0.441173856194678 0.00287029896552097 -0.0177191284155058
20.7757638580887 25.3808334630531 5.25058210373585 0.343705159593114 -0.720621611549042 -0.602138802555843 0.858011977554534 -0.0196318775855049 0.513254246424247 -0.252770174059197 -0.478223120738357 -0.132392390789915 0.594695863436951 -0.257731695905176 -0.42438327191388
21.0353740881341 25.1645491282383 5.58123944488552 0.511816260191303 -0.0861549460715627 -0.854763898325965 0.85895461328867 0.0692976278066335 0.507340805391777 0.116140934189921 -0.33773210072704 -0.525124187893986 0.514326176723455 -0.187306823151166 0.0768995396930823
21.4474361840802 24.9710153737093 5.70266926175066 0.358577474049047 0.588866658418697 -0.724332890278713 0.885504390502313 0.0310325213501733 0.4635933976622 0.0670499114586096 -0.231101963739535 -0.481506126170832 0.237085208572825 0.280843060148632 0.38918005380791
21.9407809458137 24.8987494786167 5.79870327784856 0.0056929493756426 0.893218131133171 -0.449587412346704 0.913714450549481 0.178034437146966 0.365280060880714 -0.396668016273912 -0.0802561414013358 0.264339477564177 0.164379703070431 -0.0284563357538059 -0.0662376518062469
22.4102602066146 24.9363579095901 5.71665951307205 -0.33796441355775 0.93128021144891 0.136004060095389 0.855456135449305 0.24371564780447 0.456943502461543 -0.577209548513295 0.226313048012179 0.169504146524997 0.289289483279568 0.0842250807371133 0.0213190814752179
22.8692445796629 25.1320919527043 5.58790952447048 -0.576588087010591 0.572249142899035 0.583161193760033 0.814720922530946 0.34901657179868 0.463051976278198 -0.170471512869301 0.184357967430992 0.453803268016427 0.493577694504288 -0.036214407647364 -0.0895442499277612
23.1773485735723 25.4338763283972 5.53915753018164 -0.41209306956812 0.0667773706418548 0.90869134802482 0.865648943199794 0.339890053704006 0.367595625757687 -0.0487461102794341 0.180361897560599 0.4621235682581 0.489855559477559 -0.0967790742940798 0.289078946568154
23.5424449667168 25.6719559765129 5.72932297481952 -0.455418693167816 -0.426612573645786 0.781406045134181 0.757155987333723 0.27609306757802 0.592019692392939 -0.136180425899556 -0.118541956624268 0.89596940842719 0.406433803334877 0.209245126999808 -0.221829200638429
23.7284456140825 25.8868412097062 6.13249022885329 -0.0530879358390696 -0.954442971948309 0.293632708910202 0.792475761257686 0.138644319834747 0.593935860126422 -0.101202537742421 -0.592188355985192 0.889184504825245 0.678214138149461 0.116602090995547 0.560077531604721
22.8397257707065 25.2609638462913 6.69940635649219 0.0962727426394506 -0.993077778356026 -0.0672901683261449 0.776097627666937 0.0325650507372192 0.629771291627606 -4.60670445504345 -3.53408328994568 0.960721798767376 0.606764847151838 0.1402910753749 -0.242435909126941
28.9177863423336 18.5470821112881 21.8310002243097 0.910323038785228 0.325683559240527 -0.255425272082995 0.0654120027404209 0.496161412631209 0.865762671924127 0.249911532077742 0.926918889266273 -0.206858320878171 0.160304967445675 0.0869240239471682 -0.506900465981396
29.1445049064045 18.6056996281511 22.2722572833685 0.405591503894185 0.73352837519154 -0.545372841871377 0.252741067664912 0.483391427661583 0.838125627830309 0.0846837767038694 0.0925974240520722 0.18232669061823 0.234471650844545 0.2067592370687 -0.180106443431598
29.4713940126772 18.8101371522635 22.5480654757754 -0.324868741446988 0.836471313529968 -0.441334253567717 0.0579185250940915 0.483365716118412 0.873500377637365 -0.0237429691798877 -0.109005416401629 0.144272375089659 0.245019027538623 -0.232266122448972 0.149266707389216
29.582570052886 19.2609633907572 22.7958948120783 -0.83384773980175 0.450250388927897 -0.319331199936192 -0.0618983340064333 0.498586264925427 0.864627211429786 -0.138735937786188 0.319650738056279 -0.109356415114942 0.203533374785806 -0.000189633544440811 0.0108753035643515
29.5563262963495 19.5872794059173 23.0932215967896 -0.987482174656642 0.0989769423415948 -0.122810433808429 -0.0297937134244764 0.647547670474176 0.761442204923689 -0.735296707308223 0.122729695501337 0.799431303987129 0.335748162349222 0.0427958181410117 -0.404326332925841
29.5417763244567 20.0339536631211 23.1562598350282 -0.848505256993014 -0.337955158480367 0.407216184809788 0.0831095336993669 0.674860391527696 0.733250393186349 -0.635305707255224 -0.141227852788732 -0.199881366332414 0.25335664975871 0.352470625501724 0.204003856003548
29.3960455494213 20.4092074274725 23.3921753798438 -0.339390512934013 -0.738046903788465 0.583181556948624 0.118903761772244 0.58134595167167 0.804921525036787 -0.152337872754042 -0.293643021152392 0.0241840224604373 0.285322173765747 -0.283627935654237 -0.349997366884488
29.1137116967849 20.5811525217884 23.6912704119811 0.390344205615514 -0.692675974518309 0.6064909542411 -0.0177444035757169 0.652967712323584 0.757177775424106 -0.0309851134525456 -0.266751283286359 0.222852854328201 0.401100697554447 0.206617972705567 0.47262533074017
28.9153170784428 20.8018989787946 24.1084668443441 0.827685802895762 -0.51565249672429 0.221446597521548 -0.0664369373201754 0.301791010863104 0.951056364736491 0.265069368086797 0.194356618634605 0.0524754952415909 0.313894039998225 0.362148275209716 0.148732809498602
28.8566979266415 20.7081013125732 24.5662720372893 0.993733010154927 0.0620239562906742 -0.0929925590679094 0.0765206520980467 0.22896069183784 0.970423354336374 0.338650004159826 -0.31419038163572 -0.0700981679407301 0.583825011363508 -0.50396705085509 -0.261714445332557
28.9687273632048 20.6424542560672 25.0323162711298 0.884058148215041 0.365771428823098 -0.290950743114722 0.00320800870267096 0.617754992673794 0.786364011852183 0.207583082552311 0.308690638965996 -0.225121974150018 0.444992560371007 -0.0310884728369541 -0.0727936015084831
29.1987721635054 20.7538163845697 25.3941963767714 0.410318071265618 0.745400629017136 -0.525373071511531 -0.0197152434764686 0.583219325678944 0.812075371146715 0.421886290037599 0.0225925167146473 0.0393753815727242 0.221837611329007 0.103585964691388 -0.0534775831160583
29.4391427227894 20.8847935328283 25.7554389038923 -0.247002733877972 0.759209859836977 -0.602154398095337 0.100610475229075 0.638143426151663 0.763315388320646 -0.297228642254658 -0.0944674704780806 -0.0822797496728293 0.163860351107416 0.0101062866405249 -0.0690034057857913
29.636054985955 21.2702873170521 26.0424447366003 -0.769020380198707 0.501570228829182 -0.396276218474788 -0.00751224312458485 0.6127988356091 0.790203160101002 -0.367779460656246 -0.249239677799148 -0.361559450306954 0.228072385137203 -0.269048891181738 -0.426260558183284
29.8136137549582 21.6377921690968 26.1620315622152 -0.990864845401034 -0.0642811922766843 0.118552393249419 0.0699590163334102 0.506538966663152 0.859374128331013 -0.427594929851534 0.128853776014955 -0.452291225172213 0.471986895742226 -0.00520871156560948 0.21965705745816
29.7616524639245 22.0429003654707 26.3088283903867 -0.669515759146735 -0.543448206102499 0.506371980506276 0.00580430498740272 0.677860607673868 0.73516745686216 -0.197464904310326 -0.149609001583613 0.0559475136034802 0.326388997531503 -0.196909725395345 0.583273967530243
29.6913337357888 22.3590026240024 26.6662650526964 -0.38147075469946 -0.792320868189432 0.476138200674545 -0.172824299276607 0.567137773877577 0.805286527984654 0.233707973743662 -0.730839905857978 0.250325916236137 0.399655041836546 0.345389793698166 -0.00972374995392961
29.3411515485352 22.6663056488658 26.7885386460258 0.466456644772055 -0.704203611263755 0.535271294053023 -0.184597088964606 0.514314939892167 0.837498622891234 0.288311540662193 -0.648286176656389 -1.08261984622723 0.295803322309572 0.211261746152284 0.267880364715609
29.1987468750309 22.7357983238503 27.3088465716933 0.824979106547178 -0.512524617885446 0.238176134890074 -0.0255580182129239 0.387165098509163 0.921656041496005 0.244659965192883 -0.214956758208689 -0.0771577753939095 0.542418098744974 -0.185903602468556 -0.0948737214904668
29.0306924088903 22.6851766414506 27.6697159530825 0.991449276951603 0.0800811561910404 0.103030193274269 -0.125333928445887 0.364590868905517 0.922694310723693 0.0508676087254863 -0.0687316140012484 0.236543210926314 0.637581337380608 -0.661408434580677 0.147665392012307
28.9310095895511 22.6078008277284 28.0579183891052 0.792124605512048 0.588410139169196 -0.162209736177023 -0.030558132249884 0.303659956529396 0.952290248308437 0.463463640967459 -0.885183282531077 -0.454426968047208 0.405263610817904 0.0175276060481654 0.0771940472033651
29.0381904661758 22.7211499553448 28.6099529558761 0.620333549728708 0.596048134082937 -0.509816438742033 0.211573345567261 0.498738044336051 0.840533739935717 -0.945044218169736 -0.324123551687234 -0.171492614104277 0.359756560025655 0.0184569583014457 -0.556270038103841
29.2953740087798 22.860494578877 29.0087175993455 -0.199620003586053 0.78200545172785 -0.590439843670831 0.0624654990071873 0.611497662652816 0.788776616785295 -0.516124747792953 -0.372436722059354 0.251161471608735 0.154856316104164 -0.239963629457801 -0.0959471993954732
28.8683986574959 23.1207549687736 29.2489113009194 -0.910449707427532 0.347818857284494 -0.223837576771201 0.0981852062850185 0.707440246064754 0.699919887708466 -3.26068288435428 -0.21592301964271 0.354751967782939 0.395363918409379 0.263032266879123 1.2200616719847
28.6650618559276 23.7732042695135 27.291540072024 -0.999539980332721 -0.0207919249027181 0.0220772528033906 0.00477310751071823 0.611051070611003 0.791576710033953 -5.9872696562828 -0.994366428905612 -8.74956978541918 0.152547007841519 0.213380007397371 0.370328899234655
