t = 0
b =  30.0 30.0 30.0
E = 0. 0. 0.
19.286038292 11.2331050313 1.00994462217 -0.818339884409 0.512238183865 -0.260637442773 0.12651678045 0.602921121374 0.787705291125 0.0 0.0 0.0 0.0 0.0 0.0
19.4393245964 11.7416713855 1.09086850271 -0.991631155755 0.056288023101 0.116186528443 0.12651678045 0.602921121374 0.787705291125 0.0 0.0 0.0 0.0 0.0 0.0
19.3665685476 12.2630685963 1.19827710607 -0.78818517184 -0.421046898725 0.448869294968 0.12651678045 0.602921121374 0.787705291125 0.0 0.0 0.0 0.0 0.0 0.0
19.1141456641 12.6884881532 1.40800547933 -0.28529446339 -0.738419064197 0.61101911164 0.12651678045 0.602921121374 0.787705291125 0.0 0.0 0.0 0.0 0.0 0.0
18.7966898987 12.9455850613 1.75701567832 0.325984381571 -0.775253481472 0.541032552106 0.12651678045 0.602921121374 0.787705291125 0.0 0.0 0.0 0.0 0.0 0.0
18.5535422833 13.0259629138 2.22935426459 0.813416309805 -0.517556139588 0.265498680444 0.12651678045 0.602921121374 0.787705291125 0.0 0.0 0.0 0.0 0.0 0.0
18.4958129414 12.9883638281 2.76221328342 0.991817782349 -0.0632305671985 -0.110902578819 0.12651678045 0.602921121374 0.787705291125 0.0 0.0 0.0 0.0 0.0 0.0
18.6641684941 12.9363513325 3.26979205592 0.793411097069 0.415117354829 -0.445170094197 0.12651678045 0.602921121374 0.787705291125 0.0 0.0 0.0 0.0 0.0 0.0
19.0133821314 12.9789648511 3.67589429143 0.293574270887 0.735755253365 -0.610310047942 0.12651678045 0.602921121374 0.787705291125 0.0 0.0 0.0 0.0 0.0 0.0
19.429516033 13.1892938028 3.94287633232 -0.317796329105 0.776867429975 -0.543583010634 0.12651678045 0.602921121374 0.787705291125 0.0 0.0 0.0 0.0 0.0 0.0
19.7732082513 13.5767097097 4.08594860883 -0.808430790399 0.522834681408 -0.270339699363 0.12651678045 0.602921121374 0.787705291125 0.0 0.0 0.0 0.0 0.0 0.0
19.9326186455 14.0833057986 4.16739694236 -0.991928878178 0.0701682960435 0.105610183535 0.12651678045 0.602921121374 0.787705291125 0.0 0.0 0.0 0.0 0.0 0.0
19.8659188208 14.6058967528 4.27291912055 -0.798576600971 -0.409156198139 0.441436992 0.12651678045 0.602921121374 0.787705291125 0.0 0.0 0.0 0.0 0.0 0.0
19.6171834347 15.0352205387 4.47906687496 -0.301831721566 -0.733035411922 0.609554506771 0.12651678045 0.602921121374 0.787705291125 0.0 0.0 0.0 0.0 0.0 0.0
19.2996454982 15.2974488794 4.82416259836 0.309584075219 -0.778422217017 0.546092073212 0.12651678045 0.602921121374 0.787705291125 0.0 0.0 0.0 0.0 0.0 0.0
19.0526772614 15.3822358513 5.29374002704 0.803383705859 -0.528073407342 0.275160130867 0.12651678045 0.602921121374 0.787705291125 0.0 0.0 0.0 0.0 0.0 0.0
18.9888403656 15.3466484734 5.8260402162 0.991964434783 -0.077100681301 -0.100309745626 0.12651678045 0.602921121374 0.787705291125 0.0 0.0 0.0 0.0 0.0 0.0
19.151121794 15.2934859927 6.3354747957 0.803681290173 0.403163882621 -0.437670272667 0.12651678045 0.602921121374 0.787705291125 0.0 0.0 0.0 0.0 0.0 0.0
19.4966023977 15.3322247318 6.74514242277 0.310066186591 0.730259746994 -0.608752545665 0.12651678045 0.602921121374 0.787705291125 0.0 0.0 0.0 0.0 0.0 0.0
19.9127625984 15.5374262031 7.0160448879 -0.301348245307 0.779917724193 -0.548559548765 0.12651678045 0.602921121374 0.787705291125 0.0 0.0 0.0 0.0 0.0 0.0
20.2602304571 15.9204099443 7.16190318663 -0.798275440539 0.533271918441 -0.279959607862 0.12651678045 0.602921121374 0.787705291125 0.0 0.0 0.0 0.0 0.0 0.0
20.425731404 16.424953036 7.24394468393 -0.991924449456 0.0840271950432 0.0950016687417 0.12651678045 0.602921121374 0.787705291125 0.0 0.0 0.0 0.0 0.0 0.0
20.3651231415 16.9486501295 7.34764181462 -0.808724775933 -0.397140864612 0.433870223048 0.12651678045 0.602921121374 0.787705291125 0.0 0.0 0.0 0.0 0.0 0.0
20.1201660408 17.3818189504 7.5502396763 -0.318277038876 -0.727428469959 0.607904225695 0.12651678045 0.602921121374 0.787705291125 0.0 0.0 0.0 0.0 0.0 0.0
19.8026576791 17.6491704287 7.89140932536 0.293089466559 -0.781353837614 0.550985249383 0.12651678045 0.602921121374 0.787705291125 0.0 0.0 0.0 0.0 0.0 0.0
19.5519590705 17.7384122751 8.35817607935 0.793106383453 -0.53842981882 0.284737764849 0.12651678045 0.602921121374 0.787705291125 0.0 0.0 0.0 0.0 0.0 0.0
19.482049087 17.7049190273 8.8898488158 0.991808925242 -0.0909473097892 -0.0896863571125 0.12651678045 0.602921121374 0.787705291125 0.0 0.0 0.0 0.0 0.0 0.0
5.03486055729 5.39134792541 27.7300897666 -0.747778156192 0.38224429798 0.542878555281 0.660471467819 0.344679377857 0.667063390299 0.0 0.0 0.0 0.0 0.0 0.0
5.2309352631 5.87090071635 27.8724587681 -0.645523924157 -0.193104989558 0.738924438863 0.660471467819 0.344679377857 0.667063390299 0.0 0.0 0.0 0.0 0.0 0.0
5.27986277009 6.30643521884 28.1832656185 -0.29802436075 -0.695090463019 0.654240573963 0.660471467819 0.344679377857 0.667063390299 0.0 0.0 0.0 0.0 0.0 0.0
5.26085561466 6.58352382842 28.6432066285 0.162699640007 -0.932999448287 0.320999776695 0.660471467819 0.344679377857 0.667063390299 0.0 0.0 0.0 0.0 0.0 0.0
5.2789358473 6.6479351844 29.1763195476 0.561611327333 -0.816446344231 -0.134194202569 0.660471467819 0.344679377857 0.667063390299 0.0 0.0 0.0 0.0 0.0 0.0
5.42503539967 6.52623757053 29.678842894 0.747157481764 -0.389711623747 -0.53840556067 0.660471467819 0.344679377857 0.667063390299 0.0 0.0 0.0 0.0 0.0 0.0
5.74144952351 6.31570517976 30.0586366759 0.648846017066 0.185081058229 -0.738067644611 0.660471467819 0.344679377857 0.667063390299 0.0 0.0 0.0 0.0 0.0 0.0
6.20576811737 6.14736202204 30.270187915 0.304027102358 0.689558351794 -0.657325490532 0.660471467819 0.344679377857 0.667063390299 0.0 0.0 0.0 0.0 0.0 0.0
6.73938969877 6.13620371231 30.3319017879 -0.156296791598 0.932060898712 -0.326854392703 0.660471467819 0.344679377857 0.667063390299 0.0 0.0 0.0 0.0 0.0 0.0
7.23738342161 6.33750871377 30.3191091916 -0.557240921283 0.820457926981 0.127794153628 0.660471467819 0.344679377857 0.667063390299 0.0 0.0 0.0 0.0 0.0 0.0
7.60835405891 6.72583712549 30.3354472767 -0.746479908401 0.397149271466 0.533891564391 0.660471467819 0.344679377857 0.667063390299 0.0 0.0 0.0 0.0 0.0 0.0
7.8091645776 7.20469572615 30.4734859607 -0.652118697839 -0.177043032261 0.737154643651 0.660471467819 0.344679377857 0.667063390299 0.0 0.0 0.0 0.0 0.0 0.0
7.86132461861 7.64319736203 30.779559069 -0.310006691125 -0.683973728031 0.66036034922 0.660471467819 0.344679377857 0.667063390299 0.0 0.0 0.0 0.0 0.0 0.0
7.84281862461 7.92578716508 31.2361613395 0.149882040583 -0.93105136909 0.332684117484 0.660471467819 0.344679377857 0.667063390299 0.0 0.0 0.0 0.0 0.0 0.0
7.85847824648 7.99614377926 31.7685989652 0.55282807918 -0.824407028684 -0.121384372666 0.660471467819 0.344679377857 0.667063390299 0.0 0.0 0.0 0.0 0.0 0.0
8.0001550464 7.8785767853 32.2733670193 0.745745487703 -0.40455667473 -0.529336910202 0.660471467819 0.344679377857 0.667063390299 0.0 0.0 0.0 0.0 0.0 0.0
8.3118245537 7.66879108461 32.657472708 0.655341717249 0.168991523781 -0.73618550551 0.660471467819 0.344679377857 0.667063390299 0.0 0.0 0.0 0.0 0.0 0.0
8.77287922607 7.49752700709 32.8737648876 0.315962671682 0.67833701702 -0.66334491891 0.660471467819 0.344679377857 0.667063390299 0.0 0.0 0.0 0.0 0.0 0.0
9.30595759939 7.48088987394 32.9388475721 -0.14345587547 0.929970936302 -0.338488507081 0.660471467819 0.344679377857 0.667063390299 0.0 0.0 0.0 0.0 0.0 0.0
9.80633520138 7.67623964498 32.9267717907 -0.548373137078 0.828293348599 0.114965347815 0.660471467819 0.344679377857 0.667063390299 0.0 0.0 0.0 0.0 0.0 0.0
10.1817111295 8.06039891089 32.940902364 -0.744954275599 0.411933269437 0.524741944958 0.660471467819 0.344679377857 0.667063390299 0.0 0.0 0.0 0.0 0.0 0.0
10.3872747071 8.53845837854 33.0746478801 -0.658514829849 -0.160927145942 0.735160303993 0.660471467819 0.344679377857 0.667063390299 0.0 0.0 0.0 0.0 0.0 0.0
10.4427298085 8.9798344982 33.3759732106 -0.321894590459 -0.672648648018 0.666278972317 0.660471467819 0.344679377857 0.667063390299 0.0 0.0 0.0 0.0 0.0 0.0
10.4248090279 9.26788033738 33.8291768539 0.137018785638 -0.928819682627 0.344267119468 0.660471467819 0.344679377857 0.667063390299 0.0 0.0 0.0 0.0 0.0 0.0
10.4381216837 9.34420170069 34.3608561979 0.543876434238 -0.832116590769 -0.108537567907 0.660471467819 0.344679377857 0.667063390299 0.0 0.0 0.0 0.0 0.0 0.0
16.9093950086 16.0576173675 6.73256865071 0.933036310141 -0.311074928817 -0.180764024686 0.359046034249 0.772946590933 0.523105642156 0.0 0.0 0.0 0.0 0.0 0.0
17.1475872584 16.1288774503 7.20887900636 0.769287239658 0.0722680501968 -0.634802703066 0.359046034249 0.772946590933 0.523105642156 0.0 0.0 0.0 0.0 0.0 0.0
17.5611385586 16.2166110373 7.54048606587 0.313273085032 0.428155188683 -0.847669221217 0.359046034249 0.772946590933 0.523105642156 0.0 0.0 0.0 0.0 0.0 0.0
18.0461004684 16.4019426131 7.67886689973 -0.261758752244 0.621379012616 -0.738492029953 0.359046034249 0.772946590933 0.523105642156 0.0 0.0 0.0 0.0 0.0 0.0
18.4713944623 16.7289175544 7.64890845213 -0.737344063169 0.578530560753 -0.348749369582 0.359046034249 0.772946590933 0.523105642156 0.0 0.0 0.0 0.0 0.0 0.0
18.7286108539 17.1877685551 7.53945257476 -0.932800036762 0.315888676345 0.173489007072 0.359046034249 0.772946590933 0.523105642156 0.0 0.0 0.0 0.0 0.0 0.0
18.7731954478 17.7186263896 7.46954352201 -0.773869680803 -0.0667645975841 0.629816009357 0.359046034249 0.772946590933 0.523105642156 0.0 0.0 0.0 0.0 0.0 0.0
18.6413764236 18.234265232 7.54320104841 -0.320933294697 -0.424052884646 0.846865379726 0.359046034249 0.772946590933 0.523105642156 0.0 0.0 0.0 0.0 0.0 0.0
18.4364006447 18.653241206 7.80990156477 0.253931015784 -0.620236391045 0.742176433503 0.359046034249 0.772946590933 0.523105642156 0.0 0.0 0.0 0.0 0.0 0.0
18.2893084489 18.9308342751 8.24578122249 0.732322687868 -0.580781722686 0.355522251663 0.359046034249 0.772946590933 0.523105642156 0.0 0.0 0.0 0.0 0.0 0.0
18.3091492328 19.0760381323 8.76270218867 0.932492727048 -0.320678367727 -0.166200777598 0.359046034249 0.772946590933 0.523105642156 0.0 0.0 0.0 0.0 0.0 0.0
18.5415517632 19.1481433455 9.24173768237 0.778393188776 0.0612560605889 -0.624781352721 0.359046034249 0.772946590933 0.523105642156 0.0 0.0 0.0 0.0 0.0 0.0
18.9513890455 19.2342118796 9.57835424705 0.328569064048 0.41991828734 -0.845997046158 0.359046034249 0.772946590933 0.523105642156 0.0 0.0 0.0 0.0 0.0 0.0
19.4361236562 19.4160008005 9.72212575844 -0.246083941494 0.619046536071 -0.745804317443 0.359046034249 0.772946590933 0.523105642156 0.0 0.0 0.0 0.0 0.0 0.0
19.8647634248 19.7389013988 9.69589115221 -0.727245543358 0.582988655843 -0.362268059349 0.359046034249 0.772946590933 0.523105642156 0.0 0.0 0.0 0.0 0.0 0.0
20.1276275488 20.1946942795 9.58707753045 -0.932114404404 0.325443638209 0.158899891291 0.359046034249 0.772946590933 0.523105642156 0.0 0.0 0.0 0.0 0.0 0.0
20.1780161651 20.7246720478 9.5144851439 -0.782857419094 -0.0557428587075 0.619699116566 0.359046034249 0.772946590933 0.523105642156 0.0 0.0 0.0 0.0 0.0 0.0
20.049952408 21.2419432297 9.58315319048 -0.336179811593 -0.41575171163 0.84506428664 0.359046034249 0.772946590933 0.523105642156 0.0 0.0 0.0 0.0 0.0 0.0
19.8452564523 21.6644437958 9.84445366779 0.238218126959 -0.617809538307 0.749375405498 0.359046034249 0.772946590933 0.523105642156 0.0 0.0 0.0 0.0 0.0 0.0
19.6948623262 21.9461146583 10.2765742924 0.722113016285 -0.585151192156 0.368986278919 0.359046034249 0.772946590933 0.523105642156 0.0 0.0 0.0 0.0 0.0 0.0
19.7090738848 22.0944002881 10.7928053508 0.931665097638 -0.330184124899 -0.151586904143 0.359046034249 0.772946590933 0.523105642156 0.0 0.0 0.0 0.0 0.0 0.0
19.9356585317 22.1674204362 11.2744821697 0.787262031789 0.0502254117916 -0.614569687923 0.359046034249 0.772946590933 0.523105642156 0.0 0.0 0.0 0.0 0.0 0.0
20.3416995836 22.2518894685 11.6160678089 0.343764957744 0.411553474818 -0.844067172204 0.359046034249 0.772946590933 0.523105642156 0.0 0.0 0.0 0.0 0.0 0.0
20.8261018684 22.4301721284 11.7652483096 -0.230334171192 0.616525491954 -0.752889425714 0.359046034249 0.772946590933 0.523105642156 0.0 0.0 0.0 0.0 0.0 0.0
21.2579994716 22.7489917935 11.7428076421 -0.71692549751 0.58726916694 -0.375676398755 0.359046034249 0.772946590933 0.523105642156 0.0 0.0 0.0 0.0 0.0 0.0
