t = 100
b = 30 30 30
E = -0.659788824508356 -0.85190958268498 0.192120758176623
23.8578295813927 7.65488613534236 16.2049032932944 0.168567075943151 0.960302735508068 -0.222269388052357 0.698372967080484 0.0427767938369967 0.714454496753867 -5.56139073863137 3.23727925460618 4.96228010380646 0.255792534491633 -0.434118067842962 0.404682558695779
25.5193257593554 7.20720113259715 15.0041906706614 -0.00998448173040047 0.985660137893032 -0.168446704839441 0.813945259249254 0.105864072583082 0.571214317857962 -0.827576838950401 1.13558856573106 -0.157341534388121 0.37942392520927 -0.427353045395009 -0.726243065501376
26.0328850943172 7.28505592954369 15.1460764241197 -0.529004958965914 0.797876180849564 0.289045390217197 0.741746977617722 0.269265726108504 0.614253425659582 -0.260087584848661 0.320845944059365 0.244305763354191 0.250967957207198 -0.0920346412079242 -0.262033665556572
26.402761754189 7.63502170679527 15.3048349429531 -0.766290272689222 0.184691709614154 0.615376365761732 0.63474641942603 0.365919167882778 0.68058800062551 -0.520656163369433 -0.704857642274871 0.125638285999093 0.297826044786795 -0.177506082702214 -0.301642155249459
26.5339911814399 8.09210001268572 15.469444636509 -0.303904770917429 -0.506811768943607 0.806711599994184 0.657699396789574 0.501001554020897 0.562520069943349 -0.332674038790025 0.208337796371302 0.0776811536850266 0.335919196958555 -0.327725771301226 0.223657888181127
26.7489804578941 8.3745869410299 15.8345102078569 -0.179997626346746 -0.867449238182603 0.463823839919375 0.549507829885483 0.302417997687074 0.778835272584563 0.128651520717853 -0.540496250422052 0.0381790838555864 0.208199187680571 0.515940005623836 0.28476534780577
26.747666392066 8.47546219150693 16.3311679348556 0.394243394564257 -0.91871690878793 -0.0230493085195078 0.525108865734012 0.204611801792965 0.826071773723883 -0.25855457445632 -0.456278695833557 0.10312311347999 0.517863643032544 -0.0383204384297727 -0.232480381910719
26.8391537559122 8.41821539582689 16.7926904475541 0.679472110709938 -0.641785645811434 -0.355568160257311 0.579595031527251 0.172363136100336 0.796467472172686 0.43155508618216 0.186721065748701 0.0837389879156753 0.613965377075584 -0.12215235583561 0.415981022389384
27.0228857189837 8.30547232466159 17.2024333207987 0.759994832457363 0.00215002316270591 -0.649925468939363 0.624918137970459 0.272324750896015 0.731653218500666 0.369718524919678 -0.348023610823858 -0.107004232827063 0.112924570484033 -0.433154729515819 0.100107874391796
27.369031372384 8.29807937466179 17.5492570479339 0.383788853372707 0.412686020239133 -0.826072784905679 0.747120065824394 0.386971902133002 0.540429676296754 0.169005788627151 0.143856362867825 -0.206062612162358 0.129768215704954 0.187326867526079 0.0743819362679448
27.8314114352644 8.24631216448126 17.6216201596157 -0.0721160102467277 0.893011041854893 -0.444218917289815 0.63393532444811 0.38488320419632 0.6708135392401 0.392161977552445 0.0458429138265005 -0.419792335906209 0.488486100205917 0.00173321488272637 0.188223810330396
28.20066453404 8.36706032392714 17.6724790688461 -0.317746250751597 0.948153565544123 0.0064821231227709 0.715646408352609 0.235332306400464 0.657623604287647 -0.17055221442522 0.646422899615122 0.048788216191949 0.418597733828188 -0.225317900042039 0.357386337171573
28.620356847274 8.5730982687576 17.7862178089869 -0.670708676591426 0.605492590430842 0.428402236854749 0.710819038935367 0.35973370038887 0.604423560638914 -0.144193806325247 0.67585211005774 0.215910336569993 0.537742996910476 -0.00435896597172815 0.236960698732967
28.8991023073675 8.94864704841135 17.946754425721 -0.637739956852091 0.0699254163822211 0.767071096139402 0.59375198683837 0.679009952077445 0.431745255048635 -0.269455830665168 0.252425758774145 0.499518615899413 0.666046906613286 0.0720586974483089 0.617993925128731
26.8855522002068 11.6178892836637 19.1134818530066 -0.361770359941475 -0.426079966894332 0.82920320204553 0.819576757513175 0.27855176068468 0.500702245401301 -8.46065615030032 9.30420484487708 4.54426914656599 -0.297286877440564 -0.509656267954895 0.0722669623546725
28.8544515596685 9.67464815224703 18.6724810366493 -0.0379482034048718 -0.899424807918127 0.435424886935466 0.635669167640924 0.31448139156388 0.705000740767418 -0.553662594172482 -0.51307733391844 0.2158673721983 -0.0562471757542671 -0.046485641449466 0.278415008242206
29.1276710412471 9.76449618921039 19.092498598525 0.171551322911734 -0.983274466015007 0.0611665702511084 0.597686752138023 0.153231874099108 0.78695007584351 -0.131478161521063 0.230207059959431 0.43898432132084 0.471802103818817 0.493772685696748 -0.356224892261165
29.2210064791651 9.59887780049117 19.5284804693368 0.710524158664576 -0.652864634946667 -0.262532034579025 0.51284916815835 0.224995823496306 0.828469972971273 -0.266726546679833 -0.439432181113163 -0.395767515908043 0.31475608681747 0.213700931357893 0.295680477261002
29.520202845522 9.59732833768302 19.8973887929532 0.655939335179767 -0.377242964050386 -0.653782241642405 0.750065880026725 0.228771493116611 0.620535785470691 -0.0946322805033438 -0.0164920892242588 -0.280640163208212 0.254528074338083 0.646572287069971 -0.216821385299841
29.8776091303621 9.49086471445851 20.176424752937 0.495379955827179 0.34016401970928 -0.79930408483428 0.782235609134758 0.225462714727269 0.580752873501422 0.0687679771026031 -0.236872328494471 -0.0347364174961855 0.3554937239357 0.447795527115402 -0.0861157212280521
30.3516654970722 9.44606648454292 20.229083139871 0.116124252299476 0.840597496651637 -0.52906605213443 0.749083712047847 0.275662938242575 0.602398057712865 -0.253009207454681 0.135830294870819 -0.375686074506232 0.599755404749408 -0.181072098201881 -0.200013771642702
30.8497070206732 9.53548173459992 20.3246664852075 -0.324464356408675 0.927485102918527 -0.185725997556372 0.735395621989127 0.370837628997695 0.56716189540802 0.230405928166936 0.258944659391028 0.244394690476841 0.411746590993253 0.171304817677463 0.239869321760388
31.2369540861885 9.74648820708022 20.4671074110124 -0.686938729670135 0.711982775999884 0.14558705543465 0.652523754948389 0.516119464707787 0.554827300689939 0.0939377420120848 0.11431813597645 0.407003766011669 0.522594623360013 0.141905985521505 -0.181784524306629
31.4254433073833 10.1756263610462 20.481217720669 -0.623929395904135 0.194003196899141 0.757017007371157 0.714309114497367 0.53449104533229 0.451754027126729 -0.490971916443051 0.161041140832077 -0.224513804447841 0.468924064453752 -0.280531919193687 -0.0107885001713493
31.6597490787784 10.5880436379794 20.7506230288293 -0.63098888639289 -0.279270370215161 0.723782404390767 0.60810984068006 0.401264705547323 0.68497367788761 0.458072000522797 0.295173530104976 -0.26975398446214 0.600018748226847 0.158871002505459 -0.116485383344704
31.7698002319265 11.015455363369 21.0224265453843 -0.168156254774853 -0.778315136487262 0.604937107195545 0.522230209812046 0.450144481171266 0.72432412509849 0.182831702699286 0.76574132909702 -0.331383614970641 0.279423345073656 0.006133311600046 0.0763492949136979
31.8591737952623 11.2107070549425 21.4379136216696 0.404085483201968 -0.91441873093245 0.0235199992593395 0.442740630564591 0.218019763636165 0.869740195228318 0.117137717828101 -0.758118151623059 0.0129544286020394 0.285669603867437 -0.267047992074217 0.108447078468587
5.81070362857726 25.7859166363502 28.1876580222389 0.359686496105729 -0.374718401434037 0.854524214468632 0.412596290926199 0.885289300320529 0.21453912521601 0.518170270667903 -0.189793471807891 0.0808425366981921 0.0723003490182026 0.285395986108086 -0.729380003580693
5.783250262777 26.1539147113262 28.4796051069649 0.869017742454252 -0.448827993093276 0.208234187593468 0.377953553306266 0.87377911656767 0.306040929659803 0.231282186086996 0.538809832929803 0.353088919777281 0.301856975452953 0.265655027406475 0.0708003041181129
6.07653785689559 26.2488831372837 28.8175390427819 0.820648585712709 0.0866642176277175 -0.564823069628124 0.143842752342655 0.925274775002756 0.350964008666821 0.332659511012665 0.0526782537086619 0.187638838177016 0.430693858875787 -0.609748172892942 0.517926599399197
6.21108849443644 26.7222490510503 28.9839921870309 0.6434105411265 -0.105991720754954 -0.758148082972511 0.411284498965446 0.883154445294439 0.225572977877034 -0.170834024011599 0.0598339523287311 -0.233987385833295 0.383129627311573 0.117898950108883 -0.448842437403368
6.65034589775031 26.8964044744339 29.0908969929509 -0.0307528398571385 0.370302307292635 -0.92840203848895 0.438148744027101 0.839838196128317 0.320464294200796 -0.291101970042797 0.171769881575291 -0.66568855479964 0.333537061632231 0.17272581796146 0.325655500101256
7.04183045241929 27.2588032509985 29.10115027473 -0.533183711370712 0.212075763641535 -0.81898649765326 0.439838577522666 0.896438834033825 -0.0542155677689245 -0.366299240654002 -0.106922970153841 -0.355740790853383 0.479782762149421 0.15003378719438 -0.469788090213191
7.34661927865468 27.5053647790149 28.8413201322109 -0.820188489852156 0.542286448544482 -0.182252927784098 0.552140909342407 0.833741038223387 -0.00402271988459366 -0.25723776493926 -0.0085502967419738 -0.0410938263033305 0.568478980883211 -0.177129708523184 0.162011601347805
7.62550022594378 27.8355618755765 28.6379657138137 -0.836330258229243 0.271748642993483 0.476134703111643 0.34182944983074 0.937486077857141 0.0653633135235983 -0.123394093049444 -0.100471731716932 0.139309855816561 0.271797406473313 -0.651352974517117 -0.257868164101216
7.57152964445497 28.2821787915517 28.5496509617778 -0.385345409488602 -0.0249261128292013 0.922435628034714 0.187029753318362 0.9767774128952 0.10452579518266 -0.19085836573608 -0.231318619596845 0.664411287840631 0.316618139272783 -0.101466738098671 0.229388328014097
7.49953706650644 28.7239376690053 28.5907769621487 0.130895059434541 -0.27112278051715 0.953603063892494 0.196561176129001 0.949880962821342 0.243083823288407 0.223329851138408 -0.0159907661422644 0.4890730898963 0.552099201654357 0.211777729907854 0.248724816386973
7.40616689102051 29.0679860188338 28.8350074897004 0.663339958540828 -0.263048599361441 0.700560786050801 0.215562734627202 0.963666784261114 0.157730526407509 0.29071570742604 -0.28396016645984 0.562670413496629 0.640413230017445 -0.0489123187284449 0.17427625884615
7.39913259607534 29.44284805096 29.1479721670102 0.90837448515818 -0.343102597586156 0.239031971044665 0.300648221364973 0.93317986479607 0.19694128106373 0.587440366671711 -0.484297959639339 -0.161197891447435 0.280528741889692 -0.194224234670132 0.270328658511598
7.5870801003562 29.8539695970015 29.3506445579254 0.852537994307824 -0.454662928937879 -0.257799289949037 0.508804961370686 0.834786644975469 0.210353634099995 0.138788308912804 -0.113195632353681 -0.292050559301382 0.254259674307468 0.299890063565575 -0.27495214326096
7.84150484051162 30.1038601118537 29.6258244399953 0.438945012491209 0.00497237374575594 -0.898500102114124 0.4904877854535 0.836519359200475 0.244247780944896 -0.227402317197444 -0.828589025937832 -0.345513777963868 0.210068002620584 -0.0129238609724385 -0.00488842516367592
8.24272584060476 30.4055620230354 29.6999344312062 -0.192661042641976 0.19187378554648 -0.962323259797501 0.458684508533036 0.884568472053006 0.084540061381993 0.260876986681282 -0.490184769673427 -0.347362757184641 0.639241556400646 0.346827420327223 0.140983100787468
8.64385305925416 30.6108449088085 29.5729717030453 -0.650742485588209 0.426887818381694 -0.627933826857747 0.590495121651287 0.804412789101127 -0.0650804839962471 0.0212172174577192 -0.179870043092822 0.167001627516532 0.546495048026454 0.0505015971497199 0.556137292148415
8.90878293972029 30.9897539214466 29.4287995425702 -0.899225630733653 0.391083304232176 -0.196079052896191 0.405815943550336 0.913082210387408 -0.0399272108930194 0.222920484968886 -0.18050052371521 -0.0205370331524407 0.478352750992954 0.0204227033281209 0.0937773691882819
9.09374419124201 31.4222830278966 29.2454018740374 -0.832196582571512 0.259988336799611 0.489749726563288 0.269956489769155 0.961483744055066 -0.0516951670211826 0.177682228410065 0.0185206850548947 0.0925838890750106 0.470775474577776 -0.254898983574632 0.0211087815791489
9.05219782605033 31.8774806333351 29.1655409816522 -0.473688530072414 0.0595983573811907 0.878673485050676 0.143545696971938 0.989590414958795 0.0102631815235072 0.70644694840232 -0.089983619765688 0.109298496609793 0.491495601706413 0.161339179638276 0.28824581594289
8.8759212970318 32.3101220731222 29.1173902396829 0.195626430728867 -0.0952080701173571 0.976045903376094 0.140422756385686 0.987739606917551 0.068204144548802 -0.342524937097156 0.0247546825008908 0.0718197049579961 0.653606680468488 -0.161971378485937 0.107220955741041
8.8361332926621 32.711132299611 29.3566551578374 0.54332601738036 -0.310521638081301 0.77998271281956 0.04476617843088 0.938474134783794 0.342435664646896 0.390812749043127 -0.123988683091014 0.168283488852595 0.433168670664551 -0.120578076836933 -0.0342572402796784
8.8229279846665 33.1270969114299 29.5688874079513 0.825302671734598 -0.360569960430514 0.434585654026432 0.262250902370961 0.92630748133202 0.270515799023835 0.496650787160445 -0.033226836746774 0.335553151218204 0.496114526250905 0.0389183093297731 -0.322114248719511
8.99995817764522 33.5405979085239 29.8029938582117 0.869694668825665 -0.45730058895312 -0.185761248981798 0.491827582788991 0.834651511564443 0.247916047618015 0.445565610306101 -0.10808487208259 -0.524313315686767 0.123740702448076 0.365292869627052 -0.290323275999735
9.29158764218752 33.8148154530576 30.0390328712726 0.423633580311532 -0.151186225207935 -0.893127760318697 0.53299883591461 0.83882708657426 0.110820769263866 0.536229978527979 0.00956036146757915 -0.259796749611432 0.326346037619381 0.164378544964163 0.232934237068213
11.5922578979345 31.2793770765277 29.0118001671651 0.0868738484069757 0.0594565732917439 -0.99444342914483 0.309685839643025 0.947149272263357 0.0836828414585306 7.87836953470588 -10.56811893405 -5.47059649802318 -0.126750028811776 0.143841389584302 -0.371376151837251
3.5909383851225 11.98565740981 22.6589724240856 0.711724955766854 -0.162800122535908 -0.683332710974753 0.683514565094424 0.384887631549551 0.620217084251026 0.0529909931715381 -0.0089689634989768 0.358503595625201 0.0382580769704041 0.291926134861757 -0.689721821717251
4.06640300877698 11.9156836292372 22.9154728909779 0.386821425505117 0.438375205828226 -0.811292947446797 0.829410963706917 0.219132115332053 0.513866186924495 -0.178172542350264 -0.00322481178724093 0.0243783387903625 0.257152220029701 0.235994093651715 -0.525291655991607
4.51093952670183 11.8742256793127 22.9947991390093 -0.0390241729252464 0.916470865243288 -0.398193606024436 0.667331059146861 0.320506615829548 0.672268285685467 0.0424641092672745 0.0307250748450883 -0.0132507102191358 0.410010394887345 0.456287727293289 0.487739338691711
4.90037019080584 12.1900110793972 23.1211555122005 -0.629503543945558 0.772198105174582 0.0862279467557066 0.62660859090986 0.438906017536275 0.643989955988325 0.126166731017564 0.484721549665012 0.325994816956422 0.35394409025789 -0.301639185334756 -0.206720006414755
5.22598931482035 12.4821755660222 23.0671654362024 -0.681526350526491 0.429542950619809 0.592464825873905 0.729669654916037 0.3372396830091 0.594854161039361 -0.486406867793645 0.0522589078097035 0.178464234412245 0.548676642474964 0.0197039850700816 0.619084315290129
5.47569364000592 12.8635954945319 23.2440716684868 -0.679738520817877 -0.1483958112303 0.718285534104043 0.573453206019038 0.503042828290312 0.646605922327062 -0.482630362708811 -0.286335935591017 0.14195583716759 0.214363760221641 -0.424584649138484 0.110103722575968
5.6072850023067 13.1736604758044 23.5192492263297 -0.405354133931342 -0.647637731748456 0.64517693361287 0.500472672178789 0.433380342894392 0.749472125501144 -0.620154924460197 -0.0699337025569983 0.0684362424033696 0.516315756747791 0.0824678014886092 -0.0518130154956108
5.63541169109097 13.3671596286715 23.9282474174223 0.0823143463095377 -0.932725755012474 0.351065372556146 0.484203586063656 0.345319508950614 0.803928608770696 -0.18803459665811 -0.182211609253529 -0.0358972308257687 0.440940973564972 0.333061601084662 0.424048967025924
5.65504473761787 13.5207769108584 24.3743232163273 0.579960512008922 -0.810433383093623 -0.0827249597930869 0.511483364089843 0.283215291180971 0.811279083043002 -0.476891379987386 -0.273459159912045 -0.0800759805233805 0.490486036841323 -0.0719528485775078 0.00603339137603469
5.82265384478057 13.4431146904555 24.8140969712297 0.732359039185468 -0.512709578077397 -0.448083705420005 0.577376903769983 0.118756147029038 0.807795008263483 0.128754103933253 0.103376797692994 -0.249406968133596 0.452611143854461 -0.173542733588654 0.0288330554706229
6.0401450880371 13.3052801655716 25.2629028251632 0.684696986654387 0.0523342810226626 -0.726946380640151 0.709077138892412 0.182792833299642 0.68102589863167 0.0808604946285792 0.0390333425027904 -0.131687823100389 0.419887014458522 0.316242184395873 0.223834473789968
6.43195038802848 13.1997469213397 25.4999407361638 0.375428482487684 0.606250997028415 -0.701079927051366 0.771894275636206 0.214202384005142 0.598578692917466 0.217953692493429 -0.172085845193623 0.0756713268756792 0.313748275678833 -0.276016053349151 0.0106365004437972
6.95740869116987 13.2622019080171 25.5997762810674 -0.0943486909915795 0.927328575817572 -0.362160073259962 0.775351488715492 0.296625819232449 0.557533029246365 0.203400372385947 0.047870582429407 -0.293531833007586 0.506064836302055 -0.198496723006827 0.133032161096507
7.41065204988566 13.4198214436347 25.7925611735842 -0.456813544647759 0.881890112142597 -0.116580862522425 0.648791512236332 0.419959061439601 0.634589507084657 -0.104992216235301 0.651331622275532 -0.257503062465921 0.30704832909851 0.263360261523188 0.0115892197990209
7.77510425129391 13.7723960440156 25.8745651598168 -0.757655041889428 0.338006478137164 0.558310258443944 0.640381867534182 0.21988881665362 0.735907503559476 -0.374526634130621 0.803891213936207 -0.348759375616478 0.320737697227063 -0.0994557520860974 0.196555477728154
8.11494613574944 14.009747134595 26.1839439649792 -0.890343264823445 0.140768074238362 0.432981650243085 0.4407133542973 0.505177780245563 0.742002045721535 -0.511236325766094 -0.351845367123518 0.676195227561827 0.65718917972475 0.507798983409939 -0.484995038009845
8.13106574341858 14.4645936716262 26.3239837403973 -0.348586105281882 -0.566020128488618 0.747066812419023 0.398795039340662 0.631744958057207 0.664726049343696 0.0704018441736726 -0.581691291363261 0.388990180821359 0.86677729042685 0.217776080286517 0.179057740435427
8.10202508209793 14.8384772024329 26.6850716864238 0.220488798591482 -0.860345474631143 0.459554389101492 0.256197378007855 0.505689810248665 0.823796466721983 -0.200977998203543 0.104988688908607 0.0966748107040344 0.55920130519881 -0.0767609478464034 0.315842651021093
8.12129595742992 14.9204850307819 27.1757886669149 0.636382342772777 -0.771373707715542 -3.06941079866252e-06 0.41314716109837 0.340842534891396 0.844473608856182 0.0522831452740975 0.0888979636646929 -0.196268648765511 0.723543643778742 -0.5353513192643 0.12421191445877
8.34495028506417 14.8931333599927 27.6768979508347 0.690707390383642 -0.552957710540679 -0.466005313307255 0.58773597307396 0.0538308327540561 0.807259906781475 0.508305455088551 0.144657712145897 -0.256865380730661 0.507552935956926 0.350150674874223 0.130472199722149
8.57825877933687 14.6254158275767 28.0402064857218 0.750033669136533 0.16711478680464 -0.639939079452615 0.62689421671876 0.128810353473437 0.76838233924699 0.403161038019462 -0.00746559739890584 -0.0982490377200616 0.73788839094185 -0.272745611769982 0.0273110679276734
9.00124654830121 14.5435545057459 28.3100680402481 0.474581724242679 0.520131265615345 -0.710095440734624 0.775969820433875 0.133591297305216 0.616460941088498 0.395843383365042 0.245135214013974 0.00199392537129505 0.747207270855603 0.423461557486972 0.0286502205365559
9.49891071051873 14.4646973260665 28.3783106641017 0.0687985499076347 0.908803973044781 -0.411511821557111 0.849597513392411 0.162840082759706 0.501664297358526 0.406811227684618 0.231778247483385 -0.230276595556993 0.82708080698371 -0.347960935932436 -0.167708170185643
9.99209868302801 14.4558182677836 28.3811863703858 -0.379279518112825 0.898217758490097 0.222152622003237 0.851495969363323 0.244872680777989 0.463672163889908 0.218729357765845 0.335970041463835 -0.478418335739259 0.608874189072964 -0.332807915126751 0.454739704036819
11.6556559789931 13.7684522245731 27.5200729920599 -0.708599016108714 0.498835832572387 0.499049223794726 0.680140010599206 0.29455162001766 0.671303798551679 5.41037031498213 -3.75638262118525 -4.74975785483808 0.0616836104037145 -0.252422866733934 0.107576570930128
