t = 100
b = 30 30 30
E = -0.62874319325547 -0.819891238857727 0.191148045602257
17.4073790582659 3.99146455454219 27.8056517736181 -0.118647002510096 0.723248524584981 -0.68031929396345 0.626023243163412 0.58631285046886 0.514132299935161 1.71500932099478 3.02549792929939 -7.30686578109437 -0.122462143191619 -0.733536398000515 -0.5269978327742
17.5541228462854 3.7066390736104 29.4688511422433 -0.614266813925003 0.77146468577046 -0.165886711026137 0.716493306219345 0.633366121390232 0.292377465881169 1.37525686849987 1.59121781525565 -0.778224023671224 0.30978106086137 -0.121250725932438 0.0539558135947912
18.0236191000506 4.0850839877705 29.2926054088022 -0.797045773349554 0.256651684152178 0.54666977440436 0.550204814281002 0.681795810623439 0.482108925307365 0.921393127790819 0.4687549633492 -0.621243808238567 0.265323837537687 1.25810837945814 0.708228006500202
17.9511569200825 4.36987965892676 29.6569087753317 -0.72925040124703 0.0502199945035532 0.68240141067319 0.591644521915162 0.547272960009688 0.591987287085631 0.453027191473693 -0.0487923047979865 0.173213079498376 0.416440664074888 0.540099288678036 -0.133253070044778
17.8927623409222 4.81408234755278 29.7489167096975 -0.0971524959065441 -0.35647962319667 0.929238157255583 0.58875362179004 0.732190398327689 0.342441640654157 0.434434085449691 0.753590889776895 0.638998274640744 0.346316084148521 -0.182085183485134 0.521013405413574
18.0802545527248 5.22576331935862 29.9573636574266 0.0245640777719052 -0.766087070629259 0.642267146836261 0.599331188999303 0.525488893821383 0.603873687935761 0.67642645420904 0.1503016492263 0.542099882229302 0.32778397325009 -0.187531830882203 -0.274868826582954
18.1549144714559 5.43488405177566 30.3795248725744 0.523040309773526 -0.840115449434801 0.143647996126625 0.576876296365836 0.473017850243933 0.665933735434078 0.175409229324325 -0.272168184657864 -0.189284624049305 0.654942665527679 -0.14593570437587 -0.287939323920182
18.294483115815 5.54936359617061 30.8130896433724 0.756163350908789 -0.557513226443703 -0.34263080695466 0.624943787935041 0.459965011124735 0.630775187209197 0.477329521124239 -0.216537954957838 -0.232267804487041 0.868232088004871 0.231984026679022 0.17912042758275
18.5468856641468 5.56918143104614 31.2002886096651 0.675202202858598 -0.130440014416578 -0.72600776088361 0.733743239732109 0.219710404409865 0.642921531696644 0.195982666069609 0.176734822866503 -0.430369877701331 0.577719274531899 0.112463100806489 0.00345924043975358
19.0101940055361 5.57294723111962 31.3422791105164 0.366831457466095 0.227579167619159 -0.902021223787996 0.855803366924229 0.297605270252014 0.42312125221457 0.241597292967344 0.082203372013516 -0.391221190745964 0.651088271535178 0.190119255866287 -0.326200614373459
19.4526075797673 5.54634447939595 31.4000494284715 -0.0185405697316989 0.77703419772947 -0.629185174772697 0.652278259607268 0.486331139849407 0.581390553443231 0.579012519121444 0.239325325929917 -0.214208821834987 0.579177883191561 -0.362427332636081 -0.158205417699087
19.8622491237346 5.79906232640032 31.3279475017314 -0.474725596345754 0.874747019586437 -0.0972272639377206 0.731065145796243 0.453419504446377 0.509857221724805 -0.202612622814455 0.639871619362656 -0.189101294051769 0.343535205588205 0.106841734401712 0.239876719391709
20.2690129491333 6.13485034852256 31.2554552872421 -0.698222760894068 0.583923907886214 0.414146987235432 0.707570414378827 0.650801402132613 0.275320774242196 -0.0223245389324027 0.607064834844555 0.308718638081725 0.141151331501359 0.213712693929757 0.278787668504621
20.4946378916169 6.59876387194227 31.36938274407 -0.694939661712972 -0.00544317115137477 0.719047369660343 0.567142999816968 0.610586391194943 0.552750357295667 0.122217783157063 0.0338033169813085 0.447138637823655 0.293958050245517 0.0408982181159152 0.451815725852723
19.8503772354738 7.78003377055522 30.5042090171379 -0.292994369964636 -0.228819163810792 0.9283296674733 0.840156313380432 0.401850924784669 0.364215721073397 -2.40772505491211 2.74694996668385 -3.32887185570006 -0.430818277143224 0.251273166887532 -0.124857272485997
20.4804431137259 7.64078115126395 31.6169028378678 0.138074465241356 -0.802342942466602 0.580672994056956 0.457293774589535 0.571699204010605 0.681206513778286 0.0102638880412037 0.444836676577334 -0.445830665998434 0.51138890224816 0.576281245931182 -0.302019968720474
20.5406825082662 7.73580755395026 32.1073177085886 0.554447101553218 -0.815161847778581 0.167628918754412 0.597329795322023 0.530051627450886 0.601865659565952 -0.0447131197463921 0.44089325021344 -0.534945418662863 0.657140686366213 0.0902452893581072 0.266310553574052
20.8229376277833 7.79508069006918 32.5337306267772 0.706166918229746 -0.625533511761562 -0.331716731848491 0.669263896026324 0.436779867113596 0.601089902437356 0.0312746028901593 -0.231746683247713 -0.0959939847972725 0.505300679662164 0.15602145868081 -0.212907531172654
21.0746649197871 7.75380722822232 32.9124780575393 0.670784467731847 -0.111328333169633 -0.733248989685158 0.693409138857766 0.444895646525618 0.566790537996588 -0.134964410723774 -0.240555911729194 -0.465428494456964 0.740216676034767 0.0569780337344121 0.0245354314178498
21.4867513731093 7.68952312651472 33.0446044091832 0.474186458840685 0.374843079664603 -0.796642799432543 0.70558651859449 0.379395800250896 0.598503446319243 0.558917780751594 0.194119694369801 -0.437582032029459 0.404666615647641 -0.18078258503309 0.0593368830235541
21.9385930060019 7.80247310442621 33.1993307076139 -0.046918904483921 0.664963048097774 -0.745400995555199 0.667595247452719 0.575962565822715 0.471787652621039 -0.149304256989613 0.171673211831591 -0.436319987748745 0.395416719752174 0.230106341406226 -0.0962493490352647
22.3889991602079 7.96441825777032 33.1948562614237 -0.529208841881079 0.821885234873209 -0.210814001382182 0.76172893470966 0.569646299667315 0.308661639038161 -0.0741086562925224 -0.0713380327985775 0.0896697071404932 0.329067941246569 -0.109266380075841 -0.158748275931625
22.7994702324667 8.29506434023586 33.1690488415262 -0.820059095198802 0.547570260239083 0.166342335860226 0.566554856987023 0.73579701740102 0.370969306838407 -0.124300056093359 0.10568372750353 0.587475443675141 0.359299068604355 -0.0476656212192359 -0.116162815920503
23.0333472937804 8.73674612781809 33.1255511687027 -0.648163240522275 -0.00862896339459669 0.761452452419365 0.533435324308112 0.708456883062224 0.462098997157229 0.0153645211857009 -0.350081981148313 0.48299534804522 0.540948663734269 -0.104001634719292 0.0352494845637359
23.0534792455484 9.18928940484186 33.2801051658371 -0.103499461982118 -0.428411198327751 0.897636670165291 0.368773599080496 0.82163196920759 0.434657150123948 -0.461881784898619 0.419900157022654 0.400929989335093 0.427074634230504 -0.223270404573872 0.393892113520683
23.2107303501362 9.54340067330257 33.5391179497217 0.211589410708342 -0.661037592026487 0.719902148902692 0.676034367413948 0.630937433795558 0.380651244000244 0.367815363946155 -0.413875865768768 -0.0920735865018521 0.462727509881688 -0.167274008990765 0.170123382561699
23.3815437848224 9.88410075870276 33.885330772902 0.626321987709222 -0.769011690464168 0.1278345423047 0.619846319630827 0.590706622021213 0.516581173003663 0.11130918966551 -0.247765423536933 0.43102103858483 0.0293214802578258 0.381470133407438 0.441666569127667
14.0798995512602 13.4101014092813 13.6665634075035 0.934284428745321 0.329031057355044 -0.137299146736025 0.0464767835719238 0.269414694555341 0.961902034880432 0.524620651249581 0.156168687074633 -0.319142389781362 0.61636477295413 -0.250275502341638 -0.402585985682349
14.355393003413 13.4169650163019 14.1862488016501 0.373937408516377 0.800015596804218 -0.469196909814027 0.163813997113018 0.440971654107376 0.882444819592638 -0.339495770604443 -0.0903763079830677 -0.334423387234903 0.427336515272311 -0.127949469727919 0.0539951348316721
14.5753089993089 13.7209718284684 14.5618541344121 -0.150932856415353 0.78754518527008 -0.597487854267537 0.208250437069887 0.616179173657271 0.759575450739359 0.0374710403081054 -0.316911199321945 0.297520727195952 0.415052127237446 0.225737501090312 -0.186588426414127
14.8491790483259 14.1357335078125 14.7321712948458 -0.785192919628945 0.544376440480102 -0.295171561876951 0.252486127538227 0.716674788166478 0.650098370982963 -0.254371441030841 0.176447087170165 0.325731270769411 0.671301425004614 -0.388586889638302 -0.0680702666063451
15.0335743410657 14.5894770743727 14.7818202478188 -0.958465072141419 0.101597140713984 0.266500675279086 0.231955855622977 0.821374400832542 0.52109545048322 -0.381354494976115 -0.340455825839758 -0.103814455016909 0.496607047439186 -0.194735540201405 0.381204248614895
14.9628798840857 15.0261498041892 14.9772886388783 -0.752356699575312 -0.391261286432702 0.52997536289862 0.055012058241303 0.764382960969235 0.642411275059665 -0.126606559688237 0.0585611425674599 0.290702721127782 0.570319293139188 -0.318150294827195 0.270680389656949
14.9081816537015 15.4292180291733 15.2663864608989 -0.436283314502116 -0.718473623320774 0.541712473009339 -0.266513716952756 0.678197377326571 0.684849362569208 0.299109155155983 0.199595303239611 0.819497816739311 0.528583477955424 -0.121508189403087 -0.492271263815515
14.6188072527703 15.7468977890195 15.4819480687685 0.1841491398755 -0.707429434548157 0.682372750527264 -0.193459472507188 0.654577965019267 0.730822144228944 0.41761656003152 0.0106605021503307 0.609042038229837 0.7775900306738 -0.0622309341899726 0.160962893168353
14.3188371795859 15.9010983242419 15.8080390641042 0.765773570549971 -0.422730322883534 0.484654303145303 -0.261843379226828 0.483373960056529 0.835336789116206 0.31987514522545 -0.235796173664909 -0.305280074650129 0.311198539644948 -0.212436007841734 -0.054977735012511
14.1939572672313 15.9414149510634 16.2690581208545 0.993237779308392 0.0240667996995909 0.113575453994358 -0.106104825031164 0.585230937647388 0.803894518484745 -0.100434494948146 0.15836614990694 -0.00525666957011109 0.481146132015603 -0.296059344852145 0.0707406916029912
14.3063234294172 16.0316180782699 16.7043617290709 0.806691202028278 0.487602291254088 -0.3339059623263 0.0316286179757448 0.52857866848919 0.848294821110539 0.0149962440916782 0.367529375653371 -0.335592043225151 0.17976811755939 0.283251996194253 0.376348709115588
14.4941942178912 16.2230960785015 17.0853939240792 0.306444549395901 0.719146983007445 -0.623633896204105 0.276349981625955 0.559723520280687 0.781242699729748 0.296281179453401 0.456057610650969 -0.348421270211457 0.480869905408738 0.0651933737732734 -0.241898417868785
14.8160203600605 16.3773756144573 17.3089212093047 -0.262375833446588 0.838836940842502 -0.476981540181419 0.29436150943668 0.540314911128388 0.788296255020697 -0.422972089687114 0.264706647171955 -0.187203099615762 0.492174195605183 -0.090127481972823 0.516177016427484
15.0440622525705 16.7003418671854 17.5901986189775 -0.698352077349029 0.568934986607758 -0.434300862075831 0.0739449550119591 0.660874773657316 0.746844400388166 -0.362717784579993 0.119414306971863 -0.224016375780328 0.418211265164514 -0.0691162823352694 -0.376417656280521
15.151762800462 17.112510796468 17.6812831170647 -0.989374694039207 0.140908186884396 0.0358117083938154 0.126762992529563 0.715433196024267 0.687085415974705 -0.0772224227952841 0.106480334043663 -0.185190887899025 0.124516682543668 0.226725494882767 0.341190718090416
15.0519305431948 17.5526764037143 17.8581907961746 -0.892850732477978 -0.350373470542479 0.282941481833889 0.00549644674408516 0.61974188533717 0.784786382053049 -0.43736360100497 0.309866413801333 -0.539794882277977 0.374525503218006 0.136385066147452 -0.419859664921613
14.901872557951 17.8128545342153 18.077729319723 -0.611595840552848 -0.601090361679533 0.514432496557161 -0.0322569152548463 0.66862114974954 0.742903177643211 0.482490113369149 -0.541379494992116 0.140180567968201 0.251379061593295 0.502961151813513 0.0133903817070123
14.653945407792 18.0509019034513 18.3694340075954 0.131500423939761 -0.792276680347428 0.595823113105765 -0.153304240772607 0.577558797796198 0.801825124620604 -0.427086650634546 -0.374752084865184 0.338611389155445 0.176607863918788 -0.367226939969691 -0.226413275564887
14.3914742357366 18.1606705626673 18.7550019368277 0.857525786929278 -0.345867183204194 0.3808218755926 -0.0755994170951883 0.647503213413995 0.758303499834615 -0.0260062513272243 -0.306341330451819 -0.553250805483983 0.326400093845926 -0.440292418438263 0.143018812447679
14.3467734000105 18.323161356468 19.21412047598 0.995784590212428 -0.0482500249114812 -0.0780055575824745 0.0901053825635861 0.673566335204607 0.733613858626715 0.127263215082564 -0.0698138980121722 -0.282280707548407 0.439598494380402 0.0727704114616159 0.138953004437161
14.4165052371741 18.2494611775376 19.6399788318071 0.687259705301707 0.643257022049993 -0.337482429621451 0.0735112319083836 0.400615659724096 0.913292439119982 0.223021522119435 0.086961569602978 -0.400714376433873 0.285600344376815 -0.125288762209111 0.726757464027832
14.5771370921839 18.3978920627984 20.1164906921492 0.298114727267159 0.749329502641211 -0.591297546076073 0.170467331169765 0.567711640662937 0.805384544909574 -0.0508188194848495 -0.253999831631677 -0.230910152897677 0.496305415859009 -0.167720411314695 -0.0412781451784912
14.8227097540243 18.6009172582283 20.5047852111841 -0.257522562388984 0.763320965551955 -0.592472036825556 0.231112806805998 0.644012942137819 0.729269556629284 -0.415261588884268 -0.394827981607575 0.0336175843916307 0.414009252897409 0.0795862436376771 0.303026887121113
15.1226298115868 18.9288230667394 20.6655176583622 -0.865791688538582 0.481573254381124 -0.135984705389187 0.244219396539335 0.643831419714205 0.725146794608149 0.0570952323471743 0.657412399956235 -0.113413725910492 0.247767855610054 -0.460290311936829 0.460451336264055
16.1314667272892 18.0234264041284 21.9179242709901 -0.933710329415688 0.152810387522164 0.323780621239707 0.341465785252912 0.651962722716939 0.677012265884279 2.12063261834625 -5.12074666966971 4.17464871103471 0.192758589261588 -0.584334878610065 0.43793509140319
23.4067260845804 15.3140720263948 4.30863665292007 0.199591828402573 0.971618393495896 -0.126967246595611 0.534879463846599 0.000535839578220628 0.844928137399284 0.0855458377067683 0.977608535987293 -0.0401779854139085 0.452302000532778 -0.0180396298772051 -0.583338542585454
23.8693140091718 15.3830835763593 4.55646347354591 -0.396629833941009 0.905243780439802 0.152375700423558 0.531806204639495 0.091290724377487 0.84193114282687 0.0739386307653704 -0.187565168251331 0.427067329980165 0.425858008890469 0.347410962635041 0.427318252975305
24.1521128316199 15.6379929389383 4.84370766407118 -0.854398222963963 0.398356055414844 0.333640541033709 0.407599720552848 0.115561341745901 0.905818925430937 0.152156838772836 0.474108625148713 -0.719289538212294 0.161148154929786 0.0713273547312225 -0.138168635570962
24.2796188256955 15.9255660217668 5.24833686641194 -0.879552377433353 -0.339588987022022 0.333266888633541 0.296323713258568 0.157054160457232 0.942086052383055 0.109083605955304 -0.161598017780617 -0.0694006489489297 0.408498261213306 -0.186136253073351 0.246815659144507
24.297677499389 16.1211220200037 5.6500329206103 -0.635837196218612 -0.755447583571859 0.158145152966443 0.113589266850486 0.111076245240832 0.987299059627942 -0.21651599185153 -0.109437136897148 -0.29815997605776 0.351070564780498 0.0643143760090755 -0.165545254262316
24.1823077364394 16.2292838195833 6.11301410111763 -0.153076449004702 -0.988204034619437 -0.00450194683776711 0.259026284694787 -0.0445196510527002 0.9648436486846 0.134293601868425 -0.461630866999669 0.117767898457709 0.690466567097422 0.118205577479333 0.0490279275124694
24.0079172983359 16.2006921039847 6.52101565689672 0.59750868672427 -0.800311851888591 -0.0498416652232618 0.17876568232853 0.0723568480078069 0.981227395196541 -0.0724473119219906 -0.257883832696538 -0.0817014376686922 0.475571447270181 0.00335638736270524 0.438892777227133
24.0152180832167 16.03954207725 6.89244721356483 0.945366992648051 -0.24421757627725 -0.215960435685688 0.237492439464617 0.0620959222304537 0.969402557600081 -0.028201983499716 -0.182397994287289 -0.740734733584827 0.0885775839753724 -0.0840393964108134 0.385597697249812
24.1020424761452 15.9126012134888 7.36305092858593 0.851826377738654 0.233530218775983 -0.468887342993879 0.45073197110299 0.129305478535376 0.883244396915903 -0.224724792512327 0.294452649061743 -0.341680613496867 0.233760620295125 0.0187224296474694 -0.0630408812085577
24.4198317802675 15.7522603694233 7.67398308992759 0.526733783931799 0.721387150166982 -0.449613146376072 0.554943832216443 0.108826095162461 0.824738811045663 0.152516353264521 0.429937686670106 -0.0166023378087923 0.505505333866793 0.411795389756444 0.132386290127096
24.8260008115609 15.6231103472354 7.85439677967781 0.0405752444310173 0.993364645887276 -0.10761138932973 0.652355259746536 0.0552402416883347 0.755897495966689 0.0715658779612389 0.589935734817829 -0.517929062612701 0.567325177971468 -0.0266651938086674 0.162259339237742
25.143255694947 15.5976582517988 8.05646777703967 -0.407161673559841 0.860816114717031 0.30531110226754 0.554678170871389 -0.0325281622828549 0.83142884779118 -0.209806051389247 0.314234555903226 -0.597567729834639 0.439374564981191 -0.628127987430891 0.149515877991791
25.415764469886 15.7039228702945 8.43781490036578 -0.851485331833919 0.466342691837856 0.239785538249371 0.346443712742698 0.157030214828277 0.924834118797888 -0.325497193581371 -0.149181695362351 -0.0716838470408533 0.180426166404158 0.200285348621162 -0.0453210131083303
25.4851895547662 16.0929396638877 8.74630422664628 -0.837203123637813 -0.29864713449507 0.458149213699206 0.416340163492004 0.195157017101701 0.88801716753686 -0.209888366585031 0.344227304319067 -0.338094486362182 0.468408148409761 -0.0364804569814432 0.26100418420942
25.4943231023961 16.3240056773322 9.16491258166165 -0.515728918309393 -0.775808536208501 0.363517097561884 0.277729670686156 0.24999803511519 0.92755975435048 -0.180441331812675 -0.00701186498637049 -0.477213334970753 0.450013205023528 0.100050674380234 0.519386693687424
25.4838186155253 16.3466864540703 9.65882113144208 -0.160766119545743 -0.982307329304375 0.0960543937033636 0.0896866870185981 0.0823784014239916 0.992557296715485 -0.251970221539875 -0.329526514541439 0.0983272545025867 0.457346481305576 0.0201871022675641 -0.185998676151081
25.3659583484046 16.4287705246129 10.1089886404749 0.415928537149491 -0.8973774521026 -0.14736702915572 0.0736092069197913 -0.128295933015809 0.989000370450382 0.182983151048162 0.00378890516801389 -0.304333981965585 0.375232585016156 -0.106023037304986 0.0756730044529021
25.3523715828593 16.2146154140388 10.5675595124034 0.853431863894914 -0.40999686645241 -0.321801964282619 0.314883084405152 -0.0864202859603312 0.945187844083912 -0.311197010828999 -0.605993280777893 0.175600005732909 0.394753277751915 0.00959951016897295 -0.0412722946419879
25.5412178009829 16.053049261981 11.0013594752292 0.808560246722253 0.0112401338777976 -0.588305931989843 0.586378937321038 -0.0984599632536788 0.804030635218052 0.00541807495259732 0.441513558844144 -0.414280186674761 0.503547187600877 0.436639449843706 -0.322542698013632
25.8412998433999 15.7660690223127 11.2038626500306 0.650020791708232 0.676106893079166 -0.34691831954412 0.552639205496338 -0.107233629305203 0.826493040644899 0.192759306417596 -0.0342125265839553 -0.703519626032916 0.621387090199576 0.0374644637029842 -0.192163393733959
26.1960846279505 15.7296786667063 11.5285280537472 0.194260642958987 0.956073075336274 -0.219515282718158 0.584193253431277 0.0670113307965511 0.808843379194148 -0.00331564474974988 0.537517449478964 -0.333131054736393 0.357410325524982 0.0642677711980631 -0.110370312840266
26.5648660437392 15.702025575941 11.9347635309811 -0.354156976808861 0.935152329712373 -0.00792709963465858 0.369147292756484 0.147580048484889 0.917578490738771 0.406414715634784 0.105404112073384 0.292207814678293 0.510942872043715 0.122892824177173 -0.320026847182624
26.8719950170309 15.9352623758693 12.179871073856 -0.853376946373588 0.359577507628578 0.37742772239119 0.454253305415937 0.157747803551081 0.876794986446271 -0.357420449234735 -0.059015968069147 0.934942423921786 0.182573666387468 -0.150719308334437 0.470929928180986
26.9334340561949 16.2347805430842 12.5763682819374 -0.825555636916098 -0.438592266465071 0.355098022597471 0.363036308640378 0.0689859044932179 0.929217662564928 -0.71204616693897 0.22673458810719 -0.0449964086623679 0.117600332206874 0.363102093341703 0.736667692050345
26.1590818212542 14.8728201609908 14.4185700708405 -0.619576283782064 -0.766037682149489 0.171205665675017 0.39651125672099 -0.117204746121473 0.910517300272374 -4.08949974189976 -6.22072149453905 6.2106913008826 -0.273396398280985 0.113390745682539 0.171549697176409
