
#id1 id2 FENE BEXC STCK NEXC HB CRSTCK CXSTCK total, t = 100
0 1 1.94997 0 0 0 0 0 0 1.94997
1 2 0.0227201 0 -0.926413 0 0 0 0 -0.903693
2 3 0.0493599 0 -1.16195 0 0 0 0 -1.11259
3 4 0.0736113 0 -1.03239 0 0 0 0 -0.958781
4 5 0.110118 0 -1.19779 0 0 0 0 -1.08767
5 6 0.108521 0 -1.17076 0 0 0 0 -1.06224
6 7 1.37284 0 0 0 0 0 0 1.37284
7 8 1.53136 0 0 0 0 0 0 1.53136
8 9 0.0767987 0 -1.08385 0 0 0 0 -1.00705
9 10 0.0559768 0 -0.932741 0 0 0 0 -0.876765
10 11 0.093293 0 -1.34831 0 0 0 0 -1.25502
11 12 0.197689 0 -1.42759 0 0 0 0 -1.2299
12 13 0.116889 0 -1.32353 0 0 0 0 -1.20665
13 14 0.339939 0 -1.36979 0 0 0 0 -1.02985
14 15 0.281365 0 -1.21383 0 0 0 0 -0.932466
15 16 0.0765207 0 -1.2406 0 0 0 0 -1.16407
16 17 0.0556872 0 -1.26508 0 0 0 0 -1.2094
17 18 0.0683278 0 -1.34995 0 0 0 0 -1.28162
18 19 0.453646 0 -1.24742 0 0 0 0 -0.79377
19 20 0.0969909 0 -1.35568 0 0 0 0 -1.25869
20 21 0.0514783 0 -1.20993 0 0 0 0 -1.15845
21 22 0.09037 0 -1.40348 0 0 0 0 -1.31311
22 23 0.0492332 0 -1.24265 0 0 0 0 -1.19342
23 24 0.0781848 0 -1.14886 0 0 0 0 -1.07068
24 25 0.425399 0 -1.09379 0 0 0 0 -0.668391
25 26 0.0411628 0 -1.04823 0 0 0 0 -1.00707
27 28 0.00992607 0 -1.04011 0 0 0 0 -1.03018
28 29 0.327359 0 -1.43047 0 0 0 0 -1.10311
29 30 0.00476454 0 -1.28025 0 0 0 0 -1.27549
30 31 0.0215983 0 -0.993196 0 0 0 0 -0.971598
31 32 0.161165 0 -0.747539 0 0 0 0 -0.586374
32 33 0.039283 0 -1.35857 0 0 0 0 -1.31929
33 34 0.369353 0 -1.33081 0 0 0 0 -0.961452
34 35 0.138855 0 -1.22496 0 0 0 0 -1.0861
35 36 0.47909 0 -1.3845 0 0 0 0 -0.905408
36 37 0.154145 0 -1.20336 0 0 0 0 -1.04922
37 38 0.11261 0 -1.30375 0 0 0 0 -1.19114
38 39 0.230216 0 -1.22064 0 0 0 0 -0.990428
39 40 0.0894283 0 -1.36006 0 0 0 0 -1.27063
40 41 0.0668284 0 -1.37511 0 0 0 0 -1.30828
41 42 0.011969 0 -1.1695 0 0 0 0 -1.15753
42 43 0.0297405 0 -1.20885 0 0 0 0 -1.17911
43 44 0.104247 0 -1.21858 0 0 0 0 -1.11433
44 45 0.180038 0 -1.37554 0 0 0 0 -1.19551
45 46 0.0275057 0 -1.25914 0 0 0 0 -1.23164
46 47 0.153169 0 -1.27074 0 0 0 0 -1.11757
47 48 0.00123225 0 -0.747843 0 0 0 0 -0.746611
48 49 0.00315497 0 -0.982716 0 0 0 0 -0.979561
49 50 0.0237256 0 -0.852231 0 0 0 0 -0.828506
50 51 1.77582 0 0 0 0 0 0 1.77582
52 53 0.0752622 0 -1.19736 0 0 0 0 -1.1221
53 54 0.237053 0 -1.19492 0 0 0 0 -0.957866
54 55 0.12681 0 -1.28963 0 0 0 0 -1.16282
55 56 0.213746 0 -1.31985 0 0 0 0 -1.10611
56 57 0.208473 0 -1.35712 0 0 0 0 -1.14865
57 58 0.127096 0 -1.35566 0 0 0 0 -1.22857
58 59 0.87483 0 -1.15893 0 0 0 0 -0.284098
59 60 0.0257808 0 -1.24846 0 0 0 0 -1.22268
60 61 0.13287 0 -1.376 0 0 0 0 -1.24313
61 62 0.190426 0 -1.29135 0 0 0 0 -1.10092
62 63 0.00493537 0 -1.17664 0 0 0 0 -1.1717
63 64 0.0819267 0 -0.879861 0 0 0 0 -0.797934
64 65 0.0432388 0 -1.21564 0 0 0 0 -1.1724
65 66 0.216255 0 -1.0896 0 0 0 0 -0.873349
66 67 0.0744171 0 -1.28781 0 0 0 0 -1.21339
67 68 0.0146561 0 -1.12105 0 0 0 0 -1.1064
68 69 0.170954 0 -1.27853 0 0 0 0 -1.10757
69 70 0.0696628 0 -1.38301 0 0 0 0 -1.31335
70 71 0.047356 0 -1.28257 0 0 0 0 -1.23522
71 72 0.115112 0 -1.35473 0 0 0 0 -1.23962
72 73 0.125307 0 -1.27885 0 0 0 0 -1.15354
73 74 0.0323089 0 -1.21699 0 0 0 0 -1.18468
74 75 0.14857 0 -0.998402 0 0 0 0 -0.849832
75 76 1.74379 0 0 0 0 0 0 1.74379
#Total energy per particle is  -0.857176 and should be -0.85717610

