
#id1 id2 FENE BEXC STCK NEXC HB CRSTCK CXSTCK total, t = 100
0 1 0.032222 0 -0.724195 0 0 0 0 -0.691973
1 2 0.000202375 0 -0.944182 0 0 0 0 -0.94398
2 3 0.0325379 0 -0.82798 0 0 0 0 -0.795442
3 4 4.0638e-05 0 -1.35777 0 0 0 0 -1.35773
4 5 4.53158e-05 0 -1.09464 0 0 0 0 -1.0946
5 6 0.152384 0 -0.106765 0 0 0 0 0.0456189
6 7 0.393739 0 -0.105246 0 0 0 0 0.288493
7 8 0.11248 0 -0 0 0 0 0 0.11248
7 9 0 0 0 0 -0 -0.00179628 0 -0.00179628
8 9 0.00947264 0 -1.17792 0 0 0 0 -1.16845
9 10 0.0399467 0 -1.24621 0 0 0 0 -1.20627
10 11 0.227907 0 -1.18011 0 0 0 0 -0.9522
11 12 0.11481 0 -1.19345 0 0 0 0 -1.07864
12 13 0.107734 0 -1.36904 0 0 0 0 -1.2613
13 14 0.404303 0 -1.35744 0 0 0 0 -0.953139
14 15 0.164527 0 -1.20776 0 0 0 0 -1.04324
15 16 0.0969322 0 -1.20378 0 0 0 0 -1.10685
16 17 0.0287099 0 -1.43386 0 0 0 0 -1.40515
17 18 0.131842 0 -1.08118 0 0 0 0 -0.949334
18 19 0.234584 0 -1.15824 0 0 0 0 -0.923653
19 20 0.107613 0 -0.985229 0 0 0 0 -0.877616
20 21 0.158356 0 -0.911075 0 0 0 0 -0.752719
21 22 0.243655 0 -0.962457 0 0 0 0 -0.718801
22 23 0.127338 0 -1.07437 0 0 0 0 -0.947029
23 24 0.0850301 0 -1.34659 0 0 0 0 -1.26156
24 25 0.1257 0 -1.23255 0 0 0 0 -1.10685
25 26 0.0840553 0 -0.969033 0 0 0 0 -0.884978
27 28 0.0299165 0 -1.26936 0 0 0 0 -1.23944
28 29 0.129155 0 -1.30721 0 0 0 0 -1.17806
29 30 0.285049 0 -1.30882 0 0 0 0 -1.02378
30 31 0.23303 0 -1.35563 0 0 0 0 -1.1226
31 32 0.0439126 0 -1.40134 0 0 0 0 -1.35743
32 33 0.216864 0 -1.30091 0 0 0 0 -1.08404
33 34 0.331502 0 -1.17653 0 0 0 0 -0.845028
34 35 0.0344984 0 -1.28175 0 0 0 0 -1.24725
35 36 0.0566102 0 -1.39454 0 0 0 0 -1.33793
36 37 0.031019 0 -1.19316 0 0 0 0 -1.16214
37 38 0.137015 0 -1.37267 0 0 0 0 -1.23565
38 39 0.0772208 0 -1.36418 0 0 0 0 -1.28696
39 40 0.185992 0 -1.15507 0 0 0 0 -0.969074
40 41 0.226179 0 -1.40658 0 0 0 0 -1.1804
41 42 0.0805163 0 -1.30209 0 0 0 0 -1.22157
42 43 0.227223 0 -1.32811 0 0 0 0 -1.10089
43 44 0.0458144 0 -0.793446 0 0 0 0 -0.747631
44 45 0.0437967 0 -0.384542 0 0 0 0 -0.340746
45 46 0.0576521 0 -0.947164 0 0 0 0 -0.889512
46 47 0.0421766 0 -1.14548 0 0 0 0 -1.10331
47 48 0.0529119 0 -1.29249 0 0 0 0 -1.23958
48 49 0.52391 0 -1.10153 0 0 0 0 -0.577618
49 50 0.15802 0 -0 0 0 0 0 0.15802
50 51 0.00166084 0 -0.781634 0 0 0 0 -0.779973
52 53 0.112534 0 -1.35288 0 0 0 0 -1.24035
53 54 0.193072 0 -1.36656 0 0 0 0 -1.17349
54 55 0.320529 0 -1.30236 0 0 0 0 -0.981831
55 56 0.18759 0 -1.15509 0 0 0 0 -0.967499
56 57 0.042178 0 -1.2854 0 0 0 0 -1.24323
57 58 0.0717525 0 -1.37379 0 0 0 0 -1.30204
58 59 0.00451956 0 -1.26606 0 0 0 0 -1.26154
59 60 0.207252 0 -1.13066 0 0 0 0 -0.923406
60 61 0.169471 0 -1.36591 0 0 0 0 -1.19644
61 62 0.020099 0 -1.22917 0 0 0 0 -1.20907
62 63 0.0497051 0 -1.32026 0 0 0 0 -1.27056
63 64 0.0487528 0 -1.28868 0 0 0 0 -1.23993
64 65 0.072839 0 -1.16384 0 0 0 0 -1.091
65 66 0.108334 0 -1.18282 0 0 0 0 -1.07448
66 67 0.277962 0 -1.35872 0 0 0 0 -1.08076
67 68 0.252608 0 -1.37169 0 0 0 0 -1.11909
68 69 0.0345116 0 -1.31858 0 0 0 0 -1.28406
69 70 0.140791 0 -1.04855 0 0 0 0 -0.907763
70 71 0.410519 0 -1.29671 0 0 0 0 -0.886187
71 72 0.189919 0 -1.08399 0 0 0 0 -0.894068
72 73 0.0113614 0 -1.22114 0 0 0 0 -1.20978
73 74 0.506304 0 -1.25125 0 0 0 0 -0.74495
74 75 0.199941 0 -1.28638 0 0 0 0 -1.08644
75 76 0.0563962 0 -0.0227351 0 0 0 0 0.0336611
#Total energy per particle is  -0.941605 and should be -0.94160510

