t = 0
b =  30.0 30.0 30.0
E = 0. 0. 0.
25.7681277848 8.77385161568 24.6621620353 -0.428969520415 0.90267064186 0.0342178736819 0.399221435178 0.155466811468 0.903577509805 0.0 0.0 0.0 0.0 0.0 0.0
26.1599248012 9.07850408368 24.8679946707 -0.822628403736 0.495908509045 0.278131731423 0.399221435178 0.155466811468 0.903577509805 0.0 0.0 0.0 0.0 0.0 0.0
26.3642036471 9.49619891193 25.137227443 -0.903757002864 -0.0992575575051 0.416378694282 0.399221435178 0.155466811468 0.903577509805 0.0 0.0 0.0 0.0 0.0 0.0
26.3624710558 9.89126797681 25.5013737518 -0.641533206593 -0.656714018461 0.396436429703 0.399221435178 0.155466811468 0.903577509805 0.0 0.0 0.0 0.0 0.0 0.0
26.2145009498 10.1366390605 25.9558877572 -0.135580219274 -0.96467384413 0.225881337416 0.399221435178 0.155466811468 0.903577509805 0.0 0.0 0.0 0.0 0.0 0.0
26.0356253285 10.1621127111 26.4618914206 0.421881960127 -0.906137947928 -0.0304898514901 0.399221435178 0.155466811468 0.903577509805 0.0 0.0 0.0 0.0 0.0 0.0
25.9529177134 9.98103218798 26.9609449214 0.819064129386 -0.503345095489 -0.275277436052 0.399221435178 0.155466811468 0.903577509805 0.0 0.0 0.0 0.0 0.0 0.0
26.0569157923 9.68521413448 27.397248922 0.90507014187 0.0906769742068 -0.415482520264 0.399221435178 0.155466811468 0.903577509805 0.0 0.0 0.0 0.0 0.0 0.0
26.3672246385 9.4100659001 27.738843669 0.647224875491 0.650249345364 -0.397838848531 0.399221435178 0.155466811468 0.903577509805 0.0 0.0 0.0 0.0 0.0 0.0
26.8250684155 9.28314202446 27.989751038 0.14348805789 0.962781118628 -0.22904954673 0.399221435178 0.155466811468 0.903577509805 0.0 0.0 0.0 0.0 0.0 0.0
27.3156202998 9.3756841351 28.1884465556 -0.414762271896 0.909536248083 0.026759507378 0.399221435178 0.155466811468 0.903577509805 0.0 0.0 0.0 0.0 0.0 0.0
27.7116271111 9.67555506211 28.3932419037 -0.815437480132 0.510743350257 0.272402177238 0.399221435178 0.155466811468 0.903577509805 0.0 0.0 0.0 0.0 0.0 0.0
27.9217549232 10.0918499519 28.6601313367 -0.906314356279 -0.0820894855058 0.414554705643 0.399221435178 0.155466811468 0.903577509805 0.0 0.0 0.0 0.0 0.0 0.0
27.9252883493 10.4894325409 29.0215185279 -0.652867255708 -0.643735153262 0.39921097039 0.399221435178 0.155466811468 0.903577509805 0.0 0.0 0.0 0.0 0.0 0.0
27.7800006639 10.7402756814 29.4739058724 -0.151384969335 -0.960815073615 0.232200313034 0.399221435178 0.155466811468 0.903577509805 0.0 0.0 0.0 0.0 0.0 0.0
27.6002047699 10.7721009956 29.9792232855 0.407610997911 -0.912865283531 -0.0230271254259 0.399221435178 0.155466811468 0.903577509805 0.0 0.0 0.0 0.0 0.0 0.0
27.5133238158 10.5958386398 30.4792916647 0.811748732157 -0.51810270994 -0.269506173943 0.399221435178 0.155466811468 0.903577509805 0.0 0.0 0.0 0.0 0.0 0.0
27.6114810107 10.3014747549 30.917926103 0.907489551342 0.0734957453727 -0.413595321077 0.399221435178 0.155466811468 0.903577509805 0.0 0.0 0.0 0.0 0.0 0.0
27.9165004773 10.0238642275 31.2622814749 0.658459917556 0.637171938235 -0.400552690788 0.399221435178 0.155466811468 0.903577509805 0.0 0.0 0.0 0.0 0.0 0.0
28.3716159029 9.8914970635 31.5153308483 0.159270352228 0.958775858815 -0.235333396385 0.399221435178 0.155466811468 0.903577509805 0.0 0.0 0.0 0.0 0.0 0.0
28.8630370103 9.97768288665 31.7147359666 -0.40042868277 0.916124800754 0.019292989869 0.399221435178 0.155466811468 0.903577509805 0.0 0.0 0.0 0.0 0.0 0.0
29.2631803869 10.272699387 31.9185389226 -0.807998166373 0.525422614096 0.266589646711 0.399221435178 0.155466811468 0.903577509805 0.0 0.0 0.0 0.0 0.0 0.0
29.479140556 10.6874859887 32.1831109969 -0.908595637562 -0.064896408254 0.412604439626 0.399221435178 0.155466811468 0.903577509805 0.0 0.0 0.0 0.0 0.0 0.0
29.487986321 11.0874794521 32.5417362662 -0.664002435132 -0.630560200099 0.401863907548 0.399221435178 0.155466811468 0.903577509805 0.0 0.0 0.0 0.0 0.0 0.0
29.3454727099 11.3437366981 32.9919664258 -0.167143606067 -0.956663629522 0.238448558187 0.399221435178 0.155466811468 0.903577509805 0.0 0.0 0.0 0.0 0.0 0.0
29.1648587086 11.3819224396 33.4965509419 0.393215873436 -0.919314551526 -0.0155573850763 0.399221435178 0.155466811468 0.903577509805 0.0 0.0 0.0 0.0 0.0 0.0
29.0738782781 11.2105504002 33.9975891515 0.804186068401 -0.532702505286 -0.263652817644 0.399221435178 0.155466811468 0.903577509805 0.0 0.0 0.0 0.0 0.0 0.0
11.1178386592 0.575959113773 -0.198351695275 -0.327540936799 0.549338074288 0.768729220765 0.944834071159 0.192456943494 0.265045095934 0.0 0.0 0.0 0.0 0.0 0.0
11.44794235 0.99966231581 -0.212217192946 -0.263945046125 -0.0318129827975 0.9640129391 0.944834071159 0.192456943494 0.265045095934 0.0 0.0 0.0 0.0 0.0 0.0
11.7178797592 1.41611374742 -0.0063359108162 -0.100072019503 -0.600877755833 0.793052024433 0.944834071159 0.192456943494 0.265045095934 0.0 0.0 0.0 0.0 0.0 0.0
11.9650057485 1.69559507568 0.380321605236 0.101820040444 -0.941659023288 0.320797386562 0.944834071159 0.192456943494 0.265045095934 0.0 0.0 0.0 0.0 0.0 0.0
12.2353416191 1.76042519995 0.840104895649 0.265028964686 -0.924688284096 -0.273333541911 0.944834071159 0.192456943494 0.265045095934 0.0 0.0 0.0 0.0 0.0 0.0
12.5660908506 1.61447260076 1.23758179658 0.327548954196 -0.556413005812 -0.763620487918 0.944834071159 0.192456943494 0.265045095934 0.0 0.0 0.0 0.0 0.0 0.0
12.9715048765 1.3416856394 1.46099138327 0.26562761968 0.0232528761087 -0.963795243512 0.944834071159 0.192456943494 0.265045095934 0.0 0.0 0.0 0.0 0.0 0.0
13.4374687267 1.07419917187 1.46470381387 0.102789911391 0.594084601629 -0.797808072298 0.944834071159 0.192456943494 0.265045095934 0.0 0.0 0.0 0.0 0.0 0.0
13.9268635404 0.942134307977 1.28655586929 -0.0990994027915 0.939213654425 -0.328720275779 0.944834071159 0.192456943494 0.265045095934 0.0 0.0 0.0 0.0 0.0 0.0
14.3936686421 1.02416322616 1.0334761275 -0.263339196999 0.92751973709 0.265253849419 0.944834071159 0.192456943494 0.265045095934 0.0 0.0 0.0 0.0 0.0 0.0
14.8004455656 1.3176202976 0.840861009032 -0.327532027471 0.563445564332 0.758453602414 0.944834071159 0.192456943494 0.265045095934 0.0 0.0 0.0 0.0 0.0 0.0
15.1325615531 1.73951480316 0.821135413099 -0.267289964662 -0.0146909986234 0.963504151185 0.944834071159 0.192456943494 0.265045095934 0.0 0.0 0.0 0.0 0.0 0.0
15.4037487848 2.15806049512 1.02104061875 -0.105499975429 -0.587246205581 0.80250336399 0.944834071159 0.192456943494 0.265045095934 0.0 0.0 0.0 0.0 0.0 0.0
15.6508872937 2.44274339604 1.40387649146 0.0963712183355 -0.936696760806 0.336618131674 0.944834071159 0.192456943494 0.265045095934 0.0 0.0 0.0 0.0 0.0 0.0
15.9199936249 2.51390624087 1.86344447789 0.261629375013 -0.930280555866 -0.257153956819 0.944834071159 0.192456943494 0.265045095934 0.0 0.0 0.0 0.0 0.0 0.0
16.2487383804 2.37301160371 2.26439421177 0.327490157914 -0.570435214291 -0.753228957732 0.944834071159 0.192456943494 0.265045095934 0.0 0.0 0.0 0.0 0.0 0.0
16.6521345276 2.1020862415 2.49364538103 0.268931954479 0.00612800236172 -0.963139684286 0.944834071159 0.192456943494 0.265045095934 0.0 0.0 0.0 0.0 0.0 0.0
17.1168337224 1.83255775763 2.50334882895 0.108202005236 0.580363088462 -0.807137541943 0.944834071159 0.192456943494 0.265045095934 0.0 0.0 0.0 0.0 0.0 0.0
17.6061975676 1.69532305803 2.32906524879 -0.0936356948382 0.934108534102 -0.344490352795 0.944834071159 0.192456943494 0.265045095934 0.0 0.0 0.0 0.0 0.0 0.0
18.0742171533 1.77101842817 2.07625508188 -0.259899628938 0.932970530175 0.249034480951 0.944834071159 0.192456943494 0.265045095934 0.0 0.0 0.0 0.0 0.0 0.0
18.4829926104 2.05938446002 1.88021233273 -0.327423348714 0.577381423399 0.747946951749 0.944834071159 0.192456943494 0.265045095934 0.0 0.0 0.0 0.0 0.0 0.0
18.8171319048 2.4793646055 1.85466411476 -0.270553464087 0.00243546057111 0.962701870572 0.944834071159 0.192456943494 0.265045095934 0.0 0.0 0.0 0.0 0.0 0.0
19.0895985285 2.8998999143 2.04856381849 -0.110895795041 -0.573435774447 0.811710253247 0.944834071159 0.192456943494 0.265045095934 0.0 0.0 0.0 0.0 0.0 0.0
19.3367864524 3.18972052027 2.42749289998 0.0908930406201 -0.931449171417 0.352336339643 0.944834071159 0.192456943494 0.265045095934 0.0 0.0 0.0 0.0 0.0 0.0
19.6046934476 3.2672172583 2.88673706118 0.258150090499 -0.935589455167 -0.240896040142 0.944834071159 0.192456943494 0.265045095934 0.0 0.0 0.0 0.0 0.0 0.0
3.78637726178 2.64816342019 9.86518168312 0.146149640281 0.906640030497 -0.395782942718 0.697534019318 0.189252875222 0.691107546706 0.0 0.0 0.0 0.0 0.0 0.0
4.32170771431 2.69259688992 9.87667409273 -0.292946362404 0.955523815916 0.0340097922803 0.697534019318 0.189252875222 0.691107546706 0.0 0.0 0.0 0.0 0.0 0.0
4.79026103432 2.95484204356 9.89591903556 -0.62074714421 0.641388128163 0.450881638578 0.697534019318 0.189252875222 0.691107546706 0.0 0.0 0.0 0.0 0.0 0.0
5.11731502327 3.3632916412 10.0179424621 -0.712715707592 0.0835783670833 0.696456012041 0.697534019318 0.189252875222 0.691107546706 0.0 0.0 0.0 0.0 0.0 0.0
5.28190544424 3.79079293024 10.2987230585 -0.533911657688 -0.505984213007 0.677435102406 0.697534019318 0.189252875222 0.691107546706 0.0 0.0 0.0 0.0 0.0 0.0
5.32479068605 4.10295510201 10.7339250078 -0.152265642502 -0.903314930972 0.401045271256 0.697534019318 0.189252875222 0.691107546706 0.0 0.0 0.0 0.0 0.0 0.0
5.33296696986 4.20920660684 11.2605452393 0.287228636016 -0.95746120404 -0.0277083635634 0.697534019318 0.189252875222 0.691107546706 0.0 0.0 0.0 0.0 0.0 0.0
5.40661703029 4.09720480008 11.7808493484 0.617599953505 -0.647851957795 -0.445935127806 0.697534019318 0.189252875222 0.691107546706 0.0 0.0 0.0 0.0 0.0 0.0
5.62104901955 3.83752511916 12.1995025312 0.713334722937 -0.0921129212772 -0.694743681357 0.697534019318 0.189252875222 0.691107546706 0.0 0.0 0.0 0.0 0.0 0.0
5.99808568135 3.55684829493 12.4597888699 0.538061704805 0.49862135408 -0.679607494866 0.697534019318 0.189252875222 0.691107546706 0.0 0.0 0.0 0.0 0.0 0.0
6.49777352569 3.38983222406 12.5651586587 0.158370049105 0.899921040518 -0.406277058644 0.697534019318 0.189252875222 0.691107546706 0.0 0.0 0.0 0.0 0.0 0.0
7.0335618277 3.42795318268 12.5779175793 -0.281489036056 0.959325677785 0.0214048247474 0.697534019318 0.189252875222 0.691107546706 0.0 0.0 0.0 0.0 0.0 0.0
7.50518469509 3.68475245975 12.5955557304 -0.614405730173 0.654266450992 0.440954657348 0.697534019318 0.189252875222 0.691107546706 0.0 0.0 0.0 0.0 0.0 0.0
7.83675375696 4.0906917949 12.7137095094 -0.713899415082 0.100640460716 0.692978443253 0.697534019318 0.189252875222 0.691107546706 0.0 0.0 0.0 0.0 0.0 0.0
8.00558942469 4.51957212624 12.9898277464 -0.542170776439 -0.491220523206 0.681728132584 0.697534019318 0.189252875222 0.691107546706 0.0 0.0 0.0 0.0 0.0 0.0
8.05083724688 4.83647872386 13.4213459327 -0.164462395215 -0.896458617592 0.411477906461 0.697534019318 0.189252875222 0.691107546706 0.0 0.0 0.0 0.0 0.0 0.0
8.0585958609 4.94903755139 13.9466605207 0.275727999615 -0.961117095166 -0.0150996558711 0.697534019318 0.189252875222 0.691107546706 0.0 0.0 0.0 0.0 0.0 0.0
8.12920668111 4.84250970684 14.4685331417 0.611164717466 -0.660631119266 -0.435940606485 0.697534019318 0.189252875222 0.691107546706 0.0 0.0 0.0 0.0 0.0 0.0
8.3391325179 4.58539097787 14.8910330877 0.714409741022 -0.109160335993 -0.691160432156 0.697534019318 0.189252875222 0.691107546706 0.0 0.0 0.0 0.0 0.0 0.0
8.71190807763 4.30338914687 15.1559829915 0.54623855967 0.483782283987 -0.683796854066 0.697534019318 0.189252875222 0.691107546706 0.0 0.0 0.0 0.0 0.0 0.0
9.20919873422 4.13166550272 15.2650613808 0.170542216877 0.892927925872 -0.416647418642 0.697534019318 0.189252875222 0.691107546706 0.0 0.0 0.0 0.0 0.0 0.0
9.74536449452 4.16348480738 15.279164978 -0.269945965421 0.962835319759 0.00879333709755 0.697534019318 0.189252875222 0.691107546706 0.0 0.0 0.0 0.0 0.0 0.0
10.2199960635 4.41478245347 15.2952730166 -0.607877162199 0.666945477922 0.430893357057 0.697534019318 0.189252875222 0.691107546706 0.0 0.0 0.0 0.0 0.0 0.0
10.5560620142 4.81811034224 15.4096032095 -0.714865661895 0.117671898289 0.689289786517 0.697534019318 0.189252875222 0.691107546706 0.0 0.0 0.0 0.0 0.0 0.0
10.7291743149 5.24826154392 15.681057031 -0.550264744719 -0.476307202874 0.685813501769 0.697534019318 0.189252875222 0.691107546706 0.0 0.0 0.0 0.0 0.0 0.0
