t = 100
b = 30 30 30
E = -0.691543411419929 -0.86008411333174 0.168540701911811
28.3958180347625 19.1757896053779 9.91735539167902 0.982205080183332 -0.153524212954129 0.108182150686008 0.082628727431327 0.870510417452765 0.48516387932667 -0.450964913029087 -4.98802827278188 6.64467830401048 -0.338906399610853 -0.622379627307281 0.0227645729362194
28.8733245264621 20.4800283536264 8.75711966470964 0.866689122701573 0.0160918168280975 -0.498588907691935 0.371303866011478 0.646664007510127 0.666302470260432 -0.304889200413482 -0.955055713335409 -0.793967731255821 0.265980823700159 0.326667873119937 -0.290189833412452
29.1745795168849 20.5741009727856 9.02390531900615 0.491893765113017 0.4853488604003 -0.722825628070979 0.413479752318438 0.600391019989347 0.684518078734473 0.00906022961789479 -0.48712293207028 -0.388366784395685 0.202117092574407 0.21086981693529 0.251543511782795
29.4110670231268 20.7998655140602 9.38065793976006 -0.167612299191726 0.601744745357583 -0.78090284937572 0.439076581549975 0.754774347578067 0.487367748245993 0.187568989322634 -0.105631969144712 -0.0890889846056026 0.355520785561818 0.372330654888624 0.098624193382431
29.8583180917795 21.0361254214182 9.30666092384114 -0.699491589770831 0.63974718213781 -0.318488528577307 0.484176113357692 0.75203772462459 0.447227726002554 -0.211016847875649 -0.128950856985053 -0.386333833001829 0.590232246939212 -0.24248013530434 0.267201397129485
30.1355587064466 21.4335948603035 9.46908776432067 -0.905300173870887 0.369877318447054 -0.208859397849485 0.200851457646849 0.806002926649709 0.556792470957586 -0.151403868222695 0.318390874270856 0.558243627812523 0.328264329952405 0.07668936814682 -0.320895547864915
29.9740981877515 21.9071003673391 9.55003769695607 -0.894113898544296 -0.146671171082639 0.423140384933572 0.20016414140747 0.71433828388752 0.670563206247634 -1.05854985819679 0.601748949914969 0.727923228374628 0.212418533912896 0.409317874339776 0.516950675773606
29.7231914011306 21.5483777040659 10.4005993498391 -0.685182347774054 -0.579690440430179 0.441003430395834 0.157255307284301 0.473451405314673 0.866668573377471 -1.66534803826329 -3.12005920163315 2.93166987851912 -0.0597771118898776 0.936459766938081 -0.161548770062667
29.9982406404509 22.8290163270425 9.93957031304768 0.0633953100164126 -0.569068575181868 0.819842589940209 0.327037056213366 0.787980542714156 0.521663980906257 -0.428594422923805 -0.53701132474159 0.275361281795947 0.176319039557677 -0.489536236627727 -0.453549407618157
30.0085335485967 23.1520867664839 10.181548733705 0.629486286521239 -0.68359265034594 0.369388663925678 0.145089937470107 0.570445994472504 0.808418312837763 -0.149140429711445 0.232598986780874 0.194817992376754 0.387429240061952 -0.110653106382992 -0.107269086228032
30.0673653676908 23.2840088399517 10.608441325067 0.851408895312377 -0.524440893234843 0.00803269800794381 0.306080634648876 0.509229884392693 0.804362765635394 0.742304119329983 0.397721186485886 0.0551188978364069 0.62266934806737 -0.253977309695679 -0.179141247476045
30.1540586972713 23.3464201893113 11.0444570313226 0.908931086190208 -0.0206172905063243 -0.416436176368133 0.343489003822725 0.603183495285817 0.719850580309169 0.451844016614578 -0.221398243096966 -0.191278885601808 0.716143001544871 0.262045561996636 -0.04908768348146
30.4142961651222 23.414471781961 11.4286114356478 0.607599372936599 0.374606832115412 -0.700351772495579 0.49963028817139 0.505183601649281 0.703675345620242 -0.134958903672694 0.287999913191368 -0.489095092125941 0.363479871173911 0.232605141668263 0.0256258974430849
30.8440064849886 23.5564500850207 11.6581455715159 0.0562751889132098 0.648961815338092 -0.758736810240156 0.470851877977311 0.65287557287959 0.593339597793281 -0.0741737468984083 0.224593636772084 -0.291644904449905 0.555073632632431 -0.131523756354658 -0.126606151190719
31.2475095696359 23.7637088073049 11.7181972746156 -0.588133141534869 0.787908604744619 -0.182481018523007 0.52026608628183 0.541329232872711 0.660519297618298 -0.173880914216317 0.0917103222645727 -0.38233935139986 0.415514182023005 -0.594022825226575 0.183580848832756
31.5395253792938 24.1328780503662 11.913113798495 -0.865975747525087 0.499274556400467 0.0284746020586863 0.438178911470981 0.730102225638614 0.524356619253543 -0.0666104261643134 0.499087783909681 -0.0957927743555226 0.363803953734168 -0.208091201414879 -0.316132302408113
31.6943246434742 24.5854910711023 11.9921344652387 -0.956492193763206 0.138080568178989 0.257014255739171 0.259329600477525 0.805996195958044 0.532088502340032 -0.180736534100675 -0.195411209734982 0.754065069909432 0.180848910130731 0.580479243484423 0.0396281698918884
31.6599533369495 25.0768136882794 12.0927895930369 -0.674235257539686 -0.406548451206555 0.616542826922609 0.246616165131639 0.662972793602485 0.706857427629236 -0.333210146787377 -0.260648064213578 0.208317588981209 0.499445646074652 0.0516100713003319 -0.722403776125499
31.448095441225 25.418138272871 12.3423661446423 -0.0579667697203255 -0.585745200532605 0.808419628685552 0.247866900882414 0.775980342668496 0.580014128471893 0.460985303287072 -0.384982507064046 0.573813871230849 0.52825836779474 -0.00896202090103103 0.100919797513713
31.3646921420162 25.6816984758808 12.7205562266486 0.600090141042941 -0.631327397812429 0.491240694765854 0.262147239631722 0.735397163417775 0.624875762018239 0.55289557302077 -0.498496847024592 0.0564486840161272 0.344965465609809 -0.14278020151006 -0.00723743046532437
31.3450054919511 25.9133058557806 13.1113013347933 0.918507467447326 -0.395362301973437 0.00570642276380544 0.264527093748808 0.625149144859282 0.734311818519431 0.00433528186518271 0.0770673830843866 0.0238065453445788 0.424077986518733 0.101480968148266 0.0886088604778326
31.4666488758088 26.0426432775414 13.5894737817605 0.90725241974601 -0.00386557191780162 -0.420568644873262 0.35807017598825 0.531659778890925 0.767543819451245 0.244786984778384 0.392891295066202 -0.321045445525371 0.38203258162988 -0.21079801131798 0.0299929698684114
31.7761768789979 26.1208913299558 13.9372155181021 0.5110182814119 0.44925224616294 -0.732825092663132 0.457352320922751 0.57974566577204 0.674332041140249 -0.0917590979783081 0.00491271695625307 -0.396991502412253 0.361275499653921 0.128020693466602 0.153368906623144
32.1716512472551 26.2331021829533 14.2064134376616 -0.0550606915054428 0.727702094951619 -0.683679649062635 0.452552917515825 0.628537846064478 0.6325629733621 0.502861084641663 0.0342151975550847 -0.236028500133054 0.373896482431144 -0.00835548524647663 0.0496542875687523
32.5572940391869 26.5418049548469 14.2449543628353 -0.597394674297145 0.751998432203478 -0.278599791435414 0.442398377190123 0.598789764173151 0.667633413668123 -0.181441314179494 -0.133275525577312 -0.229447524759982 0.431756508611037 -0.392679168415332 0.171122889047528
32.9739401685023 26.8836987236776 14.4520887565362 -0.880153762178705 0.473323096065048 -0.0359789206503057 0.375754961199434 0.741025180139821 0.556497774635805 -0.0234976980531459 0.0333647412272897 0.293526133939201 0.223531303310085 0.0820250975449442 0.113430330506349
33.0919227253428 27.3647785712169 14.4834131967031 -0.780883991433436 -0.129588748204634 0.611086602829427 0.322822476552808 0.753775755475998 0.572370195438454 -0.132064236989645 0.715938698525943 0.769011416430134 0.104424409579126 -0.337276489607356 0.502680120661576
16.1452480580779 3.50419085828746 15.3525801037321 -0.179776478856439 0.152504760235292 0.971814077658147 0.78561748985386 0.616805577268693 0.0485378402973451 -0.226546348449843 -0.294110892762539 0.448672475015445 -0.00915782607320295 -0.0755786049562652 -0.502731614237773
16.2982971889278 3.93049180507495 15.5597708916939 0.296874598385419 -0.421353722591966 0.856928465246444 0.512561566192071 0.827468325367749 0.229296096431752 -0.249650919901437 -0.31906970334357 0.312137743895399 0.218126238563963 0.0132546103743999 -0.336270739812436
16.4166116531706 4.34797163806163 15.8204351774339 0.754383044818403 -0.528853344306343 0.388870470539311 0.554111440086738 0.830642529303679 0.0547118022375762 -0.420433730217313 -0.409340643991091 -0.300598196471804 0.516536695661713 -0.0778354398779345 0.122916725425879
16.7254126604295 4.65056825774627 16.0631407013672 0.760726198417674 -0.630866574250013 -0.15265287052846 0.649072044945944 0.73975208681079 0.177404091296679 -0.204929463502332 -0.0745065168681438 -0.453449480169637 0.290443273332858 -0.0233779385559324 -0.275870778530225
17.0801552954616 4.80022823299499 16.3537260694241 0.579600510449321 -0.422154804539899 -0.697028300589351 0.758018705540796 0.593265350333617 0.271005076396897 0.338811198406242 0.0616578277941855 -0.147628337698702 0.344631875905945 0.212135324047854 -0.086642342438242
17.4973658385967 4.94141173096455 16.5401062563514 0.181606183694215 -0.0388868155014023 -0.982602102597116 0.789146567785574 0.60196062768505 0.122028603963548 -0.145450797394921 0.51577588288789 -0.164365527202409 0.245942725474243 0.0415527646304447 0.0502643097705892
17.9904981126905 5.09075288386823 16.5068541994553 -0.384125166126984 0.431046077720951 -0.816484547630012 0.724897353665321 0.688491286229135 0.0224378432709009 0.0512666227263167 0.345831946917679 -0.456492994052614 0.51716580582816 0.100533842653994 -0.386221915310139
18.3995053818654 5.26141250680166 16.3086595854149 -0.697070952111791 0.59520307245601 -0.399781529454858 0.6940220574242 0.70014266867538 -0.167730485861377 -0.644670258457317 0.733146094345303 0.44339927782452 0.427143427609396 0.256129084439702 0.105787422631409
18.6936108715209 5.5324464471184 15.9921955443718 -0.729956842014749 0.639339925160009 0.2416761256844 0.648517951959937 0.759522714911319 -0.0504935234243125 -0.184180468679953 0.268010638858878 -0.396879692983051 0.512818573456504 -0.318134153935842 -0.269218178859905
18.9310058316372 5.89223243804833 15.7835094799909 -0.58461951834769 0.37417905522394 0.719867998179733 0.617382205875203 0.780843055773163 0.0955155277880604 0.17899367598869 0.069047673344748 -0.42511499172109 0.392789949619576 -0.00839706418417047 0.03966338135576
19.1006571543253 6.25576724114578 15.726456269258 -0.179902403023058 -0.0726518698764675 0.980997814508337 0.603121030865569 0.77968205617859 0.168347248087441 0.327761375140933 0.212857547109604 -0.0876252416213083 0.229754932637996 -0.124279063168238 -0.0828346832956028
19.1201036217095 6.68211367803266 15.8488910896898 0.494732732494743 -0.501936239744863 0.709435987543108 0.536129430555204 0.81876224467392 0.205410581564028 -0.365680456189534 -0.00715361391913026 0.325133877647128 0.401168658641878 -0.200741639213958 0.0766743636676668
19.3938997255795 7.06916232669734 16.0880790136482 0.625691537913247 -0.707998781669315 0.327486954582836 0.609622401461039 0.705726585564494 0.360985322681892 0.197893533689507 0.044373522359317 -0.39822534727579 0.427515153310704 0.314809879457916 0.222779472765969
19.7060326269177 7.29798294794539 16.3369415313027 0.665670081081481 -0.74050643477289 -0.0923766613326898 0.735488747152228 0.630085292670536 0.249095785789852 0.294138547106772 -0.330588500720341 -0.535107072543363 0.57786839050078 0.140828909424884 -0.420496190764783
20.0283671287538 7.40325361227208 16.6514312581258 0.550114229007025 -0.44816339108048 -0.704644443610564 0.784558289805509 0.566426760769607 0.25224769724635 0.19057533488494 -0.786911962482583 -0.264932128766527 0.454451021315394 0.226760099239771 -0.201911859307245
20.4104302769796 7.45875260038278 16.9346613337013 0.190270740681394 -0.0258194780016571 -0.981392012236489 0.743559276766337 0.65652037184598 0.126887684796341 -0.193338338074421 -0.315760741860041 0.00830498824884774 0.504821414661712 -0.236727123189365 -0.21477884086671
20.8396194770229 7.62887088171129 16.9262627992843 -0.316015177009448 0.319068505443024 -0.893492909164503 0.790902954255477 0.608757673459869 -0.0623417800740763 -0.205186770516215 0.0399506170150518 -0.513479193814872 0.34643811762831 0.163183323056114 -0.336976470441472
21.2042151519584 7.66675293615025 16.7536879846551 -0.58001173892728 0.767841421519139 -0.272040099505383 0.808415202144832 0.58365714774321 -0.0762173330848942 -0.153978208912771 0.0203308207121804 -0.160936230401494 0.530633450672479 -0.485618617300755 0.234525345457982
21.5265394299924 7.99634901611525 16.5832101547313 -0.688010133240487 0.691741842655583 0.219397266594167 0.695908283779431 0.714626643321803 -0.0708541158530316 0.14141441246536 -0.208763767724646 0.206668974638159 0.527254993198285 -0.15992646674631 -0.0914947844092192
21.7229830795328 8.44868699911581 16.4848312803163 -0.651122996306693 0.419527545640774 0.632483490973557 0.584752576381237 0.808548895877692 0.0656733644488681 -0.153140129951952 0.230107643493258 0.688381318773728 0.404294572152403 0.677507031982709 0.0216239341665272
21.8038344063621 8.93860510581651 16.3965273610102 -0.289426650121824 -0.0208535507382733 0.956972949605949 0.554582433713492 0.811210943970598 0.185404997363127 0.16840650786034 -0.467977048570361 0.503959674531837 0.415881804451109 -0.0954084811840388 -0.457722935929464
21.8164027614494 9.39148119155984 16.4666519017934 0.353651748467532 -0.336125821699014 0.872897332937991 0.607907051751528 0.791841130755706 0.0586218533509806 -0.0880188606477864 0.107218969488773 -0.0318626637946502 0.607379947424618 -0.268990484237518 0.0175028385839174
22.02967149122 9.80728059002461 16.6946594877705 0.700940462591738 -0.571757514678409 0.426351607668452 0.561295119842426 0.81103346241554 0.164840510137379 0.647120043444384 -0.0417032902561896 0.106574441656711 0.269108900405017 -0.374945427918284 0.0157116796559461
22.2550916462131 10.2906362057937 16.9042525982277 0.777766825102412 -0.601057548086934 -0.183870798870416 0.626426814265053 0.717188996647405 0.305334691870651 0.285367281533243 0.354655817301548 0.144068955511491 0.243336013062238 0.250071660308356 0.00288516959151458
23.0872680189331 11.3719016569816 16.4326422752344 0.587494247285641 -0.266680020847279 -0.76402366253607 0.463791337646838 0.884651453806036 0.047846519759121 2.26081452050146 4.19058255098889 -3.39249929374929 -0.525234029420919 -0.295951909863338 0.0297533782248547
19.9822781579175 3.71227276094114 23.9089763606305 -0.541216410996793 0.591428601281722 0.597743164382284 0.797407764660257 0.586590706446451 0.141605375204547 0.0942214238183483 0.490619016981233 0.0194350257975505 0.280243625696321 0.23042195140316 0.125400374090236
20.2789833662647 4.15243402450213 23.9736082222865 -0.569834582597451 0.189150803128321 0.799693943345223 0.615572992307852 0.74293160232972 0.262911420642226 -0.282911117262386 -0.166701137604341 -0.342016656365973 0.636063669698509 0.99070629031714 -0.154059971588
20.2801288533415 4.65505451901757 24.0678835769312 -0.0657190117937432 -0.311397959237846 0.948004326862633 0.698693254144489 0.66392379729741 0.266519821523156 0.375998898081729 0.0445325761092305 -0.111505981957431 0.577608525249238 -0.222484777502401 0.240799908641745
20.4978825266591 5.01181183434044 24.2980207317405 0.264097059806402 -0.762684957899398 0.590393326792799 0.805059758402207 0.511421286988412 0.300544396834983 -0.541222401682885 0.177787642090989 0.0198670463610414 0.416713316534654 0.200567988174927 0.108866790369464
20.739142974579 5.15483553315441 24.6422385018914 0.475003482910323 -0.878373289612508 -0.0532159778733921 0.82926261366283 0.426571214856001 0.361054566006969 0.380017036861312 -0.233318368147001 0.0232077300097608 0.489243380783693 0.0191075337311722 0.283667333053183
21.0306510148743 5.13141283318729 24.9866112428243 0.531507190306468 -0.632458992979272 -0.56346748960851 0.846977287474523 0.405753515311442 0.343501736505035 -0.632733487513792 -0.535887197994495 -0.0662227308916734 0.674672282639857 0.37850227881681 0.377049833776189
21.4309412837832 5.13863191454372 25.184302995903 0.361178941993047 -0.386858831936237 -0.848463256490799 0.922115978823451 0.28355808504115 0.263242892608005 0.443843843295766 0.139750139715143 -0.0415113387788762 0.644658226685691 -0.0193511053188475 -0.0849481401274929
21.8504285899108 5.04004044647504 25.3955199192406 0.123216183469294 0.119728170443999 -0.985130864378133 0.936341179487934 0.314837831299007 0.155377672807006 0.326236736611078 -0.109085664181537 -0.0320720893945959 0.562320154759647 -0.190179281890512 -0.126657418007396
22.298998867019 4.95696005742589 25.3558103735114 -0.16188762439467 0.803619698090057 -0.57270206919942 0.930454191757378 0.317622902237911 0.182676141140909 0.0738416977620562 -0.122964068896678 -0.203813877886616 0.288960348061846 -0.519769220143712 0.103423283974162
22.742574135603 5.14332564201984 25.3237059736709 -0.501525170172523 0.838036273912429 -0.214866443334764 0.841028400893962 0.530499706393143 0.1060243951892 0.0297548869097993 -0.133596418738098 0.0128704771858833 0.252826603684984 0.293597462362211 -0.0776762895286553
23.0883052967278 5.41998489411251 25.1306653496364 -0.574145675222686 0.678090240111506 0.458857549546285 0.810618577933802 0.549586341805629 0.202119407762515 -0.608362364817215 -0.516618273869651 0.315642960780569 0.495024183809533 0.25050771164487 -0.00209639078684011
23.2117056137356 5.84835640477145 25.003413902155 -0.251524500303794 0.251074485947291 0.934717556610793 0.819366726916442 0.569273277066562 0.0675720796938267 -0.488026168689704 0.271982425740611 0.380163623759046 0.499864224078116 -0.535602499854764 0.140867660231337
23.462766206502 6.28892235716837 25.0516265214736 -0.0599389360241739 -0.272819969514912 0.960196057725979 0.781182244023648 0.586015107335874 0.215268385978759 -0.301734438750307 -0.238358462276705 0.420439726233759 0.385507327183299 0.0740044132022696 0.297420681819365
23.6927719438682 6.69464384558427 25.2347055114952 0.293630080485531 -0.722378043086781 0.626060077510259 0.760071072344495 0.573614911278287 0.30538137156854 -0.0353697341510695 0.00540845962885236 0.80119555532677 0.420331281200868 -0.385408637599904 -0.0975911722129752
23.9607091880541 6.9388797433909 25.5771840045153 0.516868077203679 -0.851841534390218 0.0849309874829872 0.754247261235241 0.500073304658366 0.42548518896848 0.302420078494288 -0.694447469656099 0.489933895964294 0.373172980231744 -0.0772904414976247 0.239176263973069
24.281184306533 7.11333019249244 25.9122771217689 0.523535966349193 -0.669150392217793 -0.527397124210594 0.838890868451401 0.513031701916684 0.181825368476072 -0.0566818593211189 -0.569966546260041 -0.245265221390546 0.277616461267579 -0.0555810671138259 0.235971685518366
24.7752689519778 7.16562290447277 26.0260973459718 0.257474250586258 -0.334643021917864 -0.906488245460611 0.884862522486634 0.458570593638754 0.0820439381388084 0.361045919085076 -0.315943993912845 -0.358437526858565 0.24149884497926 0.305773515367228 -0.00709082386402343
25.1965718626724 7.06536918592615 26.0886141078114 0.0547934359057204 0.405193399155581 -0.912587460634255 0.854077184854116 0.454439999857243 0.253054005532703 -0.0784887672605983 0.289251858271741 -0.459247540458481 0.477461837343769 -0.119314648565741 0.44487125541926
25.678980128982 7.0997761165231 26.1151031885066 -0.221466141899096 0.748071309054274 -0.625573294067398 0.892666611863623 0.413755423416363 0.178753045625182 -0.252124480096327 0.0430690207915437 -0.767409369634052 0.371117205696523 -0.0103412000260974 -0.119201466499329
26.1554040067953 7.20352405663599 25.9121177535653 -0.398812260604174 0.914788316597877 -0.0641170662867792 0.890854334078897 0.403066061966247 0.209561890545453 -0.487738133104348 0.402791629213707 0.262798990164268 0.235785836569826 -0.0957451614193295 0.412952167593155
26.5844978756782 7.48824732970634 25.8728524336313 -0.64558232925245 0.702814446788915 0.298789544300843 0.763158250830356 0.608312691088441 0.218048240572095 -0.11881855273848 0.152501771297822 -0.135923247476959 0.344540601942469 0.757150382635902 -0.132672421009587
26.6810768671603 7.90522307781568 25.6998781792724 -0.170836925936536 0.334866191119223 0.926649480940839 0.843203012176182 0.536227311447876 -0.0383253745823388 -0.0487886409610486 0.496669589848063 0.0044530033611306 0.518878971543726 -0.492294100107992 0.0571080000497634
27.0158759357066 8.36398275098706 25.5609610482268 -0.344404880546187 0.0937502561895322 0.934128506288359 0.86939268285955 0.407370010613044 0.279653211738421 0.956664272367301 0.233573520373591 -0.309394928226374 0.259546953935642 -0.139699529776804 -0.509955603417391
27.1886241485184 8.81525799739753 25.6111491357846 0.169969102483082 -0.653283941569602 0.737787555520129 0.873229807693403 0.446822037765813 0.194472750230865 0.118732187803079 0.0895311301528391 -0.149442075316357 -0.0955591012075057 -0.00511366106863964 -0.223595741115927
27.5865959622212 10.312158256809 24.2316266115982 0.396175946099201 -0.905522898984298 0.15189726772184 0.895960597771465 0.417434020862514 0.151668477002646 1.00459301127247 4.61171669275769 -7.51716994254374 -0.155960837490737 0.0920415509123141 0.0941479261555895
