t = 100
b = 30 30 30
E = -0.42664970513379 -0.65774192061339 0.2310922154796
12.6998304516588 8.7194273900384 14.8449197640465 -0.323010805465608 0.590685084575149 0.739428854789531 0.897061832540611 0.44006043327689 0.040333199227061 -0.674378750115077 7.74373743521204 -2.55629941310157 0.299417030025066 -0.121064087487501 -0.0245970199439152
13.1550611945393 7.52685859098761 15.4733481105615 -0.14962539068757 -0.144523751880191 0.978123208667681 0.842363685263165 0.499359348699364 0.202641423271972 -0.0759631696036246 0.218814152415176 0.188431663552358 0.121904588295477 0.0599501947104568 0.186753481880427
13.4921883904359 7.79905286868548 15.7451595753157 0.0183670546410014 -0.696131829967004 0.717678905103031 0.901596644851022 0.32180813944029 0.289072469202634 -0.0223659163062295 0.646549157954267 -0.114361909285267 0.444776109549624 0.526594173971754 0.322101637898043
13.7921586191642 7.92426932355955 16.0875895046613 0.246284281030382 -0.93008328538626 0.272560116726127 0.876281338969237 0.333840619468119 0.347392199456029 0.333745903723266 0.135023224238871 0.148747442661215 0.695440601467301 0.217678739276793 0.146581326883602
13.9941852821908 7.96121052670049 16.5048758306153 0.57322045525416 -0.760435528601314 -0.305214677106883 0.808619876611207 0.464746113652968 0.360755913601906 0.260394212148296 -0.214391767780987 0.0622308684275799 0.458096900609252 -0.376284097883112 0.612539833259888
14.4131974926067 8.19465883625506 16.6987230765558 0.359587665747378 -0.710051077097833 -0.605412309215368 0.932747968190788 0.291624383940987 0.2119819051733 0.64454970164515 0.536113242546712 0.130978780898422 0.279903966180682 0.0745663502477742 -0.275108443391287
14.8516662178292 8.1192572397136 17.0192330860202 0.305512653068247 0.0879713860406667 -0.948115465132648 0.911023554712004 0.26260050506399 0.317925996721584 0.00817379965005414 0.408012312860087 0.159238137702239 0.154505603516198 -0.129195028600866 0.0889483457316002
15.4327390151959 9.85096846220336 18.6541172533125 0.0549553344287889 0.506036387913507 -0.860759528955605 0.914326995337686 0.32090529722126 0.247034039458443 0.467784888511385 8.76051447629855 6.69411008283793 -0.0266047087852535 -0.131979168626211 -0.062156699425999
15.638172450621 7.8236736850691 16.9080561298744 -0.231363625487855 0.787468052618633 -0.57128348903796 0.967142499677295 0.122560555900034 -0.222742449238135 -0.528236191868236 0.509786484734923 -0.196130618961259 0.876914669653142 -0.0121164639340116 -0.696424172657692
16.0674410752727 7.94827231409787 16.6538112366119 -0.393550298811899 0.919302452260552 0.00102462994203597 0.915056023905041 0.391838949651844 -0.0955750975272558 -0.333751978117982 0.607611454037649 0.543316840943233 0.679772614767317 -0.197396056516139 -0.315270965947276
16.4427169467029 8.12530661751615 16.4003988532403 -0.277858425638457 0.59286455455596 0.755847997979003 0.935770182961496 0.344865358862083 0.0734978230361513 0.0153843151094321 0.060620584120798 0.478230838038514 0.704322037428552 -0.431383351332907 -0.196290339690807
16.7477900527186 8.50236290694349 16.2637504019026 0.0185552666416699 -0.0249345641099742 0.9995168093475 0.825211696777507 0.564822124997516 -0.0012290269970748 -0.332795027755279 -0.308601014880914 0.431347651060571 0.392129354400046 -0.281928810887419 0.189651612306017
17.0109693497916 8.90439279376604 16.2748648837161 0.133833412365479 -0.522122582603942 0.842304284327858 0.811939218608479 0.545090950560061 0.208879025085773 0.275495457969937 -0.470505587604036 0.100947373264014 0.424747680278271 -0.351893210959458 0.0935066581809173
17.2158067706794 9.21083248910892 16.5858221385351 0.465044041162637 -0.833772565356871 0.297585671375396 0.819822855862012 0.532454920274808 0.210670656941451 -0.538546164231734 -0.330293230214248 0.282978841431393 0.344214593440245 -0.221106925068804 0.0915494227852617
17.5431798228744 9.38210991326675 16.898711523262 0.55250930545599 -0.753149172466849 -0.357070968461037 0.824419996028514 0.556884160164587 0.101052384197109 -0.0498776074244263 -0.278471384263532 -0.0560779812704694 0.229217549982193 -0.306179853235419 0.558008065460425
17.9942733211661 9.57367633277024 17.0580923600354 0.300514977854987 -0.679340387709325 -0.669467899096282 0.943047345920224 0.316626677751832 0.102025149278077 0.287699915241162 -0.0666347126460971 -0.549264706299077 0.24168862108197 0.0279661987864433 -0.570751965562238
18.4407936309709 9.47098964176086 17.3270072631502 0.150190235948254 -0.228900381448329 -0.961793840979511 0.983241328846361 0.136268605820429 0.121108393427347 0.116698648475465 1.10903024522617 -0.723671384512132 0.639447684958797 0.0464431211513696 -0.157485628683153
18.8169429018722 9.20986904791332 17.4589742562505 0.131349451757406 0.569976039303543 -0.811094641172543 0.98026468346231 0.0472614090152314 0.191956759863716 0.055494985539944 0.228542965905034 -0.272492391156574 0.300523729343271 -0.374528345355515 0.0835625931256934
19.2895324745089 9.22754226752179 17.3927032309826 -0.151602639359888 0.943496875942223 -0.294669588725563 0.940314258565237 0.229553152446626 0.251225648123537 -0.0204238428200977 0.46884639954315 0.101924647280899 0.0760864593016863 -0.63892427376651 0.131787597963448
19.7241361541339 9.42812160295125 17.3764980373061 -0.310755950685386 0.919331811363956 0.241370339134995 0.937508447770161 0.254637978059944 0.237144033040424 0.27454512949189 0.888973233574688 0.324347434561921 0.0978216168101898 0.079996519523728 0.0857785093745805
20.0548420086524 9.76958486767515 17.2943445768402 -0.250655092939438 0.497492688712463 0.830465491421515 0.952669110069592 0.279201581800545 0.120282685219064 -0.44467879807131 0.425520270880368 0.844371481466641 0.0623280376565602 0.360159474623269 0.674152120164382
19.3746198463003 11.4954948586826 18.5351256987494 -0.00839512151128633 0.356141458428693 0.934394280147755 0.796459892210169 0.567386926607514 -0.20910190302241 -3.37408591355527 6.77927464997747 6.82081213816733 0.606617604488855 -0.638186949941978 -0.520934390656785
20.4700545945926 10.4832952080163 17.1096735988104 0.122394624766052 -0.477559369139741 0.870032462363548 0.85948447496177 0.489358572004355 0.147697352344957 -0.531460676879905 -0.544379449088536 0.482201486847999 0.188501607196997 -0.0336111686519675 -0.0914466340671433
20.8067264562881 10.7293901396069 17.4167818000611 0.281221630895999 -0.896844075629584 0.341445427246064 0.860762744292329 0.393042432363251 0.323427007029564 -0.137231740333202 0.329370128533855 0.31875206328041 0.468341481989717 0.216763687924912 0.127346589297323
21.1909822700392 10.7981590889423 17.7773275976331 0.387725783451995 -0.917958854096689 -0.0837862831586622 0.842520321544388 0.316047953154285 0.436203036834528 -0.152698891288096 0.379872315248054 0.145498708022265 0.431698005300729 0.049144113213488 -0.112371131890384
21.5286605871446 10.8468328473307 18.0947852865396 0.449301984530547 -0.635163925941225 -0.628247082087239 0.881434522376126 0.429780901533594 0.195860767884365 0.554345047233153 0.2785894293249 0.725999856157536 0.438188769459832 -0.563052342935882 -0.184990704130366
21.9128269094611 10.7282622065869 18.2921062068058 0.206746958767059 0.215338178995715 -0.954402981758268 0.862630891313078 0.420157629347604 0.281665392210294 0.128400755428072 -0.20486710924384 -0.0679356064729872 -0.190045159340021 0.0219019982410318 0.669363603336063
8.80745395997471 28.4531547156034 28.8332823759341 0.630225592613054 -0.649539245598236 -0.425340278589959 0.739641354237859 0.335676857114919 0.583310891858917 -0.0780884830339636 -0.459172621194244 -0.459752764081057 -0.0519250038022383 0.0595880114770591 -0.0899421553890687
9.084569558547 28.3841926691529 29.1683284471078 0.687591281316915 0.0249586427950682 -0.725668782956437 0.695317271449959 0.265270481513224 0.667956095144642 -0.429101116703925 -0.321161725174581 0.377353685326318 0.367697287111962 0.423698701480198 0.481088770301353
9.57726571090599 28.3400570417279 29.3745968134716 0.435886247123907 0.449346235258489 -0.779801912206519 0.791363830062983 0.221317108858065 0.569878856142085 -0.208408167276158 -0.0190801483636011 -0.0365409862963758 0.504851141547502 0.401265692458896 0.23788867146922
10.0512273597957 28.2129856069599 29.4981214216433 0.0552132541517211 0.93340502262948 -0.354551048658413 0.763319852050059 0.189448057853683 0.617618103472734 0.0811426124818195 0.187510255260893 -0.202021584574157 0.576246619462027 -0.150272295589592 0.423172636950733
10.4684778607846 28.4889528959273 29.5528948216535 -0.401095454165897 0.912890104117411 0.0758550001132353 0.781912715544849 0.298052954901356 0.547518790644189 -0.176144173025572 0.504296571715181 -0.0980709577859955 0.497480231010339 -0.0393630175062107 0.629066102986616
10.825381250484 28.6890382434765 29.7811828929208 -0.646145539351039 0.73887508988543 0.191205192856359 0.72375339615338 0.513683934259916 0.460770797503943 -0.16748246051777 -0.130159406725914 0.35830668158561 0.398058365323713 0.150264422998742 -0.238367618743108
11.1017093136485 29.0847306633553 29.7970719632752 -0.600978279743941 0.173863607398538 0.780125909535621 0.787115511137019 0.298282472721336 0.539885746603436 -0.26502089294507 0.178914358744991 0.101318956143796 0.443156459805028 -0.306810202964017 0.306962440559478
11.2417754607047 29.4772131916576 30.0342225658318 -0.307319623739247 -0.551862621578531 0.77524330662486 0.710518105659637 0.408859395754354 0.572711006408127 -0.352331057517509 0.32420104521632 0.265938709491762 0.0271650363970126 -0.240822295450263 0.398384338512029
11.4946165605302 29.7124120260272 30.4020741426929 -0.305044824240547 -0.813505612312203 0.495132462905751 0.575784595864532 0.256581013935179 0.776297728767999 -0.0520892621241529 -0.164551420438547 -0.271186701122585 0.364601995848727 0.243888143162608 -0.430178696799143
11.4953510385755 29.9043621789385 30.7875253712465 0.238555497803673 -0.950276580436017 0.200163874824663 0.519471032387427 0.299014352455448 0.800462458917112 -0.544433509606431 -0.993014786891574 -1.16357281188815 0.522350345135729 0.382585563135609 -0.276357496074283
11.5381714653184 30.0563389542262 31.2454521745039 0.585506648723791 -0.77941564628808 -0.222919486360071 0.567886091104842 0.198107744736975 0.798910880256187 0.181308545204023 0.0664577285676269 -0.112724105472527 0.500039610464351 0.17431641195051 -0.0888867594736545
11.7182779286423 30.0414598416133 31.7219541470247 0.723460803101122 -0.266322749974371 -0.63692742174504 0.67491224316146 0.0787316083807936 0.733685686781083 0.252684324946411 0.404145009446375 0.0439196755752588 0.539347210626799 0.207660524201614 -0.0399356357378017
12.061641904111 29.8159457978137 31.9480007380574 0.598040813614333 0.493654255548486 -0.631389374867109 0.716432180337159 0.0238620203934356 0.697248468546981 0.0156733629397996 0.187945715178312 -0.0271311199002634 0.669711338948738 -0.358754218887935 0.0982991339143004
12.4757236383578 29.6614578078869 32.173082183199 0.186415830351617 0.839260940626714 -0.510774013167858 0.768490257421845 0.199342869060917 0.608017294102675 -0.0417288193068563 -0.115213570876293 -0.00992307192471455 0.687232258396827 -0.23530699968623 -0.00777299331515967
12.9565391298322 29.6641837667804 32.2383142244143 -0.318584073595427 0.933252940601255 -0.16596089209885 0.77581747789941 0.357317641514519 0.520030027841741 -0.0456401881646682 0.476099833165037 -0.110878893043906 0.551450389237344 -0.157399937225332 -0.0432004689838047
13.3820488296563 29.775972992004 31.8994203972741 -0.589048143886234 0.79975323226514 0.115831504507646 0.742850171302856 0.479469401410177 0.46720724036856 0.0109852829983894 -0.233575737597787 -2.18924783880414 0.9464805068233 -0.695379430971707 -0.00891588124368461
13.9007639809368 30.22380631628 31.8912792893778 -0.549363283343882 0.438137005182539 0.711502517242746 0.785976035726035 0.559982167109594 0.262033469675175 -0.0846227385244946 -1.1673303623092 -1.02598788648855 0.835968005095047 -1.2671641873453 -0.150272898149497
14.7242024900637 29.3009651705299 32.0962941878084 -0.466810077156719 -0.0473725704483064 0.883087809590213 0.790884463391939 0.424454734764355 0.44083990803719 3.47559005278725 -5.6809353852906 -1.76878828037564 0.0877161865550206 -1.47451200599475 -0.841365488005282
13.9337547790499 30.8297589183208 32.8995045128696 -0.179198791745265 -0.74951201384002 0.637274992244481 0.542461932770521 0.465117422313078 0.699571810661761 0.0696626393473628 -0.662258514469564 0.0318357853930889 0.358017204845836 -0.463994466901013 -0.503486768462686
14.0494157020595 31.1060816986408 33.3698934333513 0.310993281849667 -0.925876157472731 0.214560948289623 0.593296574979587 0.365491843534114 0.71722713812861 0.142353057816678 -0.781503904668155 -0.0878621577335098 0.490644732706506 -0.151210696457512 -0.140338694904962
14.1234058524718 31.1355286098216 33.8424169033358 0.68949711483607 -0.691073040761132 -0.216821728172403 0.537235510799211 0.287200600708416 0.7930281864137 0.348636331532765 -0.793900104178975 -0.373445027400793 0.512698111134791 -0.159500190805043 -0.183736727130648
14.2913316576082 31.0861090680579 34.3368112614971 0.841163377819452 -0.133790340443162 -0.523969653175097 0.540703530022234 0.224472033681042 0.8107107265713 0.261412102071192 -0.408942271220161 -0.360876161073604 0.464935124182705 0.0972087520655773 0.23977919905222
14.6779925893321 31.0302367123727 34.7324220217106 0.615791280955106 0.378574901547692 -0.691000740267045 0.690950679316243 0.162019837220279 0.704511614910965 0.222577203169721 -0.0743392133483925 -0.26659254372341 0.609777026576688 -0.0902323747954251 -0.184877109900571
15.0876382822421 30.8799473817373 34.9278613694572 0.171332189820031 0.838703727257025 -0.516934444126364 0.892088253494772 0.0906097170502469 0.442683101398283 0.427338726928641 0.287255264701451 -0.0641952796673646 0.712896757020806 -0.0476417522992978 0.409114686358971
15.4706233579725 28.3263337478172 33.3786522768613 -0.344749829889336 0.938594132098233 -0.013729290655812 0.733970219649972 0.278650648528352 0.619387935536418 -0.489594559059362 -9.89889381168716 -6.90979082634764 0.198002211607709 -0.203989846491165 0.254755305628539
12.1622750306795 20.6203982340886 2.78164666409285 0.691422760943574 -0.62025442938582 0.370430682463352 0.0168398579786085 0.526439559011655 0.850045700985156 0.333899083104384 -0.426291030367219 0.508420990476042 0.203587164144024 0.239943308684728 -0.395927881849413
12.0190302067688 20.7222853096422 3.20261010824726 0.978163195361725 -0.190636287500611 -0.0827916056526236 0.173996552377038 0.533246337669801 0.827872832860228 -0.407995415693967 -0.526040145551189 0.0225183061936557 0.478175114876752 0.221935333877428 -0.259388780133584
12.1979129814592 20.7759789838127 3.64961097278986 0.832671519075886 0.348909185318587 -0.430023723238881 0.135456050492494 0.624622069284413 0.769089599113468 0.417049565554866 0.306709239546212 -0.199319857140103 0.485700431050258 0.0644574017173895 0.164085799862977
12.3816821667138 21.0169431645874 4.06827982028213 0.374388912307219 0.468307159658745 -0.80032570083112 0.398285343478267 0.6982101207384 0.594870830276396 0.639615360033947 0.475794244547851 -0.289121147483109 0.44792787588668 0.597218727059259 -0.242604104974654
12.7336333725604 21.3099858500022 4.22159323280775 -0.289255117758882 0.659630475798096 -0.693699497832176 0.28551537067524 0.751143705321903 0.595200804420189 0.00382564017210562 0.6595048110067 0.310943302532751 0.890992841930614 0.281166415839833 0.303540546513512
12.9859428391428 21.7456974508025 4.39062296776841 -0.767996606465374 0.462723571054094 -0.442795652687268 0.178487431443157 0.818623323269568 0.545891913036546 -0.217759685819598 0.384829587174958 -0.0994441012782771 0.344911457420277 0.056347689943639 0.11129109968508
13.0059151812892 22.2834922491718 4.49813860163207 -0.983480748495447 -0.0739631956176055 -0.165211815063278 -0.17430610992946 0.633106110374119 0.754184270881457 -0.547113253230163 0.139937850742279 -0.146750931327966 0.405027260068994 0.230607423279565 -0.157191119177306
12.9690176367693 22.5972463067521 4.65473350212597 -0.900681121705541 -0.355329977714944 0.250028010688671 -0.0682831706162303 0.684077465429101 0.726206107784905 0.128571443157417 -0.0754696302226321 0.656750133061147 0.185661920335212 -0.0166756502987673 -0.102356047618023
12.7672290513029 23.0034427461465 4.82311396452592 -0.376432027921919 -0.732343108930341 0.567426100870565 -0.0149172200009989 0.617189211482103 0.786673270532416 -0.286491509070085 0.284333183116197 0.427864263320744 0.256787869241899 0.455937229765182 0.221018429589363
12.5621975511161 23.3067798340223 5.16133855568025 0.278274633593084 -0.828816707726999 0.485413199709307 -0.184761338499864 0.449746724527817 0.873836953296456 0.35781037197451 0.280336432465877 0.375247049707388 0.218735796133765 0.362190165452434 0.154492723975901
12.3360825547733 23.2859269846061 5.57725699038552 0.900704759519088 -0.252433666605095 0.353564801600222 -0.17115397186117 0.541840302455687 0.822870155775309 -0.359902342616811 -0.816258409033458 0.203755125368913 0.425305985569923 -0.346153679281526 0.239599211022168
12.2652011780898 23.4357743141036 6.07237836342259 0.992622952651811 -0.0677966220112425 -0.100514545603057 0.118289686205564 0.723376206571877 0.680245760897714 0.432761593754356 -0.364527959124447 -0.121474942741652 0.605500671220681 0.146474725310916 0.151964421846874
12.370232965052 23.5273819628688 6.49509385779758 0.847157063313307 0.356994741336667 -0.393547386657127 0.14303746023522 0.560100006956478 0.815982936291654 0.434535090443513 -0.0900478320791946 -0.158716531558132 0.350460756959243 0.177260639691786 0.0752601255733404
12.5065927507361 23.6526440937574 6.85971738708421 0.393270642519292 0.697876016734763 -0.598587627497412 0.169176323625097 0.585004944140918 0.793188799347828 0.245805286747842 0.153546598833455 -0.221621027853546 0.568094633062853 -0.0638160083148738 -0.0841238418455559
12.7979962365865 23.7997070371733 7.17105811634779 -0.242990509516694 0.756589936990335 -0.607064379093893 0.296968071314463 0.653794201658649 0.695961921065549 0.257248246595831 -0.0593402744922779 0.135799847856028 0.606852229207179 0.035980126631329 0.0605990469369522
13.0813050150377 24.1478591900314 7.36540097361373 -0.668531620962308 0.506289467802825 -0.544735099979387 0.194384093576721 0.825979354844943 0.529124579235932 -0.137623435950017 -0.466951707932453 0.500301060505809 0.638377423784144 0.0210976516955604 -0.11784055244174
13.2119159032132 24.5779509732731 7.41105160407867 -0.987601516315251 0.135618037663107 -0.0790624697358669 0.0733806822157723 0.844057812246879 0.531207655682751 -0.353660082918723 -0.0697445406749191 -0.0578793837638769 0.679078987359612 -0.0327912438030217 -0.233361787518985
13.0618172552322 25.0495712883314 7.47824336876819 -0.894700781643458 -0.285975552158832 0.343115689540083 -0.0933263127459228 0.870902639803617 0.482512885179847 -0.346711341057409 -0.331910465551494 0.411367942930095 0.665566152079581 -0.245110539683716 0.0510387653632431
12.8365103962041 25.4486343331311 7.56164873098223 -0.356720381812025 -0.504556972784571 0.786239601700077 0.00886519542124323 0.839741839652453 0.542913375484944 -0.28800778657095 -0.447280882025962 -0.0221401318432547 0.577325628967375 -0.106687091818737 0.227448207996339
12.6516019614781 25.7238178349126 7.90223463625318 0.187341954536966 -0.637263000486592 0.747528421669218 -0.0466789694370318 0.754366899768279 0.654791215147496 0.42743788103877 -0.334237585790547 0.0372998357679551 0.313317136465927 -0.257460686582676 -0.0916605851943446
12.4110357075987 25.9715568668497 8.25935308620076 0.735664395533192 -0.457606184963784 0.499393990217734 -0.0998465046069273 0.655963299191041 0.748159547084668 0.203803252611717 -0.780518832292384 -0.166524116471256 0.407108874491542 0.306064360227271 -0.0147724746729938
12.2509635110699 26.0419806391046 8.74435298307018 0.997162377799905 -0.000769393210343269 0.0752760344770331 -0.0632963875075999 0.532728053178667 0.843916035054639 0.144233630851007 0.0158339887025703 0.24403756649133 0.160256878081284 -0.195105546639755 0.196661080070316
12.2370971428124 26.2919208666395 9.22402310129829 0.922147943981424 0.0692837080480753 -0.380582215477251 0.220491395564338 0.714230817431985 0.664272357489869 -0.477811332727208 -0.0832689373896432 -0.296111534278939 0.396723743574017 0.170315619402052 -0.46572484887927
12.1256477925943 25.6986071069931 9.83500661914207 0.501186610910434 0.752772468944009 -0.426785043546157 -0.193800064928856 0.578315515960553 0.792459830123631 -0.815617243618315 -1.88062321779101 0.689451853682477 -0.17536677721976 -0.706550840298383 -0.571315432924741
13.1169529717607 25.1390019811643 10.4956047814615 -0.292366559403599 0.846045601546248 -0.445789767728327 -0.0433217091397438 0.453961906723475 0.889967246283394 0.854396839433211 -5.65724247508623 1.87447787033364 -0.29645933671851 -0.807728371568788 -0.353096280323807
