t = 0
b =  30.0 30.0 30.0
E = 0. 0. 0.
12.9385350745 6.71709740395 15.5750435752 -0.347117074655 0.559233384423 0.752839795859 0.920929679799 0.354936635982 0.160961204342 0.0 0.0 0.0 0.0 0.0 0.0
13.19557504 7.1827579417 15.4990447476 -0.177276714956 0.0137010158771 0.984065672858 0.920929679799 0.354936635982 0.160961204342 0.0 0.0 0.0 0.0 0.0 0.0
13.4122047728 7.65154162646 15.647363721 0.0599140326633 -0.53703659767 0.841428548038 0.920929679799 0.354936635982 0.160961204342 0.0 0.0 0.0 0.0 0.0 0.0
13.6424919113 7.99790780189 15.9874863585 0.274342437564 -0.883745028989 0.379118649883 0.920929679799 0.354936635982 0.160961204342 0.0 0.0 0.0 0.0 0.0 0.0
13.935315417 8.14282427014 16.4140291041 0.384543563674 -0.894703948366 -0.227224761889 0.920929679799 0.354936635982 0.160961204342 0.0 0.0 0.0 0.0 0.0 0.0
14.3157956401 8.08379294522 16.7887759582 0.348650160718 -0.565749879107 -0.747241687623 0.920929679799 0.354936635982 0.160961204342 0.0 0.0 0.0 0.0 0.0 0.0
14.7757506784 7.89579891755 16.993189046 0.180298732586 -0.0218579719412 -0.983369003015 0.920929679799 0.354936635982 0.160961204342 0.0 0.0 0.0 0.0 0.0 0.0
15.2768048184 7.70282236449 16.9734431386 -0.0565511984901 0.530338144211 -0.845897993108 0.920929679799 0.354936635982 0.160961204342 0.0 0.0 0.0 0.0 0.0 0.0
15.7649681109 7.63073640809 16.7608747571 -0.271916383774 0.881049932596 -0.38705619296 0.920929679799 0.354936635982 0.160961204342 0.0 0.0 0.0 0.0 0.0 0.0
16.1911480552 7.75948581155 16.4600769042 -0.383975988662 0.897036121219 0.218834726129 0.920929679799 0.354936635982 0.160961204342 0.0 0.0 0.0 0.0 0.0 0.0
16.5298006609 8.09271462706 16.209162434 -0.350156695722 0.572223289746 0.74158667404 0.920929679799 0.354936635982 0.160961204342 0.0 0.0 0.0 0.0 0.0 0.0
16.7886350367 8.55638175948 16.1272926695 -0.183307019769 0.0300132634361 0.982597445815 0.920929679799 0.354936635982 0.160961204342 0.0 0.0 0.0 0.0 0.0 0.0
17.0056845715 9.02689041624 16.2694060237 0.0531840577242 -0.523599303448 0.850303019771 0.920929679799 0.354936635982 0.160961204342 0.0 0.0 0.0 0.0 0.0 0.0
17.234857414 9.3780445953 16.605345978 0.269469622498 -0.878287740839 0.394964260209 0.920929679799 0.354936635982 0.160961204342 0.0 0.0 0.0 0.0 0.0 0.0
17.5254558655 9.52899305621 17.0313180479 0.383379172393 -0.899299981297 -0.210428025258 0.920929679799 0.354936635982 0.160961204342 0.0 0.0 0.0 0.0 0.0 0.0
17.9034456113 9.47494605808 17.4093230427 0.351636564938 -0.578653123367 -0.73587518576 0.920929679799 0.354936635982 0.160961204342 0.0 0.0 0.0 0.0 0.0 0.0
18.3615909232 9.28899506228 17.6195852659 0.186301347413 -0.0381662693048 -0.981751060014 0.920929679799 0.354936635982 0.160961204342 0.0 0.0 0.0 0.0 0.0 0.0
18.8622036331 9.09434406418 17.606057304 -0.0498128667864 0.516820588572 -0.854643292567 0.920929679799 0.354936635982 0.160961204342 0.0 0.0 0.0 0.0 0.0 0.0
19.3514614984 9.01750233551 17.3977133766 -0.267002340067 0.875458664071 -0.4028422494 0.920929679799 0.354936635982 0.160961204342 0.0 0.0 0.0 0.0 0.0 0.0
19.779856172 9.14022143686 17.0975415459 -0.382753160315 0.901495356201 0.202005299477 0.920929679799 0.354936635982 0.160961204342 0.0 0.0 0.0 0.0 0.0 0.0
20.1210022505 9.46843643303 16.8434168295 -0.353089655668 0.585038890312 0.730107657735 0.920929679799 0.354936635982 0.160961204342 0.0 0.0 0.0 0.0 0.0 0.0
20.381661531 9.93001106265 16.7557201767 -0.189281487488 0.0463163686643 0.98082991007 0.920929679799 0.354936635982 0.160961204342 0.0 0.0 0.0 0.0 0.0 0.0
20.5991740904 10.40214351 16.8916037327 0.0464378824059 -0.510002515807 0.858918480968 0.920929679799 0.354936635982 0.160961204342 0.0 0.0 0.0 0.0 0.0 0.0
20.8272721666 10.7580208677 17.2232777835 0.264514724374 -0.872562917736 0.410689560595 0.920929679799 0.354936635982 0.160961204342 0.0 0.0 0.0 0.0 0.0 0.0
21.1156663826 10.914997481 17.6485685325 0.382098000102 -0.903622078743 -0.193567190211 0.920929679799 0.354936635982 0.160961204342 0.0 0.0 0.0 0.0 0.0 0.0
21.4911598497 10.8659934129 18.0297356345 0.354515857253 -0.59138010428 -0.724284529186 0.920929679799 0.354936635982 0.160961204342 0.0 0.0 0.0 0.0 0.0 0.0
21.9474652176 10.6821842315 18.2458020552 0.192247213045 -0.054462940853 -0.979834066131 0.920929679799 0.354936635982 0.160961204342 0.0 0.0 0.0 0.0 0.0 0.0
8.93389341038 28.7083397062 28.672287898 0.670957385192 -0.678962108786 -0.298037987662 0.647862840681 0.341278854347 0.681030456911 0.0 0.0 0.0 0.0 0.0 0.0
9.13598305652 28.5352769825 29.1390792547 0.754996092471 -0.16882786827 -0.633622956694 0.647862840681 0.341278854347 0.681030456911 0.0 0.0 0.0 0.0 0.0 0.0
9.51017408571 28.323729941 29.4614362386 0.552199161359 0.405446902054 -0.728483970866 0.647862840681 0.341278854347 0.681030456911 0.0 0.0 0.0 0.0 0.0 0.0
10.0102389311 28.2046045335 29.6177352783 0.139612536569 0.825685615577 -0.546581744904 0.647862840681 0.341278854347 0.681030456911 0.0 0.0 0.0 0.0 0.0 0.0
10.5421284586 28.2736941882 29.6494409921 -0.32601522506 0.932232559014 -0.157023975694 0.647862840681 0.341278854347 0.681030456911 0.0 0.0 0.0 0.0 0.0 0.0
10.9997028053 28.5552862839 29.6453530857 -0.667784352006 0.684608767185 0.292189827184 0.647862840681 0.341278854347 0.681030456911 0.0 0.0 0.0 0.0 0.0 0.0
11.3050556879 28.9929349697 29.7078698596 -0.755851038865 0.176890658654 0.630395829561 0.647862840681 0.341278854347 0.681030456911 0.0 0.0 0.0 0.0 0.0 0.0
11.4381123024 29.4709058867 29.9140853826 -0.556757278904 -0.398031168554 0.729103916631 0.647862840681 0.341278854347 0.681030456911 0.0 0.0 0.0 0.0 0.0 0.0
11.4442560777 29.8581455863 30.2865001665 -0.146142120202 -0.821734300102 0.550813235806 0.647862840681 0.341278854347 0.681030456911 0.0 0.0 0.0 0.0 0.0 0.0
11.4170867521 30.0580709263 30.7844728447 0.31999487333 -0.933246832376 0.163259397592 0.647862840681 0.341278854347 0.681030456911 0.0 0.0 0.0 0.0 0.0 0.0
11.462860268 30.0452626215 31.3196605078 0.664560464456 -0.690203289976 -0.286319415319 0.647862840681 0.341278854347 0.681030456911 0.0 0.0 0.0 0.0 0.0 0.0
11.6601203626 29.8751224551 31.7895816511 0.756648424276 -0.184939978131 -0.627120695345 0.647862840681 0.341278854347 0.681030456911 0.0 0.0 0.0 0.0 0.0 0.0
12.0298584894 29.6628252148 32.1165506122 0.561272997227 0.390585123438 -0.72966833831 0.647862840681 0.341278854347 0.681030456911 0.0 0.0 0.0 0.0 0.0 0.0
12.5275388135 29.5395618657 32.2771916526 0.152660574547 0.817720406378 -0.555002780148 0.647862840681 0.341278854347 0.681030456911 0.0 0.0 0.0 0.0 0.0 0.0
13.0600181204 29.602697909 32.3113197918 -0.313950152752 0.934190035379 -0.169482386656 0.647862840681 0.341278854347 0.681030456911 0.0 0.0 0.0 0.0 0.0 0.0
13.5209324801 29.8787826002 32.3068144157 -0.661285968054 0.695745251114 0.280427199122 0.647862840681 0.341278854347 0.681030456911 0.0 0.0 0.0 0.0 0.0 0.0
13.8311066825 30.3134624433 32.3662324284 -0.75738818798 0.192975213711 0.62379780346 0.647862840681 0.341278854347 0.681030456911 0.0 0.0 0.0 0.0 0.0 0.0
13.9686342237 30.7921309925 32.56784517 -0.565745972438 -0.383109333754 0.73017719292 0.647862840681 0.341278854347 0.681030456911 0.0 0.0 0.0 0.0 0.0 0.0
13.9771999527 31.1834697569 32.9359018258 -0.159167403198 -0.81364424008 0.559150058879 0.647862840681 0.341278854347 0.681030456911 0.0 0.0 0.0 0.0 0.0 0.0
13.9494834671 31.3893382913 33.431416755 0.307881523654 -0.935062096193 0.175692468979 0.647862840681 0.341278854347 0.681030456911 0.0 0.0 0.0 0.0 0.0 0.0
13.9919485845 31.3820593913 33.9669807881 0.657961112165 -0.701234228558 -0.274513627307 0.647862840681 0.341278854347 0.681030456911 0.0 0.0 0.0 0.0 0.0 0.0
14.1843959582 31.214934127 34.4399694312 0.758070273641 -0.200995753483 -0.620427406957 0.647862840681 0.341278854347 0.681030456911 0.0 0.0 0.0 0.0 0.0 0.0
14.5496454745 31.0019918743 34.7715316274 0.570175863903 0.37560436881 -0.73063044171 0.647862840681 0.341278854347 0.681030456911 0.0 0.0 0.0 0.0 0.0 0.0
15.044866597 30.8746686492 34.9365465914 0.165662110635 0.809506111622 -0.563254756168 0.647862840681 0.341278854347 0.681030456911 0.0 0.0 0.0 0.0 0.0 0.0
15.5778504028 30.9318723678 34.973167616 -0.301789448186 0.935862948408 -0.181889171641 0.647862840681 0.341278854347 0.681030456911 0.0 0.0 0.0 0.0 0.0 0.0
12.0608549466 20.780053633 2.56099870497 0.771462697585 -0.47676428954 0.42135628446 0.0268886035132 0.686060979825 0.727046996392 0.0 0.0 0.0 0.0 0.0 0.0
11.9356062905 20.7997674423 3.08311865478 0.997677422502 -0.0639521612026 0.0234495566497 0.0268886035132 0.686060979825 0.727046996392 0.0 0.0 0.0 0.0 0.0 0.0
12.0377782343 20.8049033544 3.61058393177 0.844857814333 0.373156462399 -0.383366049787 0.0268886035132 0.686060979825 0.727046996392 0.0 0.0 0.0 0.0 0.0 0.0
12.3325355434 20.8951002939 4.05066090565 0.37106259723 0.668496707092 -0.644534484371 0.0268886035132 0.686060979825 0.727046996392 0.0 0.0 0.0 0.0 0.0 0.0
12.7118765833 21.1376810788 4.34381622353 -0.243705504397 0.709863876092 -0.660833492301 0.0268886035132 0.686060979825 0.727046996392 0.0 0.0 0.0 0.0 0.0 0.0
13.0356649457 21.5420753566 4.48633452606 -0.765885810364 0.481541890273 -0.426070807958 0.0268886035132 0.686060979825 0.727046996392 0.0 0.0 0.0 0.0 0.0 0.0
13.1848696136 22.0562371234 4.5317299745 -0.997093292047 0.0702740893887 -0.0294367001487 0.0268886035132 0.686060979825 0.727046996392 0.0 0.0 0.0 0.0 0.0 0.0
13.1067868342 22.5864178711 4.57041532621 -0.84948836157 -0.367692012975 0.378380902203 0.0268886035132 0.686060979825 0.727046996392 0.0 0.0 0.0 0.0 0.0 0.0
12.835063156 23.0327832129 4.69535261649 -0.379148599844 -0.665965772127 0.642445273616 0.0268886035132 0.686060979825 0.727046996392 0.0 0.0 0.0 0.0 0.0 0.0
12.4769125426 23.3273416359 4.96673532711 0.235236053988 -0.711228000093 0.662433944471 0.0268886035132 0.686060979825 0.727046996392 0.0 0.0 0.0 0.0 0.0 0.0
12.1723839951 23.459775614 5.38911987621 0.760250597974 -0.486282819727 0.430752884516 0.0268886035132 0.686060979825 0.727046996392 0.0 0.0 0.0 0.0 0.0 0.0
12.0411545953 23.481361408 5.90969455889 0.996433229077 -0.0765906659308 0.0354216019291 0.0268886035132 0.686060979825 0.727046996392 0.0 0.0 0.0 0.0 0.0 0.0
12.1370621814 23.4854883573 6.43834359684 0.854054216979 0.36219956238 -0.373366939448 0.0268886035132 0.686060979825 0.727046996392 0.0 0.0 0.0 0.0 0.0 0.0
12.4276514532 23.5721787083 6.8818836292 0.387205728825 0.663384121289 -0.640307138166 0.0268886035132 0.686060979825 0.727046996392 0.0 0.0 0.0 0.0 0.0 0.0
12.806504283 23.8100874905 7.17946562927 -0.226748689444 0.712537961329 -0.663983949731 0.0268886035132 0.686060979825 0.727046996392 0.0 0.0 0.0 0.0 0.0 0.0
13.133669742 24.2104193235 7.3256924671 -0.754557489557 0.490986716861 -0.435402157573 0.0268886035132 0.686060979825 0.727046996392 0.0 0.0 0.0 0.0 0.0 0.0
13.2888337974 24.722671594 7.37266936942 -0.995697283859 0.0829014097972 -0.0414038062174 0.0268886035132 0.686060979825 0.727046996392 0.0 0.0 0.0 0.0 0.0 0.0
13.2170286257 25.2538212435 7.4102082728 -0.858555032852 -0.356679528886 0.368324543355 0.0268886035132 0.686060979825 0.727046996392 0.0 0.0 0.0 0.0 0.0 0.0
12.9495158072 25.7036657832 7.53170676743 -0.39523337059 -0.660751951182 0.638120240849 0.0268886035132 0.686060979825 0.727046996392 0.0 0.0 0.0 0.0 0.0 0.0
12.5919095295 26.0028918948 7.79866479104 0.218244057109 -0.71379366004 0.665483390043 0.0268886035132 0.686060979825 0.727046996392 0.0 0.0 0.0 0.0 0.0 0.0
12.2840519914 26.1394087192 8.21731977435 0.748806918666 -0.495653223456 0.440018273071 0.0268886035132 0.686060979825 0.727046996392 0.0 0.0 0.0 0.0 0.0 0.0
12.146885014 26.1629413756 8.73627693686 0.994885512438 -0.0892058404003 0.0473828574455 0.0268886035132 0.686060979825 0.727046996392 0.0 0.0 0.0 0.0 0.0 0.0
12.2365022205 26.1661395579 9.2660350232 0.862990466436 0.351132332865 -0.363254097922 0.0268886035132 0.686060979825 0.727046996392 0.0 0.0 0.0 0.0 0.0 0.0
12.522838131 26.2493783666 9.7129893265 0.403230913804 0.658069462256 -0.635884748205 0.0268886035132 0.686060979825 0.727046996392 0.0 0.0 0.0 0.0 0.0 0.0
12.9010905409 26.4826241299 10.0149936814 -0.209722804644 0.714995000601 -0.666932151218 0.0268886035132 0.686060979825 0.727046996392 0.0 0.0 0.0 0.0 0.0 0.0
