
#id1 id2 FENE BEXC STCK NEXC HB CRSTCK CXSTCK total, t = 100
0 1 0.928172 0 0 0 0 0 0 0.928172
1 2 0.0980289 0 -1.09438 0 0 0 0 -0.996355
2 3 0.398195 0 -1.24809 0 0 0 0 -0.849895
3 4 0.172335 0 -1.22427 0 0 0 0 -1.05193
4 5 0.267901 0 -1.11687 0 0 0 0 -0.848972
5 6 0.000778104 0 -0.995782 0 0 0 0 -0.995004
6 7 1.85929 0 0 0 0 0 0 1.85929
6 8 0 0 0 0 0 -0 -0.00646133 -0.00646133
7 8 2.04751 0 0 0 0 0 0 2.04751
8 9 0.0546746 0 -1.16047 0 0 0 0 -1.1058
9 10 0.0227197 0 -1.2381 0 0 0 0 -1.21538
10 11 0.0598642 0 -1.14648 0 0 0 0 -1.08661
11 12 0.212218 0 -1.20678 0 0 0 0 -0.994563
12 13 0.0731128 0 -1.41905 0 0 0 0 -1.34594
13 14 0.148374 0 -1.38068 0 0 0 0 -1.2323
14 15 0.218989 0 -1.22655 0 0 0 0 -1.00756
15 16 0.0508442 0 -1.10253 0 0 0 0 -1.05169
16 17 0.0456908 0 -1.17951 0 0 0 0 -1.13381
17 18 0.14899 0 -1.22397 0 0 0 0 -1.07498
18 19 0.451915 0 -1.18185 0 0 0 0 -0.729933
19 20 0.101621 0 -1.23871 0 0 0 0 -1.13709
20 21 1.83623 0 0 0 0 0 0 1.83623
21 22 1.6333 0 0 0 0 0 0 1.6333
22 23 0.0198549 0 -1.21445 0 0 0 0 -1.19459
23 24 0.245681 0 -1.07287 0 0 0 0 -0.827191
24 25 0.305779 0 -1.26905 0 0 0 0 -0.963269
25 26 0.00202613 0 -1.28989 0 0 0 0 -1.28786
27 28 0.313539 0 -1.38367 0 0 0 0 -1.07013
28 29 0.11333 0 -1.11524 0 0 0 0 -1.00191
29 30 0.036595 0 -1.34031 0 0 0 0 -1.30371
30 31 0.103828 0 -0.941842 0 0 0 0 -0.838015
31 32 0.548495 0 -1.22806 0 0 0 0 -0.679565
32 33 0.0319885 0 -1.27503 0 0 0 0 -1.24304
33 34 0.0132834 0 -1.28408 0 0 0 0 -1.2708
34 35 0.227434 0 -1.24579 0 0 0 0 -1.01836
35 36 0.401892 0 -1.33907 0 0 0 0 -0.937174
36 37 0.226511 0 -1.18385 0 0 0 0 -0.957343
37 38 0.0641429 0 -1.17493 0 0 0 0 -1.11078
38 39 0.0511662 0 -1.34919 0 0 0 0 -1.29802
39 40 0.108804 0 -1.22299 0 0 0 0 -1.11418
40 41 0.0698621 0 -1.16422 0 0 0 0 -1.09436
41 42 0.018802 0 -0 0 0 0 0 0.018802
42 43 0.0650293 0 -0.424718 0 0 0 0 -0.359688
43 44 0.875269 0 0 0 0 0 0 0.875269
44 45 1.8059 0 0 0 0 0 0 1.8059
45 46 0.00679728 0 -1.17457 0 0 0 0 -1.16777
46 47 0.172849 0 -1.39076 0 0 0 0 -1.21791
47 48 0.0801121 0 -1.24248 0 0 0 0 -1.16237
48 49 0.0245235 0 -1.15082 0 0 0 0 -1.1263
49 50 0.0699453 0 -1.02157 0 0 0 0 -0.951624
50 51 2.14751 0 0 0 0 0 0 2.14751
52 53 0.151062 0 -1.12591 0 0 0 0 -0.974851
53 54 0.174335 0 -1.33009 0 0 0 0 -1.15575
54 55 0.0410337 0 -1.09896 0 0 0 0 -1.05793
55 56 0.135307 0 -1.29134 0 0 0 0 -1.15604
56 57 0.0806563 0 -1.2727 0 0 0 0 -1.19204
57 58 0.000883724 0 -0.854446 0 0 0 0 -0.853562
58 59 0.855161 0 -1.30739 0 0 0 0 -0.452224
59 60 0.0568083 0 -1.40653 0 0 0 0 -1.34972
60 61 0.0701079 0 -1.18676 0 0 0 0 -1.11665
61 62 0.0251141 0 -1.34789 0 0 0 0 -1.32278
62 63 0.0656918 0 -1.06393 0 0 0 0 -0.99824
63 64 0.516002 0 -1.32357 0 0 0 0 -0.807572
64 65 0.58195 0 -1.31122 0 0 0 0 -0.729265
65 66 0.216754 0 -1.17157 0 0 0 0 -0.954814
66 67 0.147919 0 -1.17602 0 0 0 0 -1.0281
67 68 0.188751 0 -1.32515 0 0 0 0 -1.13639
68 69 0.101628 0 -1.17318 0 0 0 0 -1.07155
69 70 0.137265 0 -1.38739 0 0 0 0 -1.25012
70 71 0.275525 0 -1.15547 0 0 0 0 -0.879948
71 72 0.111338 0 -1.3712 0 0 0 0 -1.25986
72 73 0.0227548 0 -1.34989 0 0 0 0 -1.32714
73 74 0.0479509 0 -1.01162 0 0 0 0 -0.963672
74 75 0.854784 0 -0 0 0 0 0 0.854784
75 76 1.44555 0 0 0 0 0 0 1.44555
#Total energy per particle is  -0.657742 and should be -0.65774210

