t = 100
b = 30 30 30
E = -0.611645273967256 -0.87560852450423 0.263963250536973
15.4539148835974 27.7488694231303 27.9934935598966 -0.174284404447488 0.689176909501656 -0.703320707292303 -0.273393564903362 0.652304053350927 0.706933714129563 -1.53395744527792 -1.54243311762384 -3.43665933314416 -0.68359437893649 -0.152063276565064 0.376644108842104
15.9474047427531 28.5303154689832 28.7666983717656 -0.438762175336744 0.63794018592785 -0.632866461324079 0.180495465728737 0.752490612432245 0.633387043055953 -0.87611747163971 -0.536155084418334 -0.727018830551882 0.351416899766171 -0.233799925215116 -0.60667557204365
16.1639475391953 28.8597374569523 28.8509342419101 -0.956445993964648 0.268452470391276 -0.114648212572228 0.204537625531825 0.896535351936698 0.392923163223508 -0.848661654706487 -1.62542942663697 -0.658516944222009 0.651985433750632 0.343011011962166 -0.0901758272244401
16.380949918962 29.3677216956421 28.761979959794 -0.905437409570388 -0.101824648242032 0.412085815778252 0.0150015328238209 0.962519809028348 0.270795992123501 -0.0193918212784732 -1.0215268499803 -0.494735142775184 0.702756312873473 -0.0473881848179917 0.196574597921447
16.3077751978904 29.8844637403947 28.6661645854199 -0.410902831904642 -0.408579925762895 0.814997663049386 -0.0162191163458531 0.897086946069848 0.441556153616824 0.217449631865942 -1.03065576859603 -1.07963485216471 0.50425371306603 -0.469311630302101 0.242727843305021
16.2120398648983 30.4649683377951 28.7776834928525 -0.470060935412474 -0.429305919738853 0.771193266789141 0.0657511739094719 0.854281103135226 0.515635976980657 0.8824489354917 0.344775935436904 -1.23685745467065 0.618740424041859 -1.64600177536353 -1.5565615983815
15.7863850231604 30.6502482668339 29.1292281035172 0.623429392887907 -0.371800239854367 0.687822836617658 0.0553847204608978 0.898493876701338 0.435478091967341 1.22667287204278 -0.0234857739835777 -0.838635921486743 0.0125563954461455 -0.611258219226921 0.0510967687030199
16.5569452448034 30.9336686140169 29.1924041935146 0.84780012731008 -0.513822913369453 -0.131228194112238 0.47412206265688 0.623535044594407 0.621620622812656 3.64098771818207 0.4189998919452 -1.85591741778527 -0.00279319263543166 1.73999292491054 0.957722193502037
15.6550076686218 30.9472754337947 30.1418333574294 0.965208737486548 0.136657863327071 -0.222927348736674 0.043798742824728 0.756016699977207 0.653085216785376 0.198733066574813 0.0287518385824931 -0.491558042442436 0.235361641533248 -0.336102617628981 -0.412441761171335
15.7557139697545 31.2211541672343 30.5932078852059 0.660849583832006 0.336342124969394 -0.670933443191643 0.296264238531506 0.704454773931703 0.644958028898798 0.225288210848895 0.337869770771194 -0.852918655384534 0.456343633845958 -0.304791623246985 -0.600447800336696
15.9675322381201 31.4372965735627 31.0083356151218 0.130061232935413 0.582692323643587 -0.80221793484779 0.422134686180252 0.699555370376938 0.57656264694502 -0.530543968831255 0.59133111353198 -0.259078755809345 0.892752709882703 -0.0788283504743817 -0.292813610347102
16.3646738944771 31.653013679385 31.1718475308881 -0.534656981299036 0.727242676440862 -0.430418264915484 0.495200051271554 0.682338718951186 0.537764517758149 0.0845064417732112 0.0691055914878597 -0.663664569129361 0.4904688422242 -0.0797221825611762 0.142071988648221
16.6471561216693 32.037018019421 31.2915727172961 -0.91944175985293 0.390694565582838 -0.0445475867738446 0.300314492706739 0.770807737502514 0.561842076847317 -0.137664340300045 -0.0505816076928417 -0.0723799438726871 0.521928993859769 -0.491488065098146 -0.0690427274327745
16.6363006255278 32.5562083538105 31.4427227017892 -0.969565368524751 -0.0532450520978081 0.238972472391588 0.0368632110296826 0.933190975849608 0.357485100938848 -0.247725194207629 -0.148551564697112 0.380896358421595 0.297429147858297 0.146028761275512 -0.10619925392649
16.5594390083643 33.0365979055298 31.4792023562385 -0.608861941624752 -0.428742330064792 0.667433166255688 -0.0467730608156258 0.859301856329713 0.509325519754252 -0.443976413575321 -0.474759615973147 0.0716376271548579 0.646722382714789 -0.118807426495367 -0.342492575835631
16.2911460878388 33.4318267097367 31.6308361552708 0.120340800503305 -0.497181186166836 0.859260636790716 -0.0848335510924806 0.857234505006697 0.507889905323477 0.151891380866463 -0.124822818422244 0.526729552362758 0.561661927194194 -0.154124084937452 0.342046750258902
16.1443819183282 33.799102640859 31.9825306447809 0.462570630037574 -0.648980621617548 0.60403017143162 -0.0710700005448043 0.651966244013715 0.754909901119364 0.722674194524514 -0.221995099380815 0.0359103501496981 0.407968961530523 0.0701140167305661 -0.330733008582811
16.0036507192081 34.0314003461311 32.4093538834294 0.794179273474502 -0.563673384770445 0.227049521431923 0.105342456657036 0.49567560162297 0.862095446843671 0.450983845983375 0.299392925301399 0.322938697948218 0.69895619054581 0.377061497967055 -0.382506344948029
15.9799553170059 33.9934654026669 32.8323864504602 0.93939739016193 0.251171638206869 -0.233335021909408 0.0199659549548779 0.639376790683929 0.76863422042221 0.173574591750356 0.40820912093209 0.0236805890074128 0.489529340764116 -0.376110270756569 0.0785200649671686
16.1667473246992 34.17492399298 33.2807441599358 0.502167619215985 0.533562931068425 -0.680542550406188 0.11400494586341 0.739248091715428 0.663713049837279 0.763931156084945 -0.160514620696729 0.354718431861048 0.323491986205847 -0.251033918994686 -0.104253316057965
16.5049852744852 34.3690252816479 33.5337496125405 -0.238273454338777 0.739374823789128 -0.629722573455183 0.0909432786317066 0.662534819204814 0.74348961944925 -0.33957036452179 0.174077968524583 0.135980904946264 0.141988919035193 -0.646918684737766 0.702827670714403
16.6628946830924 34.7432165891032 33.7776729175945 -0.799145922823206 0.448020895109971 -0.400802898827721 -0.0131565493106322 0.653546376058159 0.756772042526685 -0.256313220800868 0.356100413969349 -0.164691244968179 -0.214043037331203 -0.0198370057206983 0.548915313425218
17.0683462899473 35.209389413745 33.5917504998959 -0.873321177151506 0.468989517150593 -0.131752935952221 0.311458692846522 0.745512663266317 0.589240386435723 0.200571531753874 0.0708962932922254 -0.24967801362206 0.352691366842837 -0.13508816595737 -0.0195417525108945
17.1615537230195 35.6795070124778 33.707739273791 -0.968727182645668 0.015223573794367 0.247660596058645 0.122542872153983 0.8972509883581 0.424174249434438 0.224707728029774 -0.00836844961482796 -0.0167109831073798 0.152761502194884 -0.5773837310946 -0.537473688716652
17.0921535043957 36.1433699636536 33.7224017499447 -0.564956019248254 -0.305004345844654 0.766679154617122 0.136479093022461 0.881830808702409 0.451384274550281 0.593622269560865 0.0102753638273689 -0.0189578593840693 0.604228176097283 -0.486573918259616 0.024355623370087
16.9702445400752 36.6368797264454 33.8520880223562 -0.0351496996771449 -0.460098442900457 0.887171799827726 -0.100950296947534 0.884814410308172 0.454876226563722 0.720901643555957 0.150917203266851 -0.301188977632014 0.181367104695181 -0.147084048999209 -0.0441015214337745
16.7469668320069 37.0146772869064 34.1215582912655 0.555047248254011 -0.497978125178548 0.666288390964752 -0.0383320182072616 0.784838456558192 0.618513650090172 0.7765384178582 0.562834449099818 0.173956863518775 0.192120748393686 -0.119846207672124 0.126339408116
23.7480573306164 22.597143032025 6.48206541455214 -0.429868763429362 0.845853627865777 0.3158233165607 0.858301466695538 0.274258538542795 0.433705817659409 -0.324617775016481 0.177543267667996 0.0196247847811187 0.488243790263886 -0.318970682684548 -0.331749581917856
24.1630949460996 22.830530808132 6.50058491027589 -0.585359442573613 0.339878436370968 0.736095681930325 0.81061959591927 0.227629376418408 0.539518878873407 0.157710870960105 0.215333798224664 -0.565383977105273 0.534430414886528 0.113020318360824 0.317093424703675
24.4103878898556 23.1688622398339 6.84782120093664 -0.57986153578892 -0.242906766479607 0.777661097850892 0.747908470770741 0.219834438055675 0.626343053505676 -0.171053547993771 -0.151726210503716 0.148284356105628 0.257326081504874 0.0344361720796635 0.154228939168047
24.6356313094919 23.3710734587592 7.2994630007456 -0.488984182833686 -0.718191822426765 0.495070556759537 0.585540390634897 0.150426881395701 0.796563926187741 0.107066391595431 -0.531082516310653 0.52232497087942 0.425225531652655 0.331576642757408 0.00284668891984648
24.8034213933335 23.4259154922538 7.71975190697934 -0.141949947585576 -0.960211969141464 0.240505864824505 0.576755021746577 0.11723385072207 0.80846135097219 0.533117509857793 -0.829315329293229 -0.167870375252978 0.633578577220412 0.229915875391376 -0.326614037184581
24.8270656752947 23.4322835798471 8.24374738744083 0.412039791276239 -0.884928891761062 -0.217080511146046 0.668662528122731 0.131828643475644 0.731786522294962 0.611795994908518 -0.698889959118721 -0.104889797489286 0.522896970563607 0.0624781215241584 -0.0530964273160407
24.9891625014207 23.2756940683355 8.69786567257774 0.590577983683754 -0.495932459412232 -0.636607039503649 0.719074896460194 -0.034640128984734 0.694068612827577 0.321764773194415 -0.481436951418567 0.36387454147136 0.534624725973602 0.276815950622788 -0.263143430967196
25.2701856972878 23.0693835272342 9.05467149830469 0.592718670514902 -0.037842882968263 -0.804519969134803 0.797836033957421 -0.109075425156852 0.592925040100364 -0.342373763399473 0.0929662175486805 -0.39606575629177 0.36501561269376 0.2961926045722 -0.330740536043882
25.7064066175819 22.9183675188747 9.24497498641893 0.307986825319399 0.493847867110894 -0.813177894067099 0.881809465613208 0.172684557489252 0.43885304343954 -0.13841990454698 -0.0415075221597997 -0.018764772538834 0.315402428323006 0.183164125687731 -0.665854131613142
26.2062972149013 22.9170354229022 9.30566332193767 -0.144407921838516 0.864338690379691 -0.481731112059155 0.792086124002267 0.392762524726491 0.467265507397146 0.52052304325854 0.156498847764668 0.26433618116585 0.437724498484529 0.676202231329062 -0.0845270348720377
26.5703664188104 23.1750266425869 9.2514205568111 -0.520705132682208 0.815155141036872 0.253748186162458 0.752399717320605 0.297707640923147 0.587592297925527 0.144047410439014 0.241471044933885 0.333317448443689 0.482259258420209 -0.0780275279022169 -0.253635973756414
26.894429019885 23.4879069783252 9.38879561372165 -0.727801694817565 0.372053030336344 0.576091239744785 0.675759555631577 0.245941207827376 0.694882599136178 -0.259932321406662 0.351566857703267 0.282087781850421 0.526879338452111 0.431418272490359 0.401694995298987
27.1041773982012 23.8846619682145 9.50640784076956 -0.508588849922401 -0.371417291057469 0.776779546089149 0.759094322927293 0.232344313580107 0.608105098238989 -0.430190156945415 0.169955027542212 0.416188817009022 0.440955370386079 -0.443370753909909 0.163065059272552
27.287834319015 24.1260676386552 9.86337053351728 -0.312768008398916 -0.813448616429663 0.490384955267709 0.656453934006713 0.188012331018999 0.730561070992049 -0.0622478780005803 0.106582032541317 0.285913293998957 0.444213577633813 0.0873692021939583 0.391155110488633
27.386435923366 24.2945425467058 10.3227539142548 0.186792236556521 -0.978045298595313 0.0923901440124592 0.545760358277 0.181508207960013 0.818046631111615 -0.870011473724335 -0.143767727896828 -0.0534231674274251 0.397094274444003 0.174281614186465 0.244811955965802
27.5648139462859 24.2787421656195 10.7553282456648 0.385898043340784 -0.847315962451131 -0.364881132795661 0.672282140746469 -0.012567177709194 0.740188269055242 0.0338477112228883 0.181841874528725 -0.0508956997477791 0.52498194917355 0.0219107737893968 0.161203835535181
27.7377205756351 24.0695051211104 11.1085262852671 0.661412448209336 -0.299676926015238 -0.687551595333726 0.711129266750623 -0.0407989207654067 0.701876412927661 0.085512681973805 -0.366316821030299 -0.0386061696906605 0.661729384446015 -0.0238747106873052 0.144644508449102
28.0046108625065 23.8016521501226 11.3376917813217 0.674091787518637 0.366506945116342 -0.641305547748455 0.712761479326934 -0.0949197386255924 0.694954101553419 -0.255944183279006 0.335817393718806 -0.661720302847115 0.708673729547797 -0.176424864916229 0.683590945439777
28.5004752563518 23.7211350365095 11.5751544989222 0.36953962077822 0.641009171049251 -0.672716577100326 0.915197717867884 -0.125803941522051 0.382866041465813 0.325860049252582 0.570447229974407 -0.195406311091959 0.467007521092583 0.114025310179936 -0.256098657385052
29.0027628133793 23.6914133219814 11.6563643505313 0.0290984807220023 0.969273937762795 -0.244256409156853 0.860092701436543 0.100227993783818 0.500194741482214 -0.0440525873857804 0.676783525908393 0.127159419662351 0.786892341481736 0.150667415817423 0.0685857785654075
29.5063905277812 23.7996837159687 11.6965445096398 -0.370761883434567 0.868682369727899 0.328521608351237 0.878328064444708 0.213027054550622 0.427970997005642 0.0397071404270221 0.619057283280088 -0.31158408950432 0.349271261629557 0.145738346783121 0.0324611989387088
29.9506024364863 24.0721891400583 11.7818457547299 -0.647721680562288 0.352709978467687 0.675316353491277 0.760020288586343 0.237287093456738 0.605032130088261 -0.109800032147146 0.238841087663307 0.293132656621333 0.43886517818707 -0.114733751197777 0.161205702710722
30.2250054866279 24.4057323445862 12.0958002969009 -0.713055421382376 -0.20385212855609 0.670817528494353 0.597973502120722 0.322693571627568 0.733686878643069 -0.0946207649815564 0.303884219012667 0.346151178907451 0.304508781706892 0.0471367483487567 -0.0696415857176425
30.3549646506504 24.67179154035 12.4407808012519 -0.275646457942478 -0.833261214403561 0.479264711836076 0.627688573020855 0.221583714267989 0.746262418300883 -0.498307548848233 -0.0418862026880675 0.444926305140911 0.532374923881469 0.283054807602016 0.637542548538445
29.1005301260887 25.5708344752929 14.2566554105066 0.124580672820836 -0.972311279715679 0.197712702483325 0.672340142373826 0.229267424653801 0.703843066968173 -5.63472889909109 2.56559302917832 6.43199148659403 0.247814459906609 -0.184412907221507 0.0992795701001167
4.39909310927837 14.6081044076745 15.3052448035657 -0.25162491982928 -0.0913212418524508 0.963506728453955 0.662683485769784 0.709302941295545 0.240291110354482 -0.0929396085104455 -0.388767764698948 0.724463635311707 -0.239761193596912 -0.0416624234462628 -0.466961731866616
4.43890863105943 15.0613946498452 15.4988418227564 0.372972338163575 -0.559251555539708 0.740357490271182 0.63144648676835 0.737638374348065 0.23909170648513 -0.340650744203633 -0.142985707916865 -0.177274335416287 0.221904329135985 0.274871593331603 -0.118622276275433
4.66536275082266 15.3984360811027 15.9002699851052 0.65429482211484 -0.627097652591201 0.422666185726249 0.574299750475655 0.775656987355714 0.261793650736755 0.327815432659188 -0.216580195747002 -0.315541105196546 0.485232422084163 0.231710251544831 -0.235963817003634
4.87289892243853 15.6787728052788 16.2654327870578 0.850981248466252 -0.480491300505264 -0.212035156017069 0.525193979472517 0.779652146651173 0.341047938590243 0.699020353826311 0.194458621085811 -0.013865952699511 0.207872988931252 0.0977908284929426 0.0381371139370837
5.15723600797426 16.018527794837 16.5788251438377 0.602243867849316 -0.338811795439434 -0.722847684529581 0.698692274044804 0.661714563689437 0.271961076612035 0.678377986871635 0.151909717719701 -0.225690853852482 0.437467300681858 -0.0716748542874621 -0.478867556104967
5.56173682318246 16.0688558474454 16.7060284383648 0.169666780269494 0.294928144460246 -0.940335288112103 0.694768944427911 0.640916696039955 0.326376756918562 -0.304829069673314 0.159776988443575 -0.130795920252877 0.38761621602872 -0.0563484808925558 0.164878797730002
5.98369000954474 16.37476694859 16.8181771207883 -0.269556345829783 0.330994605695605 -0.904312907474833 0.613568227609379 0.782811871552213 0.103631490626101 -0.391804436321581 0.23471304193684 -0.0017780388084911 0.347082397943327 0.226293923108609 -0.814452320150575
6.37360280124778 16.6070234252141 16.7174813104557 -0.709092742440726 0.507963766480663 -0.489040060574864 0.548175979434852 0.833363187065603 0.0707727121743277 -0.103242265145733 0.138730020373938 0.157883561727452 0.247966680700585 0.44863407020154 -0.211611844170667
6.70114196070639 16.9114117318993 16.5284954862281 -0.852262158912558 0.476337395268115 0.216221600385181 0.519278185329822 0.820328728901629 0.239605558305206 0.178506489114951 0.503211722230733 0.257151410890877 0.472087809239824 -0.265698910434315 -0.56793972137223
6.81608451781045 17.3867604446284 16.3909876358037 -0.621061490546746 0.207521909641261 0.755789099845002 0.448625090491724 0.884836451001769 0.125697524577909 0.0372410375046376 0.494296847475617 0.705208761121913 0.491914861774827 0.00203234765551953 -0.0522327567457819
6.73414890050737 17.794336213509 16.3163078477452 0.0770034789619227 -0.101912986558983 0.991808494265164 0.488312130070586 0.871142018253117 0.0516016458918453 -0.336753067780348 -0.123708660051658 0.460819941732552 0.586592737771669 -0.278242489244631 0.118495403736918
6.82699362135374 18.2675138072611 16.3481843881602 0.249796517194291 -0.443274778633955 0.86087691044254 0.337251018949679 0.873222383205358 0.351773094007342 0.240078661392675 0.396571470131032 -0.0324875662351053 0.434355708426267 -0.0773973195175222 -0.410274382801697
6.8467035061386 18.6341900041899 16.679825148706 0.553929711511039 -0.685696486877828 0.472209795075759 0.515672477673742 0.727855042197684 0.452005332890069 0.510044624410324 -0.129216216460582 -0.307195111759268 0.576862414668143 0.0762801041820547 -0.381104441550418
6.93422263951107 18.876341007607 17.0261019549303 0.824623768417181 -0.44652619300804 -0.347289332529692 0.561643935933865 0.719498942825512 0.408506115183807 0.200986037851879 -0.217348162405768 0.484876635078574 0.557867535364126 0.119178600388934 -0.077530971277244
7.31603092982242 18.9825516465668 17.2926321899537 0.514677308341953 -0.138915749269843 -0.84605529640225 0.71428154471865 0.615293886543416 0.333489424840049 0.320304053129507 0.087354266004965 -0.196861346161063 0.614166698140939 -0.142654537380966 0.151098091911423
7.79754391253719 19.0545403241208 17.5184373179577 0.0670876711406617 0.197348311329261 -0.978035157553736 0.725395447584575 0.663389853858886 0.183617079919041 0.262360308284519 -0.11276473451191 -0.556275492000682 0.591059007731237 -0.160327858383106 0.0105893861989316
8.25254263232209 19.2875669281411 17.4253046165164 -0.423529264619149 0.396673754385834 -0.814415603649854 0.609154945311275 0.790125502364982 0.0680575161051914 -0.179659445861534 0.566515510438613 -0.633165083990603 0.420461620568295 -0.138821003704658 -0.0146769407369816
8.57251991062414 19.5595957347199 17.2703063847632 -0.814330754421741 0.5388870732429 -0.21555979813167 0.514376092535121 0.842114001651559 0.162052844929329 -0.264046579479496 0.450322404054452 -0.569149976160014 0.408839889058492 -0.166175985667518 0.303095709448313
8.79809798251983 19.9027938020223 17.1011284514275 -0.75038978619307 0.440550304500062 0.492778330775943 0.600286499051216 0.766292001671648 0.229025256456918 -0.269116421222605 0.429434867407572 -0.166791808918722 0.37194354797138 -0.0876158855150954 0.421242155013715
9.03591631021727 20.4156278000665 17.0510690663771 -0.574118214128103 0.135128438357717 0.807544712287838 0.445773572868316 0.8788830714019 0.169853913727574 -0.419135762925194 -0.132577328288841 0.573139019890389 0.427177978570986 0.28426789787791 0.00774980391601509
9.037655229454 20.9979342430774 17.0364982857062 -0.081292958089377 -0.272980664369845 0.958578579717841 0.254338371152697 0.924238845126257 0.284770862729483 -0.236083409769634 0.0712019101403839 0.531999225649483 0.680190549147474 0.415477292423295 0.124022780313588
8.98032701751805 21.4656495745088 17.3148412824914 0.512613620315289 -0.489986309205599 0.705081964261338 0.288092350939605 0.871730068148978 0.396345026609318 0.367355519290556 0.600372457823375 0.632111883287308 0.714510263956898 -0.0548916245836983 0.447572290406742
9.12568814780213 21.8330783317929 17.7227662986499 0.837563304808419 -0.532619893015545 0.121670232828293 0.458449916466756 0.806307636034094 0.373753334637805 0.704460191461602 0.234817725568554 0.729020055710339 0.55765681972986 -0.271742077723151 0.297717843469149
9.4053777440901 22.1615251989368 18.1029583441443 0.694209796406855 -0.4848154601018 -0.532002458072462 0.67908497912948 0.686150468222016 0.260846713401822 0.866151644031433 0.359276692512631 0.050210610270895 0.352820326338028 0.237761534949718 0.751041652553073
9.89782772606761 22.7924001000044 19.0712221172732 0.459087912354907 -0.017285460798832 -0.88822260087991 0.597746136524463 0.745656778030722 0.2944408384433 1.73991691048481 2.41837031957051 2.8541670343655 0.18974689052564 -0.237768859822751 0.376610563661661
