t = 0
b =  30.0 30.0 30.0
E = 0. 0. 0.
26.9944282937 9.77810483159 21.1090464307 0.946348633368 -0.243201390012 0.212784745739 0.117037271854 0.871723470741 0.475815581456 0.0 0.0 0.0 0.0 0.0 0.0
27.0419329838 9.94049143992 21.6190062291 0.943202118584 0.0524299775141 -0.328056185671 0.117037271854 0.871723470741 0.475815581456 0.0 0.0 0.0 0.0 0.0 0.0
27.3044406265 10.1148294633 22.0541856096 0.581717349452 0.32814232 -0.744263087337 0.117037271854 0.871723470741 0.475815581456 0.0 0.0 0.0 0.0 0.0 0.0
27.6995507573 10.3639675388 22.319710196 -0.000771566532926 0.479187908871 -0.877711998708 0.117037271854 0.871723470741 0.475815581456 0.0 0.0 0.0 0.0 0.0 0.0
28.0944850095 10.7223365132 22.3851603047 -0.582967351492 0.448181999567 -0.677703447209 0.117037271854 0.871723470741 0.475815581456 0.0 0.0 0.0 0.0 0.0 0.0
28.3565318356 11.1828685885 22.2961278912 -0.943684092924 0.246904255425 -0.220224025517 0.117037271854 0.871723470741 0.475815581456 0.0 0.0 0.0 0.0 0.0 0.0
28.403465843 11.6996824967 22.1568954042 -0.945879469898 -0.0481765433731 0.320922185418 0.117037271854 0.871723470741 0.475815581456 0.0 0.0 0.0 0.0 0.0 0.0
28.2347865955 12.2055145602 22.0908171394 -0.588719421997 -0.324954267874 0.74014469258 0.117037271854 0.871723470741 0.475815581456 0.0 0.0 0.0 0.0 0.0 0.0
27.9319087373 12.6372732881 22.1934548806 -0.00789502281459 -0.478276433065 0.878173856471 0.117037271854 0.871723470741 0.475815581456 0.0 0.0 0.0 0.0 0.0 0.0
27.6272312083 12.9600088881 22.49627238 0.575928827532 -0.449893384978 0.682570090005 0.117037271854 0.871723470741 0.475815581456 0.0 0.0 0.0 0.0 0.0 0.0
27.4538366737 13.1801912769 22.954681753 0.940947687283 -0.250588318122 0.227646534383 0.117037271854 0.871723470741 0.475815581456 0.0 0.0 0.0 0.0 0.0 0.0
27.494931194 13.3432520506 23.4649831606 0.948484788829 0.0439194404018 -0.313763745698 0.117037271854 0.871723470741 0.475815581456 0.0 0.0 0.0 0.0 0.0 0.0
27.7522328517 13.5163242621 23.9037621124 0.595676661279 0.321741469223 -0.735969932939 0.117037271854 0.871723470741 0.475815581456 0.0 0.0 0.0 0.0 0.0 0.0
28.1453190232 13.7627374517 24.174776695 0.0165610109256 0.477328534656 -0.878568837895 0.117037271854 0.871723470741 0.475815581456 0.0 0.0 0.0 0.0 0.0 0.0
28.5421802776 14.1179576958 24.2455214832 -0.568846444363 0.451570509266 -0.687384752447 0.117037271854 0.871723470741 0.475815581456 0.0 0.0 0.0 0.0 0.0 0.0
28.8093729671 14.5761134517 24.1595768956 -0.938139624833 0.254253297549 -0.235051707084 0.117037271854 0.871723470741 0.475815581456 0.0 0.0 0.0 0.0 0.0 0.0
28.8627166996 15.0922262547 24.0200522639 -0.951017876971 -0.0396589927951 0.306581411655 0.117037271854 0.871723470741 0.475815581456 0.0 0.0 0.0 0.0 0.0 0.0
28.6992758772 15.5992987891 23.9504128746 -0.602588537476 -0.318504168713 0.731739126338 0.117037271854 0.871723470741 0.475815581456 0.0 0.0 0.0 0.0 0.0 0.0
28.3984749786 16.0337682882 24.0475734422 -0.0252257378514 -0.476344285832 0.8788969129 0.117037271854 0.871723470741 0.475815581456 0.0 0.0 0.0 0.0 0.0 0.0
28.0919238724 16.3596550924 24.3450785888 0.561720741335 -0.453213244711 0.692147067878 0.117037271854 0.871723470741 0.475815581456 0.0 0.0 0.0 0.0 0.0 0.0
27.9134170267 16.5822319232 24.8003586812 0.935260119418 -0.257898914603 0.242438979688 0.117037271854 0.871723470741 0.475815581456 0.0 0.0 0.0 0.0 0.0 0.0
27.9481027548 16.7460206882 25.3109027467 0.953478541419 0.0353955250025 -0.29937573025 0.117037271854 0.871723470741 0.475815581456 0.0 0.0 0.0 0.0 0.0 0.0
28.2001339463 16.9178778643 25.7532041051 0.609454524224 0.315242612878 -0.72745259497 0.117037271854 0.871723470741 0.475815581456 0.0 0.0 0.0 0.0 0.0 0.0
28.5910903158 17.161594604 26.0296826216 0.0338885437397 0.475323761545 -0.879158056503 0.117037271854 0.871723470741 0.475815581456 0.0 0.0 0.0 0.0 0.0 0.0
28.98977158 17.51366141 26.1057570314 -0.554552261098 0.454821466212 -0.696856673631 0.117037271854 0.871723470741 0.475815581456 0.0 0.0 0.0 0.0 0.0 0.0
29.2620426388 17.9694047836 26.0229829405 -0.932309390325 0.261524891656 -0.249807789625 0.117037271854 0.871723470741 0.475815581456 0.0 0.0 0.0 0.0 0.0 0.0
29.3217937427 18.4847627645 25.8832651562 -0.955866594785 -0.0311293617037 0.292147250224 0.117037271854 0.871723470741 0.475815581456 0.0 0.0 0.0 0.0 0.0 0.0
19.2380903512 27.3842056733 13.5508681317 0.990609184537 -0.110322202232 0.0807617186835 0.0452648974961 0.822009892638 0.567671406238 0.0 0.0 0.0 0.0 0.0 0.0
19.3232475869 27.4954622143 14.0695735678 0.878084751152 0.238231767399 -0.414985294675 0.0452648974961 0.822009892638 0.567671406238 0.0 0.0 0.0 0.0 0.0 0.0
19.6085642693 27.6610236941 14.4936830929 0.431961240009 0.496277505572 -0.753072456403 0.0452648974961 0.822009892638 0.567671406238 0.0 0.0 0.0 0.0 0.0 0.0
19.9923465299 27.9397116469 14.7461297278 -0.17827156822 0.565779122061 -0.805054801243 0.0452648974961 0.822009892638 0.567671406238 0.0 0.0 0.0 0.0 0.0 0.0
20.335491781 28.3473689683 14.8150640955 -0.72077602714 0.420331790757 -0.551183367292 0.0452648974961 0.822009892638 0.567671406238 0.0 0.0 0.0 0.0 0.0 0.0
20.5143361139 28.8508409348 14.7583561973 -0.989445622617 0.115193384571 -0.0879081568129 0.0452648974961 0.822009892638 0.567671406238 0.0 0.0 0.0 0.0 0.0 0.0
20.4676362861 29.3805712368 14.681609632 -0.882208283414 -0.233708914344 0.408764832186 0.0452648974961 0.822009892638 0.567671406238 0.0 0.0 0.0 0.0 0.0 0.0
20.2198370523 29.8570275845 14.698041023 -0.439805267605 -0.493821289295 0.750141227253 0.0452648974961 0.822009892638 0.567671406238 0.0 0.0 0.0 0.0 0.0 0.0
19.8717841939 30.2209173537 14.8854671304 0.169687122518 -0.566322700191 0.806526428395 0.0452648974961 0.822009892638 0.567671406238 0.0 0.0 0.0 0.0 0.0 0.0
19.5624115204 30.4557138456 15.2567409625 0.71471253778 -0.423668648874 0.556498754987 0.0452648974961 0.822009892638 0.567671406238 0.0 0.0 0.0 0.0 0.0 0.0
19.4159575924 30.5939350557 15.7548687034 0.988206710583 -0.120055794487 0.0950479003957 0.0452648974961 0.822009892638 0.567671406238 0.0 0.0 0.0 0.0 0.0 0.0
19.4947654152 30.7047895436 16.2746626161 0.8862646321 0.229168263451 -0.402513240672 0.0452648974961 0.822009892638 0.567671406238 0.0 0.0 0.0 0.0 0.0 0.0
19.7755972888 30.8678829444 16.7027036229 0.447615802328 0.491327466615 -0.747152871945 0.0452648974961 0.822009892638 0.567671406238 0.0 0.0 0.0 0.0 0.0 0.0
20.1584631985 31.1429744567 16.9604311091 -0.161089754486 0.566823150655 -0.807936635437 0.0452648974961 0.822009892638 0.567671406238 0.0 0.0 0.0 0.0 0.0 0.0
20.5046086937 31.547273324 17.0339894138 -0.708594620293 0.426973242983 -0.561771763146 0.0452648974961 0.822009892638 0.567671406238 0.0 0.0 0.0 0.0 0.0 0.0
20.6892300229 32.0489007555 16.9794918274 -0.986892542781 0.124909061691 -0.102180405713 0.0452648974961 0.822009892638 0.567671406238 0.0 0.0 0.0 0.0 0.0 0.0
20.6488891659 32.5790012115 16.9017022143 -0.890253488303 -0.224610160507 0.396230996216 0.0452648974961 0.822009892638 0.567671406238 0.0 0.0 0.0 0.0 0.0 0.0
20.4056149982 33.0579017744 16.9142334693 -0.455392249374 -0.488796227446 0.744107618053 0.0452648974961 0.822009892638 0.567671406238 0.0 0.0 0.0 0.0 0.0 0.0
20.058534153 33.4253812218 17.0963840792 0.152480118844 -0.567280435341 0.809285314976 0.0452648974961 0.822009892638 0.567671406238 0.0 0.0 0.0 0.0 0.0 0.0
19.7462111556 33.6635490762 17.4630113021 0.702422740582 -0.430245321427 0.567001990211 0.0452648974961 0.822009892638 0.567671406238 0.0 0.0 0.0 0.0 0.0 0.0
19.5940054441 33.8036424959 17.9588866466 0.985503219291 -0.129752816585 0.109305129597 0.0452648974961 0.822009892638 0.567671406238 0.0 0.0 0.0 0.0 0.0 0.0
19.6664452224 33.9141587571 18.4796780987 0.894174548256 0.220034952629 -0.389918577236 0.0452648974961 0.822009892638 0.567671406238 0.0 0.0 0.0 0.0 0.0 0.0
19.9427121171 34.0748319927 18.9115875989 0.463134016537 0.486227764551 -0.741005697485 0.0452648974961 0.822009892638 0.567671406238 0.0 0.0 0.0 0.0 0.0 0.0
20.3245504254 34.3463408624 19.1745848271 -0.143858871252 0.567694519426 -0.810572364306 0.0452648974961 0.822009892638 0.567671406238 0.0 0.0 0.0 0.0 0.0 0.0
20.6735960996 34.7472557158 19.2528120593 -0.69619736866 0.433484635024 -0.572189037879 0.0452648974961 0.822009892638 0.567671406238 0.0 0.0 0.0 0.0 0.0 0.0
2.70522440028 7.35698899408 20.4805948745 0.903871703196 0.308234139748 -0.296660848874 0.181140668948 0.352471041047 0.918124296202 0.0 0.0 0.0 0.0 0.0 0.0
3.01519834527 7.21862755794 20.8970770093 0.504918302069 0.767803398831 -0.394379828313 0.181140668948 0.352471041047 0.918124296202 0.0 0.0 0.0 0.0 0.0 0.0
3.4402684331 7.25528693072 21.2236602497 -0.0858620037991 0.93567130971 -0.342267317296 0.181140668948 0.352471041047 0.918124296202 0.0 0.0 0.0 0.0 0.0 0.0
3.84576627446 7.50523260799 21.4722236444 -0.644021898887 0.74806204644 -0.160121730034 0.181140668948 0.352471041047 0.918124296202 0.0 0.0 0.0 0.0 0.0 0.0
4.10445930371 7.92569905229 21.6842872857 -0.957507107116 0.276251504797 0.0828567795601 0.181140668948 0.352471041047 0.918124296202 0.0 0.0 0.0 0.0 0.0 0.0
4.14488855776 8.40913703579 21.9152381325 -0.907219356687 -0.300511602197 0.294356613308 0.181140668948 0.352471041047 0.918124296202 0.0 0.0 0.0 0.0 0.0 0.0
3.97851713091 8.82407339012 22.2132875786 -0.512263804753 -0.76310532723 0.39402544828 0.181140668948 0.352471041047 0.918124296202 0.0 0.0 0.0 0.0 0.0 0.0
3.69537515364 9.0650598611 22.601155138 0.0773093312004 -0.935782580009 0.343997427697 0.181140668948 0.352471041047 0.918124296202 0.0 0.0 0.0 0.0 0.0 0.0
3.42985584086 9.09273466352 23.0674369218 0.637511359688 -0.752940385191 0.163279033001 0.181140668948 0.352471041047 0.918124296202 0.0 0.0 0.0 0.0 0.0 0.0
3.30965726258 8.94877668144 23.5709381664 0.955512164008 -0.284043549547 -0.0794717962121 0.181140668948 0.352471041047 0.918124296202 0.0 0.0 0.0 0.0 0.0 0.0
3.40726771215 8.74007096331 24.0563238125 0.91049792191 0.292766179524 -0.292029961346 0.181140668948 0.352471041047 0.918124296202 0.0 0.0 0.0 0.0 0.0 0.0
3.71242619166 8.59810130501 24.4751412198 0.519570296565 0.758349142205 -0.393641061684 0.181140668948 0.352471041047 0.918124296202 0.0 0.0 0.0 0.0 0.0 0.0
4.13602073663 8.62899735754 24.8042281347 -0.0687507711968 0.935822586841 -0.345701341361 0.181140668948 0.352471041047 0.918124296202 0.0 0.0 0.0 0.0 0.0 0.0
4.54394354114 8.87321419818 25.0545124179 -0.63095227153 0.757761384616 -0.166423901636 0.181140668948 0.352471041047 0.918124296202 0.0 0.0 0.0 0.0 0.0 0.0
4.8080407555 9.29016277029 25.2668603675 -0.953444454949 0.291813963281 0.0760807607791 0.181140668948 0.352471041047 0.918124296202 0.0 0.0 0.0 0.0 0.0 0.0
4.85480027636 9.77363034451 25.4965509289 -0.913707149192 -0.284998461573 0.289681070172 0.181140668948 0.352471041047 0.918124296202 0.0 0.0 0.0 0.0 0.0 0.0
4.6932802238 10.1921325104 25.7922742994 -0.526837221088 -0.753535205956 0.393226697798 0.181140668948 0.352471041047 0.918124296202 0.0 0.0 0.0 0.0 0.0 0.0
4.41166761013 10.4388663025 26.177633708 0.0601869755559 -0.935791327159 0.34737892853 0.181140668948 0.352471041047 0.918124296202 0.0 0.0 0.0 0.0 0.0 0.0
4.14377461942 10.472286432 26.6421781543 0.624345133914 -0.762524677578 0.169556096448 0.181140668948 0.352471041047 0.918124296202 0.0 0.0 0.0 0.0 0.0 0.0
4.01820112164 10.3318890374 27.1453729181 0.951304137404 -0.299562154252 -0.0726839315017 0.181140668948 0.352471041047 0.918124296202 0.0 0.0 0.0 0.0 0.0 0.0
4.10947743191 10.1232064402 27.6319993775 0.916846794137 0.277209039886 -0.287310118663 0.181140668948 0.352471041047 0.918124296202 0.0 0.0 0.0 0.0 0.0 0.0
4.40974899775 9.97771365237 28.0531334862 0.534064024917 0.748663885084 -0.392782388175 0.181140668948 0.352471041047 0.918124296202 0.0 0.0 0.0 0.0 0.0 0.0
4.83176047487 10.0028788207 28.3847328372 -0.0516185964437 0.935688803346 -0.349030061449 0.181140668948 0.352471041047 0.918124296202 0.0 0.0 0.0 0.0 0.0 0.0
5.24200549132 10.2413342812 28.6367707748 -0.617690449998 0.767229901334 -0.172675378906 0.181140668948 0.352471041047 0.918124296202 0.0 0.0 0.0 0.0 0.0 0.0
5.51144795025 10.6546798219 28.8494473542 -0.949091374365 0.307287532405 0.0692815670614 0.181140668948 0.352471041047 0.918124296202 0.0 0.0 0.0 0.0 0.0 0.0
