t = 0
b =  30.0 30.0 30.0
E = 0. 0. 0.
15.257054531 2.9465414836 19.4420354198 0.727614234596 0.674773512183 -0.123524219771 0.0910794956968 0.0834464363249 0.992341280875 0.0 0.0 0.0 0.0 0.0 0.0
15.614693186 2.79798377349 19.8144737385 0.190715483269 0.976576897813 -0.0996251328679 0.0910794956968 0.0834464363249 0.992341280875 0.0 0.0 0.0 0.0 0.0 0.0
16.0158054415 2.87203679797 20.1642025051 -0.418639268744 0.907362392469 -0.0378767923447 0.0910794956968 0.0834464363249 0.992341280875 0.0 0.0 0.0 0.0 0.0 0.0
16.3214888625 3.15292310836 20.5052972557 -0.868945963286 0.493425743936 0.0382615748566 0.0910794956968 0.0834464363249 0.992341280875 0.0 0.0 0.0 0.0 0.0 0.0
16.4290960239 3.54628583261 20.8551137334 -0.989125558374 -0.107971594357 0.0998637300704 0.0910794956968 0.0834464363249 0.992341280875 0.0 0.0 0.0 0.0 0.0 0.0
16.3112319831 3.91503642853 21.2276941516 -0.733519816538 -0.668348718765 0.123525984598 0.0910794956968 0.0834464363249 0.992341280875 0.0 0.0 0.0 0.0 0.0 0.0
16.026162077 4.13143691297 21.6284323219 -0.199237632602 -0.974808990719 0.100258652332 0.0910794956968 0.0834464363249 0.992341280875 0.0 0.0 0.0 0.0 0.0 0.0
15.6956759463 4.12562965731 22.0520244551 0.410738259035 -0.910923029162 0.0389013818105 0.0910794956968 0.0834464363249 0.992341280875 0.0 0.0 0.0 0.0 0.0 0.0
15.4588176147 3.91217746849 22.4844841595 0.864667818887 -0.500962179006 -0.0372351740576 0.0910794956968 0.0834464363249 0.992341280875 0.0 0.0 0.0 0.0 0.0 0.0
15.4190603396 3.5845309352 22.9084561048 0.990095617869 0.0993225785963 -0.0992254647623 0.0910794956968 0.0834464363249 0.992341280875 0.0 0.0 0.0 0.0 0.0 0.0
15.6049953917 3.27952498683 23.3098096023 0.739369538107 0.661873028005 -0.123518342443 0.0910794956968 0.0834464363249 0.992341280875 0.0 0.0 0.0 0.0 0.0 0.0
15.9594697533 3.12539301602 23.6830070898 0.207744609218 0.972966848147 -0.100884536712 0.0910794956968 0.0834464363249 0.992341280875 0.0 0.0 0.0 0.0 0.0 0.0
16.3612995052 3.19304886885 24.0332079439 -0.402805970017 0.91441429554 -0.0399230087855 0.0910794956968 0.0834464363249 0.992341280875 0.0 0.0 0.0 0.0 0.0 0.0
16.6713096235 3.46914548913 24.374308347 -0.860323826686 0.508460463866 0.036205937656 0.0910794956968 0.0834464363249 0.992341280875 0.0 0.0 0.0 0.0 0.0 0.0
16.7852088984 3.86114568814 24.7236618946 -0.99099027775 -0.0906659990367 0.098579643051 0.0910794956968 0.0834464363249 0.992341280875 0.0 0.0 0.0 0.0 0.0 0.0
16.6732119083 4.23247856983 25.095486675 -0.745162953823 -0.655346933051 0.123501293887 0.0910794956968 0.0834464363249 0.992341280875 0.0 0.0 0.0 0.0 0.0 0.0
16.3913549995 4.4544250975 25.4954635793 -0.216235765278 -0.971050610382 0.101502738344 0.0910794956968 0.0834464363249 0.992341280875 0.0 0.0 0.0 0.0 0.0 0.0
16.0602071411 4.45502060798 25.9185780359 0.394843005765 -0.917835925729 0.0409415954688 0.0910794956968 0.0834464363249 0.992341280875 0.0 0.0 0.0 0.0 0.0 0.0
15.8190637584 4.24639539031 26.3510251305 0.855914317495 -0.515920027493 -0.035173944032 0.0910794956968 0.0834464363249 0.992341280875 0.0 0.0 0.0 0.0 0.0 0.0
15.7730260712 3.92016618614 26.7754543234 0.991809469884 0.0820025149102 -0.0979263141181 0.0910794956968 0.0834464363249 0.992341280875 0.0 0.0 0.0 0.0 0.0 0.0
15.953071384 3.61262945782 27.17756121 0.750899622494 0.64877093089 -0.12347484023 0.0910794956968 0.0834464363249 0.992341280875 0.0 0.0 0.0 0.0 0.0 0.0
16.3042842892 3.45298008362 27.5515220028 0.224710454147 0.969060423354 -0.102113210149 0.0910794956968 0.0834464363249 0.992341280875 0.0 0.0 0.0 0.0 0.0 0.0
16.7067199496 3.51422806341 27.9022060862 -0.38684997269 0.921187659159 -0.0419570642911 0.0910794956968 0.0834464363249 0.992341280875 0.0 0.0 0.0 0.0 0.0 0.0
17.0209731466 3.78546079909 28.2433260555 -0.851439627115 0.523340301813 0.0341392717761 0.0910794956968 0.0834464363249 0.992341280875 0.0 0.0 0.0 0.0 0.0 0.0
17.1411406537 4.17598897303 28.5922280728 -0.992553131887 -0.0733327859747 0.0972655277173 0.0910794956968 0.0834464363249 0.992341280875 0.0 0.0 0.0 0.0 0.0 0.0
17.0350556432 4.54980093611 28.9633017702 -0.756579107253 -0.642145522312 0.123438983486 0.0910794956968 0.0834464363249 0.992341280875 0.0 0.0 0.0 0.0 0.0 0.0
16.7565084014 4.77723580717 29.3625133879 -0.233168030444 -0.966996438622 0.102715905638 0.0910794956968 0.0834464363249 0.992341280875 0.0 0.0 0.0 0.0 0.0 0.0
16.9049510853 1.68795345962 0.743218597044 0.910336162131 -0.402021765493 0.0983187265318 0.217374102914 0.666597368639 0.71301924764 0.0 0.0 0.0 0.0 0.0 0.0
16.9695229383 1.68110299022 1.27657462166 0.943923658841 0.0424205062096 -0.327427284955 0.217374102914 0.666597368639 0.71301924764 0.0 0.0 0.0 0.0 0.0 0.0
17.249262219 1.68392227655 1.73529358637 0.618898775996 0.470746518371 -0.628778196594 0.217374102914 0.666597368639 0.71301924764 0.0 0.0 0.0 0.0 0.0 0.0
17.6700794951 1.79404824655 2.05068254137 0.0587439007143 0.72022805774 -0.691245758737 0.217374102914 0.666597368639 0.71301924764 0.0 0.0 0.0 0.0 0.0 0.0
18.1042874453 2.06835022498 2.20850200393 -0.523728764595 0.696082916404 -0.491097500123 0.217374102914 0.666597368639 0.71301924764 0.0 0.0 0.0 0.0 0.0 0.0
18.4191114071 2.5013243261 2.25437577588 -0.907228115956 0.40748423724 -0.1043730905 0.217374102914 0.666597368639 0.71301924764 0.0 0.0 0.0 0.0 0.0 0.0
18.5271326913 3.02718447192 2.27645769856 -0.94605633802 -0.035924516425 0.32200440123 0.217374102914 0.666597368639 0.71301924764 0.0 0.0 0.0 0.0 0.0 0.0
18.4195004035 3.54485562309 2.37194053464 -0.625461940052 -0.465684945674 0.626047037305 0.217374102914 0.666597368639 0.71301924764 0.0 0.0 0.0 0.0 0.0 0.0
18.1692940468 3.95637387625 2.61013081257 -0.0672440938926 -0.718523878224 0.69224393696 0.217374102914 0.666597368639 0.71301924764 0.0 0.0 0.0 0.0 0.0 0.0
17.9037593968 4.20410458875 3.00611811771 0.516520907798 -0.698383576359 0.495445791263 0.217374102914 0.666597368639 0.71301924764 0.0 0.0 0.0 0.0 0.0 0.0
17.7559657039 4.29263874305 3.51504230656 0.904050980848 -0.412915677483 0.110419506053 0.217374102914 0.666597368639 0.71301924764 0.0 0.0 0.0 0.0 0.0 0.0
17.8142504606 4.28704875567 4.04913662529 0.948116971347 0.0294257908495 -0.316556995623 0.217374102914 0.666597368639 0.71301924764 0.0 0.0 0.0 0.0 0.0 0.0
18.0886585107 4.28816637825 4.51107176691 0.63197747276 0.460587909266 -0.62326820211 0.217374102914 0.666597368639 0.71301924764 0.0 0.0 0.0 0.0 0.0 0.0
18.5071258457 4.39427502923 4.83093290224 0.0757391661729 0.716764980333 -0.693189398127 0.217374102914 0.666597368639 0.71301924764 0.0 0.0 0.0 0.0 0.0 0.0
18.9428579259 4.66377028003 4.99278149246 -0.509273715935 0.7006310517 -0.499756352287 0.217374102914 0.666597368639 0.71301924764 0.0 0.0 0.0 0.0 0.0 0.0
19.2625010466 5.09297440112 5.04071060645 -0.900804998757 0.4183156726 -0.116457512733 0.217374102914 0.666597368639 0.71301924764 0.0 0.0 0.0 0.0 0.0 0.0
19.3768056395 5.61753359293 5.06209322675 -0.950105401895 -0.0229248243861 0.311085482975 0.217374102914 0.666597368639 0.71301924764 0.0 0.0 0.0 0.0 0.0 0.0
19.2745336761 6.1368670703 5.15438779268 -0.638444877937 -0.455455797305 0.620441902628 0.217374102914 0.666597368639 0.71301924764 0.0 0.0 0.0 0.0 0.0 0.0
19.0267281827 6.55237938435 5.38811210984 -0.0842284706224 -0.714951498013 0.694082070238 0.217374102914 0.666597368639 0.71301924764 0.0 0.0 0.0 0.0 0.0 0.0
18.7597228067 6.80491848193 5.78005245674 0.501987740907 -0.702825171274 0.504028854931 0.217374102914 0.666597368639 0.71301924764 0.0 0.0 0.0 0.0 0.0 0.0
18.6071455521 6.89724855961 6.28688619699 0.897490416878 -0.423683811358 0.122486650722 0.217374102914 0.666597368639 0.71301924764 0.0 0.0 0.0 0.0 0.0 0.0
18.6591512663 6.89299989915 6.82164077313 0.952021478238 0.0164221121085 -0.305590279963 0.217374102914 0.666597368639 0.71301924764 0.0 0.0 0.0 0.0 0.0 0.0
18.9281703064 6.89249465966 7.28673603533 0.644863663065 0.450289000622 -0.617568354093 0.217374102914 0.666597368639 0.71301924764 0.0 0.0 0.0 0.0 0.0 0.0
19.3441860388 6.99463281204 7.61105657178 0.0927113607477 0.713083569369 -0.694921885311 0.217374102914 0.666597368639 0.71301924764 0.0 0.0 0.0 0.0 0.0 0.0
19.7813353287 7.25931838649 7.77696964261 -0.494663537568 0.704965767991 -0.508262973825 0.217374102914 0.666597368639 0.71301924764 0.0 0.0 0.0 0.0 0.0 0.0
21.6794699519 28.6184464046 10.5931939163 -0.48384422275 0.0777828618112 0.871690652996 0.650922340367 0.697764149881 0.299040629267 0.0 0.0 0.0 0.0 0.0 0.0
21.6722215106 29.1498048936 10.6725079655 -0.0489212374321 -0.35454370772 0.933758786756 0.650922340367 0.697764149881 0.299040629267 0.0 0.0 0.0 0.0 0.0 0.0
21.6538214716 29.6003451332 10.9646723595 0.404587743906 -0.652173195033 0.641076345814 0.650922340367 0.697764149881 0.299040629267 0.0 0.0 0.0 0.0 0.0 0.0
21.7276472216 29.9022224726 11.4029701268 0.704387076987 -0.702031181799 0.104838282872 0.650922340367 0.697764149881 0.299040629267 0.0 0.0 0.0 0.0 0.0 0.0
21.962038028 30.0440717819 11.8651657839 0.736577982797 -0.485175785264 -0.471229596536 0.650922340367 0.697764149881 0.299040629267 0.0 0.0 0.0 0.0 0.0 0.0
22.3643318087 30.0753252557 12.2199446396 0.488930598016 -0.0839939962009 -0.868269473681 0.650922340367 0.697764149881 0.299040629267 0.0 0.0 0.0 0.0 0.0 0.0
22.8780773346 30.0874322955 12.3768014415 0.0555303045643 0.349098516324 -0.935439261083 0.650922340367 0.697764149881 0.299040629267 0.0 0.0 0.0 0.0 0.0 0.0
23.4044809952 30.179116353 12.3204248344 -0.398966880008 0.649562665881 -0.647220033489 0.650922340367 0.697764149881 0.299040629267 0.0 0.0 0.0 0.0 0.0 0.0
23.839940143 30.4188682407 12.1165144003 -0.701889876495 0.703247098562 -0.113111094231 0.650922340367 0.697764149881 0.299040629267 0.0 0.0 0.0 0.0 0.0 0.0
24.1154034713 30.8189253266 11.8868202888 -0.738153173929 0.489756200834 0.463970640842 0.650922340367 0.697764149881 0.299040629267 0.0 0.0 0.0 0.0 0.0 0.0
24.2226047604 31.3306223539 11.7628882994 -0.493979739324 0.0901987341226 0.864782172284 0.650922340367 0.697764149881 0.299040629267 0.0 0.0 0.0 0.0 0.0 0.0
24.2172033523 31.8628801854 11.8360834333 -0.0621351428489 -0.343626739724 0.937048498088 0.650922340367 0.697764149881 0.299040629267 0.0 0.0 0.0 0.0 0.0 0.0
24.1976382365 32.3168082909 12.1228788019 0.393315633239 -0.646902670017 0.653314432853 0.650922340367 0.697764149881 0.299040629267 0.0 0.0 0.0 0.0 0.0 0.0
24.2677294317 32.6232749123 12.5585972161 0.699339224372 -0.704409460335 0.121375291743 0.650922340367 0.697764149881 0.299040629267 0.0 0.0 0.0 0.0 0.0 0.0
24.4972350251 32.7691713751 13.0219831318 0.739672151838 -0.494299319573 -0.456676351988 0.650922340367 0.697764149881 0.299040629267 0.0 0.0 0.0 0.0 0.0 0.0
24.8953489087 32.8023922925 13.3812696587 0.498991262162 -0.0963966030615 -0.861229014377 0.650922340367 0.697764149881 0.299040629267 0.0 0.0 0.0 0.0 0.0 0.0
25.4072078663 32.8136396012 13.5442390046 0.0687352493017 0.338128794618 -0.938586375223 0.650922340367 0.697764149881 0.299040629267 0.0 0.0 0.0 0.0 0.0 0.0
25.9347350261 32.9019633792 13.4932575569 -0.38763443396 0.644193410011 -0.659359079794 0.650922340367 0.697764149881 0.299040629267 0.0 0.0 0.0 0.0 0.0 0.0
26.3739009045 33.1371310653 13.2919751861 -0.696735314859 0.705518178601 -0.129630246056 0.650922340367 0.697764149881 0.299040629267 0.0 0.0 0.0 0.0 0.0 0.0
26.6542459459 33.5331216424 13.0611435966 -0.741134800849 0.498804795505 0.449347285461 0.650922340367 0.697764149881 0.299040629267 0.0 0.0 0.0 0.0 0.0 0.0
26.7656492862 34.0428147884 12.932740735 -0.503964784884 0.102587131026 0.857610270545 0.650922340367 0.697764149881 0.299040629267 0.0 0.0 0.0 0.0 0.0 0.0
26.7621738379 34.5758926741 12.9998301616 -0.0753301212992 -0.332605099695 0.94005277537 0.650922340367 0.697764149881 0.299040629267 0.0 0.0 0.0 0.0 0.0 0.0
26.7415268861 35.0331532168 13.2812046479 0.381923714819 -0.641435092182 0.665353513988 0.650922340367 0.697764149881 0.299040629267 0.0 0.0 0.0 0.0 0.0 0.0
26.8079394571 35.3441986101 13.7142464886 0.694078346254 -0.706573168925 0.137875328524 0.650922340367 0.697764149881 0.299040629267 0.0 0.0 0.0 0.0 0.0 0.0
27.0325672089 35.4941806274 14.1787170149 0.742541009576 -0.503272285521 -0.441983999399 0.650922340367 0.697764149881 0.299040629267 0.0 0.0 0.0 0.0 0.0 0.0
