t = 100
b = 30 30 30
E = -0.577114783079931 -0.808630393486519 0.231515610406588
26.5989286356503 29.0117931407865 27.2482580169181 -0.864213737886499 0.230734865646724 0.447097219409148 0.499767485384045 0.496174174465056 0.70996023123922 -0.568187672886924 -0.906759146985178 -0.759674393422183 0.103550766326116 0.782019146397175 -0.590673600604657
26.6380428151285 29.4953422348109 27.476196387239 -0.308591695861167 -0.500134596957862 0.809096059748658 0.492899601699187 0.643418092682565 0.585715826710508 -0.00786998406556366 0.127899845918625 -0.29581214639239 0.709077096808423 0.34462602174451 0.281924373471987
26.6712556465216 29.8522701127091 27.8344738400066 0.0556111814436015 -0.762859954577838 0.644167654426799 0.38935055755944 0.610659920505204 0.68956544329077 -0.361711350385635 0.0870188743355373 -0.622333908384129 0.733003030037297 0.22056901235827 0.0271415621546722
26.6138058017353 30.1754020307892 28.3200511910767 0.211670361452733 -0.916948672599225 0.338231693420911 0.502825907809745 0.398929613072351 0.766825378454014 -1.69351672693073 0.593345601156006 0.502635999911555 0.785877473867474 -0.072583644987568 -1.18903749859286
26.6964100330257 30.4461341015947 28.8409190279633 0.601755501518974 -0.782056119861938 -0.162106226067804 0.647600357252778 0.358979313497776 0.672121651072704 -0.590771899063112 0.961383717819624 0.357988686163658 0.166136795420272 -0.139435539923807 -0.380808846751152
27.1349594222722 30.3922824207834 29.2172790559532 0.465707222434599 -0.099906327222369 -0.87928118005259 0.823211834939748 0.413496782256811 0.389027719672806 -0.205647951092805 0.399412668008131 0.146881145894733 0.0919460742746526 0.374046376229771 0.191332927087499
26.989305745806 29.9607748326118 29.4468674278552 0.291349242238398 0.460415287136681 -0.838530420207524 0.780282895714584 0.392727861446761 0.486747688121732 -1.14553454565733 -0.394637953968018 -0.89883248145654 0.333765279341063 -0.000618081377610216 0.189265088482863
26.8203659631116 29.1563226553484 27.8742050510492 0.323268682345826 0.789132640513859 -0.5222709250334 0.548194687694233 0.293700318360459 0.783085302494606 -4.31610179399837 -3.59758461667868 -7.88157124486748 -0.199663837301644 -0.902732265326562 -1.41755336100476
28.0767757422515 29.9811956559479 29.3804871841607 -0.418586334978822 0.728746617382862 -0.541953630363876 0.731917231492519 0.623987094520241 0.273746527472155 -0.953702637927555 -0.125518101357578 -0.800586002702925 0.513771938659937 0.0487839943317715 -0.737327050882778
28.6532204963144 30.3169900586605 29.5423160567132 -0.683444641627875 0.68011097705422 0.265240196612239 0.717713042581979 0.559627401433088 0.414373073731646 -0.801311755413968 0.508962065185965 -0.0282815937240598 0.310736057868025 0.00960661258301592 -0.112555423437178
28.8999036689972 30.7601274102535 29.6348209203548 -0.693277765647332 0.0121147458199024 0.720568564345419 0.61006554192176 0.542139268953345 0.577845073574452 -1.08805421826863 -0.494485834651819 0.024511694550636 0.262541678070847 -0.24321130364768 0.185896161364225
29.2014307313065 31.1776965593181 29.9563598546906 -0.427544487232604 -0.323731712527606 0.844039910622072 0.698246228765965 0.474750135196687 0.535783906007022 -0.653610131807799 0.0319320252395695 0.152780545836124 0.40444348158191 0.408737630303785 -0.0317032488133957
29.1962572344966 31.5793311333616 30.260133639249 0.2486174015845 -0.758522367530687 0.602356282182331 0.57391109845453 0.616322797211132 0.53923292180633 -0.408913011730472 -0.579689463301839 0.424890360946431 0.242777315111 -0.421112566855973 0.182993389084652
29.475999383627 31.8591170630509 30.6595268919173 0.241500014582396 -0.944782184714275 0.221504512771022 0.686586569575027 0.3276657013313 0.649025386635378 0.276223787612945 -0.753342770182066 0.220087835435215 0.303973282114427 0.302182126505203 -0.285668914889811
29.7254594248017 32.0451932434525 31.1117389916826 0.50175503853055 -0.832535862570016 -0.234788850896102 0.762704516702498 0.297755167539031 0.574128524300333 0.376320125567054 -0.19684913010194 -0.282172538904266 0.445952133499696 0.420430678889877 -0.237139089039654
29.9782814843353 31.9022244538464 31.4901694286712 0.739644519526007 -0.0236410487945447 -0.672582313066859 0.63151483388811 0.369823898735834 0.681483074795113 0.366401259082449 0.107110613571993 -0.426015970211554 0.66607895383634 -0.0953350847462306 0.0222527853694573
30.4061136597398 31.8317146042178 31.7209134102743 0.436839791130509 0.392206126430433 -0.809533959828285 0.793014766578411 0.256895768202466 0.552387573448178 0.581041619207695 0.124648255200201 -0.230680149029296 0.606115448831437 0.0561887202227565 0.0657591758796366
30.8235729361357 31.7866884342677 31.8080859437807 0.184236226401603 0.776871583557828 -0.602102514253574 0.791533471105789 0.245897173638753 0.559472276540166 0.111317079336008 0.191370430916281 -0.0731986097622977 0.482609327329166 0.147915377605667 0.185783169004282
31.3193832239004 31.8491987534678 31.9377390515313 -0.373159764912183 0.872585050304752 -0.315193594696364 0.744020351381574 0.484410360362242 0.460195829677671 0.0152928384333397 0.186787653807613 0.250289727251718 0.42729235189519 -0.262795013935759 -0.35970898869241
31.6871501717385 32.1319143095172 31.8937992674099 -0.69339994977851 0.643043075272533 0.325103051194896 0.720483708762497 0.625001476869306 0.300460098072053 -0.543973216422372 -0.285627996091393 0.216453709203836 0.552810799905089 0.451208488394546 0.0857371744863694
31.9379294445055 32.6328678750894 31.9103372282257 -0.678213089781443 0.183741757338425 0.711523613292863 0.572342769545746 0.739372768718389 0.354614662097781 -0.411261269770146 -0.120285839026222 0.22611034465228 0.730388073659161 0.0295991280040592 0.0409195503353458
31.9141552512872 33.0983078389312 31.9800110339844 -0.0430333210342799 -0.356154570298576 0.933435558616146 0.725928671286337 0.630773175003626 0.274139832783759 -0.283157125042118 -0.047821886426307 0.144078277494406 0.504734142667191 -0.422935647723116 0.531123230349005
32.3134924293634 33.3271136217874 32.2660257212972 -0.280983714152488 -0.67297891513782 0.684212993763215 0.676020181519244 0.367254191876146 0.638843449943082 0.894463825184868 -0.608360777435352 -0.0349628304405065 0.238162122314647 -0.0585460197023346 -0.556855882116833
32.2678888047282 33.5744735528396 32.6834371176638 0.355852913479985 -0.892735469614908 0.276390967475164 0.580285475295174 0.442903750422852 0.683450743922666 0.233279754728292 -0.378048048780383 0.136264133681698 0.446060071058515 0.0577731618621847 -0.271443924855138
32.3464264933331 33.7197794227917 33.1813125298176 0.66715413397191 -0.715254974064169 -0.208123918796524 0.656041026541599 0.431808851686677 0.618992058636248 0.162480725504903 0.304566209578533 -0.2555068567064 0.602055904690739 -0.0994308537115615 -0.112489743466784
32.5560063375743 33.7031375758271 33.6335800078829 0.765129990853238 -0.165180153942994 -0.622327481863506 0.639729342782671 0.304535928219504 0.705694071040213 0.119722424063918 -0.0387126325963938 0.31807326746684 0.0902791355702148 -0.300759809455526 0.112564083470702
32.9387304343988 33.7061134021276 33.960841549731 0.330982666160846 0.452961064959858 -0.827814370331595 0.727930101944018 0.435675526009485 0.529437894159682 0.569671149729751 -0.176879875409996 -0.339063693231179 0.088788407240706 -0.0794019372459949 0.263387103622467
1.09062819908378 13.6540802497973 5.09322882232695 -0.435525337162737 -0.390813605649931 0.8109144760635 0.300426308614146 0.786084173271977 0.54019958058829 -0.13562096757565 -0.744225177856737 0.0597118477822912 0.179764390715548 -0.171853582541783 -0.147852853566966
1.07636722419593 14.0032928370567 5.52513611896618 0.0952733447786219 -0.72941409957285 0.677405301258727 0.0581478319411611 0.683416749925703 0.727708914176996 0.149075351315925 0.229481159991008 0.0627782656552421 0.396673952347031 0.476621909700494 -0.102558457148157
0.953822220226824 14.1749990044482 5.98527301769773 0.673399384002179 -0.603621033037431 0.426819398544106 0.0689971762940279 0.626141503446482 0.776650562432001 0.169688868394363 0.21048728793404 -0.190795966112801 0.587944944193862 0.139150219106131 0.0771014736417422
0.930003806479981 14.3194980129209 6.46860789632486 0.945475477192624 -0.32163580048076 -0.0512485584216925 0.233090550701418 0.558324122280875 0.796205284734034 0.147863409545529 0.0020649508126222 -0.53564945324959 0.307611312063032 0.0914887215009765 0.0935556196293493
1.13620699708899 14.4410467467585 6.92827085210106 0.818625670233512 0.094952855023208 -0.566423735614031 0.38954052170992 0.632917353558976 0.669084215397094 0.0666332079702409 0.175197659510371 -0.396743367739768 0.348588327843699 -0.339021335041622 -0.171551885676776
1.46153249007088 14.6142880494097 7.31193895158818 0.454476774777334 0.492583244920656 -0.742167426433197 0.407791730412391 0.625690878765223 0.664993768095149 0.761915676427168 0.44322876009556 0.299730913403414 0.346253754060787 0.0092223882895159 -0.0257992412532791
1.83070928922472 14.8061239350138 7.60824328880793 -0.0834852732561406 0.673859748642614 -0.734127461509236 0.374391026578577 0.703938971317469 0.603573662065698 -0.220860261641017 0.089594721537998 -0.422031065477312 0.468504688110703 0.48846037401208 -0.201852277021857
2.1368218379776 15.1378238644488 7.69973866271922 -0.629320276915638 0.622357621607639 -0.465431908473574 0.413290064387595 0.775204134802991 0.477754914769305 -0.343273544007246 0.781275022843123 -0.113193661790166 0.584554272907433 0.131090495344809 -0.254699323897717
2.39163655788783 15.5129589292304 7.67793893555825 -0.896501837410703 0.436331100475828 0.0768082534109102 0.427282521718506 0.805698730143875 0.410218347537716 -0.297844138533555 0.151090628211528 -0.0399632841574499 0.453099355364124 0.11617558567895 0.0840433350848586
2.57186385857626 15.9242596291699 7.78372707651717 -0.893785704888451 -0.0837751418949007 0.440600409344796 0.244650579764039 0.732292576923272 0.635526204672385 0.191506221100782 0.181720508450594 -0.139779198308449 0.406123352881099 0.0619714845053697 -0.218494901173288
2.36937730456435 16.3351751565359 7.89788061973619 -0.400216573592514 -0.493211742929071 0.772378632419747 0.203158388238593 0.774099957759925 0.599579692370568 -0.135882372284269 0.202654745092469 0.495119756726444 0.449013814382519 -0.363134477035888 -0.0616978353743072
2.2475924718434 16.6239193026594 8.15641980098574 -0.016851405524982 -0.617349587383277 0.78650836094577 0.297810353132673 0.747817765599648 0.593361158002173 0.204858656193125 -0.299832769678314 0.454546551744677 0.567098596046821 0.251561106846413 -0.161345776454348
2.16849604648371 16.930301203166 8.56889457176477 0.432382377344107 -0.739505914879749 0.515922834817581 0.120630504957469 0.614470325372058 0.77966299619679 0.578182257047961 0.09203369385821 0.0269217893433623 0.341338075117326 0.342329055621254 -0.148610455979842
2.05426686033601 17.0296831613572 9.02086782435893 0.975169813334121 -0.220382332905344 -0.0218023734064105 0.161180410663974 0.638780737241881 0.752316374836648 0.00791254635122883 -0.101004575760716 -0.131369635787356 0.658110355237605 -0.173910568578567 -0.14080959640936
2.14758529794926 17.1326470543888 9.49947629342231 0.85214257417309 0.0715752509467365 -0.518391644931122 0.456966135034916 0.380965345097814 0.803770648079105 -0.135759606227572 0.216468076377126 -0.564505700084235 0.480767566363393 -0.178168142963086 -0.134786569311792
2.53250328692764 17.1432210115654 9.80772039174486 0.450773475189375 0.518498525437431 -0.726610235262024 0.483741189160779 0.5422157253853 0.687019982729909 0.269420517107733 0.18339953467455 -0.183057752256517 0.536296409974484 -0.433295043867795 0.0182206766702414
2.85461040196255 17.2832752080671 10.1286737542051 -0.0837372971302153 0.615865713618258 -0.783388389861454 0.370852785939928 0.748939545260167 0.549142650419837 0.10559706636316 -0.326830242518848 -0.376552983226734 0.590366325941805 0.530164793666976 -0.237874824085
3.18221299321865 17.6062573616501 10.1287741713881 -0.611841168471058 0.602472884841622 -0.512519940619745 0.443847226074367 0.797831854156925 0.40799983255046 -0.317562027889757 0.0445660496790154 -0.408422553211877 0.688068104012422 0.0138242455438828 -0.123715595572053
3.4820459160185 18.0324964182726 10.1256881190808 -0.939939722686518 0.340249953353933 0.0272611051207109 0.326583745089852 0.873203679373563 0.361743398243481 -0.582132082970496 0.115709510938507 -0.364909414783584 0.533524590420263 -0.0292706278732564 0.00708587132000295
3.56983753656418 18.490281638687 10.2433268188772 -0.859107671398642 -0.154489994095263 0.487920825174953 0.198817892762794 0.77773441288664 0.596322489451458 -0.723706530462695 -0.294637466203669 -0.0549199960170984 0.613252903322018 -0.128604410543374 -0.201558221174558
3.46297473124192 18.9289509045879 10.4302053461782 -0.399442349828967 -0.538622979061442 0.74184295982167 0.10920242469949 0.775485762707955 0.621849296976969 -0.51216676978496 -0.19433235350116 0.421613150482879 0.547318739300437 0.193685795540379 0.279196854501117
3.24356631050014 19.2776674363728 10.7196283424201 0.213438449545255 -0.693708550699215 0.687904322374567 0.194957225041242 0.720211364619851 0.665798132169237 0.291294905131978 -0.234035134985262 0.272010649483976 0.514994453620811 -0.421682231514345 0.0981725456296579
3.21582383769248 19.5645368367089 11.1751376437372 0.592093614408756 -0.672286337997683 0.444360341484146 0.329438884645801 0.705150811480401 0.627879156640421 0.177641084075205 0.120826778486634 0.285626567415999 0.348823299310245 0.215736063248001 0.0210350072711477
3.23620711542322 19.7421584386251 11.6260323979493 0.87209491695676 -0.478906118636497 -0.100495107601933 0.382549564292626 0.539185118763912 0.750290025415471 0.537142712631239 -0.217204525050724 -0.155137356021169 0.192426038969742 0.582473045607419 0.0878083309365171
5.99419951109301 20.9402450829343 13.6524749282086 0.991177575152403 -0.11130145290767 -0.071964604945418 0.119774943710387 0.519688067492411 0.845918529972816 10.5889281068752 4.41126489276946 6.66951939342228 0.458908987379193 -0.519903887999701 -0.876429526702742
