
#id1 id2 FENE BEXC STCK NEXC HB CRSTCK CXSTCK total, t = 100
0 1 0.00309636 0 -1.19221 0 0 0 0 -1.18911
1 2 0.486054 0 -1.20986 0 0 0 0 -0.723806
2 3 0.0656186 0 -1.21546 0 0 0 0 -1.14985
3 4 0.336456 0 -1.36133 0 0 0 0 -1.02488
4 5 0.0268382 0 -1.02538 0 0 0 0 -0.998544
5 6 0.000813979 0 -0.358143 0 0 0 0 -0.357329
6 7 1.0639 0 0 0 0 0 0 1.0639
7 8 1.20843 0 0 0 0 0 0 1.20843
8 9 0.322399 0 -0 0 0 0 0 0.322399
9 10 0.108212 0 -1.09613 0 0 0 0 -0.987917
10 11 0.145621 0 -1.23008 0 0 0 0 -1.08446
11 12 0.152099 0 -0.373498 0 0 0 0 -0.2214
12 13 0.0679847 0 -1.06017 0 0 0 0 -0.992186
13 14 1.69999 0 0 0 0 0 0 1.69999
14 15 0.879516 0 0 0 0 0 0 0.879516
15 16 0.906285 0 -1.11488 0 0 0 0 -0.208598
16 17 0.0657718 0 -1.38216 0 0 0 0 -1.31639
17 18 0.101877 0 -1.29665 0 0 0 0 -1.19477
18 19 0.00173236 0 -0.87194 0 0 0 0 -0.870207
19 20 0.664481 0 -1.1439 0 0 0 0 -0.479418
20 21 0.109586 0 -1.26102 0 0 0 0 -1.15143
21 22 0.192712 0 -1.23082 0 0 0 0 -1.03811
22 23 0.188245 0 -1.17702 0 0 0 0 -0.988779
23 24 0.116354 0 -1.31316 0 0 0 0 -1.1968
24 25 0.0884544 0 -1.08027 0 0 0 0 -0.991813
25 26 0.0212291 0 -1.196 0 0 0 0 -1.17477
27 28 0.142 0 -1.28141 0 0 0 0 -1.13941
28 29 0.265541 0 -1.32217 0 0 0 0 -1.05663
29 30 0.114137 0 -1.17668 0 0 0 0 -1.06254
30 31 0.26167 0 -1.1647 0 0 0 0 -0.90303
31 32 0.238399 0 -1.127 0 0 0 0 -0.8886
32 33 0.107506 0 -1.31886 0 0 0 0 -1.21135
33 34 0.171508 0 -1.30575 0 0 0 0 -1.13424
34 35 0.32259 0 -1.19061 0 0 0 0 -0.868016
35 36 0.0907331 0 -1.17082 0 0 0 0 -1.08009
36 37 0.117515 0 -1.32199 0 0 0 0 -1.20448
37 38 0.104731 0 -1.11612 0 0 0 0 -1.01139
38 39 0.168126 0 -1.26595 0 0 0 0 -1.09783
39 40 0.036461 0 -1.14105 0 0 0 0 -1.10459
40 41 2.65171e-05 0 -1.3513 0 0 0 0 -1.35127
41 42 0.0437467 0 -0.929141 0 0 0 0 -0.885394
42 43 0.0777197 0 -1.28919 0 0 0 0 -1.21147
43 44 0.0183322 0 -1.30101 0 0 0 0 -1.28268
44 45 0.0209957 0 -1.09436 0 0 0 0 -1.07337
45 46 0.225328 0 -1.09509 0 0 0 0 -0.869763
46 47 0.0406517 0 -1.3476 0 0 0 0 -1.30695
47 48 0.1217 0 -1.27487 0 0 0 0 -1.15317
48 49 0.0205047 0 -0.0338172 0 0 0 0 -0.0133125
49 50 0.548033 0 -0.00020223 0 0 0 0 0.547831
50 51 0.526024 0 -0.0862299 0 0 0 0 0.439794
52 53 0.0145597 0 -1.16088 0 0 0 0 -1.14632
53 54 0.0590174 0 -0.470708 0 0 0 0 -0.411691
54 55 0.154741 0 -1.33683 0 0 0 0 -1.18209
55 56 0.0156966 0 -1.32825 0 0 0 0 -1.31256
56 57 0.037227 0 -1.1297 0 0 0 0 -1.09247
57 58 0.0564935 0 -1.3405 0 0 0 0 -1.28401
58 59 0.192044 0 -1.3375 0 0 0 0 -1.14546
59 60 0.269863 0 -1.18084 0 0 0 0 -0.910977
60 61 0.242078 0 -1.17704 0 0 0 0 -0.934965
61 62 0.105607 0 -1.255 0 0 0 0 -1.14939
62 63 0.167511 0 -1.26874 0 0 0 0 -1.10122
63 64 0.217828 0 -1.2937 0 0 0 0 -1.07587
64 65 0.0499077 0 -1.36129 0 0 0 0 -1.31138
65 66 0.146424 0 -1.09601 0 0 0 0 -0.949587
66 67 0.149008 0 -1.25863 0 0 0 0 -1.10962
67 68 0.0263664 0 -1.15011 0 0 0 0 -1.12374
68 69 0.0831634 0 -0.911843 0 0 0 0 -0.828679
69 70 0.0662825 0 -1.30568 0 0 0 0 -1.2394
70 71 0.429568 0 -1.2363 0 0 0 0 -0.80673
71 72 0.0862486 0 -1.42355 0 0 0 0 -1.3373
72 73 0.036535 0 -1.12056 0 0 0 0 -1.08402
73 74 0.0753599 0 -1.2925 0 0 0 0 -1.21714
74 75 0.008369 0 -1.31193 0 0 0 0 -1.30356
75 76 1.85506 0 0 0 0 0 0 1.85506
#Total energy per particle is  -0.770018 and should be -0.77001810

