t = 100
b = 30 30 30
E = -0.711779719045931 -0.904252375261622 0.192472656215691
26.581647715842 24.9654204282859 6.4637393787902 -0.11838964303388 0.246285109901686 0.961939404801068 0.908014010506418 0.418915514475688 0.00449799890904243 -0.455959152158127 0.0798865068849429 0.473536222852283 0.328804418397991 -0.261964790585688 -0.165014137272
26.9234569298423 25.3590380228114 6.55369124357571 -0.0447043142922838 -0.489130492022857 0.871064157844131 0.833538082529295 0.462349351570814 0.30240242461469 -0.482169200761182 -0.139833639378447 -0.156948908342632 0.186704665766446 -0.0178577739674918 0.0813552774726947
27.1508277746487 25.5775320841583 6.87940079740565 0.303578073131718 -0.896912151194905 0.321541338374608 0.80380755282434 0.422280556301302 0.419013646863718 -1.15357335775444 -0.136186805416982 0.0103573941158709 0.219654098284967 -0.0973608565963877 0.263724182130303
27.5036466071207 25.7267601478691 7.14158274331595 0.219811927707483 -0.955039323603482 -0.198953482240645 0.942440371628446 0.155214928444069 0.296166090391969 -0.40969245437208 -0.0556601931583598 -0.113876036930717 0.493758309918186 0.214746868839741 -0.0623767628769117
27.8035189714334 25.685432089631 7.53395214963688 0.296612896171939 -0.657090627733183 -0.693002581304576 0.948477261015824 0.118039252337009 0.294036569366309 -0.116225144339384 0.223370794347556 -0.165270444545585 0.659134086682057 0.121345629573917 0.079244686735786
28.1400960711585 25.5253380310074 7.79508497198275 0.328466732358839 0.0126471283181535 -0.944430801257334 0.942408102342077 0.0623691530348788 0.328598457248161 0.00195213570303496 -0.196323402618713 0.24633493417767 0.464444346825504 -0.297310072330593 0.270515954832593
28.5776337430828 25.3873840902694 7.89797087623259 0.0735549407516004 0.497758862161745 -0.864190758418477 0.987382008461856 0.085503207912773 0.133288634632383 -0.106769493828788 -0.307473668250441 -0.0287638591173722 0.663891762184754 -0.232710324909397 -0.12162242281522
28.9812939402155 25.2856503546419 7.77200563845762 -0.0968777272804487 0.863855249465494 -0.494336620918363 0.988870407743969 0.139888092061383 0.0506609123881614 -0.733204707132137 0.0293827432888007 -0.166922381761075 0.479762408403153 0.181580120870794 0.3199465096328
29.4589723862848 25.4317524856733 7.66716810709817 -0.447225324213188 0.883034275117399 -0.142266874638863 0.88271615744406 0.461402251360483 0.0889945650881848 -0.259449782623457 0.107596707468774 0.156242606815359 0.5908395953861 -0.193736615282569 -0.624448089851735
29.8430744079833 25.7205451755648 7.44659890837218 -0.490892163357218 0.639024215261564 0.592176339551637 0.854030317631728 0.487312618305538 0.182094791719418 -0.602297755927318 0.506221111176056 0.570873861457972 0.408471621804452 0.126898995957643 0.0237872493779475
30.2208361861502 26.1530342321225 7.42401291843548 -0.416157035405434 0.000920426955570855 0.90929222824214 0.842698017909312 0.376038941374511 0.385298126498666 -0.588137639303166 0.310932709034481 0.529380042151348 0.430334454955679 -0.0354725542191175 -0.0420618321401561
30.5175543442945 26.4793232176579 7.62662136089781 -0.21749461392884 -0.575187996845799 0.788577670939221 0.820164834530031 0.330317642168408 0.467140002868865 -0.300274472314504 -0.233878286843607 0.254104113631843 0.490620621129898 0.498065541433656 0.244788813626317
30.7588941453743 26.6976291474618 7.97749801180472 0.0117701481600963 -0.941076707230713 0.337988131584824 0.777311760812894 0.22123700408564 0.588931664174099 -0.286544850138657 -0.499696511148131 0.51547691764629 0.505972300700414 0.316365093518225 0.292378587957861
30.9841576523493 26.8322669433668 8.42489263127789 0.481251569542426 -0.752689755616609 -0.449282716885563 0.856101401007484 0.293431990753014 0.425426776831011 0.159487560996434 -0.675008690173152 0.827632945359518 0.51266924529744 -0.157744643518021 0.992751892868854
30.601709467212 25.4417321066102 10.2664539113969 0.451459610774092 -0.609092803055383 -0.652065992204659 0.888854664494145 0.242909107907003 0.388500236643658 -2.66951417986797 -5.90156321103415 6.02532603666454 0.286307910667723 -0.142083303194938 -0.00186657568899044
31.6947538458736 26.753857395662 8.85836953347435 0.204711271163354 -0.232722541299492 -0.950754119349012 0.935978987149013 0.330767457622765 0.120565772889893 -0.167090184804192 0.0873720215672937 -0.260275944513888 0.00642771229758019 -0.00997457302825127 -0.254131901921526
32.2364441076539 26.6894709705932 8.81738327666937 -0.100788982521371 0.251360892440231 -0.962631375394083 0.971208456418738 0.234783783793359 -0.0403806215341848 -0.202609506682934 0.0152641722381648 0.0977694474348951 0.455308405865216 0.688589493302151 -0.307700703822418
32.7720182391198 26.5701086847684 8.65160483374273 -0.0787983658594787 0.851943455979848 -0.517670789498843 0.978256705626676 0.166015496945162 0.124308318840881 -0.351704566040925 -0.355592971408151 -0.474900215224998 0.593459304277863 0.128997531666566 -0.0318446868720732
33.2542889367204 26.6948158346342 8.57670873250092 -0.356689654557228 0.923533376457119 -0.140920114071239 0.926821186765844 0.36876499369809 0.0708149167700124 -0.103710856851013 0.153426613030829 0.0615373828800371 0.203107115581318 -0.0115950332383783 -0.317659872887336
33.6900094271557 26.8600648134602 8.51975250038443 -0.579872602530882 0.656764015491906 0.48208782894953 0.812180082970439 0.512575652294199 0.278620882390716 0.164247617937619 0.192537681729395 0.182733709296339 0.291515465335842 0.441348348246674 -0.129272785430586
33.9219330517174 27.2476066439705 8.6023475420707 -0.414585432283181 0.016692893005484 0.909857213174658 0.75423765037704 0.565719665300919 0.333296738613697 -0.385086420709323 -0.0115720449003718 0.496672660666418 0.481775357522255 0.126040936566261 -0.242241469244147
34.1123260195532 27.6234128575309 8.76921091797604 -0.108040186884637 -0.487054847533729 0.866663011008345 0.820932388545148 0.44797822702256 0.354098018088664 0.216644577019025 -0.118583716233107 0.569689839539883 0.707740374386978 0.0130123383344698 0.314735822981906
34.3280736312691 27.9272713107206 9.03424416200567 0.283665604732406 -0.878779520101268 0.383771108897979 0.873004816708894 0.402243551416672 0.275794482673268 0.0953253916647222 -0.06619111654274 0.38576627839755 0.157740209907764 -0.0786549493313307 0.571694112346722
34.7074812924282 28.1341075132338 9.32818281771775 0.288176119512867 -0.936873366738918 -0.198047219701057 0.940171470269557 0.237566060593912 0.244212723145748 -0.0011797194670952 -0.187198984261752 0.225252761943232 0.212584961911391 -0.138859245111137 -0.0986006037068917
35.1384587696222 28.0741346992397 9.59459294869652 0.292385113004171 -0.718702565205119 -0.630854538936875 0.936081849286654 0.0801603898173804 0.342527327072949 0.346671208704935 -0.0430434952408118 0.110820468970392 0.37900828722116 0.243089220663839 -0.0283703669276672
35.4318940128918 28.0135739840928 9.87110007004361 0.400668459363521 -0.237420675805647 -0.8849271668843 0.914994499076181 0.153686035139416 0.373048996478408 0.310739398290792 0.0727231260486367 0.214292718687147 0.391467061468115 -0.25625423821352 -0.126553263061489
35.9167248790975 27.8805616162123 9.98921745555095 0.145930402622782 0.477915287917712 -0.86619927046249 0.911313144871464 0.275788696375249 0.305694010000837 0.417379086625017 -0.378562255417305 -0.162433447677067 0.0937203242000536 0.133023645466656 0.297186103567182
18.6868001496457 11.2688851775827 16.7367749257367 0.103578926208866 0.976350408800424 -0.189766095998432 0.58945554260067 0.0934188191173761 0.802380812535096 -0.0479112681488212 0.212776763850228 -0.0650250263106794 0.0354154342246705 0.0207892144865616 -0.533865500516311
19.0708701180082 11.5146092029703 16.8686184377699 -0.582460158036177 0.773726783571404 0.249172449511121 0.57140175237959 0.171709704681694 0.80250588539527 -0.303425099549538 0.18282021600383 -0.242247826619487 0.135268945495687 0.300596647828276 0.0613669881512773
19.4121430344925 11.6736102493914 17.2843901873687 -0.851220196705657 0.458821525118722 0.254768267549929 0.400072381326862 0.25312960154658 0.880833342900623 -0.0813845913023967 -0.0729063357094617 0.209876833123245 0.443804644257237 0.627939661200686 -0.315955861860203
19.5102736173159 12.0049210978577 17.5820686267882 -0.742506340775511 -0.361535744391062 0.563893713849027 0.508482720830028 0.243781518503391 0.825842467128266 -0.837499242567396 0.00188726982164671 0.301118830290065 0.580439098509685 -0.0981641196985293 -0.0372758485001178
19.5860876643956 12.2820553759427 18.0069254387393 -0.258574041639753 -0.904691659307096 0.338633064048707 0.500616592654214 0.174306515035122 0.847938765339873 -0.672805061065748 -0.638974719754511 0.340668285573081 0.218160444634805 -0.109228746472143 0.579736251025293
19.7941258028296 12.3699234214308 18.4886788430647 0.0540483331452826 -0.992145667252668 -0.112807955360687 0.615634258842656 -0.0558373916921501 0.786051223490821 -0.129065592549621 -0.00139256596338962 -0.138716747671559 0.456960391650173 0.109062781971568 0.0319169733528264
19.8667642083758 12.196727696663 18.948751318644 0.566506765203436 -0.714955334658065 -0.409766808918029 0.424167883967622 -0.173330408508828 0.888840854794132 0.133277857846535 -0.780482177808643 0.455267572509637 0.463155026563832 0.252369134360431 0.093683412907653
19.957144932353 11.91864373973 19.3650747946766 0.720055904190805 -0.351426899586315 -0.598346479974329 0.565070378853213 -0.203522588366746 0.799546065074264 0.46460718117042 -0.271831434944759 -0.0889694947990303 0.621682069867174 0.101484439702502 0.0895457655279587
20.2003071329386 11.7417535567032 19.7037340486064 0.659781843043061 0.0409931452752553 -0.750338170461967 0.750371284774824 -0.0895990188824491 0.654915899739738 0.315255389580121 -0.384825262893298 -0.161632557860626 0.614589972698439 0.631274210292816 -0.1872983289283
20.5360719560781 11.4607913561604 19.8175860026051 0.429430562874825 0.87345808758625 -0.229478198444047 0.641193553137891 -0.115944861004734 0.758569377166259 -0.244094816784725 0.28103544798475 0.0267772259749217 0.348916044596423 -0.396070083310799 -0.0606688923209162
20.9628134181878 11.4101530508981 19.9943538091059 -0.154494972440462 0.981564911881376 0.11252338712326 0.631746011716247 0.0105793783809718 0.775103176720416 -0.119473648946854 -0.127894540649877 -0.409974985885386 0.448686541901268 -0.0503881651535633 0.177707006434251
21.3620515088272 11.5011056846859 20.16856218435 -0.588343643214746 0.67228870504755 0.449310071852541 0.675827189214253 0.103745834906762 0.729722066931127 -0.109333898998533 -0.115674845296207 0.395891435175168 0.432774389751496 0.0390259144534616 0.634115264037521
21.7075381364064 11.7231579789537 20.3829363977022 -0.807958349548713 0.21043936622528 0.550380287406476 0.589158586358759 0.273033310893354 0.760489880663029 -0.462538764429862 -0.109529448180816 0.170094354095696 0.499328591824506 -0.256901757367462 -0.138762948081112
21.8864110304092 12.0651602214279 20.6760550874941 -0.674972861219253 -0.378500612735343 0.63336309060737 0.597628381880444 0.222978394536421 0.770143387291474 -0.35370342789603 -0.501196131925357 0.0571841751024043 0.532208078156743 -0.22559242201536 0.407876724310881
22.061790074196 12.3074366397968 21.0526511028508 -0.46174200618855 -0.788864827086319 0.405569334561023 0.577717839371558 0.0794942057190849 0.81235623360263 -0.212175886922387 -0.18725205267874 -0.0646528783722617 0.426775669556783 -0.0312194432741565 -0.158525562440972
22.0879605100552 12.3936564174188 21.4888853284977 0.0148780825273473 -0.999243464810355 0.035930787461428 0.455404568999068 0.0387631615632507 0.88944026194139 -0.0834738470710102 -0.28419733395353 -0.101521866988762 0.197173158297365 0.266438352419227 0.271024007324065
22.0790419377314 12.3471668431081 21.9448108776905 0.571756153618121 -0.750889896940178 -0.330543712037066 0.508973081731335 0.00865195640723589 0.860738884672924 -0.251211011624335 -0.248673861657584 -0.171527338879724 0.419758359040049 -0.282740540256697 0.0286495824570228
22.2615547007651 12.1588762439517 22.3174892779975 0.785297266972134 -0.233334094012833 -0.573466027726109 0.556529686223644 -0.139789937385779 0.818983129427436 0.0365164201492465 -0.41901707796916 -0.12483403237777 0.175747218068273 0.090214543687376 0.438210988596229
22.5127191551904 11.8817520132328 22.6292859033813 0.685189923137251 0.515972163681735 -0.514088886755123 0.629844696136418 -0.0652582247675616 0.773974744512469 0.45469081126779 -0.466164926991113 -0.489983746492178 0.541584657199405 -0.468087169976456 0.141319947177992
22.9573592186817 11.742259088204 22.9188523762053 0.484118945600519 0.757587172658877 -0.437824626441639 0.818380346774192 -0.214959559780024 0.532959565166612 0.33271130516347 0.543469134903151 -0.527253415724596 0.594534575392114 0.199086648307581 -0.237791669766782
23.4150717249894 11.6005702830449 23.0008492137065 0.100807070615505 0.993574728503123 0.0514497257469599 0.63190300835087 -0.103883929419443 0.768053773165311 -0.0955396239671351 0.242385420718183 -0.148103977071177 0.490608292570846 -0.348729158751346 0.157917118649884
23.8337539282098 11.6287324423908 23.2480872427485 -0.445028157025436 0.822147286769749 0.354998111408374 0.541523612493257 -0.068663364347393 0.837876722225435 0.295172027826862 0.0530741301105825 -0.400129463201434 0.31637040403268 0.273926459185361 -0.077145923626798
24.1699018240441 11.8978863195374 23.5367234193156 -0.786246248320228 0.482791644805449 0.385653923900926 0.550126185494173 0.262708854117406 0.792682233861766 0.109922548412206 -0.131049548206469 0.546678301280006 0.499873763306252 -0.00343893424348688 -0.509821929235524
24.5273951568259 12.2716626549492 23.6631524874706 -0.746058108217028 -0.0390682663429276 0.664733674013573 0.654742053356065 0.138788100267217 0.743001068786968 0.238321628754047 -0.289259148661877 -0.0512483088190366 0.480848248809672 -0.105819602737399 0.0387721162609916
25.3769781163094 13.7489481487044 22.6474126241127 -0.459700697635068 -0.65025629052689 0.604848666693885 0.663714721554129 0.200958028845608 0.720484919930193 3.03110891465858 4.90301725922008 -6.02803154587266 0.0392702833240117 -0.501131547243097 -0.407215370574761
15.5757192313317 18.1552960946994 4.86802544035459 -0.81332977686915 -0.0933123003584067 0.574271164678188 0.338591801781475 0.726767382961405 0.597632538176112 -0.468681924167428 -0.491640010029358 -0.157500470423002 0.451432023539631 0.587659521547308 -0.277919250805466
15.50250780244 18.6192576089865 5.07983609580545 -0.0352742480090112 -0.594283372533506 0.803481727835927 0.35811901298714 0.743073360667451 0.56532525627437 -0.412978854113515 0.194451711475329 -0.23348373195001 0.712832515059742 -0.128471675949754 0.230565844575907
15.4721261804168 18.9144176871255 5.44696608305156 0.509202849822487 -0.739359621508833 0.440522073767044 0.480087055180638 0.668830928827585 0.56761033381441 -0.402371015703875 -0.505231708696001 0.0461147031119773 0.487371792847386 -0.0213779203423699 0.601385885047504
15.6612590353271 19.1283443974219 5.89695787364897 0.602547347939355 -0.795699225897606 -0.0616386045028182 0.604880763774282 0.404933603183947 0.685673335184 0.377461292880921 0.0981002084185699 0.241489212026851 0.405623948208705 -0.20100628563351 0.0777582464519694
15.8667579017636 19.1967418119685 6.35950040022433 0.737108846095754 -0.499399940772569 -0.455269292786964 0.666515970698939 0.426130110103567 0.611693937468947 0.174030949028052 0.223862802778272 -0.230746923534893 0.584496457969476 -0.0249559914268999 0.0795435667444346
16.185478816114 19.1966532461498 6.6677468916115 0.626319715079897 -0.0743007530414114 -0.776017328440765 0.710742717535226 0.463376260468928 0.529270359243736 0.275730978863888 0.231250716767668 -0.442622592902005 0.419492920750097 -0.0249731553814941 -0.180356313443909
16.5777573085381 19.2132285430197 6.99654068028259 0.322885427940542 0.448439824339961 -0.833454621486982 0.685846621094717 0.495976692945561 0.53256118368798 0.060146914067653 0.264412019992674 -0.0411330673039694 0.210955823803994 0.380547181525645 0.0233076569551362
16.9651103420053 19.3665745442093 7.04245807155199 -0.204256123390639 0.749904325872996 -0.629223981869742 0.663362955795256 0.578720065109444 0.474375965537394 0.278425404420173 0.0882510608764507 -0.404006266512526 0.530414712390655 0.421263718358229 -0.145833037073099
17.3772613367866 19.536952372652 6.94728256811836 -0.565230424122355 0.8235654947402 0.0474797329798095 0.797635942969971 0.530937419350285 0.286150748033493 0.0481414210651465 0.355547089296813 -0.222603320110677 0.480778833439619 -0.188563930248969 0.31556036858267
17.7112713147748 19.9039126508902 7.07626804786509 -0.841290384184158 0.513906577002924 0.167721213824791 0.53115981716518 0.728153802032684 0.433198770286639 -0.442885723563302 0.118992456517823 0.185764153682607 0.598059467516748 0.0723316445120889 -0.480494742723744
17.8504710152871 20.3461840754049 7.07815319352588 -0.652683678589025 -0.0594000087715737 0.755298308970981 0.484710328236597 0.733461035663479 0.476540337853796 -0.391160322017946 0.0310281303328865 0.182342704631511 0.240416129208417 -0.0788056524755788 0.0226249836458572
18.0175539444449 20.7446932958161 7.29595898141312 -0.413947913381124 -0.540479101575141 0.732481636049428 0.491870991656102 0.544275761531132 0.679578328765218 0.0922049097063077 0.234318661016328 0.371635385893964 0.481151911226196 -0.178082740044962 -0.40997600535682
18.059841389205 21.0395833829504 7.682309226485 0.081947521684952 -0.838537169025406 0.538646360103304 0.504969488172244 0.500888737126866 0.702933974800309 0.463138529801881 -0.385767372837603 0.216593781702453 0.445340704134727 0.383279643237961 0.192505493797167
18.166359955719 21.2355968392888 8.11086188521671 0.479657891031311 -0.875445307085879 0.0593607872033868 0.556696499702828 0.355911097386667 0.750610542361061 0.400532453882689 -0.55422593020051 0.211412714809389 0.597141069326522 0.528874407051622 -0.0543604236510023
18.2668688380844 21.1701360868557 8.52267734911927 0.875650118979965 -0.276496914721109 -0.395962382146197 0.478298267018001 0.383031618447998 0.790264157586849 -0.445004033302665 -0.625114821618791 -0.480646686895606 0.565666090645728 -0.198116903814093 0.170014307878667
18.5491435368344 21.1813287051555 8.9071233888334 0.677449128968054 0.14552916531886 -0.721029695167401 0.563044964459064 0.52817625157486 0.635617885390897 -0.16521163229615 -0.550307016810899 -0.260616596162969 0.58271137518606 0.12221433646719 0.407583541142875
18.9878092987193 21.2455114744579 9.17934298515355 0.252084962357373 0.521065420599129 -0.815440911486494 0.772074437097962 0.399713671638003 0.494095063257113 0.426708265287567 0.100866742026049 -0.329227687657431 0.317613603733981 -0.265608831632093 -0.261631569638969
19.4401064292515 21.3054845397157 9.20529347298205 -0.118919443755451 0.894579118884293 -0.430797222568926 0.648597525968809 0.398501719070129 0.64847321455971 -0.508825243123645 0.0369402690509846 -0.302740052938758 0.604720994442781 -0.133290851252577 0.566287791787557
19.851345265819 21.5465878662339 9.29660992748582 -0.634864630522881 0.772284579236561 -0.0228759972662705 0.713480703544222 0.597371181482847 0.366186896633875 -0.322881655755727 -0.364549470137984 0.070378178407799 0.24118858642496 0.623550672461011 0.507068777283143
20.0959785022696 21.951383492924 9.19923585821368 -0.674420263330827 0.296007236442514 0.676414752687403 0.638309769645383 0.694199344375502 0.332637635342743 -0.496362670642148 -0.129863766845158 -0.0516465309758901 0.437792933352642 -0.496995115199309 0.322548099179548
20.255713815321 22.470058736035 9.39727514488989 -0.684510306946327 -0.124711074235881 0.718256687423343 0.457464445656231 0.693639956879226 0.556407921873461 -0.141319141006203 -0.078318284609012 0.406922757243703 0.468066802231815 -0.126107858840941 0.130486389956543
20.4503095726448 22.8770472523494 9.57888424876344 -0.504520647938963 -0.427980517109205 0.749860972571172 0.554684578547123 0.504893045974436 0.661368211583464 0.202451471073562 -0.268199883259236 0.174604320057814 0.532000984120921 0.0544577601122082 -0.504984624461908
20.4872460272269 23.2962472108111 9.8210153491101 0.0954652359595303 -0.769882955706014 0.63100436261066 0.563532495858077 0.564337602557087 0.60328606633805 0.693968978715332 -0.109586961491861 0.162711766026968 0.0995435124877265 -0.0288039227912961 0.101137969007671
20.5815038944916 23.5794321684868 10.2034203358362 0.600278993198901 -0.797156090696745 0.0648627653898149 0.593265223878886 0.498194976213843 0.632327463968717 -0.0625744505887226 -0.0488054443175907 0.134455439203357 0.191121945033686 0.254778906751744 0.131057860961988
21.3537496160547 23.6525683837529 10.4074234050449 0.77803699325515 -0.358899383962736 -0.515606006338087 0.58620036415072 0.119640887986684 0.801283407942616 3.24569842652188 0.212155198890962 -0.611784296753092 0.976760754006165 0.474877926861287 0.417405401201647
