t = 0
b =  30.0 30.0 30.0
E = 0. 0. 0.
21.0426020428 13.7986290854 21.2173580679 -0.326315835946 0.824578504462 -0.462156104786 0.43270787967 0.564989950899 0.702531313362 0.0 0.0 0.0 0.0 0.0 0.0
21.4697380777 14.123119875 21.2481092834 -0.757120129755 0.650780682399 -0.0570404464974 0.43270787967 0.564989950899 0.702531313362 0.0 0.0 0.0 0.0 0.0 0.0
21.7242885552 14.5959561416 21.2658581274 -0.900281827896 0.22974039862 0.369745831081 0.43270787967 0.564989950899 0.702531313362 0.0 0.0 0.0 0.0 0.0 0.0
21.7736197617 15.1211617394 21.3678905452 -0.701411407711 -0.27858210365 0.65605948561 0.43270787967 0.564989950899 0.702531313362 0.0 0.0 0.0 0.0 0.0 0.0
21.6630642158 15.5828645378 21.6194717434 -0.236063066762 -0.681066607098 0.693125172827 0.43270787967 0.564989950899 0.702531313362 0.0 0.0 0.0 0.0 0.0 0.0
21.4986980863 15.8893181818 22.0290508465 0.318969580013 -0.824802519684 0.466861018452 0.43270787967 0.564989950899 0.702531313362 0.0 0.0 0.0 0.0 0.0 0.0
21.4070410827 16.0077580654 22.5450509335 0.752820350454 -0.655182165079 0.0632285576669 0.43270787967 0.564989950899 0.702531313362 0.0 0.0 0.0 0.0 0.0 0.0
21.4869895016 15.9768491538 23.0754639722 0.900662083273 -0.236647151899 -0.364425489301 0.43270787967 0.564989950899 0.702531313362 0.0 0.0 0.0 0.0 0.0 0.0
21.7722438707 15.8919965166 23.5228062092 0.706327232389 0.271794070817 -0.653628200014 0.43270787967 0.564989950899 0.702531313362 0.0 0.0 0.0 0.0 0.0 0.0
22.2185055547 15.8690993463 23.8211538773 0.243646856759 0.676976181875 -0.694506629461 0.43270787967 0.564989950899 0.702531313362 0.0 0.0 0.0 0.0 0.0 0.0
22.7203065474 16.0005189181 23.9611887375 -0.311599033312 0.824963723 -0.471530378844 0.43270787967 0.564989950899 0.702531313362 0.0 0.0 0.0 0.0 0.0 0.0
23.1510785306 16.3199889964 23.9937382329 -0.74846324097 0.6595337531 -0.069411853737 0.43270787967 0.564989950899 0.702531313362 0.0 0.0 0.0 0.0 0.0 0.0
23.4112382945 16.7897998145 24.0104652941 -0.900973749745 0.24353588358 0.359077395109 0.43270787967 0.564989950899 0.702531313362 0.0 0.0 0.0 0.0 0.0 0.0
23.4660210638 17.3151246449 24.1090440589 -0.711189267515 -0.264985339814 0.6511471381 0.43270787967 0.564989950899 0.702531313362 0.0 0.0 0.0 0.0 0.0 0.0
23.3586882171 17.7800460588 24.3560518342 -0.251212092105 -0.672834202294 0.695835196726 0.43270787967 0.564989950899 0.702531313362 0.0 0.0 0.0 0.0 0.0 0.0
23.1940915662 18.091594895 24.7616752645 0.304204757138 -0.825062102135 0.476163830373 0.43270787967 0.564989950899 0.702531313362 0.0 0.0 0.0 0.0 0.0 0.0
23.0988383992 18.2150707992 25.275840255 0.744049133112 -0.663835115072 0.0755898638256 0.43270787967 0.564989950899 0.702531313362 0.0 0.0 0.0 0.0 0.0 0.0
23.1731912556 18.187225468 25.8072359572 0.901216803578 -0.250406069062 -0.353701955784 0.43270787967 0.564989950899 0.702531313362 0.0 0.0 0.0 0.0 0.0 0.0
23.4529765107 18.1023000654 26.2580052876 0.715997142824 0.258156429151 -0.64861648881 0.43270787967 0.564989950899 0.702531313362 0.0 0.0 0.0 0.0 0.0 0.0
23.895973337 18.076221429 26.5609224689 0.258758196677 0.668640983784 -0.697110773447 0.43270787967 0.564989950899 0.702531313362 0.0 0.0 0.0 0.0 0.0 0.0
24.3979541023 18.2025595259 26.7049332274 -0.296787314594 0.825097649597 -0.480761020182 0.43270787967 0.564989950899 0.702531313362 0.0 0.0 0.0 0.0 0.0 0.0
24.83228219 18.516978658 26.7393544963 -0.739578363031 0.66808592343 -0.0817621174535 0.43270787967 0.564989950899 0.702531313362 0.0 0.0 0.0 0.0 0.0 0.0
25.0980233666 18.9836879973 26.7551380879 -0.901391226262 0.257257185152 0.348299580685 0.43270787967 0.564989950899 0.702531313362 0.0 0.0 0.0 0.0 0.0 0.0
25.1582923847 19.5090391201 26.8503165799 -0.720750492179 -0.251307858877 0.646036444863 0.43270787967 0.564989950899 0.702531313362 0.0 0.0 0.0 0.0 0.0 0.0
25.0542663055 19.9771046086 27.0927590999 -0.266284595811 -0.664396845675 0.698333262484 0.43270787967 0.564989950899 0.702531313362 0.0 0.0 0.0 0.0 0.0 0.0
24.8895406443 20.2937208152 27.494386709 0.289347270547 -0.825070362678 0.485321598178 0.43270787967 0.564989950899 0.702531313362 0.0 0.0 0.0 0.0 0.0 0.0
24.7907717026 20.4222622066 28.0066433917 0.735051271195 -0.672285854459 0.0879281445796 0.43270787967 0.564989950899 0.702531313362 0.0 0.0 0.0 0.0 0.0 0.0
24.5853441506 16.1315990855 21.7550876768 0.995059774459 -0.064333328266 0.0756126188457 0.00467125945763 0.791124557848 0.61163723996 0.0 0.0 0.0 0.0 0.0 0.0
24.6656872831 16.2186167028 22.2791659319 0.864189025958 0.304555586861 -0.400528678031 0.00467125945763 0.791124557848 0.61163723996 0.0 0.0 0.0 0.0 0.0 0.0
24.9430223313 16.3750577758 22.7119436622 0.404998418026 0.557738742641 -0.724502433642 0.00467125945763 0.791124557848 0.61163723996 0.0 0.0 0.0 0.0 0.0 0.0
25.3126767816 16.6586354127 22.97957104 -0.208057860127 0.599027625198 -0.773225601677 0.00467125945763 0.791124557848 0.61163723996 0.0 0.0 0.0 0.0 0.0 0.0
25.6349044362 17.0787614156 23.0709416175 -0.742069478675 0.412735897734 -0.528187435993 0.00467125945763 0.791124557848 0.61163723996 0.0 0.0 0.0 0.0 0.0 0.0
25.7879773297 17.5929705794 23.0419118524 -0.994156495535 0.0696389021447 -0.0824820325515 0.00467125945763 0.791124557848 0.61163723996 0.0 0.0 0.0 0.0 0.0 0.0
25.7144322188 18.1230539331 22.9940803054 -0.868546838331 -0.29991507667 0.394559674082 0.00467125945763 0.791124557848 0.61163723996 0.0 0.0 0.0 0.0 0.0 0.0
25.4429018288 18.5847716357 23.0361886485 -0.412961715916 -0.555526303545 0.721701563846 0.00467125945763 0.791124557848 0.61163723996 0.0 0.0 0.0 0.0 0.0 0.0
25.0772368026 18.9198570998 23.2428088858 0.199514466727 -0.600083799798 0.774656963298 0.00467125945763 0.791124557848 0.61163723996 0.0 0.0 0.0 0.0 0.0 0.0
24.7570511054 19.118153443 23.6260122022 0.736191767756 -0.416659427643 0.533307230819 0.00467125945763 0.791124557848 0.61163723996 0.0 0.0 0.0 0.0 0.0 0.0
24.6046803449 19.2214722565 24.1307829187 0.993177507745 -0.0749391727514 0.0893451649311 0.00467125945763 0.791124557848 0.61163723996 0.0 0.0 0.0 0.0 0.0 0.0
24.6787044284 19.3077086832 24.6559198683 0.872838507499 0.295251726784 -0.388560622886 0.00467125945763 0.791124557848 0.61163723996 0.0 0.0 0.0 0.0 0.0 0.0
24.9516920773 19.4612477503 25.0924844118 0.420893565173 0.553271558969 -0.718845733682 0.00467125945763 0.791124557848 0.61163723996 0.0 0.0 0.0 0.0 0.0 0.0
25.3206224275 19.7409050867 25.3651880476 -0.190955879528 0.601094275694 -0.776029331792 0.00467125945763 0.791124557848 0.61163723996 0.0 0.0 0.0 0.0 0.0 0.0
25.646024379 20.1575818821 25.4609957728 -0.730257992984 0.420551227323 -0.538386412236 0.00467125945763 0.791124557848 0.61163723996 0.0 0.0 0.0 0.0 0.0 0.0
25.804963998 20.6701233431 25.4340782984 -0.992122885643 0.0802337364499 -0.0962014933306 0.00467125945763 0.791124557848 0.61163723996 0.0 0.0 0.0 0.0 0.0 0.0
25.737749174 21.2009540868 25.3852316906 -0.877063706636 -0.290565892337 0.382531981294 0.00467125945763 0.791124557848 0.61163723996 0.0 0.0 0.0 0.0 0.0 0.0
25.4706076505 21.6655503262 25.4235832599 -0.428793361755 -0.550974680622 0.715935160632 0.00467125945763 0.791124557848 0.61163723996 0.0 0.0 0.0 0.0 0.0 0.0
25.1057226667 22.0045518698 25.6251322717 0.1823827503 -0.602058975934 0.777342602647 0.00467125945763 0.791124557848 0.61163723996 0.0 0.0 0.0 0.0 0.0 0.0
24.7824118366 22.2063140509 26.0038765541 0.724268606238 -0.424411000399 0.543424593442 0.00467125945763 0.791124557848 0.61163723996 0.0 0.0 0.0 0.0 0.0 0.0
24.624198058 22.3113317311 26.5064944898 0.990992709542 -0.0855221900388 0.103050495614 0.00467125945763 0.791124557848 0.61163723996 0.0 0.0 0.0 0.0 0.0 0.0
24.6918810988 22.3968546254 27.0326027892 0.881222113975 0.285857930172 -0.376474208411 0.00467125945763 0.791124557848 0.61163723996 0.0 0.0 0.0 0.0 0.0 0.0
24.9604387482 22.5475388439 27.4728937809 0.436660504062 0.54863584342 -0.712970066347 0.00467125945763 0.791124557848 0.61163723996 0.0 0.0 0.0 0.0 0.0 0.0
25.3285331732 22.8232846202 27.7506632235 -0.173795731919 0.602977827051 -0.778596675854 0.00467125945763 0.791124557848 0.61163723996 0.0 0.0 0.0 0.0 0.0 0.0
25.6570108556 23.2364792111 27.8509515294 -0.718224063634 0.428238452934 -0.548421390762 0.00467125945763 0.791124557848 0.61163723996 0.0 0.0 0.0 0.0 0.0 0.0
14.7089287091 25.5432113088 26.0382685668 0.975220336582 -0.108123260512 -0.193014651396 0.208427564728 0.741562775975 0.637685345252 0.0 0.0 0.0 0.0 0.0 0.0
14.9274164046 25.5869746248 26.5271785802 0.746469715258 0.300660587424 -0.593621238984 0.208427564728 0.741562775975 0.637685345252 0.0 0.0 0.0 0.0 0.0 0.0
15.3160618952 25.6992735312 26.8807726135 0.234122768799 0.59521845142 -0.768701193065 0.208427564728 0.741562775975 0.637685345252 0.0 0.0 0.0 0.0 0.0 0.0
15.7580756783 25.9472525024 27.0591411856 -0.36717133185 0.6636428742 -0.651738711901 0.208427564728 0.741562775975 0.637685345252 0.0 0.0 0.0 0.0 0.0 0.0
16.1163927448 26.3465088876 27.0889458979 -0.828970904752 0.479938273555 -0.287169797596 0.208427564728 0.741562775975 0.637685345252 0.0 0.0 0.0 0.0 0.0 0.0
16.2857458674 26.8551672174 27.0532902457 -0.975830571285 0.113897098646 0.186499724038 0.208427564728 0.741562775975 0.637685345252 0.0 0.0 0.0 0.0 0.0 0.0
16.2326583806 27.3897883944 27.0601472116 -0.751955888769 -0.295415488297 0.589314882402 0.208427564728 0.741562775975 0.637685345252 0.0 0.0 0.0 0.0 0.0 0.0
16.0081625253 27.8570696015 27.2013385234 -0.242400592078 -0.592494792152 0.768239464121 0.208427564728 0.741562775975 0.637685345252 0.0 0.0 0.0 0.0 0.0 0.0
15.7284114474 28.1892916021 27.5176500452 0.359246742265 -0.664475418484 0.655297029142 0.208427564728 0.741562775975 0.637685345252 0.0 0.0 0.0 0.0 0.0 0.0
15.5305506757 28.3700464102 27.9833365454 0.824410232937 -0.484010723897 0.29339629681 0.208427564728 0.741562775975 0.637685345252 0.0 0.0 0.0 0.0 0.0 0.0
15.5206142426 28.4404709585 28.5159027408 0.976366492711 -0.119662263074 -0.179970594005 0.208427564728 0.741562775975 0.637685345252 0.0 0.0 0.0 0.0 0.0 0.0
15.7332405822 28.4836184902 29.0074446335 0.757384797928 0.290147892137 -0.584963647209 0.208427564728 0.741562775975 0.637685345252 0.0 0.0 0.0 0.0 0.0 0.0
16.1185128103 28.5929052431 29.3656440445 0.250659955613 0.589726012111 -0.767719230768 0.208427564728 0.741562775975 0.637685345252 0.0 0.0 0.0 0.0 0.0 0.0
16.5609229831 28.8366200589 29.5488418327 -0.35129479465 0.665257360391 -0.658805442978 0.208427564728 0.741562775975 0.637685345252 0.0 0.0 0.0 0.0 0.0 0.0
16.9232554965 29.231980311 29.5818648994 -0.81978677909 0.488046314949 -0.29960045276 0.208427564728 0.741562775975 0.637685345252 0.0 0.0 0.0 0.0 0.0 0.0
17.0987175878 29.7385907359 29.5465940335 -0.97682806005 0.125418314758 0.173427758514 0.208427564728 0.741562775975 0.637685345252 0.0 0.0 0.0 0.0 0.0 0.0
17.0515116921 30.2737902697 29.5508560306 -0.762756029302 -0.284858200092 0.58056786477 0.208427564728 0.741562775975 0.637685345252 0.0 0.0 0.0 0.0 0.0 0.0
16.8304355355 30.7440563677 29.6874584907 -0.258900230422 -0.586912322152 0.767140532624 0.208427564728 0.741562775975 0.637685345252 0.0 0.0 0.0 0.0 0.0 0.0
16.5503430632 31.0805357835 29.9989306594 0.343316094577 -0.665988640375 0.662263686228 0.208427564728 0.741562775975 0.637685345252 0.0 0.0 0.0 0.0 0.0 0.0
16.3485095055 31.2652030677 30.4613658561 0.815100895307 -0.492044739384 0.305781792975 0.208427564728 0.741562775975 0.637685345252 0.0 0.0 0.0 0.0 0.0 0.0
16.3324782225 31.3377087381 30.9935040223 0.977215238149 -0.131164815351 -0.166871715827 0.208427564728 0.741562775975 0.637685345252 0.0 0.0 0.0 0.0 0.0 0.0
16.5392031838 31.3803153847 31.4876037755 0.768069173851 0.279546814992 -0.576127869841 0.208427564728 0.741562775975 0.637685345252 0.0 0.0 0.0 0.0 0.0 0.0
16.9210095374 31.4866447366 31.8503751627 0.267120788976 0.584053936546 -0.766503413758 0.208427564728 0.741562775975 0.637685345252 0.0 0.0 0.0 0.0 0.0 0.0
17.3637060833 31.7261092017 32.0384220726 -0.335311249653 0.666669202745 -0.665671495534 0.208427564728 0.741562775975 0.637685345252 0.0 0.0 0.0 0.0 0.0 0.0
17.7299684193 32.1175409326 32.0747291442 -0.810352938434 0.496005692707 -0.311939846723 0.208427564728 0.741562775975 0.637685345252 0.0 0.0 0.0 0.0 0.0 0.0
