t = 100
b = 30 30 30
E = -0.539124542332899 -0.803691495706514 0.264566953373616
9.98386949467329 5.73579254470416 17.2743480128485 0.998744645152854 -0.00766343557075656 -0.0495003874846449 0.0443961294905267 0.593042275149148 0.80394634422215 -0.127062988500705 0.0398763006505783 -0.659990380869884 0.0308753646723884 -0.479956637608052 -0.634156617504852
10.1071523373915 5.88327322585007 17.7571587753617 0.810904269978653 0.317527362098633 -0.491538934969139 0.232122565743298 0.596531617092195 0.768289675604993 -0.0644514760042225 0.241594772966511 -0.426928369333636 0.299800152876351 0.35003759012673 -0.434608397720863
10.369861948231 5.93435586434883 18.1225588694911 0.10288559638005 0.837281280902194 -0.537005113598209 0.287271432291389 0.49185374898846 0.821921467756139 0.154451005436752 0.149466933958154 0.0915173148807476 0.449777680372343 0.149669733171596 0.274993714663469
10.6913956867513 6.16083397142258 18.3244224058445 -0.610128873738157 0.782136599098835 -0.126510816547399 0.473393470743556 0.48790874788572 0.733378189346457 0.157611888306254 0.462972438904769 -0.360081273134568 0.394017369065285 -0.436051053645635 0.472989610671341
10.8558969744985 6.60853674116381 18.6342442388896 -0.909667950392726 0.414547439853807 -0.0255836397242918 0.272549838297073 0.642284105018928 0.716371131519033 -0.625151342087024 0.432077426266737 0.133532837970599 0.31834590385569 -0.357746234729014 0.291845414437293
10.9220583618967 7.06696620112681 18.8694515646177 -0.985791521770051 -0.0760599529544174 0.149765950592013 0.071646855390122 0.616034932670576 0.784453676658048 -0.362100955359265 0.649740002409709 0.195471634742585 0.526700396012831 0.0590625174319787 -0.0567487288894625
10.8393340402985 7.55705691249276 19.0884779045297 -0.827509608709435 -0.441366357653034 0.347020849823928 -0.073340749712091 0.697757508065597 0.712569632600323 -0.374751006085086 0.0301716774045403 0.385317261404745 0.480313106561947 0.536420855843618 0.0186417757951538
11.6697341976278 9.50066762571476 19.8059640103957 -0.114349838641612 -0.847876150921287 0.517716165877564 0.144362479208254 0.501420823146855 0.853074741075855 3.6078433703721 6.70610267724674 3.63737970096226 -0.0852344933234622 0.181327799753245 0.178699207112524
10.5887049702783 8.07747327526706 19.5746099053134 0.438693898119997 -0.785241087437137 0.436971371095795 0.0848676413098786 0.520289577199436 0.849762390590052 -0.118174266662104 -0.360997028104278 -0.0496470895664666 0.366146432687989 0.226549475989828 -0.454200430768132
10.4394004651385 8.13105368397804 20.0344053003398 0.878898744472272 -0.458432739716386 0.131819198068285 0.136237682174485 0.506080797797102 0.851658030783158 0.854331670758314 0.28499399734929 -0.115335248605991 0.503436366341872 0.128307305171461 0.172132993951683
10.4192619151146 8.12770442730087 20.5874353962842 0.948070772183323 -0.0152399728017687 -0.317693933131999 0.300699341200522 0.368430055983211 0.87968124230723 0.671346513045176 -0.281585779762822 0.187023971306667 0.600086568067875 0.290646484796495 0.0426911226527481
10.695326708361 7.96569041514026 20.9811987196873 0.584863794048727 0.694323379631626 -0.419343858735433 0.200825837153619 0.376938190786601 0.904204883156585 0.625709738003006 0.380798316488651 -0.163531783624932 0.668705108715625 -0.283549334070114 0.354738295572584
11.0356573790584 8.15924605306283 21.4269682440829 -0.0523335217647914 0.839672370730684 -0.540565814481974 0.176681770654094 0.540553426422656 0.822548130280289 0.88888139715588 0.377443431695252 0.215009098766012 0.332299749795326 -0.0694265946887584 0.506866606967703
11.2867044270975 8.5606814983113 21.6143424085088 -0.676904867432139 0.588421089201205 -0.4422220177341 0.146340159938811 0.696376628141695 0.702598058196907 0.656072953638835 1.20914120672389 0.1728394220988 0.480193667432593 -0.0826316658156029 0.63545960131404
11.725748512849 8.95171821764862 21.6968651190754 -0.943587979354239 0.300014035106257 -0.14011847859653 0.111192062743933 0.685683527310924 0.719356871082115 0.418684674672906 0.393724298094959 -0.189150990413232 0.301281024769973 0.13012422048462 0.31964504202496
11.7045738704246 9.31036336554263 22.0515132273171 -0.990263210194655 -0.0520861052442143 -0.129095685193307 -0.127710594753776 0.708950030633494 0.693599122864267 0.238115448844669 0.795058352800848 0.399719040846792 0.297749177107044 0.498668283021553 -0.330136793353764
11.444841958919 9.70718450425834 22.0747751255119 -0.606981478996806 -0.51715413363951 0.603427683511715 0.0739271230779448 0.719264381700895 0.690791873928412 -0.00159136233326863 0.111586055662752 -0.108455501987119 0.675670299252357 -0.354649344280965 0.0814019825950998
11.4468679997948 10.0102633014824 22.4264148256362 -0.45671677009833 -0.778681873298206 0.43019091281718 -0.157498308263865 0.546707785198587 0.822377509825234 0.656171740616311 -0.306628609835315 0.583033760707679 0.455465301012854 0.209165951496165 -0.560592368301982
11.1397175706531 10.2165093448773 22.7118302985431 0.251351449130433 -0.827288441972784 0.502410357375021 -0.055577802350493 0.505882107190937 0.860810249996767 0.926434079994464 -0.0563303197516809 0.385023192118571 0.617677544924641 -0.264677807203297 -0.372800791809552
10.9347186544034 10.3522192412055 23.0740554823231 0.829493734560092 -0.449279415407742 0.33179516712516 -0.0579045612775962 0.521685840951536 0.851170270035947 0.408468396017675 0.208696694001562 -0.0579345645334512 0.526282244000309 0.0154331564794481 -0.0198640385476647
10.9520049831008 10.3485465484685 23.5284637915315 0.984115257967905 0.176576843201921 -0.0183754845298287 -0.0548966742731081 0.401110836316151 0.914383036504954 0.71673599416842 0.0677716373825585 0.127870799389588 0.164564076052123 -0.229493259746294 0.193791120149719
11.1066284370741 10.4565072669064 23.9532513743068 0.684888743115075 0.601092214819424 -0.411843951376075 0.0228524015722955 0.547219091077004 0.836677306335758 0.374968198514131 0.360469845045233 -0.610472441249291 0.141510238743757 -0.0358728472418008 0.368733645071719
11.2081774226165 10.4945000097292 24.429191574555 -0.0684642399027451 0.800726351471452 -0.595104904114276 0.178420444833029 0.596715075016049 0.782366375455195 0.654752658506175 0.190111184994631 -0.46889088823278 -0.134253114832841 -0.417966372436704 -0.0919277298765338
11.43182493373 10.8119720961905 24.7355504554403 -0.594221387656612 0.592283072113353 -0.544152175720071 0.155501562350338 0.748388343082006 0.644774406438502 0.175459681095032 0.562735905123987 -0.216220071073707 0.464390935885036 0.249071021856318 0.351895265877579
11.5693373051421 11.0608351961555 24.9121393261902 -0.870966465779759 0.451676333615361 -0.193405754727798 0.15924782937201 0.631877280630512 0.758532209365018 -0.943336950108891 0.199293405043578 0.164639222832445 0.504773477009423 -0.210335171964342 0.0834530018199366
11.7398642850129 11.4839606474289 25.0537897048084 -0.967582580877485 -0.0398406392622291 0.249392369601363 0.168581036586576 0.633398040806062 0.755239854094664 -0.472396512864126 0.177726113941645 0.54360139113554 0.308066439201292 -0.644924295764912 -0.112011287986767
11.6949666212826 11.9226436381796 25.2271533744148 -0.55727304103631 -0.495324891967683 0.66640820413586 0.369200914883327 0.571063942279415 0.733196114334378 -0.434079618941189 -0.0528263462446563 0.135302299591933 -0.06601065373624 -0.0120803250205594 0.960721139159202
15.9990689132169 9.82347653031276 17.9310385222853 0.672201320309766 0.375471060189804 -0.638096203981554 0.0373730686857696 0.84355600403469 0.535739119543321 -0.28908030511453 0.462084003803841 0.0483491846801398 -0.0483348384478362 0.179884107850683 -0.921578100753424
16.3114934615253 10.0211957409631 18.1499169352415 -0.2456011860145 0.690392165537849 -0.680469393862951 0.221759293319993 0.723370294579248 0.653879281948641 0.175520375973535 0.151822627379678 0.318870290961832 0.0872863977369715 0.176877831818723 0.0557897565938725
16.5046872095025 10.4424404499085 18.3494015091439 -0.699374962363069 0.488746543884381 -0.521537496338116 0.177537791006617 0.825592732930672 0.535608865349438 0.0603049531191795 -0.293235596013609 0.207119046690504 0.209485967159472 0.0783292106820656 -0.332726015228468
16.6334885549834 10.8192287399014 18.4594009416205 -0.967502029606788 0.192436474799688 -0.164036310093986 0.058802169273121 0.802154783696828 0.594213673574791 -0.147092760107463 -0.1991039031402 0.201829921041971 0.591776130774066 0.0648867501804145 -0.467717531435593
16.6473149850738 11.2543940188095 18.3950939525775 -0.745323514096631 -0.130889452465401 0.653728301277046 0.276650101752887 0.831418935555266 0.481878777545318 -0.22272597561654 -0.657391406385153 0.111245034134212 0.37752673840597 -0.520523531927148 0.0336912060989436
16.6558287831864 11.7148316127159 18.551194317443 -0.454182647613977 -0.462652940421064 0.761360795954174 0.0285686225187989 0.846586386786973 0.531483966133424 -0.21721882734172 -0.476412092107402 0.118343547523631 0.296732355928375 -0.203882803380818 -0.656499876491363
16.4274390531648 12.0922751643839 18.7335848649753 0.176641568885037 -0.494724760860133 0.850908366855537 0.101986679260444 0.869048722604822 0.484100109759217 0.842409217551395 -0.439826306093343 0.124710363329174 0.230570883535585 0.0095914257514317 0.401962965499773
16.2454149168374 12.3786953879326 19.0157081025516 0.779036082358571 -0.421416261267098 0.464231621010487 0.0224266586501606 0.758681801476065 0.651075149232576 0.198208236590313 0.125903043079928 -0.211034663198835 0.189896265148816 -0.0862725491798825 -0.202219284053275
16.1812075791508 12.4809914097999 19.4841836565295 0.997577756494246 -0.0693025611771092 0.00597123058925184 0.0316788025613782 0.529065712519821 0.847989277621778 0.291976136395114 -0.0465405124484583 -0.402682922708648 0.290662168587171 -0.183711259662901 0.0759570090717303
16.1448487347478 12.6216142642705 19.9842268225966 0.881478929585926 0.137731261786642 -0.451691131755938 0.239542171852591 0.693903660739462 0.679056065146071 -0.024279973234564 0.249724378134739 -0.191869617729344 0.664621946273756 -0.128999565458348 -0.363160994245563
16.3957047233095 12.627456567045 20.3427472345827 0.382822363736654 0.658902842171681 -0.647529121501407 0.345430566684197 0.547986654566189 0.7618321614311 0.527560518330289 -0.221786153362184 -0.41358137074513 0.361644760697042 -0.418686635892564 -0.147211534506066
16.6541975934082 12.8938027723917 20.5987077679218 -0.130290493414248 0.725400740065519 -0.675883152350947 0.171045157280745 0.68791833643101 0.705345162163679 -0.101554261996549 0.328070094478769 -0.41378532842762 0.328412531781736 -0.627479867871098 -0.137229921676446
16.8897069530357 13.2378375552328 20.7683628912368 -0.752640275014851 0.542041507579433 -0.373796069108959 0.0695930475176693 0.630014922010943 0.773458394825363 -0.05549969851362 0.240060811848881 -0.421236535435474 0.231204760796378 0.260025426003289 0.229627579844031
16.8949135743088 13.724498522717 20.9275941809806 -0.994780460206966 0.102037158477094 -0.000367535422087277 0.0795378150046798 0.777676145341004 0.623613205610019 -0.555523022068882 -0.0326465945743382 0.0545479663733596 0.43207853945251 0.180604445899132 -0.0616781851759206
16.8866484934086 14.2317475126521 21.0463137474018 -0.927882837625861 -0.263717717162759 0.263602521275198 -0.144790203342391 0.906307829314526 0.397041326345365 -0.730238913657601 -0.251596355471786 0.478074006080147 0.532409906249325 0.610019897948403 -0.113026015883111
16.685146396165 14.697909276183 21.0539384331922 -0.415713241465725 -0.60844846556808 0.675997667544542 -0.186941267688531 0.784560023446284 0.591200831514829 -0.739984406966867 -0.690979556647344 -0.0262095363267113 0.512584172842169 -0.185885607432192 -0.327749424776313
16.3802228530006 14.9768102256042 21.3811742007403 0.23062628323603 -0.756166920944718 0.612391203380113 0.00271608896061873 0.629854984205932 0.776707927320875 -0.774911110749534 -0.802880551557153 0.447903617568589 0.788710058303527 0.275266511860535 -0.0475187401340837
16.1486842868066 14.922684532515 21.8574902988405 0.835373343371992 -0.395323690376259 0.381929888696679 -0.0397540319553099 0.649549043720313 0.759279620064665 -0.0903985019005292 -1.13304619126944 0.508836106007172 0.401448545867599 -0.195195907663825 0.695573280330552
16.2465977539423 15.3673133399251 22.2547810059962 0.943550088679623 -0.328995321762847 -0.0384082101680385 0.248878658542524 0.627663772371212 0.737629639001459 -0.449103468197661 0.202366079536519 0.176383354043397 0.219142006485458 0.381941007789696 -0.4214450027659
16.5279665401519 15.5034773082749 22.627922039393 0.877491700991077 0.0279543840655091 -0.47877630514026 0.333200616713358 0.682484866503445 0.650531812566111 -0.199914650413061 -0.116401051035348 -0.527089782217142 0.494742210943106 0.576391747322334 -0.335340892874095
16.7656366136595 15.5377157553102 23.0243453978876 0.444814259242091 0.483622366528558 -0.753823296791773 0.300150386979254 0.712506480904187 0.634227202771244 -0.0100192702614615 -0.282865300040475 -0.35975879579223 0.521513034453606 0.283413958186908 -0.100469472687921
17.0778041476787 15.7383205623677 23.2423310624791 -0.157566038057439 0.688872413096599 -0.707550438738857 0.304771618312511 0.715446374756118 0.628689614658889 0.287545038683509 -0.257326149471732 -0.146416742072375 0.469277991059542 -0.0571980619716719 -0.198698224266459
17.4040323869478 16.018470635887 23.4355086673807 -0.776682482079038 0.540458606371064 -0.323525421275014 0.250556161634847 0.736318544909745 0.628535196327151 0.161816991546069 -0.380239310486746 0.122904026628383 0.277917803372466 -0.40402216251324 0.200980821701159
17.5340055981372 16.394685189881 23.6147668890214 -0.98341048242197 0.0304116546377821 0.178826284941383 0.139995791105605 0.754137316163903 0.641621358602258 -0.410294787404175 -0.479996932820428 0.0965815512471936 -0.00378971635966361 0.209011063226541 0.483825416653195
17.1998029570881 16.7339730278186 23.8212689111979 -0.609501372018173 -0.491189361292155 0.622286900215494 -0.000514301242471377 0.785182606104388 0.619263992849204 -1.41900120358082 -1.51464455188531 0.298370253762047 0.184038272129822 0.0219931839234717 0.987834381277135
18.293111320034 24.0419592257704 20.7924385484996 0.781229412848855 0.594236053632332 -0.191217151709243 -0.0120186685623824 0.320579296111486 0.947145368104136 0.173988050779104 -0.131611567439751 -0.477023506684377 -0.0868387265142245 -0.562944753195518 -0.524515711714793
18.4975901336918 24.1842838163488 21.2482729523535 0.297213609537367 0.840353185578858 -0.453288514872694 0.213379419741153 0.404276303213924 0.889398546632509 -0.441031022620906 0.235099978589939 -0.0281803128646535 0.250463443882843 0.108901489578858 -0.356013547984364
18.8288300149954 24.3562426462939 21.5234689621448 -0.383068021607575 0.914589792737332 -0.129554169300128 0.378312743634118 0.283286642890973 0.881265016468607 -0.0598360403820579 0.240229171557361 -0.43466058409402 0.346672156281512 0.194651330800521 0.0331789103714495
19.0960943494633 24.6311447406334 21.8517195914164 -0.80787217247334 0.589266383635533 -0.0103713220634819 0.276363355710007 0.394314131729735 0.876435703564975 -0.0874572220319555 0.150612328217483 0.374392775274313 0.245149755537765 -0.0289891780415334 -0.126246224608366
19.2839086253399 24.9834726718927 22.1881249318742 -0.99572446271183 0.0764754696510504 0.0518090985425355 0.0791497875418676 0.417197235239646 0.905362722441251 -0.391290352296917 -0.256065891870059 0.511457581219398 0.381160194258934 0.205793899039265 -0.295050962147708
19.2056207766718 25.3858101118304 22.4766092682803 -0.770479050278038 -0.560833783935671 0.303030331326402 -0.00382545957630657 0.479426892466281 0.877573419474948 0.00837225554178931 -0.519232234141992 0.473728773246767 0.392905948628929 -0.413584916235046 -0.462460375957191
19.0760205980411 25.7611415046213 22.7209581784592 -0.0591943129687116 -0.861715926103951 0.503926162748983 0.130741733605514 0.493770575247074 0.85970756628785 -0.30784500351034 -0.647773847911599 -0.165779185469387 0.291288928993546 0.238266749456228 0.196533834794016
19.0184328463168 25.9253595785204 23.155407305729 0.447155052313641 -0.87083044736673 0.204221869474743 0.182369351645912 0.312285098353267 0.932319321822022 0.30664830001869 -0.0436447828212905 0.361158643915146 0.223815943029566 0.010160796288689 -0.103350206947886
18.8347128432824 25.8845424345075 23.5783317890011 0.934251021126798 -0.353114367423951 0.0498513357133418 0.0750874345250942 0.331436354009875 0.94048482304056 -0.0172866788257809 -0.130673280224774 0.0550105351104864 0.551021706483909 -0.0573921847101032 0.25451077637622
18.9323907580051 25.8473030418601 24.0367175881857 0.962532934949699 -0.0390594226678266 -0.26833671421936 0.270920637476523 0.0965556589729127 0.957746784723863 0.586326335119166 0.260254830591704 0.0675514352580437 0.528306334368993 0.123262306763386 -0.2378690165594
18.9878804523052 25.6273332831658 24.4332249319372 0.727361144177187 0.560663052116137 -0.395730449827447 0.391248622994578 0.134961993356065 0.910334920727102 0.229028992324167 0.0175423830187082 0.389985613317206 0.723813269145986 -0.104241832328332 0.0930158354290123
19.3425994919576 25.5941665014993 24.7880154146299 0.153912943178558 0.922826813811305 -0.353130795153597 0.430638657509783 0.259010521083407 0.864559879981383 0.544736979670247 0.0770475507569635 -0.145229012099961 0.490862083141131 -0.377732325447001 -0.127524657317371
19.7320700675759 25.8012181525799 25.0064601644441 -0.534328367520113 0.840057087083376 -0.0937932282208435 0.285330982496987 0.283702188043619 0.91547756939913 -0.113580472544692 0.288553865666311 -0.667076669358024 0.466761693767062 -0.361048957297861 0.227051768416982
19.8390270887714 26.0824023854691 25.4177328286054 -0.788615234784724 0.584328852840829 -0.19143063396628 0.131803086652403 0.464731585876176 0.875586877833397 -0.412013890427387 -0.119107128062806 0.463575826972354 0.223377844684645 0.427102961621896 0.120692065366414
19.9651008031677 26.4916084779445 25.5151158301994 -0.915083859775344 -0.187913631628633 0.356805102422372 0.261414580192453 0.397287176215566 0.87967334716382 -0.247891082741976 -0.368575904827021 -0.20878602872041 0.546065132499494 -0.303600419471298 -0.0912702760254103
19.9505779184664 26.8789885432246 25.7553799213443 -0.663301620726388 -0.621956311083446 0.416174468520307 0.0291719940247676 0.53420905009539 0.844848845991882 0.0933968038091931 -0.215846602846902 -0.209488364685255 0.455052230360283 -0.109394857719704 0.107270105617867
19.8027000808386 27.1722553668085 26.0881667041129 -0.250852596404972 -0.898074263925546 0.361296931492601 -0.0327586951759705 0.380892714304121 0.9240386865638 -0.207103098314453 -0.88795119436326 -1.15935138756552 0.404492704512224 0.435820182494729 -0.166163672088203
19.6289676710261 27.2835681207889 26.4526108759059 0.408318432377267 -0.879981889261077 0.242709318240816 0.0737236342323205 0.296805330454694 0.952087866042721 0.0452153862135256 -0.496329537864143 -0.305419484112342 0.356770969676795 -0.282051356580381 -0.0594584651916697
19.485620824256 27.3059835919473 26.8522587310452 0.904574538356897 -0.425135349473923 0.0316973298652362 0.150743347765465 0.38851705914741 0.909027402586297 -0.167890955288007 0.0353283499994399 -0.304500071216574 0.36966447763972 -0.201255135304527 0.228490118101815
19.5956853775589 27.3662593379869 27.3631785687001 0.94942041602771 -0.10609611885507 -0.295540808556483 0.313898922708448 0.295919624443409 0.902163468518039 0.274500266956104 0.13267512042279 -0.248929791959592 0.287416663279868 0.250680377758599 -0.366924724470626
19.7324339423393 27.1017650885666 27.7319497381505 0.722644976731902 0.623286510284918 -0.298827784021148 0.202153078640548 0.222844955207178 0.953663536862326 0.383136733728085 -0.531576103838029 -0.860797298029574 0.626627891807683 0.0370455483871784 -0.0176549645095199
19.9692008735279 26.713337219053 28.1406062931739 0.258335922677306 0.916612970227037 -0.305095222919559 0.331974844499705 0.212351825496631 0.919075236052275 -0.350772904316841 -3.28012745962502 -0.909469487570172 0.342125483772601 -0.6237392379476 0.201894368007533
20.0029501619383 26.74679764408 28.3594407553715 -0.163055276654615 0.982478214134644 -0.0902741457108448 0.244831385976799 0.128929522011489 0.960955072738726 -1.03933893807006 -0.638100489341071 -1.64680219666594 0.0634623231812287 -2.82080708991916 -1.46424310992483
20.4207938090532 27.4484634689821 28.8804670439446 -0.952333117725712 0.29155693761817 -0.0897556131310684 0.0552299711532316 0.454145499633401 0.889213920406735 -0.815787364394516 -0.462714130886667 0.157018127402655 0.113316673481067 0.231720771972016 0.45077656827502
20.3755344313657 26.6818877365416 28.8071636257336 -0.826377697476434 -0.492548224327455 0.27293965148931 0.148905705173698 0.276305992484541 0.949464044370189 -1.86526706035149 -3.73203228007157 -0.101722286265339 -0.219521455189877 -0.305222022421958 1.15546398096156
