t = 0
b =  30.0 30.0 30.0
E = 0. 0. 0.
20.2388862755 20.8604043933 10.1685630236 0.195705026272 -0.37547777886 0.905933761527 0.629391846773 0.756523943528 0.177587798241 0.0 0.0 0.0 0.0 0.0 0.0
20.2419197415 21.3008519293 10.476267213 0.599505188377 -0.618115451958 0.508455324645 0.629391846773 0.756523943528 0.177587798241 0.0 0.0 0.0 0.0 0.0 0.0
20.381610434 21.6004000287 10.8998738097 0.775543306225 -0.625920730518 -0.0821937909887 0.629391846773 0.756523943528 0.177587798241 0.0 0.0 0.0 0.0 0.0 0.0
20.6980862475 21.7572694778 11.3047443291 0.656939555646 -0.395928258718 -0.641616111219 0.629391846773 0.756523943528 0.177587798241 0.0 0.0 0.0 0.0 0.0 0.0
21.1643114534 21.8238870679 11.5633584358 0.288753484433 -0.0155160218633 -0.957277743548 0.629391846773 0.756523943528 0.177587798241 0.0 0.0 0.0 0.0 0.0 0.0
21.6963580252 21.8869677803 11.6037610507 -0.189134863217 0.370791011111 -0.909253556273 0.629391846773 0.756523943528 0.177587798241 0.0 0.0 0.0 0.0 0.0 0.0
22.185291299 22.0345703154 11.4368992889 -0.595167714164 0.616228339669 -0.515788741061 0.629391846773 0.756523943528 0.177587798241 0.0 0.0 0.0 0.0 0.0 0.0
22.5385560736 22.3226421199 11.1524634673 -0.775086399827 0.627550219199 0.0736328404083 0.629391846773 0.756523943528 0.177587798241 0.0 0.0 0.0 0.0 0.0 0.0
22.7151398789 22.7537640166 10.8848122539 -0.660536803442 0.400455278374 0.635080074731 0.629391846773 0.756523943528 0.177587798241 0.0 0.0 0.0 0.0 0.0 0.0
22.7411542992 23.2761697066 10.7619275636 -0.295038231843 0.0212206820404 0.955249770691 0.629391846773 0.756523943528 0.177587798241 0.0 0.0 0.0 0.0 0.0 0.0
22.6999147452 23.8034126517 10.8567920886 0.182550296809 -0.366076006192 0.91250410784 0.629391846773 0.756523943528 0.177587798241 0.0 0.0 0.0 0.0 0.0 0.0
22.7002875371 24.2472085597 11.1596619537 0.590784915626 -0.614294299207 0.523082878167 0.629391846773 0.756523943528 0.177587798241 0.0 0.0 0.0 0.0 0.0 0.0
22.8353297691 24.5509760629 11.5817685773 0.774570467599 -0.629131917501 -0.065066282402 0.629391846773 0.756523943528 0.177587798241 0.0 0.0 0.0 0.0 0.0 0.0
23.1469353635 24.7113329257 11.9890433398 0.664083748804 -0.404951801811 -0.628495674436 0.629391846773 0.756523943528 0.177587798241 0.0 0.0 0.0 0.0 0.0 0.0
23.6099188695 24.7793810125 12.2530524936 0.30130051095 -0.0269237261804 -0.953149051864 0.629391846773 0.756523943528 0.177587798241 0.0 0.0 0.0 0.0 0.0 0.0
24.1415838363 24.8412918351 12.2997912909 -0.17595182849 0.361333123167 -0.915685168687 0.629391846773 0.756523943528 0.177587798241 0.0 0.0 0.0 0.0 0.0 0.0
24.6331405783 24.9855685545 12.1377996253 -0.586357126528 0.612313477855 -0.530337180486 0.629391846773 0.756523943528 0.177587798241 0.0 0.0 0.0 0.0 0.0 0.0
24.9910371949 25.2694221504 11.8549175827 -0.773995548831 0.630665704971 0.0564947693464 0.629391846773 0.756523943528 0.177587798241 0.0 0.0 0.0 0.0 0.0 0.0
25.1725015018 25.6970360137 11.5849135245 -0.667580121617 0.4094174866 0.621863411762 0.629391846773 0.756523943528 0.177587798241 0.0 0.0 0.0 0.0 0.0 0.0
25.2017908989 26.2179766058 11.4566632506 -0.307539844856 0.0326247199744 0.950975747047 0.629391846773 0.756523943528 0.177587798241 0.0 0.0 0.0 0.0 0.0 0.0
25.1609765787 26.746354004 11.5451879282 0.169339960757 -0.356562723226 0.918796496563 0.629391846773 0.756523943528 0.177587798241 0.0 0.0 0.0 0.0 0.0 0.0
25.1587633079 27.1934529181 11.8431522961 0.581884684066 -0.610286026462 0.537551095576 0.629391846773 0.756523943528 0.177587798241 0.0 0.0 0.0 0.0 0.0 0.0
25.2891906692 27.5014371133 12.2636514531 0.773361687305 -0.632151464807 -0.0479189539954 0.629391846773 0.756523943528 0.177587798241 0.0 0.0 0.0 0.0 0.0 0.0
25.5959058514 27.6653223622 12.673227483 0.671025655618 -0.413851992663 -0.615183791782 0.629391846773 0.756523943528 0.177587798241 0.0 0.0 0.0 0.0 0.0 0.0
26.0555813529 27.7348700364 12.9425723483 0.313755758412 -0.0383232292697 -0.948730021746 0.629391846773 0.756523943528 0.177587798241 0.0 0.0 0.0 0.0 0.0 0.0
26.5867774894 27.7956819293 12.9956541752 -0.162715197132 0.351765169653 -0.921837854528 0.629391846773 0.756523943528 0.177587798241 0.0 0.0 0.0 0.0 0.0 0.0
27.0808826917 27.9366787036 12.8386030342 -0.577367928832 0.608212099424 -0.544724074069 0.629391846773 0.756523943528 0.177587798241 0.0 0.0 0.0 0.0 0.0 0.0
1.19871852327 13.3514506848 16.3017718963 -0.519977488465 0.436847144793 0.734021786854 0.829959774195 0.46157129936 0.313239060185 0.0 0.0 0.0 0.0 0.0 0.0
1.39188527451 13.8527815603 16.2955219678 -0.302776255134 -0.0988654019 0.947919918366 0.829959774195 0.46157129936 0.313239060185 0.0 0.0 0.0 0.0 0.0 0.0
1.51603416886 14.3315760644 16.5053504145 0.0294547396717 -0.597017329469 0.801687424514 0.829959774195 0.46157129936 0.313239060185 0.0 0.0 0.0 0.0 0.0 0.0
1.64689727204 14.6742804494 16.8979235349 0.350495386419 -0.868352391976 0.350880474591 0.829959774195 0.46157129936 0.313239060185 0.0 0.0 0.0 0.0 0.0 0.0
1.85765580959 14.8190438793 17.3704798705 0.538376975895 -0.809785862693 -0.233231834038 0.829959774195 0.46157129936 0.313239060185 0.0 0.0 0.0 0.0 0.0 0.0
2.19113739573 14.7792165963 17.7898710022 0.521720151046 -0.443568145275 -0.728735469488 0.829959774195 0.46157129936 0.313239060185 0.0 0.0 0.0 0.0 0.0 0.0
2.64354510672 14.6382779407 18.0431468608 0.306853118118 0.0911685265962 -0.947380316272 0.829959774195 0.46157129936 0.313239060185 0.0 0.0 0.0 0.0 0.0 0.0
3.16589999564 14.5181211535 18.0804673464 -0.0245925446927 0.591268750957 -0.80609954155 0.829959774195 0.46157129936 0.313239060185 0.0 0.0 0.0 0.0 0.0 0.0
3.68264901323 14.5327440968 17.9340374161 -0.34669508861 0.866736091343 -0.358568073727 0.829959774195 0.46157129936 0.313239060185 0.0 0.0 0.0 0.0 0.0 0.0
4.12036887445 14.7449395593 17.7058718822 -0.537082371931 0.812915899574 0.225189400243 0.829959774195 0.46157129936 0.313239060185 0.0 0.0 0.0 0.0 0.0 0.0
4.4356607921 15.1424392268 17.5290382791 -0.523423082617 0.450255366327 0.723393656094 0.829959774195 0.46157129936 0.313239060185 0.0 0.0 0.0 0.0 0.0 0.0
4.63163840159 15.6425746191 17.5171022827 -0.31090661305 -0.0834647084562 0.946768567499 0.829959774195 0.46157129936 0.313239060185 0.0 0.0 0.0 0.0 0.0 0.0
4.75674483886 16.1236842286 17.720982211 0.0197284768962 -0.585475145041 0.810450270984 0.829959774195 0.46157129936 0.313239060185 0.0 0.0 0.0 0.0 0.0 0.0
4.88634838305 16.4713347603 18.1096043041 0.342868388627 -0.865053785402 0.366228366517 0.829959774195 0.46157129936 0.313239060185 0.0 0.0 0.0 0.0 0.0 0.0
5.09410878722 16.6217962544 18.5817081649 0.535746867065 -0.815984029761 -0.217129817402 0.829959774195 0.46157129936 0.313239060185 0.0 0.0 0.0 0.0 0.0 0.0
5.4239927066 16.5862541632 19.004317277 0.525086153495 -0.456908298688 -0.717996753473 0.829959774195 0.46157129936 0.313239060185 0.0 0.0 0.0 0.0 0.0 0.0
5.87357003118 16.446559811 19.2632590065 0.31493643124 0.0757545341554 -0.946084718634 0.829959774195 0.46157129936 0.313239060185 0.0 0.0 0.0 0.0 0.0 0.0
6.39493712518 16.3241337072 19.3065406947 -0.0148629066998 0.579636952925 -0.814739281493 0.829959774195 0.46157129936 0.313239060185 0.0 0.0 0.0 0.0 0.0 0.0
6.91291621913 16.3338358651 19.164102538 -0.339015577889 0.863305602266 -0.373860769598 0.829959774195 0.46157129936 0.313239060185 0.0 0.0 0.0 0.0 0.0 0.0
7.35361670143 16.5403285622 18.9364428071 -0.534370563001 0.818990019606 0.209053699285 0.829959774195 0.46157129936 0.313239060185 0.0 0.0 0.0 0.0 0.0 0.0
7.67250739708 16.93351006 18.7564368735 -0.526709237028 0.463526435714 0.712545172619 0.829959774195 0.46157129936 0.313239060185 0.0 0.0 0.0 0.0 0.0 0.0
7.87133470558 17.4323524234 18.7388556345 -0.3189422658 -0.0680385908536 0.945328821755 0.829959774195 0.46157129936 0.313239060185 0.0 0.0 0.0 0.0 0.0 0.0
7.99745911455 17.9156853879 18.9367621301 0.00999620463552 -0.573754619212 0.818966246451 0.829959774195 0.46157129936 0.313239060185 0.0 0.0 0.0 0.0 0.0 0.0
8.12586215868 18.2682309689 19.3213520074 0.335136949803 -0.861491675066 0.381464701735 0.829959774195 0.46157129936 0.313239060185 0.0 0.0 0.0 0.0 0.0 0.0
8.33065968107 18.4243994955 19.7928967754 0.532953564549 -0.821933640189 -0.20096166092 0.829959774195 0.46157129936 0.313239060185 0.0 0.0 0.0 0.0 0.0 0.0
