t = 0
b =  30.0 30.0 30.0
E = 0. 0. 0.
3.57264590549 17.0919810741 20.9916174743 0.303859156602 -0.833967316403 0.460617116617 0.0207630756968 0.48915932547 0.871947274205 0.0 0.0 0.0 0.0 0.0 0.0
3.28026240818 17.0977352308 21.4423545177 0.804652778219 -0.525797352132 0.275809809462 0.0207630756968 0.48915932547 0.871947274205 0.0 0.0 0.0 0.0 0.0 0.0
3.17129953699 16.9836338646 21.9559624159 0.999745356313 -0.0178681829234 -0.0137822556019 0.0207630756968 0.48915932547 0.871947274205 0.0 0.0 0.0 0.0 0.0 0.0
3.29022865123 16.8654594455 22.4664286484 0.815017958693 0.496849407718 -0.298138211335 0.0207630756968 0.48915932547 0.871947274205 0.0 0.0 0.0 0.0 0.0 0.0
3.59494113479 16.8605418646 22.9089342663 0.320651612192 0.822805601488 -0.469226475977 0.0207630756968 0.48915932547 0.871947274205 0.0 0.0 0.0 0.0 0.0 0.0
3.97274616345 17.0431828464 23.2444796943 -0.29553564279 0.836164190677 -0.462047757347 0.0207630756968 0.48915932547 0.871947274205 0.0 0.0 0.0 0.0 0.0 0.0
4.28318383303 17.4164274817 23.4747013214 -0.799443965984 0.531850023908 -0.279329370674 0.0207630756968 0.48915932547 0.871947274205 0.0 0.0 0.0 0.0 0.0 0.0
4.41138822541 17.9109073468 23.6412498097 -0.99963016051 0.0254771409979 0.00951091405568 0.0207630756968 0.48915932547 0.871947274205 0.0 0.0 0.0 0.0 0.0 0.0
4.31172689125 18.4111947269 23.8099663111 -0.820040144133 -0.490574933732 0.294737843522 0.0207630756968 0.48915932547 0.871947274205 0.0 0.0 0.0 0.0 0.0 0.0
4.02513738043 18.7996555355 24.0458683132 -0.32890316666 -0.820249389162 0.46798893848 0.0207630756968 0.48915932547 0.871947274205 0.0 0.0 0.0 0.0 0.0 0.0
3.66357438242 19.00114047 24.3884484086 0.287189622795 -0.838297387811 0.463443211352 0.0207630756968 0.48915932547 0.871947274205 0.0 0.0 0.0 0.0 0.0 0.0
3.36747626796 19.0115354886 24.8366703986 0.794174272995 -0.537862193245 0.282827659874 0.0207630756968 0.48915932547 0.871947274205 0.0 0.0 0.0 0.0 0.0 0.0
3.25241020403 18.8993248033 25.3493629626 0.999438838999 -0.0330841588895 -0.00523884821651 0.0207630756968 0.48915932547 0.871947274205 0.0 0.0 0.0 0.0 0.0 0.0
3.36516625489 18.7795725829 25.860861331 0.824999880341 0.484263100566 -0.291315030281 0.0207630756968 0.48915932547 0.871947274205 0.0 0.0 0.0 0.0 0.0 0.0
3.66598105443 18.7702081515 26.305954429 0.337129673879 0.817630711669 -0.466715761814 0.0207630756968 0.48915932547 0.871947274205 0.0 0.0 0.0 0.0 0.0 0.0
4.04364457374 18.9472226666 26.6446596544 -0.278821732197 0.840366745353 -0.464803372362 0.0207630756968 0.48915932547 0.871947274205 0.0 0.0 0.0 0.0 0.0 0.0
4.35775067042 19.3157988078 26.8774129365 -0.788844100561 0.543833402294 -0.286304410652 0.0207630756968 0.48915932547 0.871947274205 0.0 0.0 0.0 0.0 0.0 0.0
4.49203972956 19.8083417901 27.0449031192 -0.999171406352 0.0406886572943 0.000966383418767 0.0207630756968 0.48915932547 0.871947274205 0.0 0.0 0.0 0.0 0.0 0.0
4.39856763518 20.3101597531 27.212613589 -0.829896789614 -0.47791438889 0.287870032272 0.0207630756968 0.48915932547 0.871947274205 0.0 0.0 0.0 0.0 0.0 0.0
4.1159205415 20.7030371162 27.4459440417 -0.345330507368 -0.814949768432 0.465407042935 0.0207630756968 0.48915932547 0.871947274205 0.0 0.0 0.0 0.0 0.0 0.0
3.7545553478 20.9101466538 27.7853640445 0.270432608246 -0.842372105714 0.466128136796 0.0207630756968 0.48915932547 0.871947274205 0.0 0.0 0.0 0.0 0.0 0.0
3.45483527565 20.9252374435 28.2310379708 0.783453854595 -0.549763196324 0.289759358242 0.0207630756968 0.48915932547 0.871947274205 0.0 0.0 0.0 0.0 0.0 0.0
3.33370353431 20.8150096953 28.7427625519 0.998827882933 -0.0482900571003 0.00330615497282 0.0207630756968 0.48915932547 0.871947274205 0.0 0.0 0.0 0.0 0.0 0.0
3.44025464032 20.693774227 29.2552407711 0.834730499034 0.471529282182 -0.284403111846 0.0207630756968 0.48915932547 0.871947274205 0.0 0.0 0.0 0.0 0.0 0.0
3.73708258984 20.6800238735 29.702889292 0.353505042602 0.812206763615 -0.464062881508 0.0207630756968 0.48915932547 0.871947274205 0.0 0.0 0.0 0.0 0.0 0.0
4.11449202495 20.8514160772 30.0447546645 -0.262022889804 0.844313316177 -0.467417403768 0.0207630756968 0.48915932547 0.871947274205 0.0 0.0 0.0 0.0 0.0 0.0
4.43217333408 21.215269528 30.280072225 -0.778003945584 0.555651123758 -0.293192239534 0.0207630756968 0.48915932547 0.871947274205 0.0 0.0 0.0 0.0 0.0 0.0
27.1755095708 7.61208170399 15.2855497424 0.738483192683 -0.122593242451 -0.663033536882 0.640376761065 0.435368111248 0.632749722716 0.0 0.0 0.0 0.0 0.0 0.0
27.5835406752 7.45402000731 15.597338485 0.474423143381 0.423660115479 -0.771644210486 0.640376761065 0.435368111248 0.632749722716 0.0 0.0 0.0 0.0 0.0 0.0
28.0997165499 7.39253164728 15.7332309056 0.0301218099773 0.80895791232 -0.587094347323 0.640376761065 0.435368111248 0.632749722716 0.0 0.0 0.0 0.0 0.0 0.0
28.6227586923 7.51544526881 15.7352951513 -0.425623302647 0.886919073216 -0.179497525918 0.640376761065 0.435368111248 0.632749722716 0.0 0.0 0.0 0.0 0.0 0.0
29.0487799894 7.84053212099 15.6964429303 -0.719667006553 0.6279248497 0.296293406622 0.640376761065 0.435368111248 0.632749722716 0.0 0.0 0.0 0.0 0.0 0.0
29.3107531697 8.30875446242 15.7251308006 -0.74029718248 0.13037147744 0.659517520224 0.640376761065 0.435368111248 0.632749722716 0.0 0.0 0.0 0.0 0.0 0.0
29.4039755839 8.80669498624 15.9041557105 -0.479676081673 -0.416712198794 0.772179901349 0.640376761065 0.435368111248 0.632749722716 0.0 0.0 0.0 0.0 0.0 0.0
29.3878558203 9.20964595122 16.2591990531 -0.0368180176823 -0.80547994365 0.591478227791 0.640376761065 0.435368111248 0.632749722716 0.0 0.0 0.0 0.0 0.0 0.0
29.3633433884 9.42898773771 16.7490698764 0.42002782679 -0.888232391007 0.186064086507 0.640376761065 0.435368111248 0.632749722716 0.0 0.0 0.0 0.0 0.0 0.0
29.4345763128 9.44585692272 17.2813540141 0.717298077374 -0.633530502567 -0.290038912067 0.640376761065 0.435368111248 0.632749722716 0.0 0.0 0.0 0.0 0.0 0.0
29.6693173565 9.31831280973 17.7475237726 0.74205479578 -0.138139784136 -0.655951278754 0.640376761065 0.435368111248 0.632749722716 0.0 0.0 0.0 0.0 0.0 0.0
30.0732098142 9.1592797286 18.0641694165 0.484892490774 0.409732547862 -0.772656787722 0.640376761065 0.435368111248 0.632749722716 0.0 0.0 0.0 0.0 0.0 0.0
30.5876335305 9.09364519466 18.2046879213 0.0435114215527 0.801940634564 -0.595817064902 0.640376761065 0.435368111248 0.632749722716 0.0 0.0 0.0 0.0 0.0 0.0
31.1119756767 9.21081305359 18.2093899074 -0.414400364188 0.889478066463 -0.192616477596 0.640376761065 0.435368111248 0.632749722716 0.0 0.0 0.0 0.0 0.0 0.0
31.5418552469 9.53073746576 18.1701849614 -0.71487452317 0.639087909632 0.283762329925 0.640376761065 0.435368111248 0.632749722716 0.0 0.0 0.0 0.0 0.0 0.0
31.8087791469 9.99634198704 18.1956636474 -0.743755898734 0.145897570952 0.652335084055 0.640376761065 0.435368111248 0.632749722716 0.0 0.0 0.0 0.0 0.0 0.0
31.9061638665 10.4952038642 18.3698421364 -0.490071973434 -0.40272169421 0.77307483329 0.640376761065 0.435368111248 0.632749722716 0.0 0.0 0.0 0.0 0.0 0.0
31.8918366643 10.9022653185 18.7202430579 -0.0502015118599 -0.798340254594 0.600110528237 0.640376761065 0.435368111248 0.632749722716 0.0 0.0 0.0 0.0 0.0 0.0
31.8660660259 11.1273450867 19.2074391933 0.408741343394 -0.890656004721 0.199154200194 0.640376761065 0.435368111248 0.632749722716 0.0 0.0 0.0 0.0 0.0 0.0
31.9334679896 11.1493997905 19.7400325348 0.712396528502 -0.64459664768 -0.277464138184 0.640376761065 0.435368111248 0.632749722716 0.0 0.0 0.0 0.0 0.0 0.0
32.1632607644 11.0245186682 20.2093779173 0.745400361797 -0.153644247104 -0.648669211513 0.640376761065 0.435368111248 0.632749722716 0.0 0.0 0.0 0.0 0.0 0.0
32.5629675751 10.864614335 20.5308591326 0.495214135216 0.395680171742 -0.773434006217 0.640376761065 0.435368111248 0.632749722716 0.0 0.0 0.0 0.0 0.0 0.0
33.0755584635 10.7949053094 20.6760360419 0.0568877791276 0.794679077923 -0.604358290832 0.640376761065 0.435368111248 0.632749722716 0.0 0.0 0.0 0.0 0.0 0.0
33.6011169229 10.9063434045 20.6834494598 -0.403051195365 0.891766116075 -0.205676756429 0.640376761065 0.435368111248 0.632749722716 0.0 0.0 0.0 0.0 0.0 0.0
34.0347998497 11.2210596139 20.6439788546 -0.709864282081 0.650056297197 0.271144816474 0.640376761065 0.435368111248 0.632749722716 0.0 0.0 0.0 0.0 0.0 0.0
