
#id1 id2 FENE BEXC STCK NEXC HB CRSTCK CXSTCK total, t = 100
0 1 0.0391525 0 -1.06921 0 0 0 0 -1.03005
1 2 0.106072 0 -1.3687 0 0 0 0 -1.26263
2 3 0.105975 0 -1.22369 0 0 0 0 -1.11772
3 4 0.170529 0 -1.29511 0 0 0 0 -1.12458
4 5 0.140764 0 -1.38229 0 0 0 0 -1.24152
5 6 0.190059 0 -1.36353 0 0 0 0 -1.17347
6 7 2.082 0 0 0 0 0 0 2.082
7 8 2.08351 0 0 0 0 0 0 2.08351
8 9 0.00344435 0 -1.03502 0 0 0 0 -1.03157
9 10 0.0421486 0 -1.10776 0 0 0 0 -1.06561
10 11 0.019227 0 -1.27991 0 0 0 0 -1.26069
11 12 0.0798032 0 -1.25125 0 0 0 0 -1.17144
12 13 0.548091 0 -1.36357 0 0 0 0 -0.81548
13 14 0.331913 0 -1.24681 0 0 0 0 -0.914894
14 15 0.119167 0 -1.35782 0 0 0 0 -1.23865
15 16 0.0634495 0 -1.00087 0 0 0 0 -0.937416
16 17 0.0492912 0 -1.30671 0 0 0 0 -1.25742
17 18 0.12509 0 -0.272146 0 0 0 0 -0.147056
18 19 0.40656 0 -0.941171 0 0 0 0 -0.534611
19 20 0.232686 0 -0.00203491 0 0 0 0 0.230651
20 21 1.36532 0 0 0 0 0 0 1.36532
21 22 1.81815 0 0 0 0 0 0 1.81815
22 23 0.0452159 0 -0.877975 0 0 0 0 -0.83276
23 24 0.00266941 0 -1.09971 0 0 0 0 -1.09704
24 25 0.126631 0 -1.18271 0 0 0 0 -1.05608
25 26 0.0740575 0 -1.10119 0 0 0 0 -1.02713
27 28 0.0184127 0 -1.27095 0 0 0 0 -1.25254
28 29 0.032824 0 -0.777301 0 0 0 0 -0.744477
29 30 0.263877 0 -0.595723 0 0 0 0 -0.331846
30 31 0.0613609 0 -0.445393 0 0 0 0 -0.384032
31 32 1.80647 0 0 0 0 0 0 1.80647
32 33 1.68402 0 0 0 0 0 0 1.68402
33 34 0.481668 0 -1.34968 0 0 0 0 -0.86801
34 35 0.152952 0 -1.28996 0 0 0 0 -1.13701
35 36 0.577603 0 -1.17287 0 0 0 0 -0.595266
36 37 0.0082695 0 -1.30618 0 0 0 0 -1.29791
37 38 0.0819739 0 -1.17136 0 0 0 0 -1.08939
38 39 0.310259 0 -1.12433 0 0 0 0 -0.814072
39 40 0.0018191 0 -1.25501 0 0 0 0 -1.25319
40 41 0.138545 0 -1.08621 0 0 0 0 -0.94767
41 42 0.303973 0 -1.27676 0 0 0 0 -0.97279
42 43 0.116698 0 -1.13924 0 0 0 0 -1.02254
43 44 0.180595 0 -0.905497 0 0 0 0 -0.724902
44 45 0.306718 0 -0.896348 0 0 0 0 -0.58963
45 46 0.168366 0 -0.94893 0 0 0 0 -0.780563
46 47 0.0480287 0 -1.17386 0 0 0 0 -1.12583
47 48 0.0205213 0 -0.590132 0 0 0 0 -0.569611
48 49 0.000231407 0 -0.177334 0 0 0 0 -0.177103
49 50 0.0346147 0 0 0 0 0 0 0.0346147
50 51 1.03957 0 0 0 0 0 0 1.03957
#Total energy per particle is  -0.497536 and should be -0.49753610

