t = 0
b =  30.0 30.0 30.0
E = 0. 0. 0.
15.119903624 23.7563012017 11.0510144968 0.530165408359 0.689743540646 -0.493131309 0.566642945378 0.144426273821 0.811207016663 0.0 0.0 0.0 0.0 0.0 0.0
15.623096789 23.6415868643 11.2004211955 0.0596040870456 0.974754097589 -0.215178535271 0.566642945378 0.144426273821 0.811207016663 0.0 0.0 0.0 0.0 0.0 0.0
16.1398767075 23.7490677542 11.3007779403 -0.433601823463 0.889439275838 0.144524161602 0.566642945378 0.144426273821 0.811207016663 0.0 0.0 0.0 0.0 0.0 0.0
16.5578170768 24.059296355 11.4340789722 -0.762075151802 0.466211602564 0.449319713166 0.566642945378 0.144426273821 0.811207016663 0.0 0.0 0.0 0.0 0.0 0.0
16.8020423912 24.4757979053 11.669802447 -0.801023388755 -0.134137653166 0.583411193474 0.566642945378 0.144426273821 0.811207016663 0.0 0.0 0.0 0.0 0.0 0.0
16.8636743989 24.8617227733 12.0385145216 -0.535649447922 -0.683525771796 0.495855007266 0.566642945378 0.144426273821 0.811207016663 0.0 0.0 0.0 0.0 0.0 0.0
16.8032050981 25.0918379202 12.5202567608 -0.066773326243 -0.97323102178 0.219915213544 0.566642945378 0.144426273821 0.811207016663 0.0 0.0 0.0 0.0 0.0 0.0
16.7275148155 25.1001050249 13.0521286798 0.427471098466 -0.893189535034 -0.13957404659 0.566642945378 0.144426273821 0.811207016663 0.0 0.0 0.0 0.0 0.0 0.0
16.7492665833 24.9047695471 13.5521846904 0.759312105933 -0.473810410596 -0.44603679287 0.566642945378 0.144426273821 0.811207016663 0.0 0.0 0.0 0.0 0.0 0.0
16.9441035695 24.6014289713 13.9505666002 0.802677749334 0.125577210514 -0.583042704202 0.566642945378 0.144426273821 0.811207016663 0.0 0.0 0.0 0.0 0.0 0.0
17.3219109739 24.3267137246 14.2160439071 0.541092695707 0.677255949812 -0.498540944253 0.566642945378 0.144426273821 0.811207016663 0.0 0.0 0.0 0.0 0.0 0.0
17.8230604753 24.2063789929 14.3678787901 0.0739374803932 0.97163383066 -0.224635144423 0.566642945378 0.144426273821 0.811207016663 0.0 0.0 0.0 0.0 0.0 0.0
18.3410640277 24.3075282235 14.4685080849 -0.421307819891 0.896871774389 0.134613302474 0.566642945378 0.144426273821 0.811207016663 0.0 0.0 0.0 0.0 0.0 0.0
18.7630304493 24.6131194033 14.5998224862 -0.756491235507 0.481373136132 0.442719905146 0.566642945378 0.144426273821 0.811207016663 0.0 0.0 0.0 0.0 0.0 0.0
19.0125546699 25.0284396046 14.8320549038 -0.804270982895 -0.117007204672 0.582629813971 0.566642945378 0.144426273821 0.811207016663 0.0 0.0 0.0 0.0 0.0 0.0
19.0787452947 25.4170880099 15.1970978059 -0.546494737188 -0.670934552165 0.501188915418 0.566642945378 0.144426273821 0.811207016663 0.0 0.0 0.0 0.0 0.0 0.0
19.020362427 25.652796863 15.676386737 -0.081096003918 -0.969962645863 0.229337968465 0.566642945378 0.144426273821 0.811207016663 0.0 0.0 0.0 0.0 0.0 0.0
18.9434937226 25.6674027004 16.2079532652 0.415112457093 -0.900485713486 -0.129642307033 0.566642945378 0.144426273821 0.811207016663 0.0 0.0 0.0 0.0 0.0 0.0
18.9612499159 25.4767427911 16.7099678254 0.753612755344 -0.488899203239 -0.439369302586 0.566642945378 0.144426273821 0.811207016663 0.0 0.0 0.0 0.0 0.0 0.0
19.1507921605 25.174638293 17.1118281393 0.805802968107 0.108428288278 -0.582172554224 0.566642945378 0.144426273821 0.811207016663 0.0 0.0 0.0 0.0 0.0 0.0
19.524017217 24.8972500267 17.3809822012 0.551855160978 0.664562060254 -0.503798719105 0.566642945378 0.144426273821 0.811207016663 0.0 0.0 0.0 0.0 0.0 0.0
20.0230376748 24.7713487029 17.5352953292 0.0882483516681 0.968217594654 -0.234023327534 0.566642945378 0.144426273821 0.811207016663 0.0 0.0 0.0 0.0 0.0 0.0
20.5421743472 24.8661526103 17.6362628323 -0.408885481875 0.90403107711 0.12466143883 0.566642945378 0.144426273821 0.811207016663 0.0 0.0 0.0 0.0 0.0 0.0
20.9681055611 25.1670304301 17.7656469143 -0.750676884653 0.496388038778 0.435985240353 0.566642945378 0.144426273821 0.811207016663 0.0 0.0 0.0 0.0 0.0 0.0
21.2229199555 25.581059919 17.9944138455 -0.807273588303 -0.0998411146507 0.581670959782 0.566642945378 0.144426273821 0.811207016663 0.0 0.0 0.0 0.0 0.0 0.0
21.29371631 25.9723306227 18.3557726904 -0.557173558862 -0.65813895937 0.50637015657 0.566642945378 0.144426273821 0.811207016663 0.0 0.0 0.0 0.0 0.0 0.0
21.2375049343 26.2135785299 18.8325586283 -0.0953939789645 -0.966398809927 0.238690864819 0.566642945378 0.144426273821 0.811207016663 0.0 0.0 0.0 0.0 0.0 0.0
28.9318786476 23.7157758738 24.6944904945 0.508772752394 -0.638258098458 0.577734269516 0.366860688811 0.767836374389 0.52520523338 0.0 0.0 0.0 0.0 0.0 0.0
28.8588469266 23.9228619868 25.1848646493 0.868806736465 -0.484611457505 0.101619830388 0.366860688811 0.767836374389 0.52520523338 0.0 0.0 0.0 0.0 0.0 0.0
28.9838597286 24.0194809027 25.6984030476 0.898766515678 -0.146852821574 -0.413101681298 0.366860688811 0.767836374389 0.52520523338 0.0 0.0 0.0 0.0 0.0 0.0
29.3137463861 24.0826247134 26.1177749046 0.587269869011 0.246697656521 -0.770878957567 0.366860688811 0.767836374389 0.52520523338 0.0 0.0 0.0 0.0 0.0 0.0
29.7775012287 24.2020032627 26.361424879 0.0526595804777 0.546523570339 -0.835786429447 0.366860688811 0.767836374389 0.52520523338 0.0 0.0 0.0 0.0 0.0 0.0
30.2532598244 24.445961877 26.4145573106 -0.5019569631 0.638716042398 -0.583164663177 0.366860688811 0.767836374389 0.52520523338 0.0 0.0 0.0 0.0 0.0 0.0
30.6145973145 24.8355158333 26.3347573388 -0.865871664124 0.488249611188 -0.108988891372 0.366860688811 0.767836374389 0.52520523338 0.0 0.0 0.0 0.0 0.0 0.0
30.7785593315 25.3363663038 26.2301133458 -0.900827243344 0.152288989589 0.406593582462 0.366860688811 0.767836374389 0.52520523338 0.0 0.0 0.0 0.0 0.0 0.0
30.7371777501 25.8719310543 26.2181523727 -0.59354349179 -0.241528765291 0.767704356436 0.366860688811 0.767836374389 0.52520523338 0.0 0.0 0.0 0.0 0.0 0.0
30.5604979111 26.3524393151 26.3811896318 -0.0607626441866 -0.543585704091 0.837151410068 0.366860688811 0.767836374389 0.52520523338 0.0 0.0 0.0 0.0 0.0 0.0
30.3699672253 26.7090371976 26.7350555812 0.49510294784 -0.639125345639 0.58855064659 0.366860688811 0.767836374389 0.52520523338 0.0 0.0 0.0 0.0 0.0 0.0
30.2922952722 26.9199464375 27.2230816689 0.862870652303 -0.491850582772 0.116349652431 0.366860688811 0.767836374389 0.52520523338 0.0 0.0 0.0 0.0 0.0 0.0
30.4113147113 27.0187383215 27.7376296637 0.902819369528 -0.157713560208 -0.40005451995 0.366860688811 0.767836374389 0.52520523338 0.0 0.0 0.0 0.0 0.0 0.0
30.7361318542 27.0815793945 28.160985218 0.599771913934 0.23634148071 -0.764471291647 0.366860688811 0.767836374389 0.52520523338 0.0 0.0 0.0 0.0 0.0 0.0
31.1976670237 27.1982945154 28.4100795173 0.068861080585 0.540606441688 -0.838452638368 0.366860688811 0.767836374389 0.52520523338 0.0 0.0 0.0 0.0 0.0 0.0
31.6748990787 27.4382408918 28.4680485113 -0.488211228574 0.63948597701 -0.593891809593 0.366860688811 0.767836374389 0.52520523338 0.0 0.0 0.0 0.0 0.0 0.0
32.0408433688 27.8239581168 28.3906398487 -0.859803929541 0.495414098031 -0.123701553012 0.366860688811 0.767836374389 0.52520523338 0.0 0.0 0.0 0.0 0.0 0.0
32.2107953261 28.3226050009 28.2850334131 -0.904742742521 0.163126120328 0.393484991738 0.366860688811 0.767836374389 0.52520523338 0.0 0.0 0.0 0.0 0.0 0.0
32.1745111468 28.8584364894 28.2691218938 -0.605954661125 -0.231136197811 0.761180009408 0.366860688811 0.767836374389 0.52520523338 0.0 0.0 0.0 0.0 0.0 0.0
32.0000995834 29.3415804742 28.4267213816 -0.0769542729455 -0.53758601001 0.839690015254 0.366860688811 0.767836374389 0.52520523338 0.0 0.0 0.0 0.0 0.0 0.0
31.808146291 29.7021817112 28.7757282348 0.481282330132 -0.639797909048 0.599187745436 0.366860688811 0.767836374389 0.52520523338 0.0 0.0 0.0 0.0 0.0 0.0
31.725901321 29.9169409947 29.2613199534 0.856671729382 -0.498939885588 0.131044033242 0.366860688811 0.767836374389 0.52520523338 0.0 0.0 0.0 0.0 0.0 0.0
31.8389346986 30.0179669156 29.7767831635 0.906597215851 -0.168526257763 -0.38688549812 0.366860688811 0.767836374389 0.52520523338 0.0 0.0 0.0 0.0 0.0 0.0
32.1586269401 30.0805772707 30.2040558121 0.612091262522 0.225913312995 -0.757830760365 0.366860688811 0.767836374389 0.52520523338 0.0 0.0 0.0 0.0 0.0 0.0
32.6178454042 30.1946845726 30.4585809151 0.0850416049402 0.534524639077 -0.840863446493 0.366860688811 0.767836374389 0.52520523338 0.0 0.0 0.0 0.0 0.0 0.0
