t = 0
b =  30.0 30.0 30.0
E = 0. 0. 0.
16.6488659646 9.44780553964 28.1347347649 0.959682395767 -0.0581288906407 -0.275010420397 0.205440836295 0.812804200347 0.545108608151 0.0 0.0 0.0 0.0 0.0 0.0
16.9058138701 9.5540539526 28.594489211 0.664891231342 0.292791897406 -0.687162684739 0.205440836295 0.812804200347 0.545108608151 0.0 0.0 0.0 0.0 0.0 0.0
17.3143237528 9.72704428779 28.8976049014 0.117496771742 0.532476148409 -0.838250356401 0.205440836295 0.812804200347 0.545108608151 0.0 0.0 0.0 0.0 0.0 0.0
17.7496170283 10.0214125778 29.0096413968 -0.474536675885 0.569863808105 -0.670872702867 0.205440836295 0.812804200347 0.545108608151 0.0 0.0 0.0 0.0 0.0 0.0
18.0767396536 10.4456813407 28.9687524384 -0.886285706513 0.390750679487 -0.248619293121 0.205440836295 0.812804200347 0.545108608151 0.0 0.0 0.0 0.0 0.0 0.0
18.2018334242 10.9590217334 28.8711907043 -0.961319979329 0.0631848347287 0.268088742775 0.205440836295 0.812804200347 0.545108608151 0.0 0.0 0.0 0.0 0.0 0.0
18.1077942753 11.4867651111 28.8347398076 -0.671132719586 -0.288385985137 0.682945383086 0.205440836295 0.812804200347 0.545108608151 0.0 0.0 0.0 0.0 0.0 0.0
17.8607704018 11.9487708944 28.9539663325 -0.125970918931 -0.530394147692 0.838339654124 0.205440836295 0.812804200347 0.545108608151 0.0 0.0 0.0 0.0 0.0 0.0
17.5850314534 12.2898733151 29.2642924078 0.467049339947 -0.570896705822 0.67523467427 0.205440836295 0.812804200347 0.545108608151 0.0 0.0 0.0 0.0 0.0 0.0
17.4157564167 12.5008398137 29.7285382485 0.882629745931 -0.394506060526 0.255596752339 0.205440836295 0.812804200347 0.545108608151 0.0 0.0 0.0 0.0 0.0 0.0
17.4476768584 12.6218786434 30.2510473768 0.962884354653 -0.068235967047 -0.261146649156 0.205440836295 0.812804200347 0.545108608151 0.0 0.0 0.0 0.0 0.0 0.0
17.699086819 12.7273630822 30.7140281183 0.677323098475 0.283958111158 -0.678676072497 0.205440836295 0.812804200347 0.545108608151 0.0 0.0 0.0 0.0 0.0 0.0
18.1048926012 12.8975757815 31.0223046277 0.134435472947 0.528271755408 -0.838365109038 0.205440836295 0.812804200347 0.545108608151 0.0 0.0 0.0 0.0 0.0 0.0
18.5413429538 13.188208044 31.1394757841 -0.459526436394 0.571886127545 -0.679545223938 0.205440836295 0.812804200347 0.545108608151 0.0 0.0 0.0 0.0 0.0 0.0
18.8730442406 13.6092017673 31.1017445853 -0.878906569677 0.398231398402 -0.262554746874 0.205440836295 0.812804200347 0.545108608151 0.0 0.0 0.0 0.0 0.0 0.0
19.0043987473 14.1209723503 31.0041640238 -0.964375402605 0.0732819029322 0.254184668209 0.205440836295 0.812804200347 0.545108608151 0.0 0.0 0.0 0.0 0.0 0.0
18.9159238506 14.6494475455 30.9645248653 -0.683461896587 -0.27950861267 0.674355078098 0.205440836295 0.812804200347 0.545108608151 0.0 0.0 0.0 0.0 0.0 0.0
18.6716537931 15.1142087436 31.0786049681 -0.142889789182 -0.526109133184 0.838326719202 0.205440836295 0.812804200347 0.545108608151 0.0 0.0 0.0 0.0 0.0 0.0
18.3948120036 15.4590433482 31.3837816729 0.451968538123 -0.572831997925 0.683804023606 0.205440836295 0.812804200347 0.545108608151 0.0 0.0 0.0 0.0 0.0 0.0
18.2209964566 15.6733008809 31.8448315265 0.875116461284 -0.401926409415 0.269492746848 0.205440836295 0.812804200347 0.545108608151 0.0 0.0 0.0 0.0 0.0 0.0
18.2466637345 15.7959392759 32.3673122601 0.965793009637 -0.0783222581167 -0.247203330116 0.205440836295 0.812804200347 0.545108608151 0.0 0.0 0.0 0.0 0.0 0.0
18.4924835594 15.9007241097 32.8334429869 0.68954864643 0.275037828519 -0.669982728949 0.205440836295 0.812804200347 0.545108608151 0.0 0.0 0.0 0.0 0.0 0.0
18.8954860199 16.0682038252 33.1468511295 0.151333223806 0.523906445712 -0.838224487541 0.205440836295 0.812804200347 0.545108608151 0.0 0.0 0.0 0.0 0.0 0.0
19.3329848935 16.3551080314 33.2691859738 -0.444376220699 0.573734244931 -0.68801074895 0.205440836295 0.812804200347 0.545108608151 0.0 0.0 0.0 0.0 0.0 0.0
19.6691881936 16.7727949769 33.2346887463 -0.871259709385 0.405590812176 -0.276410223907 0.205440836295 0.812804200347 0.545108608151 0.0 0.0 0.0 0.0 0.0 0.0
19.8067878156 17.2829363607 33.1371837995 -0.967137067791 0.0833566487581 0.240203166532 0.205440836295 0.812804200347 0.545108608151 0.0 0.0 0.0 0.0 0.0 0.0
19.7239285125 17.8120788953 33.094433172 -0.695582884474 -0.270546099172 0.665559358022 0.205440836295 0.812804200347 0.545108608151 0.0 0.0 0.0 0.0 0.0 0.0
2.079533451 17.1895344038 22.2672285571 -0.714705047754 0.481164545316 0.507619320993 0.601041854738 0.0513496162393 0.797566239108 0.0 0.0 0.0 0.0 0.0 0.0
2.35818403536 17.5722788051 22.5212869701 -0.788683039419 -0.123385835171 0.602291456865 0.601041854738 0.0513496162393 0.797566239108 0.0 0.0 0.0 0.0 0.0 0.0
2.45705429606 17.9268974014 22.9126377396 -0.563027158331 -0.681059873976 0.468142998497 0.601041854738 0.0513496162393 0.797566239108 0.0 0.0 0.0 0.0 0.0 0.0
2.4275824983 18.126268378 23.4107017204 -0.123467846481 -0.979987879943 0.156139188067 0.601041854738 0.0513496162393 0.797566239108 0.0 0.0 0.0 0.0 0.0 0.0
2.36996620106 18.1022510866 23.944357634 0.362998964519 -0.906602105796 -0.215184510418 0.601041854738 0.0513496162393 0.797566239108 0.0 0.0 0.0 0.0 0.0 0.0
2.3950955292 17.8715738166 24.4289622317 0.71155639988 -0.488783034079 -0.504756015702 0.601041854738 0.0513496162393 0.797566239108 0.0 0.0 0.0 0.0 0.0 0.0
2.58242416108 17.5294784386 24.7985076797 0.789781662337 0.114732884302 -0.60256227155 0.601041854738 0.0513496162393 0.797566239108 0.0 0.0 0.0 0.0 0.0 0.0
2.94978354774 17.2135364252 25.030699039 0.567955666828 0.674659861705 -0.471445046132 0.601041854738 0.0513496162393 0.797566239108 0.0 0.0 0.0 0.0 0.0 0.0
3.44660844653 17.0513831485 25.1554244851 0.130353817778 0.978272277935 -0.161217965548 0.601041854738 0.0513496162393 0.797566239108 0.0 0.0 0.0 0.0 0.0 0.0
3.97314750218 17.1122270683 25.243400291 -0.356771626045 0.910222699937 0.210258515568 0.601041854738 0.0513496162393 0.797566239108 0.0 0.0 0.0 0.0 0.0 0.0
4.41836045444 17.3805562812 25.3793045321 -0.70835356423 0.496364300121 0.501854271285 0.601041854738 0.0513496162393 0.797566239108 0.0 0.0 0.0 0.0 0.0 0.0
4.70210418946 17.762031752 25.6296064701 -0.790820140324 -0.106071196079 0.602787198785 0.601041854738 0.0513496162393 0.797566239108 0.0 0.0 0.0 0.0 0.0 0.0
4.8055804486 18.1193282903 26.017313769 -0.572840923302 -0.668208471473 0.474711191402 0.601041854738 0.0513496162393 0.797566239108 0.0 0.0 0.0 0.0 0.0 0.0
4.77847760125 18.3243066864 26.513231499 -0.137229862127 -0.976482176705 0.166284465657 0.601041854738 0.0513496162393 0.797566239108 0.0 0.0 0.0 0.0 0.0 0.0
4.72009320251 18.3066959397 27.0470537781 0.350517118031 -0.913773977094 -0.205316508719 0.601041854738 0.0513496162393 0.797566239108 0.0 0.0 0.0 0.0 0.0 0.0
4.74160919185 18.0807903861 27.5340741526 0.705096784715 -0.5039077661 -0.498914308723 0.601041854738 0.0513496162393 0.797566239108 0.0 0.0 0.0 0.0 0.0 0.0
4.92385201546 17.7400190414 27.9073669947 0.791798394296 0.0974014301244 -0.602966221442 0.601041854738 0.0513496162393 0.797566239108 0.0 0.0 0.0 0.0 0.0 0.0
5.28658530796 17.4214503558 28.1432136677 0.577682555721 0.66170619458 -0.477941185577 0.601041854738 0.0513496162393 0.797566239108 0.0 0.0 0.0 0.0 0.0 0.0
5.78100135722 17.253717618 28.2701136324 0.14409545589 0.974617712576 -0.171338302561 0.601041854738 0.0513496162393 0.797566239108 0.0 0.0 0.0 0.0 0.0 0.0
6.30826397017 17.3081490185 28.3579570257 -0.344235916781 0.917255666826 0.200358866222 0.601041854738 0.0513496162393 0.797566239108 0.0 0.0 0.0 0.0 0.0 0.0
6.75705799507 17.5716688771 28.4914722288 -0.701786309349 0.511412857552 0.495936351905 0.601041854738 0.0513496162393 0.797566239108 0.0 0.0 0.0 0.0 0.0 0.0
7.04587980867 17.9517653127 28.7380361389 -0.792716349754 -0.0887242466735 0.603099325886 0.601041854738 0.0513496162393 0.797566239108 0.0 0.0 0.0 0.0 0.0 0.0
7.1540019054 18.3116370535 29.1220765593 -0.582480195377 -0.655153526197 0.48113478268 0.601041854738 0.0513496162393 0.797566239108 0.0 0.0 0.0 0.0 0.0 0.0
7.12934762326 18.5221665273 29.6157916686 -0.150950076227 -0.972679027536 0.176379091389 0.601041854738 0.0513496162393 0.797566239108 0.0 0.0 0.0 0.0 0.0 0.0
7.0702842665 18.5109737862 30.1497123973 0.337928500633 -0.920667503987 -0.195385965622 0.601041854738 0.0513496162393 0.797566239108 0.0 0.0 0.0 0.0 0.0 0.0
