t = 0
b =  30.0 30.0 30.0
E = 0. 0. 0.
20.4520130019 1.13803818992 10.1115790215 0.066486137305 -0.40361717267 0.912509052817 0.862447008014 0.483141447738 0.150862519684 0.0 0.0 0.0 0.0 0.0 0.0
20.6192090724 1.55369937965 10.4081533822 0.348075700085 -0.78253483872 0.516219462244 0.862447008014 0.483141447738 0.150862519684 0.0 0.0 0.0 0.0 0.0 0.0
20.8657490098 1.79098172827 10.8223999856 0.497425484887 -0.864154436256 -0.0761905327647 0.862447008014 0.483141447738 0.150862519684 0.0 0.0 0.0 0.0 0.0 0.0
21.2256771021 1.83128004596 11.2192789547 0.45779501147 -0.617467315567 -0.639654470538 0.862447008014 0.483141447738 0.150862519684 0.0 0.0 0.0 0.0 0.0 0.0
21.6899595816 1.73082666964 11.4703486671 0.244240559271 -0.136194038191 -0.960102980502 0.862447008014 0.483141447738 0.150862519684 0.0 0.0 0.0 0.0 0.0 0.0
22.2099167044 1.59932785802 11.5025628748 -0.0621049648792 0.396821631337 -0.915792316107 0.862447008014 0.483141447738 0.150862519684 0.0 0.0 0.0 0.0 0.0 0.0
22.7157169984 1.55828454976 11.3260221953 -0.344855774533 0.779078128616 -0.523556839592 0.862447008014 0.483141447738 0.150862519684 0.0 0.0 0.0 0.0 0.0 0.0
23.1429074078 1.69483212543 11.0301367178 -0.49659010976 0.865349819342 0.0675866336874 0.862447008014 0.483141447738 0.150862519684 0.0 0.0 0.0 0.0 0.0 0.0
23.456900086 2.02863621964 10.7496576155 -0.459661559746 0.622860645823 0.633052814841 0.862447008014 0.483141447738 0.150862519684 0.0 0.0 0.0 0.0 0.0 0.0
23.6661128973 2.50442141767 10.6134829222 -0.248099898052 0.14373629928 0.958011647557 0.862447008014 0.483141447738 0.150862519684 0.0 0.0 0.0 0.0 0.0 0.0
23.8187713289 3.01297130964 10.6956870142 0.0577190629199 -0.389995870501 0.919005838266 0.862447008014 0.483141447738 0.150862519684 0.0 0.0 0.0 0.0 0.0 0.0
23.9845868228 3.43262163066 10.987378516 0.341609586878 -0.775562088696 0.53085434606 0.862447008014 0.483141447738 0.150862519684 0.0 0.0 0.0 0.0 0.0 0.0
24.2282722327 3.67548254915 11.4000782826 0.495716917373 -0.866479302689 -0.0589775876263 0.862447008014 0.483141447738 0.150862519684 0.0 0.0 0.0 0.0 0.0 0.0
24.5849563296 3.72082948334 11.7993341062 0.461493103013 -0.628206542829 -0.62640294972 0.862447008014 0.483141447738 0.150862519684 0.0 0.0 0.0 0.0 0.0 0.0
25.0468377938 3.62297671632 12.0558013578 0.251940343066 -0.151267614295 -0.955847358317 0.862447008014 0.483141447738 0.150862519684 0.0 0.0 0.0 0.0 0.0 0.0
25.5661490671 3.49064249187 12.0943831739 -0.0533287654304 0.38314040997 -0.922149374573 0.862447008014 0.483141447738 0.150862519684 0.0 0.0 0.0 0.0 0.0 0.0
26.0733040467 3.44564513592 11.9227610112 -0.33833738433 0.77198698672 -0.538111425914 0.862447008014 0.483141447738 0.150862519684 0.0 0.0 0.0 0.0 0.0 0.0
26.5033350089 3.57662223788 11.6284763319 -0.494805974223 0.867542800282 0.0503640501935 0.862447008014 0.483141447738 0.150862519684 0.0 0.0 0.0 0.0 0.0 0.0
26.8205749337 3.90535574847 11.3456721395 -0.463289501795 0.633504599474 0.61970538159 0.862447008014 0.483141447738 0.150862519684 0.0 0.0 0.0 0.0 0.0 0.0
27.0322080019 4.37849665244 11.2041298083 -0.255761601846 0.158787409694 0.9536102776 0.862447008014 0.483141447738 0.150862519684 0.0 0.0 0.0 0.0 0.0 0.0
27.185540205 4.88783315145 11.2799629698 0.048934406749 -0.376255771813 0.925222685635 0.862447008014 0.483141447738 0.150862519684 0.0 0.0 0.0 0.0 0.0 0.0
27.3500270077 5.31140213543 11.5667006717 0.335039416081 -0.768353094947 0.545327526499 0.862447008014 0.483141447738 0.150862519684 0.0 0.0 0.0 0.0 0.0 0.0
27.5908860558 5.55982500724 11.9777458004 0.493857349683 -0.868540231132 -0.0417466773433 0.862447008014 0.483141447738 0.150862519684 0.0 0.0 0.0 0.0 0.0 0.0
27.9443199022 5.61026410604 12.3792747727 0.465050619287 -0.638754412292 -0.612960620496 0.862447008014 0.483141447738 0.150862519684 0.0 0.0 0.0 0.0 0.0 0.0
28.403762052 5.51509911646 12.6410793523 0.259563383391 -0.166295112818 -0.951300575767 0.862447008014 0.483141447738 0.150862519684 0.0 0.0 0.0 0.0 0.0 0.0
28.9223716832 5.38202715068 12.6860349357 -0.0445363215231 0.369342480322 -0.928225537407 0.862447008014 0.483141447738 0.150862519684 0.0 0.0 0.0 0.0 0.0 0.0
29.4308292585 5.3331468149 12.5194014786 -0.331715933283 0.76466069011 -0.552502098283 0.862447008014 0.483141447738 0.150862519684 0.0 0.0 0.0 0.0 0.0 0.0
22.533807066 22.1770382822 22.4809236618 -0.0657742589618 0.99712804982 -0.0375419647961 0.596839484294 0.0694652696266 0.79934798824 0.0 0.0 0.0 0.0 0.0 0.0
23.040275474 22.3283754597 22.5772144325 -0.522178503199 0.790024390333 0.321233674257 0.596839484294 0.0694652696266 0.79934798824 0.0 0.0 0.0 0.0 0.0 0.0
23.4277132757 22.6597987218 22.7467304293 -0.780198403711 0.282777256455 0.55796726972 0.596839484294 0.0694652696266 0.79934798824 0.0 0.0 0.0 0.0 0.0 0.0
23.6373048268 23.0556810685 23.0434350829 -0.741807886432 -0.331901684934 0.5827197707 0.596839484294 0.0694652696266 0.79934798824 0.0 0.0 0.0 0.0 0.0 0.0
23.6778012469 23.3759064156 23.4729707265 -0.421592150731 -0.820485627116 0.386087288237 0.596839484294 0.0694652696266 0.79934798824 0.0 0.0 0.0 0.0 0.0 0.0
23.6221957229 23.5091020382 23.9905149796 0.0587934916774 -0.997353361768 0.042773789937 0.596839484294 0.0694652696266 0.79934798824 0.0 0.0 0.0 0.0 0.0 0.0
23.5799921772 23.4149509306 24.5178095195 0.516842503623 -0.795309879426 -0.316790186299 0.596839484294 0.0694652696266 0.79934798824 0.0 0.0 0.0 0.0 0.0 0.0
23.6556028964 23.139508911 24.9728917264 0.778534407297 -0.291114877018 -0.556000274311 0.596839484294 0.0694652696266 0.79934798824 0.0 0.0 0.0 0.0 0.0 0.0
23.9086805583 22.797707246 25.3012336534 0.744448073237 0.323679534351 -0.583976562283 0.596839484294 0.0694652696266 0.79934798824 0.0 0.0 0.0 0.0 0.0 0.0
24.3314551819 22.5296883411 25.4964581045 0.427533469646 0.815502678986 -0.390090390677 0.596839484294 0.0694652696266 0.79934798824 0.0 0.0 0.0 0.0 0.0 0.0
24.8516860734 22.4475632974 25.6027614389 -0.0518082470411 0.997502721397 -0.0480023576883 0.596839484294 0.0694652696266 0.79934798824 0.0 0.0 0.0 0.0 0.0 0.0
25.3601072733 22.5928190305 25.6981226343 -0.51146714449 0.800534802593 0.312322573543 0.596839484294 0.0694652696266 0.79934798824 0.0 0.0 0.0 0.0 0.0 0.0
25.7519395215 22.9205566971 25.8646777701 -0.776811122473 0.299430328056 0.55399093733 0.596839484294 0.0694652696266 0.79934798824 0.0 0.0 0.0 0.0 0.0 0.0
25.96669765 23.3165495163 26.1575151576 -0.747031567438 -0.315432734318 0.585188881791 0.596839484294 0.0694652696266 0.79934798824 0.0 0.0 0.0 0.0 0.0 0.0
26.0111699091 23.6406394339 26.5837463691 -0.433442230233 -0.81045762717 0.394063786223 0.596839484294 0.0694652696266 0.79934798824 0.0 0.0 0.0 0.0 0.0 0.0
25.9568389982 23.7799855098 27.099804433 0.0448190570062 -0.997576117332 0.0532272698741 0.596839484294 0.0694652696266 0.79934798824 0.0 0.0 0.0 0.0 0.0 0.0
25.9127245928 23.6919340784 27.6279956548 0.506052835154 -0.805698761936 -0.307831176212 0.596839484294 0.0694652696266 0.79934798824 0.0 0.0 0.0 0.0 0.0 0.0
25.983964947 23.4202235888 28.0860167503 0.775028680474 -0.307722976315 -0.551939411793 0.596839484294 0.0694652696266 0.79934798824 0.0 0.0 0.0 0.0 0.0 0.0
26.2318731134 23.0783676371 28.4182232395 0.749558172294 0.307161912861 -0.586356636899 0.596839484294 0.0694652696266 0.79934798824 0.0 0.0 0.0 0.0 0.0 0.0
26.6506430887 22.8065292532 28.6167697149 0.439317982515 0.805350855868 -0.398007172286 0.596839484294 0.0694652696266 0.79934798824 0.0 0.0 0.0 0.0 0.0 0.0
27.169555612 22.7182706221 28.7245904428 -0.0378264538265 0.997573543983 -0.0584481285972 0.596839484294 0.0694652696266 0.79934798824 0.0 0.0 0.0 0.0 0.0 0.0
27.6798455939 22.8574089118 28.819087918 -0.500599987935 0.810801364198 0.303316336346 0.596839484294 0.0694652696266 0.79934798824 0.0 0.0 0.0 0.0 0.0 0.0
28.0760237928 23.181369398 28.9827263616 -0.773187217041 0.315992190278 0.549845853933 0.596839484294 0.0694652696266 0.79934798824 0.0 0.0 0.0 0.0 0.0 0.0
28.2959539413 23.5773603139 29.2717021849 -0.752027695392 -0.298867699836 0.587479738679 0.596839484294 0.0694652696266 0.79934798824 0.0 0.0 0.0 0.0 0.0 0.0
28.3444593529 23.9052243282 29.6945940331 -0.445160279032 -0.800182753981 0.401920248562 0.596839484294 0.0694652696266 0.79934798824 0.0 0.0 0.0 0.0 0.0 0.0
