t = 0
b =  30.0 30.0 30.0
E = 0. 0. 0.
10.5623271684 27.4309152401 16.9707226889 -0.281246950196 0.948637014514 0.144872246135 0.798622245602 0.147671473426 0.583434353432 0.0 0.0 0.0 0.0 0.0 0.0
11.0287413943 27.6950287479 16.9334812202 -0.53981518236 0.604375926717 0.585943092884 0.798622245602 0.147671473426 0.583434353432 0.0 0.0 0.0 0.0 0.0 0.0
11.3721047324 28.0969097671 17.029805498 -0.593298601518 0.0305023197332 0.804404362201 0.798622245602 0.147671473426 0.583434353432 0.0 0.0 0.0 0.0 0.0 0.0
11.5802256357 28.5057437912 17.3094937754 -0.421377962535 -0.554959628488 0.717258965394 0.798622245602 0.147671473426 0.583434353432 0.0 0.0 0.0 0.0 0.0 0.0
11.6922934191 28.7880747504 17.7526812566 -0.0893687905214 -0.929583135417 0.357614895703 0.798622245602 0.147671473426 0.583434353432 0.0 0.0 0.0 0.0 0.0 0.0
11.7839895839 28.8585072047 18.2773870646 0.276593079178 -0.9510424674 -0.137893051867 0.798622245602 0.147671473426 0.583434353432 0.0 0.0 0.0 0.0 0.0 0.0
11.9387351498 28.7121494987 18.770660147 0.537472613708 -0.611184865435 -0.581013123585 0.798622245602 0.147671473426 0.583434353432 0.0 0.0 0.0 0.0 0.0 0.0
12.2159976149 28.4264721833 19.1314912696 0.594157316227 -0.0391279146255 -0.803396595631 0.798622245602 0.147671473426 0.583434353432 0.0 0.0 0.0 0.0 0.0 0.0
12.6286982589 28.1318756585 19.3091881129 0.425111720531 0.547794385134 -0.720556268922 0.798622245602 0.147671473426 0.583434353432 0.0 0.0 0.0 0.0 0.0 0.0
13.138303133 27.9621488811 19.3226341321 0.0945590747167 0.926600439347 -0.363964568591 0.798622245602 0.147671473426 0.583434353432 0.0 0.0 0.0 0.0 0.0 0.0
13.6694627512 28.003640703 19.2531144164 -0.271918144526 0.95337549472 0.13090335651 0.798622245602 0.147671473426 0.583434353432 0.0 0.0 0.0 0.0 0.0 0.0
14.1386386197 28.2624544989 19.213434125 -0.535089114435 0.617947260059 0.576038907886 0.798622245602 0.147671473426 0.583434353432 0.0 0.0 0.0 0.0 0.0 0.0
14.4858409078 28.6621293922 19.3050619207 -0.594970783557 0.0477505297755 0.802327647299 0.798622245602 0.147671473426 0.583434353432 0.0 0.0 0.0 0.0 0.0 0.0
14.6974195871 29.0726890202 19.5795803289 -0.428813104624 -0.540587425116 0.7237986993 0.798622245602 0.147671473426 0.583434353432 0.0 0.0 0.0 0.0 0.0 0.0
14.8112503056 29.3600217277 20.0190886733 -0.0997421578723 -0.923547179067 0.370286524168 0.798622245602 0.147671473426 0.583434353432 0.0 0.0 0.0 0.0 0.0 0.0
14.9023447962 29.4368318266 20.5430038426 0.267222502255 -0.955635918804 -0.123903692356 0.798622245602 0.147671473426 0.583434353432 0.0 0.0 0.0 0.0 0.0 0.0
15.0543526645 29.2958046878 21.0386751613 0.532664866054 -0.624662595608 -0.571020824594 0.798622245602 0.147671473426 0.583434353432 0.0 0.0 0.0 0.0 0.0 0.0
15.3277815058 29.0123856907 21.4041822651 0.595738941557 -0.0563695085379 -0.801197598611 0.798622245602 0.147671473426 0.583434353432 0.0 0.0 0.0 0.0 0.0 0.0
15.7370090576 28.7161172623 21.5870563511 0.432481832939 0.533339297273 -0.726986009605 0.798622245602 0.147671473426 0.583434353432 0.0 0.0 0.0 0.0 0.0 0.0
16.2448208568 28.5414235435 21.6042139533 0.104917645276 0.920423587093 -0.376580280993 0.798622245602 0.147671473426 0.583434353432 0.0 0.0 0.0 0.0 0.0 0.0
16.7765486366 28.5765404103 21.5355300686 -0.262506509956 0.957823567514 0.116894592455 0.798622245602 0.147671473426 0.583434353432 0.0 0.0 0.0 0.0 0.0 0.0
17.2484380491 28.8299931896 21.4934923099 -0.530200053181 0.631330360681 0.565959255856 0.798622245602 0.147671473426 0.583434353432 0.0 0.0 0.0 0.0 0.0 0.0
17.5994683429 29.2273577443 21.5804649814 -0.596461731731 0.0649841945439 0.800006535623 0.798622245602 0.147671473426 0.583434353432 0.0 0.0 0.0 0.0 0.0 0.0
17.8145351661 29.6395354483 21.8497991679 -0.436117626088 -0.526050553578 0.730117957111 0.798622245602 0.147671473426 0.583434353432 0.0 0.0 0.0 0.0 0.0 0.0
17.9301889628 29.9317999121 22.2855637657 -0.110085142796 -0.917229901299 0.382845359771 0.798622245602 0.147671473426 0.583434353432 0.0 0.0 0.0 0.0 0.0 0.0
18.0207488476 30.0149817909 22.8085979753 0.25777052677 -0.959938274251 -0.109876590579 0.798622245602 0.147671473426 0.583434353432 0.0 0.0 0.0 0.0 0.0 0.0
18.1700675322 29.87934571 23.3065858126 0.527694863522 -0.637950047502 -0.56085458713 0.798622245602 0.147671473426 0.583434353432 0.0 0.0 0.0 0.0 0.0 0.0
9.76704854804 1.0909569454 24.3732342789 -0.114305484782 -0.929450426575 0.350793615518 0.674671371664 0.186563188327 0.714151746492 0.0 0.0 0.0 0.0 0.0 0.0
9.76042792272 1.16972427043 24.90468228 0.334998624246 -0.939536966709 -0.0710366802499 0.674671371664 0.186563188327 0.714151746492 0.0 0.0 0.0 0.0 0.0 0.0
9.83017024433 1.03432411433 25.4199374677 0.657031155044 -0.59267770497 -0.46587895352 0.674671371664 0.186563188327 0.714151746492 0.0 0.0 0.0 0.0 0.0 0.0
10.0496828384 0.763823056732 25.8289955333 0.729446565066 -0.0206502740694 -0.683726023268 0.674671371664 0.186563188327 0.714151746492 0.0 0.0 0.0 0.0 0.0 0.0
10.4354728 0.488614768512 26.0821982303 0.524733029324 0.559222541204 -0.641814145486 0.674671371664 0.186563188327 0.714151746492 0.0 0.0 0.0 0.0 0.0 0.0
10.940875672 0.340881276156 26.1890993727 0.120664642672 0.926637363371 -0.356066343274 0.674671371664 0.186563188327 0.714151746492 0.0 0.0 0.0 0.0 0.0 0.0
11.4737840532 0.404374799937 26.2148351809 -0.329246259135 0.942007158644 0.0649570158595 0.674671371664 0.186563188327 0.714151746492 0.0 0.0 0.0 0.0 0.0 0.0
11.9316407393 0.682598885171 26.255377943 -0.654071002394 0.599492684827 0.461302118645 0.674671371664 0.186563188327 0.714151746492 0.0 0.0 0.0 0.0 0.0 0.0
12.2404019197 1.09747734677 26.4010745375 -0.730403236359 0.029220917062 0.682390833997 0.674671371664 0.186563188327 0.714151746492 0.0 0.0 0.0 0.0 0.0 0.0
12.3826676595 1.51901671734 26.702322144 -0.52924306914 -0.552152365643 0.644227862547 0.674671371664 0.186563188327 0.714151746492 0.0 0.0 0.0 0.0 0.0 0.0
12.404292425 1.81469293879 27.1504215122 -0.127014611483 -0.923753733145 0.3613119552 0.674671371664 0.186563188327 0.714151746492 0.0 0.0 0.0 0.0 0.0 0.0
12.3969642058 1.8997994677 27.6808819518 0.323468820648 -0.944405613086 -0.0588724047409 0.674671371664 0.186563188327 0.714151746492 0.0 0.0 0.0 0.0 0.0 0.0
12.4633707145 1.76962870739 28.197922425 0.651061039704 -0.606262010996 -0.456690153827 0.674671371664 0.186563188327 0.714151746492 0.0 0.0 0.0 0.0 0.0 0.0
12.6781866076 1.5012605026 28.6108603632 0.731304284616 -0.0377893347686 -0.681003678022 0.674671371664 0.186563188327 0.714151746492 0.0 0.0 0.0 0.0 0.0 0.0
13.0597033355 1.22427821775 28.8685634916 0.533712805048 0.545040141542 -0.646592519162 0.674671371664 0.186563188327 0.714151746492 0.0 0.0 0.0 0.0 0.0 0.0
13.562879914 1.07153785033 28.9788758349 0.133354907639 0.920799755495 -0.366530051822 0.674671371664 0.186563188327 0.714151746492 0.0 0.0 0.0 0.0 0.0 0.0
14.0964547479 1.12869381614 29.0056376414 -0.317666748757 0.946732147385 0.0527833102607 0.674671371664 0.186563188327 0.714151746492 0.0 0.0 0.0 0.0 0.0 0.0
14.5576174365 1.40165740473 29.0444314051 -0.648001496195 0.612985167966 0.452043410286 0.674671371664 0.186563188327 0.714151746492 0.0 0.0 0.0 0.0 0.0 0.0
14.8710681636 1.81435098165 29.1862684784 -0.732149641222 0.0463548746711 0.67956466098 0.674671371664 0.186563188327 0.714151746492 0.0 0.0 0.0 0.0 0.0 0.0
15.017625357 2.23761115371 29.4830123375 -0.538141896659 -0.537886410523 0.648907935253 0.674671371664 0.186563188327 0.714151746492 0.0 0.0 0.0 0.0 0.0 0.0
15.041513088 2.53826010157 29.9276747809 -0.139685048303 -0.917775655379 0.371720235761 0.674671371664 0.186563188327 0.714151746492 0.0 0.0 0.0 0.0 0.0 0.0
15.033559608 2.62970205991 30.4570708637 0.311840485313 -0.948986584365 -0.0466901961271 0.674671371664 0.186563188327 0.714151746492 0.0 0.0 0.0 0.0 0.0 0.0
15.0966901763 2.50482249648 30.9758239149 0.644892604864 -0.619661643742 -0.447362241888 0.674671371664 0.186563188327 0.714151746492 0.0 0.0 0.0 0.0 0.0 0.0
15.3068240343 2.23869104186 31.392600729 0.732939241797 -0.0549168844704 -0.678073892459 0.674671371664 0.186563188327 0.714151746492 0.0 0.0 0.0 0.0 0.0 0.0
15.6840314154 1.9600412817 31.6548105779 0.542530006681 0.530691717372 -0.651173934493 0.674671371664 0.186563188327 0.714151746492 0.0 0.0 0.0 0.0 0.0 0.0
