
#id1 id2 FENE BEXC STCK NEXC HB CRSTCK CXSTCK total, t = 100
0 1 0.0669618 0 -1.31106 0 0 0 0 -1.2441
1 2 0.137984 0 -1.18448 0 0 0 0 -1.04649
2 3 0.00882809 0 -1.26901 0 0 0 0 -1.26019
3 4 0.0685916 0 -1.00439 0 0 0 0 -0.935794
4 5 0.315632 0 -1.22982 0 0 0 0 -0.914189
5 6 0.218786 0 -1.3856 0 0 0 0 -1.16682
6 7 0.121521 0 -1.08699 0 0 0 0 -0.965469
7 8 0.00436904 0 -1.30048 0 0 0 0 -1.29611
8 9 0.121687 0 -1.34894 0 0 0 0 -1.22725
9 10 0.483333 0 -1.08521 0 0 0 0 -0.601873
10 11 0.0181837 0 -1.18621 0 0 0 0 -1.16802
11 12 0.0813952 0 -1.29303 0 0 0 0 -1.21163
12 13 0.401082 0 -1.32629 0 0 0 0 -0.925204
13 14 0.0217248 0 -1.37058 0 0 0 0 -1.34886
14 15 0.116974 0 -1.35246 0 0 0 0 -1.23549
15 16 0.16553 0 -1.16278 0 0 0 0 -0.997251
16 17 0.0362457 0 -1.3411 0 0 0 0 -1.30485
17 18 0.0705024 0 -1.17629 0 0 0 0 -1.10579
18 19 0.0586698 0 -1.31882 0 0 0 0 -1.26015
19 20 0.0323934 0 -1.15576 0 0 0 0 -1.12337
20 21 0.228603 0 -1.26462 0 0 0 0 -1.03602
21 22 0.103745 0 -1.04761 0 0 0 0 -0.943862
22 23 0.0539668 0 -1.3586 0 0 0 0 -1.30463
23 24 0.124416 0 -1.34364 0 0 0 0 -1.21923
24 25 0.0979865 0 -1.26498 0 0 0 0 -1.16699
25 26 0.00747354 0 -1.01581 0 0 0 0 -1.00833
#Total energy per particle is  -1.07474 and should be -1.0747410

