t = 100
b = 30 30 30
E = -0.766538635747235 -0.950858330868156 0.184319695120922
9.94905268240977 15.2079664266736 27.2454798958732 0.794373554474099 -0.511506350571892 0.327615314235347 -0.0189705053771047 0.51819278964742 0.855053351845059 0.183501453606642 -0.63197089066565 -0.225373431969009 0.369032324166881 -0.0661115744985582 -0.389690318435224
9.97100527360206 15.1627932316207 27.7564170466341 0.989554001027109 0.0623422604755238 -0.129985393441353 0.110022195143231 0.256049809329607 0.960381955722274 0.00223114732237544 -0.547062792325492 0.221030083721052 0.113180477215746 -0.254801418492964 -0.117939942915041
10.2073866390922 15.2579621296513 28.2364808994674 0.740123956691375 0.477443182129265 -0.473565642624249 0.15947985542541 0.559508314737322 0.813336647801186 -0.217275698991751 0.0299113919241482 -0.0338220615285927 0.112872100745297 0.138363630523817 0.118338541653554
10.4415029607944 15.4837263523175 28.6458963754323 -0.0163882867350808 0.708403470145813 -0.705617339956907 0.0746964059561544 0.704607475508849 0.705654756691244 -0.330823591021941 0.498248591070975 0.29435876051439 -0.0915987518458073 0.304078093241878 0.27749171064789
11.0449731384614 15.678725093336 28.7972201579623 -0.21235622831202 0.792940592130428 -0.571095384708258 0.0145639818206527 0.58692802362316 0.809508040665846 -0.418644612673933 0.22235744421389 -0.0123889307171578 0.00396778742478389 0.256656432896402 -0.488615919446419
11.2778895902205 15.9845599123352 29.0073645107502 -0.906807327762905 0.397475913175128 -0.140403881462754 0.174775220304124 0.657594575095494 0.732818450204904 -0.306877795227856 -0.00312269905112717 0.558440861032623 0.146942135384086 -0.113153213026634 -0.0344202365882505
11.3490367681585 16.4129821129082 29.2560035069096 -0.982388264858745 -0.0674120639010609 0.174266438255789 0.0845676057676815 0.671248489396676 0.736392335187389 -0.206820992469886 -0.112515735771144 -0.115784299557176 0.414493916071382 0.508059129623165 0.0384491276079254
11.2510790780591 16.892995407183 29.4574209414539 -0.630198959786672 -0.57768232821948 0.518779607050057 0.128876067246073 0.581061564712143 0.803590878010202 -0.150621719597601 0.139416831376519 0.401349772862587 0.712854022300947 0.282209555977232 0.0941370757105235
11.1529967032833 17.2329749572371 29.7641998294322 -0.389447642815115 -0.852649051837099 0.34831022540586 -0.219543613099231 0.453202835113823 0.863948893251819 0.250720461256649 -0.287050121520758 -0.102725684611907 0.429091209470559 0.913732575119945 -0.21083416092249
10.8370407896866 17.3209712706856 30.0774145057595 0.541120502825754 -0.727839305060342 0.421234411902034 -0.0207957526733204 0.489171203891213 0.871939765968373 -0.290144777657445 -0.220683132091883 0.60318078919563 0.368170968130526 -0.602219172333012 -0.119969248733167
10.8508713190696 17.3635435701325 30.5593854766002 0.810630543440926 -0.585186538090023 0.0208499102349209 0.262986829657881 0.395654752388009 0.879940410275033 0.0453884801962567 0.360623027152386 0.0635330856132835 0.579854577876317 0.288267546471694 -0.00581523192579355
10.81433151201 17.2333582203269 30.9347877527524 0.961185429952109 0.253305849975134 -0.109355379039623 0.00319324304036663 0.386114466169478 0.922445285523225 0.06397282527673 -0.0978963754084166 0.853463031112682 0.22307978634575 -0.29805268387708 0.572253801054497
10.9539649071956 17.3552224136741 31.4008342140107 0.637073610303367 0.561276692717529 -0.528304430326765 0.329902842726936 0.420897475467342 0.844990717902583 -0.195242280778772 0.430100725676337 -0.232245646106552 0.276119510819624 -0.0886415184103605 0.0700588250581563
11.3772317856192 17.3896272960028 31.6401524234825 -0.0078002219126285 0.926197724914671 -0.37695731490983 0.456394108151169 0.338713176189385 0.822786542348494 0.639099337073712 -0.211861890683086 -0.255453069366906 0.491256243418714 -0.370719212440336 0.379134653229997
11.6490429700499 17.6750236866125 31.9707750126634 -0.309713640795447 0.81694323014546 -0.486498820430575 0.177930012977577 0.552414753268938 0.814357864622544 -0.473797950176315 0.134571891339365 0.0187979531014747 0.467152992348945 0.042780710756362 -0.0778870876885108
11.9150575597198 17.9647337818845 32.1922028851461 -0.784910683735052 0.541694689524246 -0.300802204373312 0.111184730712931 0.60072700997295 0.791684846580933 -0.195605816003626 0.237294693659296 -0.24761023471476 0.518903004684026 0.319191332902724 -0.475007928894394
12.0979562425498 18.4227270587258 32.3537479838168 -0.994409570185805 0.0632515811710205 0.0845501458663425 0.103410470081305 0.745266247555957 0.658699010688728 -0.420157009957799 0.324153338795157 0.214935101835414 0.415113926548554 0.327505159479647 0.117403945734877
11.9911102537318 18.8379279340168 32.4943827748828 -0.601763864704064 -0.559011776788967 0.570426128029023 0.125556880838087 0.639121885946239 0.758787564550318 -0.558450003975398 0.0414328728720295 -0.109948004077533 0.515279461347892 -0.475862789438584 -0.0346655083209254
11.9523205157104 19.0856292461777 32.853221912531 -0.216154669575291 -0.83715298215604 0.502445941504363 -0.0659931555597514 0.525962013377897 0.847943837739938 0.0818903561170519 -0.372668847216951 0.278794161823956 0.396168645149074 0.266391709682516 0.0329742749017375
11.6562428702588 19.2876146980329 33.2028948882757 0.494408872565352 -0.782143968205264 0.37922362991177 0.0491246435492542 0.460720570892853 0.886184635646264 0.300099734933838 -0.484039949851383 -0.344190993347663 0.600573611241729 0.129706874081858 0.254069257494743
11.4889200337049 19.202073576146 33.6488855904312 0.962698742058398 -0.25240376356132 0.0974851756040264 0.0232484135941027 0.436117987812798 0.899589070525574 -0.264390034329214 -0.726105993984487 -0.516826039151315 0.453115628422392 -0.217727829095649 0.271096449908907
11.5536730518208 19.2641820580577 34.0939379327803 0.965726952176516 -0.0618351724023073 -0.252086783199929 0.249016778043961 0.494712594277783 0.832616342703271 0.0672202875900939 -0.177750671247801 -0.339562776646227 0.406024970830851 -0.000282125447845715 -0.102578595956476
11.6032931474672 19.1994464271809 34.6242905121028 0.713658267342016 0.424551907089405 -0.55717810125532 0.323593243685392 0.5056440408593 0.799757086998493 -0.0991039290471668 -0.143236307058002 -0.16775712237202 0.367545325451769 0.149813489791464 -0.034298689072842
11.9058098720386 19.2976655245899 34.9963876660427 0.184690187400391 0.718020373022245 -0.671070904938579 0.407596169020357 0.565365100651652 0.717096612603695 -0.34717394105156 0.0402603184077995 -0.637239087982139 0.334168638590216 0.0925225485176137 -0.125099855702368
12.3125256721279 19.4582683303821 35.1367841342343 -0.611231705673375 0.77808955758427 -0.144818275966925 0.308680821117432 0.402854391948721 0.861640511479246 -0.0119069593027784 0.148724585147829 -0.569469746204608 0.348993071396371 -0.631783344256742 0.754476966748225
