t = 0
b =  30.0 30.0 30.0
E = 0. 0. 0.
20.7229273021 0.15690542088 0.911484169679 0.898870885747 0.217137356868 -0.380634337663 0.00732554865615 0.86103765194 0.508488444588 0.0 0.0 0.0 0.0 0.0 0.0
20.9823836019 0.35546680936 1.3380294845 0.471202430609 0.445535865393 -0.761226682425 0.00732554865615 0.86103765194 0.508488444588 0.0 0.0 0.0 0.0 0.0 0.0
21.3492505107 0.655588112375 1.59105315311 -0.135483706002 0.504667849693 -0.852616283503 0.00732554865615 0.86103765194 0.508488444588 0.0 0.0 0.0 0.0 0.0 0.0
21.6852339043 1.07074846761 1.64972291307 -0.690697317536 0.372068080298 -0.620082703493 0.00732554865615 0.86103765194 0.508488444588 0.0 0.0 0.0 0.0 0.0 0.0
21.8637728228 1.57072175345 1.56704480125 -0.983503470295 0.0981134265513 -0.151969337197 0.00732554865615 0.86103765194 0.508488444588 0.0 0.0 0.0 0.0 0.0 0.0
21.8181220942 2.09305999796 1.44972527424 -0.902660211388 -0.213116158311 0.373879721093 0.00732554865615 0.86103765194 0.508488444588 0.0 0.0 0.0 0.0 0.0 0.0
21.566709942 2.56681840748 1.41763164142 -0.4788812465 -0.443379351519 0.757685622403 0.00732554865615 0.86103765194 0.508488444588 0.0 0.0 0.0 0.0 0.0 0.0
21.2061367946 2.93950847987 1.55825247006 0.1268327104 -0.505195316178 0.853634087935 0.00732554865615 0.86103765194 0.508488444588 0.0 0.0 0.0 0.0 0.0 0.0
20.8744751676 3.19703926404 1.89345921591 0.68436080009 -0.375079133805 0.625272691459 0.00732554865615 0.86103765194 0.508488444588 0.0 0.0 0.0 0.0 0.0 0.0
20.6988136064 3.36907074786 2.37119689145 0.981888779923 -0.102464117511 0.159359745496 0.00732554865615 0.86103765194 0.508488444588 0.0 0.0 0.0 0.0 0.0 0.0
20.7469736236 3.51774553287 2.88526062599 0.906380795958 0.209078730134 -0.367096632134 0.00732554865615 0.86103765194 0.508488444588 0.0 0.0 0.0 0.0 0.0 0.0
21.0017431717 3.71407982099 3.31564467169 0.48652359373 0.441189072591 -0.754086861688 0.00732554865615 0.86103765194 0.508488444588 0.0 0.0 0.0 0.0 0.0 0.0
21.3674157883 4.01098317209 3.57413459354 -0.118172055996 0.505684310083 -0.854586884826 0.00732554865615 0.86103765194 0.508488444588 0.0 0.0 0.0 0.0 0.0 0.0
21.706151081 4.42315727758 3.6378214081 -0.677972165919 0.378061623583 -0.630415062489 0.00732554865615 0.86103765194 0.508488444588 0.0 0.0 0.0 0.0 0.0 0.0
21.8903425971 4.92151054207 3.55780508933 -0.980199314918 0.106807005431 -0.166738017934 0.00732554865615 0.86103765194 0.508488444588 0.0 0.0 0.0 0.0 0.0 0.0
21.8510976486 5.4442104668 3.43978083412 -0.910032356122 -0.205025379802 0.360285587345 0.00732554865615 0.86103765194 0.508488444588 0.0 0.0 0.0 0.0 0.0 0.0
21.6044107959 5.92017484976 3.40388368989 -0.494128890305 -0.438965195407 0.750430674338 0.00732554865615 0.86103765194 0.508488444588 0.0 0.0 0.0 0.0 0.0 0.0
21.2450872471 6.29607710261 3.53904724149 0.109502402333 -0.50613479417 0.855474601618 0.00732554865615 0.86103765194 0.508488444588 0.0 0.0 0.0 0.0 0.0 0.0
20.9107247743 6.55660591321 3.86921625544 0.671531901542 -0.381015322506 0.635509424971 0.00732554865615 0.86103765194 0.508488444588 0.0 0.0 0.0 0.0 0.0 0.0
20.7294380196 6.73028226905 4.34424966281 0.978435203941 -0.111141759585 0.174103592626 0.00732554865615 0.86103765194 0.508488444588 0.0 0.0 0.0 0.0 0.0 0.0
20.7711856005 6.8786238573 4.8589699896 0.913614613798 0.200956415994 -0.353447105414 0.00732554865615 0.86103765194 0.508488444588 0.0 0.0 0.0 0.0 0.0 0.0
21.0211916613 7.07277346689 5.29312203758 0.501696557052 0.436707889324 -0.746717338787 0.00732554865615 0.86103765194 0.508488444588 0.0 0.0 0.0 0.0 0.0 0.0
21.385559468 7.3664706536 5.5570598447 -0.100824409638 0.506546734134 -0.856297170706 0.00732554865615 0.86103765194 0.508488444588 0.0 0.0 0.0 0.0 0.0 0.0
21.7269443475 7.7756351843 5.62580468481 -0.665040497412 0.383940005636 -0.64055539095 0.00732554865615 0.86103765194 0.508488444588 0.0 0.0 0.0 0.0 0.0 0.0
21.9167332246 8.27231885136 5.54853490339 -0.976596581335 0.115468049863 -0.181455908656 0.00732554865615 0.86103765194 0.508488444588 0.0 0.0 0.0 0.0 0.0 0.0
