t = 100
b = 30 30 30
E = -0.818094715238464 -1.07911750811939 0.261022792880929
4.51714408479664 10.8389154349446 21.6259875026778 0.214914273311383 -0.786212219656629 0.579380782154825 0.772273634491454 0.499955116649351 0.391967085070668 0.469949177545907 -0.451180594421997 -0.102837604062377 0.0429920064784664 0.0448075268949967 -0.748721005905395
4.78780416543411 11.021478620659 22.052351303948 0.588880183757679 -0.787362639199129 -0.182428299397739 0.79568757578172 0.525191797245094 0.301752777983761 -0.0794251730994358 0.156668763101474 -0.349672462326853 0.268983425189807 0.716215967508868 0.257384818478377
5.13586148972288 11.0586913680227 22.3697710537604 0.570036791970042 -0.247513691627343 -0.783450644484904 0.73911468917549 0.570940475177612 0.357402200196393 -0.105951917685397 -0.443257278722953 0.299262493502715 0.340984370055218 0.0408936071139489 0.108873696535075
5.63950141428885 11.0729060007097 22.496926177227 0.247546254088911 0.302715417219492 -0.92037172580603 0.658135865306745 0.644603830303817 0.389028232324433 -0.224407894312602 -0.21687136759415 -0.497597535588632 0.428864775673807 -0.532459261421422 0.274857614696905
6.07944419329561 11.2161486550695 22.687839795117 -0.157018786999786 0.485172485473944 -0.860204999206245 0.759648941469297 0.615926016623859 0.208730710929315 -0.136902078915599 0.303393599291452 -0.570531802044765 0.225120224217882 0.265438999310521 0.108352261144031
6.50203018797286 11.415472066909 22.5983562763053 -0.543432947276047 0.730920272132256 -0.412839034579193 0.760125994775668 0.63714844494766 0.127476331504933 -0.369158165828676 0.169919976233808 -0.45372597083945 0.307125930985344 0.0441224810523632 -0.0855819659834062
6.85251406378231 11.7122573011337 22.4563264259914 -0.732096894758754 0.662858048691427 0.157013454134505 0.681007427850267 0.717668578194831 0.145535487987298 -0.27658142815821 0.217205594490638 -0.442255355411328 0.814537416033642 0.349640197025218 0.00482168521484296
7.06179066463607 12.1222886933145 22.2867076762907 -0.66083639091843 0.413467529121812 0.62637029637863 0.548785438107055 0.835512041343548 0.0274602610486879 0.258748067729381 0.548297175463979 0.482699334115683 0.480499152807574 0.257489929248808 0.375082220449339
7.15528078226894 12.6004711311672 22.2368635238491 -0.150796028337091 -0.135049728388674 0.979296692636243 0.603533086613816 0.772002846104627 0.199397348870178 -0.39718063108879 -0.294802475790204 0.307022512554711 0.416470883229746 -0.536621843072215 -0.120795365307163
7.36633432058106 13.0461121654563 22.4426573782101 0.110199454120513 -0.576373716742211 0.809721742359543 0.528786206842554 0.723814443658086 0.443258035008929 0.305095149723102 0.0342570903856273 -0.014654710049591 0.463174786840778 0.0488452553277972 0.141783864798111
7.60198594806081 13.4060308740889 22.7284387786086 0.169312279620675 -0.813795633764092 0.555940560850186 0.598108139639666 0.533177930698632 0.598320849763834 0.681760689609426 0.0951472276332651 -0.0777162470548756 0.721626484563494 0.453644316639547 -0.534341190766725
7.60793715767084 13.582537001601 23.1607362993612 0.813100107737644 -0.579424303765547 -0.0559961784464249 0.532786514837814 0.701980019818138 0.472612384940953 0.202760376443495 -0.0960517130832866 -0.241799783219815 0.453695386622085 -0.172536987129369 0.0933042186939609
7.95928839259044 13.7871240494465 23.44423912564 0.668980138103949 -0.3982876425292 -0.627560682142101 0.6920764392435 0.641729842386962 0.330473739752102 0.186198830461468 0.231585379763229 0.0259420710180415 0.254537311096745 0.0494728470737708 -0.00613620709845725
8.40978464812057 13.9495141358596 23.7077240988942 0.258519645260382 0.00690647962336948 -0.965981249482147 0.856667821613134 0.46047514855603 0.232557022689672 0.337016842704805 -0.0786249482723303 0.0585273586020182 0.61304877768904 0.356724215478273 -0.280039895648106
8.85514223454243 13.8751302795766 23.7570762013491 -0.0751802015573374 0.707663917496157 -0.702537971069902 0.920891039353389 0.319521456633217 0.223306134437515 -0.106828960855992 0.477248043852847 -0.41884363553773 0.486067504613994 -0.136984249918476 0.540637596828659
9.33555057333547 14.0321980940604 23.7302633094353 -0.551205782058952 0.743629893809491 -0.378400116789818 0.775356476308624 0.624041949968883 0.0969219519712603 -0.0355025722825129 0.167408680739645 -0.326239604623468 0.619245005479305 -0.363242338350455 -0.207835506922907
9.64034764531146 14.324850197526 23.4884166583015 -0.674610301671744 0.680594643218022 0.285817696601778 0.703801145530714 0.709803600293823 -0.0290290989087121 0.119281960569973 0.419691559881749 -0.337369672444966 0.776420894277251 0.0589402811669772 0.440706753027979
9.8759610566677 14.7327912105712 23.3907384303261 -0.662732605240001 0.368445563454471 0.651945735103046 0.530325400404944 0.845580699519414 0.0612220850418593 0.19429154344141 0.0806004963620855 0.339669191092911 0.54779637825683 -0.087989004493946 0.0968312959386109
10.017456986887 15.1278249864506 23.3926410264353 -0.289671063671821 -0.147685079482666 0.945663615554226 0.512998737456869 0.810164954735765 0.283663407337917 -0.165143559342942 0.404112040202908 0.346549267095537 0.578925621547776 -0.215854948184701 -0.0981600028820789
10.0294439715344 15.5851071426533 23.5439248631486 0.205158452189902 -0.565564864018722 0.798777989791225 0.477105005711716 0.770391952914715 0.422926639761707 -0.249644130726862 0.0388106717033136 0.551334479064211 0.729750377516625 0.32166654746373 0.33928357180658
10.0049697481624 15.9212793334426 23.9383881837383 0.643640215095068 -0.674923823981355 0.360839283271712 0.525503366899556 0.732510740732622 0.432751791748844 -0.280548538900756 -0.210554844959305 -0.0245935285084017 0.613901717986627 -0.354007550122169 0.23860174873348
10.2192682296812 16.1521686365115 24.2957221160314 0.698608992483344 -0.7033956880903 -0.131071974073341 0.701931996791573 0.63824993977192 0.316114484427291 -0.554443050699789 -0.908639747096102 0.0767655678907394 0.496931686594117 0.388373941663102 -0.0704611528411696
10.608305099352 16.2761545257588 24.6061887275927 0.512868325329162 -0.584957178756998 -0.628324010355199 0.854746794408255 0.416019806739556 0.310379324206224 0.399176152617441 -0.0503046981361263 -0.73026022396576 0.720909487434797 0.295209226890709 -0.171134859643806
10.918405493673 16.1723054251192 24.8949598063689 0.430460201800606 0.0632894985984951 -0.90038788052403 0.827129341040816 0.371675070020973 0.421562081666257 -0.133483067038825 -0.353135770749136 0.0476188422579915 0.964733435397966 -0.123516866561496 -0.100769157981747
11.3502274435562 16.0470434988685 25.0625100544527 0.0590833075207276 0.644605776823129 -0.762228598307477 0.837670072730481 0.383303334748637 0.389085194922322 -0.0375375362974467 -0.097159806644226 0.240695724214702 0.536617472455661 -0.860259907164561 0.368525062484984
