t = 0
b =  30.0 30.0 30.0
E = 0. 0. 0.
11.4298598387 29.5185447122 9.57114911779 -0.651617318789 0.0653183614785 0.755730362965 0.706539854893 0.414813449998 0.573350883098 0.0 0.0 0.0 0.0 0.0 0.0
11.5338585337 30.0069687491 9.76941997744 -0.365976825269 -0.479256908906 0.797730392195 0.706539854893 0.414813449998 0.573350883098 0.0 0.0 0.0 0.0 0.0 0.0
11.5544327998 30.3861461585 10.1495335051 0.0587043829766 -0.84175446685 0.536659308089 0.706539854893 0.414813449998 0.573350883098 0.0 0.0 0.0 0.0 0.0 0.0
11.5883887319 30.5734456106 10.6519785389 0.461082814645 -0.884455429452 0.0717023803745 0.706539854893 0.414813449998 0.573350883098 0.0 0.0 0.0 0.0 0.0 0.0
11.7274485061 30.5591334198 11.1707681326 0.688288176136 -0.5911369871 -0.420495480444 0.706539854893 0.414813449998 0.573350883098 0.0 0.0 0.0 0.0 0.0 0.0
12.0234035918 30.4100715342 11.5937057683 0.654001351948 -0.073235720065 -0.752940077932 0.706539854893 0.414813449998 0.573350883098 0.0 0.0 0.0 0.0 0.0 0.0
12.4684383061 30.2443155639 11.8450106895 0.371248479836 0.472489021459 -0.799330151327 0.706539854893 0.414813449998 0.573350883098 0.0 0.0 0.0 0.0 0.0 0.0
12.9980991232 30.186263481 11.9141082776 -0.0525478967095 0.838707284135 -0.542041336145 0.706539854893 0.414813449998 0.573350883098 0.0 0.0 0.0 0.0 0.0 0.0
13.5157816455 30.3193947498 11.859647526 -0.456380448741 0.88628662713 -0.0788219549144 0.706539854893 0.414813449998 0.573350883098 0.0 0.0 0.0 0.0 0.0 0.0
13.9294322302 30.6545550831 11.7872193074 -0.686826438022 0.597150862557 0.414343204821 0.706539854893 0.414813449998 0.573350883098 0.0 0.0 0.0 0.0 0.0 0.0
14.1865207067 31.1258359744 11.8092406353 -0.656335580372 0.0811475014679 0.750092453597 0.706539854893 0.414813449998 0.573350883098 0.0 0.0 0.0 0.0 0.0 0.0
14.293997467 31.6156144412 12.0022455616 -0.376491862394 -0.465685152143 0.800869038373 0.706539854893 0.414813449998 0.573350883098 0.0 0.0 0.0 0.0 0.0 0.0
14.3156528954 31.9992399629 12.3778086104 0.0463874087166 -0.835596230614 0.547382085656 0.706539854893 0.414813449998 0.573350883098 0.0 0.0 0.0 0.0 0.0 0.0
14.3478823352 32.1923912975 12.8781474229 0.451643327699 -0.88805033065 0.0859355268572 0.706539854893 0.414813449998 0.573350883098 0.0 0.0 0.0 0.0 0.0 0.0
14.4830638856 32.1831115314 13.3980752414 0.685312395415 -0.603119262664 -0.40815937536 0.706539854893 0.414813449998 0.573350883098 0.0 0.0 0.0 0.0 0.0 0.0
14.7744624182 32.0363507103 13.8249631175 0.658619826301 -0.0890531031744 -0.747187706817 0.706539854893 0.414813449998 0.573350883098 0.0 0.0 0.0 0.0 0.0 0.0
15.2159933609 31.8692902315 14.0815295323 0.381706573638 0.458845819099 -0.802346936142 0.706539854893 0.414813449998 0.573350883098 0.0 0.0 0.0 0.0 0.0 0.0
15.7445343291 31.8068236717 14.1552009377 -0.0402233881429 0.832421543204 -0.552681149901 0.706539854893 0.414813449998 0.573350883098 0.0 0.0 0.0 0.0 0.0 0.0
16.2639063747 31.9341076288 14.1028886576 -0.44687181227 0.8897464057 -0.093042554477 0.706539854893 0.414813449998 0.573350883098 0.0 0.0 0.0 0.0 0.0 0.0
16.6814139766 32.2642093071 14.0293673243 -0.683746163617 0.609041732903 0.401944462982 0.706539854893 0.414813449998 0.573350883098 0.0 0.0 0.0 0.0 0.0 0.0
16.943061619 32.7331420676 14.047469244 -0.66085391578 0.0969519231422 0.744226058801 0.706539854893 0.414813449998 0.573350883098 0.0 0.0 0.0 0.0 0.0 0.0
17.0540675905 33.224175022 14.2352175173 -0.38689221645 -0.45197154317 0.803763732085 0.706539854893 0.414813449998 0.573350883098 0.0 0.0 0.0 0.0 0.0 0.0
17.0768814691 33.6121810489 14.6061837585 0.0340563044025 -0.829183463671 0.557938125337 0.706539854893 0.414813449998 0.573350883098 0.0 0.0 0.0 0.0 0.0 0.0
17.1074584833 33.8111746792 15.104332013 0.442066265821 -0.891374723115 0.100142496546 0.706539854893 0.414813449998 0.573350883098 0.0 0.0 0.0 0.0 0.0 0.0
17.2388045168 33.8069794133 15.6253077527 0.6821278619 -0.614917822257 -0.395698940976 0.706539854893 0.414813449998 0.573350883098 0.0 0.0 0.0 0.0 0.0 0.0
17.5256416178 33.6626136105 16.0560839063 0.663037678674 -0.104843359846 -0.741207735088 0.706539854893 0.414813449998 0.573350883098 0.0 0.0 0.0 0.0 0.0 0.0
