t = 100
b = 30 30 30
E = -0.795375798402324 -0.991372906851327 0.195997108449003
11.2291264037009 29.4590812538955 9.66862946602136 -0.630825225837581 0.129988289287164 0.764959123210841 0.675077479037731 0.577977323960449 0.45848936249452 -0.242610068396461 -0.244931385453851 0.320478881330549 0.487134290756832 -0.394547558348778 -0.366501525272538
11.331710908032 29.8918395854278 9.81974350186896 -0.213671467137769 -0.444249299184205 0.870049967193933 0.577767278524551 0.660691011271822 0.479241325188404 -0.553630163699329 0.0229154689496988 -0.150906320126365 0.605631334876172 -0.180514457112797 0.10463524190044
11.5842214487249 30.2521071686724 10.1888787606489 -0.0700327882608253 -0.781202995885508 0.620336337616214 0.533050643165671 0.496326312251597 0.685213171309756 0.188174934389515 -0.395663036462177 0.085853488900934 0.0971350229903744 0.142863243125273 -0.123792456938205
11.7952870795487 30.4554828486914 10.6291104410196 0.367750072213752 -0.928999027311719 0.0414797851550914 0.749296632886656 0.322440838185658 0.57843438919758 0.301498672519654 -0.217876073959201 0.212184229041317 0.337433556918116 -0.332179352001168 -0.445114228547215
12.0470753936406 30.5774981349471 11.0436693127039 0.625352447526989 -0.665270957561789 -0.407858738757044 0.69525787484546 0.237677887538881 0.678325581645593 0.558593534485119 0.287390146264013 0.0715600643910999 0.417201375302747 0.143542312585587 -0.142943296023748
12.3229135924255 30.5462902164911 11.4844254206235 0.646718161788891 -0.213888418655746 -0.732125157643671 0.761574082144104 0.233883826311773 0.6044031421543 0.424254796430314 0.466213094570351 -0.289020938838371 0.289352351927412 0.0193589992724004 -0.199097152312648
12.7255144842105 30.4791411361332 11.8076414382643 0.280041372156212 0.362656082476019 -0.88885166184994 0.81169021969443 0.404926825083245 0.420943149994364 1.0448667590612 -0.0447434603745586 -0.0030367304478566 0.526775622795769 0.627582827973752 -0.367251211814209
13.1352177443526 30.22418989764 11.9167562148311 0.0562650345402984 0.822535955599181 -0.565922900712253 0.804062422386335 0.298690022083297 0.51406981525293 0.14590462220811 0.534864244947814 0.216433807417981 0.455298765984503 -0.0336187467496774 0.0901326671418611
13.5530743957892 30.4147408545445 11.9407745346963 -0.467600550352987 0.873452164875278 -0.135760531612304 0.81444745449604 0.485419455554901 0.317872908966263 0.203258257477701 0.525197606139726 -0.112598648675917 0.317416487124229 -0.275579727327719 -0.417049219103706
13.8628573507597 30.7694607797365 11.9033278032046 -0.71590725321309 0.628062882099855 0.304981479371265 0.665689588640298 0.482282233812216 0.569439285198983 -0.119135283666981 0.0268637703882949 0.2002355062338 0.724539130433685 0.261260632980989 -0.113237600093786
14.081085364597 31.1773203793214 11.955727502449 -0.710783265650088 0.144314871189901 0.688447709724026 0.640155319051736 0.538345315467481 0.548074239369802 0.57865263224973 -0.125826730769016 0.519935267879669 0.573519170776088 0.0162721213803396 0.0509220833894891
14.2186006484466 31.5919536182149 12.0694744272034 -0.29508581705356 -0.420801794396951 0.857817049957901 0.563859039059111 0.648098509646301 0.511889826569103 -0.10865781204536 0.0411284566190854 0.211034100387892 0.473202693403315 -0.266138468159128 -0.0391578760677065
14.3460750383977 31.9024952726487 12.4029874269266 0.0827102932058777 -0.791299303262575 0.60580879898336 0.492865634950257 0.560824568572434 0.665251199164284 0.318024475974353 -0.143082766824327 0.285763306773215 0.447933490714893 -0.308962328417481 0.01820305037164
14.4632818609369 32.1672920315007 12.8165116811066 0.396756711136216 -0.899212268620313 0.184394388268888 0.582726625589524 0.401950871117419 0.706303802637067 -0.0995620237872948 0.180993528717666 -0.145857533991648 0.376249195624767 0.350708706368858 -0.0680751565641042
14.6228181027279 32.2380172776088 13.2915221408583 0.652992765584771 -0.672788241769825 -0.34778773946329 0.687847337857701 0.334645598778219 0.644110429357515 0.068884269023514 -0.215145780141454 -0.146631392408463 0.276957834867875 -0.037687016868742 -0.188410386898272
14.9508936402098 32.0453589887557 13.6335399595125 0.69794576685002 0.0653268842512946 -0.713164768609628 0.632225083834455 0.411565994908275 0.656433359917992 0.14062429496359 -0.370621476545127 -0.599069924513264 0.414561071698397 -0.421185119236297 -0.149270253660777
15.2986283519967 32.0136663352269 13.938690536838 0.397443216620643 0.441812158250218 -0.804264127782832 0.75220233065505 0.34513727859403 0.561312563830066 0.190887071854749 0.653440388781951 -0.316789126437775 0.549882825710723 0.196098980823625 0.268552038787083
15.7343957920659 31.931457277331 14.0424099827482 -0.0176350912944619 0.925711430967628 -0.377819047636118 0.894890531323446 0.183149562525109 0.406973055131931 0.179588637944508 0.258744650186598 -0.764333301577283 0.516546785940914 -0.0981366189343304 0.0720899987911794
16.2454397256684 32.1221838666349 14.0609438130779 -0.473428498924846 0.869460868857321 -0.141078470272435 0.814665680040759 0.49311616535757 0.305214954119641 0.0533186636117125 0.671590213957547 0.168443686499159 0.863363340665537 0.0513652144209656 0.0457552441345444
16.6299612627758 32.3678449771283 13.9638260880109 -0.637360268204885 0.602311533740525 0.480616880637253 0.762857896230383 0.581207836416311 0.2832757928404 0.152816962892389 0.184089060292508 0.160221903921285 0.477670878606624 -0.40589401866852 0.225430055705312
16.8923747633762 32.7291534124854 14.0523112104365 -0.593185818435521 0.0393835057935477 0.804101614244161 0.739828848661188 0.420528648911653 0.525175028867109 -0.210148002369322 -0.0969051603165969 -0.233178924124779 0.497682575253708 -0.357794250677205 -0.0476952672754955
17.0706680925546 33.1638827807667 14.2172555494558 -0.29084980568968 -0.55833424529846 0.776961481902619 0.616805913598554 0.511370038318939 0.59837365564699 -0.281958747966048 -0.403033856883208 -0.228628818296947 0.186286307490873 0.309457437474775 0.387218510475714
17.1709492727586 33.4238587748521 14.586965418424 -0.0152650428238666 -0.901447828697106 0.432618390659399 0.620430570918607 0.33076115857508 0.711099743309609 -0.0403473964143544 -0.260729046172086 -0.360729730598105 0.527937558224472 0.39184762097402 0.0867107519671177
17.2376900385358 33.5155974123129 14.9938226507859 0.480401812432646 -0.876889182621916 0.0167135216030284 0.509401269832959 0.294485762136714 0.808571812121916 -0.0505895577495109 -0.587011619942237 0.14185923192962 0.804327721904904 -0.0320937239254579 -0.00482821337214799
17.1802940819966 33.5652944756568 15.4890851349441 0.737825995815293 -0.617727039178606 -0.272077170157759 0.561529575806055 0.338052979002873 0.755251352131224 -0.0082552264047277 -0.53774982542516 -0.501066035162757 0.566072327500001 -0.448319666406012 -0.0607298638819172
17.3451563224648 33.5206450059056 15.9413006358727 0.738995478423061 0.0503870816325731 -0.671823419354739 0.570686630542188 0.483158677238026 0.663983692273886 -0.405277057061496 -0.588010649199098 -0.345388394992361 0.0883576415348445 -0.667727338494638 0.419756900547126
