t = 0
b =  30.0 30.0 30.0
E = 0. 0. 0.
12.9518403531 17.4448508944 6.79254605453 -0.167085468122 -0.0182239385427 0.985773977343 0.95353685493 0.251243014215 0.166266094252 0.0 0.0 0.0 0.0 0.0 0.0
13.2162483066 17.8811769919 6.96104849648 0.0116566879255 -0.582225443426 0.812943820109 0.95353685493 0.251243014215 0.166266094252 0.0 0.0 0.0 0.0 0.0 0.0
13.4833134024 18.1847847813 7.3148615078 0.18597027334 -0.925029768061 0.33126271392 0.95353685493 0.251243014215 0.166266094252 0.0 0.0 0.0 0.0 0.0 0.0
13.7927704278 18.2775320059 7.74418586518 0.289630642656 -0.916399818137 -0.276270635704 0.95353685493 0.251243014215 0.166266094252 0.0 0.0 0.0 0.0 0.0 0.0
14.1682487674 18.1613858631 8.11053432246 0.283255488461 -0.559614255915 -0.778844151826 0.95353685493 0.251243014215 0.166266094252 0.0 0.0 0.0 0.0 0.0 0.0
14.6082952045 17.9176756331 8.29934523083 0.16926683842 0.00977811838084 -0.985521753089 0.95353685493 0.251243014215 0.166266094252 0.0 0.0 0.0 0.0 0.0 0.0
15.0869260227 17.6761943254 8.26350642456 -0.00902911352743 0.575455622022 -0.817783163309 0.95353685493 0.251243014215 0.166266094252 0.0 0.0 0.0 0.0 0.0 0.0
15.5634986542 17.5658881449 8.04125392049 -0.183894754287 0.922507913753 -0.339355077182 0.95353685493 0.251243014215 0.166266094252 0.0 0.0 0.0 0.0 0.0 0.0
15.9981524707 17.6658676724 7.7416454159 -0.288895703336 0.919084025539 0.26799967648 0.95353685493 0.251243014215 0.166266094252 0.0 0.0 0.0 0.0 0.0 0.0
16.3669525025 17.9753524324 7.503127446 -0.28414034461 0.566484749757 0.773536872333 0.95353685493 0.251243014215 0.166266094252 0.0 0.0 0.0 0.0 0.0 0.0
16.6709827338 18.413967409 7.44093723048 -0.171435318393 -0.00133155357744 0.985194477539 0.95353685493 0.251243014215 0.166266094252 0.0 0.0 0.0 0.0 0.0 0.0
16.9359342789 18.8522788579 7.60332212712 0.00640085152736 -0.568641977445 0.822560229155 0.95353685493 0.251243014215 0.166266094252 0.0 0.0 0.0 0.0 0.0 0.0
17.2023448983 19.1609683501 7.95320965387 0.181805230936 -0.919915806895 0.347421597241 0.95353685493 0.251243014215 0.166266094252 0.0 0.0 0.0 0.0 0.0 0.0
17.5101980258 19.2599630052 8.38229194465 0.28813876349 -0.921698241133 -0.259708308044 0.95353685493 0.251243014215 0.166266094252 0.0 0.0 0.0 0.0 0.0 0.0
17.8837323935 19.1488565172 8.75217371844 0.285003562371 -0.573312103592 -0.768170685011 0.95353685493 0.251243014215 0.166266094252 0.0 0.0 0.0 0.0 0.0 0.0
18.3222333323 18.9070635172 8.94695096041 0.173590742902 -0.00711511262893 -0.984792175614 0.95353685493 0.251243014215 0.166266094252 0.0 0.0 0.0 0.0 0.0 0.0
18.8003042863 18.663648627 8.91724479496 -0.00377210207767 0.56178502858 -0.827274653854 0.95353685493 0.251243014215 0.166266094252 0.0 0.0 0.0 0.0 0.0 0.0
19.2775153896 18.5482926518 8.69896134613 -0.179701862412 0.917253644887 -0.3554616598 0.95353685493 0.251243014215 0.166266094252 0.0 0.0 0.0 0.0 0.0 0.0
19.7137634476 18.6420246738 8.39965040077 -0.287359880762 0.924242265838 0.251397161814 0.95353685493 0.251243014215 0.166266094252 0.0 0.0 0.0 0.0 0.0 0.0
20.0845078118 18.9464377493 8.15764544636 -0.285845076008 0.58009579749 0.762745998518 0.95353685493 0.251243014215 0.166266094252 0.0 0.0 0.0 0.0 0.0 0.0
20.3900937819 19.3830836802 8.0895084663 -0.175732947805 0.0155612369919 0.984314877953 0.95353685493 0.251243014215 0.166266094252 0.0 0.0 0.0 0.0 0.0 0.0
20.6556214211 19.8232767955 8.24574609365 0.00114306536781 -0.55488529761 0.831926078386 0.95353685493 0.251243014215 0.166266094252 0.0 0.0 0.0 0.0 0.0 0.0
20.921409622 20.1369837897 8.59162129674 0.177584808896 -0.914521630462 0.363474652578 0.95353685493 0.251243014215 0.166266094252 0.0 0.0 0.0 0.0 0.0 0.0
21.2276782857 20.2422255496 9.02035055832 0.286559114465 -0.926715905915 -0.243066870717 0.95353685493 0.251243014215 0.166266094252 0.0 0.0 0.0 0.0 0.0 0.0
21.5992681086 20.1362223895 9.39367271908 0.286664821436 -0.586835314848 -0.757263225965 0.95353685493 0.251243014215 0.166266094252 0.0 0.0 0.0 0.0 0.0 0.0
20.9266850145 21.0329109002 12.1998618099 0.159932667051 0.70693922132 -0.688954627947 0.431037110428 0.577871357822 0.693016380212 0.0 0.0 0.0 0.0 0.0 0.0
21.4253515383 21.1952431699 12.3167593478 -0.391174447949 0.811773422417 -0.433597119374 0.431037110428 0.577871357822 0.693016380212 0.0 0.0 0.0 0.0 0.0 0.0
21.8348498344 21.5426192167 12.3348184086 -0.793667850086 0.60820132821 -0.0135088157929 0.431037110428 0.577871357822 0.693016380212 0.0 0.0 0.0 0.0 0.0 0.0
22.0634315191 22.0286347755 12.3497981345 -0.894633566555 0.173563380832 0.411711712763 0.431037110428 0.577871357822 0.693016380212 0.0 0.0 0.0 0.0 0.0 0.0
22.0880814542 22.5542141123 12.4586275583 -0.655713033615 -0.327014196749 0.680516078188 0.431037110428 0.577871357822 0.693016380212 0.0 0.0 0.0 0.0 0.0 0.0
21.9632615826 23.0052505528 12.7225806434 -0.167676156268 -0.703353613599 0.690781007887 0.431037110428 0.577871357822 0.693016380212 0.0 0.0 0.0 0.0 0.0 0.0
21.8002199259 23.2959575149 13.1439972811 0.384063696242 -0.812477233198 0.438606683447 0.431037110428 0.577871357822 0.693016380212 0.0 0.0 0.0 0.0 0.0 0.0
21.7247256009 23.4014602661 13.6653943261 0.789891329347 -0.61292716801 0.019798346853 0.431037110428 0.577871357822 0.693016380212 0.0 0.0 0.0 0.0 0.0 0.0
21.8292870292 23.36724625 14.1913044048 0.895626040154 -0.180515824099 -0.406531712721 0.431037110428 0.577871357822 0.693016380212 0.0 0.0 0.0 0.0 0.0 0.0
22.1380064416 23.2918836462 14.6245455669 0.661097444238 0.32047649945 -0.678413577785 0.431037110428 0.577871357822 0.693016380212 0.0 0.0 0.0 0.0 0.0 0.0
22.5974230372 23.2895736706 14.9031423325 0.175406876296 0.699714442777 -0.692554782178 0.431037110428 0.577871357822 0.693016380212 0.0 0.0 0.0 0.0 0.0 0.0
23.0968236357 23.4467636241 15.0238712137 -0.376923696598 0.813119170692 -0.443582845923 0.431037110428 0.577871357822 0.693016380212 0.0 0.0 0.0 0.0 0.0 0.0
23.5103044658 23.7893041183 15.0434853713 -0.786054655325 0.617606331032 -0.0260863701924 0.431037110428 0.577871357822 0.693016380212 0.0 0.0 0.0 0.0 0.0 0.0
23.7446041125 24.272627995 15.05715314 -0.896550308362 0.187454520387 0.401320753715 0.431037110428 0.577871357822 0.693016380212 0.0 0.0 0.0 0.0 0.0 0.0
23.7745350881 24.7986821355 15.1623019871 -0.66643150973 -0.313914396626 0.676259413561 0.431037110428 0.577871357822 0.693016380212 0.0 0.0 0.0 0.0 0.0 0.0
23.6525529801 25.2531794794 15.4216041888 -0.183124238411 -0.696021985992 0.694275815741 0.431037110428 0.577871357822 0.693016380212 0.0 0.0 0.0 0.0 0.0 0.0
23.4888276963 25.5490185898 15.8391665845 0.369754992754 -0.813699186012 0.448525227848 0.431037110428 0.577871357822 0.693016380212 0.0 0.0 0.0 0.0 0.0 0.0
23.4093880746 25.6593749451 16.35897032 0.782158120199 -0.622238460942 0.0323724069536 0.431037110428 0.577871357822 0.693016380212 0.0 0.0 0.0 0.0 0.0 0.0
23.5082414211 25.6278920236 16.8861533468 0.897406300793 -0.194378941287 -0.39607923258 0.431037110428 0.577871357822 0.693016380212 0.0 0.0 0.0 0.0 0.0 0.0
23.8116585621 25.5521004163 17.3230501 0.671714823883 0.307328388005 -0.674053749565 0.431037110428 0.577871357822 0.693016380212 0.0 0.0 0.0 0.0 0.0 0.0
24.2681931183 25.5463643248 17.6062962797 0.190827654907 0.692276524438 -0.695943977512 0.431037110428 0.577871357822 0.693016380212 0.0 0.0 0.0 0.0 0.0 0.0
24.7682268444 25.6984326888 17.7309020079 -0.362558130637 0.81421723499 -0.45343345284 0.431037110428 0.577871357822 0.693016380212 0.0 0.0 0.0 0.0 0.0 0.0
25.1856154333 26.0361018971 17.7521475663 -0.778202020703 0.626823204984 -0.0386559784308 0.431037110428 0.577871357822 0.693016380212 0.0 0.0 0.0 0.0 0.0 0.0
25.4256128471 26.5166554747 17.7645814931 -0.89819395226 0.201288559479 0.390807548478 0.431037110428 0.577871357822 0.693016380212 0.0 0.0 0.0 0.0 0.0 0.0
25.4608669212 27.0430927858 17.866100013 -0.676946984351 -0.300718975137 0.671796753766 0.431037110428 0.577871357822 0.693016380212 0.0 0.0 0.0 0.0 0.0 0.0
