
#id1 id2 FENE BEXC STCK NEXC HB CRSTCK CXSTCK total, t = 100
0 1 0.313441 0 -0.254011 0 0 0 0 0.05943
1 2 0.0814179 0 -0.680246 0 0 0 0 -0.598828
2 3 0.0643932 0 -1.16192 0 0 0 0 -1.09753
3 4 0.032326 0 -0.88626 0 0 0 0 -0.853934
4 5 0.128545 0 -1.40448 0 0 0 0 -1.27594
5 6 0.268542 0 -1.09277 0 0 0 0 -0.824227
6 7 0.137857 0 -1.36369 0 0 0 0 -1.22583
7 8 0.18626 0 -1.34012 0 0 0 0 -1.15386
8 9 0.103151 0 -0.973676 0 0 0 0 -0.870524
9 10 0.0487405 0 -1.34269 0 0 0 0 -1.29395
10 11 0.0251209 0 -1.12642 0 0 0 0 -1.1013
11 12 0.120888 0 -1.112 0 0 0 0 -0.991107
12 13 0.0945455 0 -1.31916 0 0 0 0 -1.22462
13 14 0.0280825 0 -1.40497 0 0 0 0 -1.37689
14 15 0.437393 0 -1.20913 0 0 0 0 -0.771737
15 16 0.0497535 0 -1.26745 0 0 0 0 -1.2177
16 17 0.107505 0 -1.20877 0 0 0 0 -1.10127
17 18 0.246302 0 -1.16671 0 0 0 0 -0.920406
18 19 0.162803 0 -1.2375 0 0 0 0 -1.0747
19 20 0.110377 0 -1.10807 0 0 0 0 -0.997698
20 21 0.0534711 0 -1.39197 0 0 0 0 -1.3385
21 22 0.0477672 0 -1.39667 0 0 0 0 -1.3489
22 23 0.239816 0 -1.38431 0 0 0 0 -1.1445
23 24 0.0633597 0 -1.12896 0 0 0 0 -1.0656
25 26 4.36701e-07 0 -1.19241 0 0 0 0 -1.19241
26 27 0.0334305 0 -1.10679 0 0 0 0 -1.07335
27 28 9.01108e-05 0 -1.2977 0 0 0 0 -1.29761
28 29 0.0982368 0 -1.17452 0 0 0 0 -1.07628
29 30 0.112221 0 -1.36388 0 0 0 0 -1.25166
30 31 0.00846495 0 -0 0 0 0 0 0.00846495
31 32 0.123318 0 -0.213078 0 0 0 0 -0.0897603
32 33 0.00395056 0 -0.868285 0 0 0 0 -0.864335
33 34 0.157843 0 -1.30008 0 0 0 0 -1.14224
34 35 0.488193 0 -1.3453 0 0 0 0 -0.857106
35 36 0.014227 0 -0.756194 0 0 0 0 -0.741967
36 37 0.206969 0 -1.07163 0 0 0 0 -0.864662
37 38 0.00039142 0 -1.24522 0 0 0 0 -1.24483
38 39 0.0939284 0 -1.08575 0 0 0 0 -0.991819
39 40 0.123368 0 -1.17955 0 0 0 0 -1.05618
40 41 0.0942655 0 -1.00094 0 0 0 0 -0.906673
41 42 0.087571 0 -1.11869 0 0 0 0 -1.03112
42 43 0.0153592 0 -1.39137 0 0 0 0 -1.37601
43 44 0.0596037 0 -1.38319 0 0 0 0 -1.32359
44 45 0.103696 0 -1.10959 0 0 0 0 -1.0059
45 46 0.143544 0 -1.15562 0 0 0 0 -1.01208
46 47 0.163238 0 -0.794743 0 0 0 0 -0.631505
47 48 0.269828 0 -1.37019 0 0 0 0 -1.10036
48 49 0.0119368 0 -1.22345 0 0 0 0 -1.21151
#Total energy per particle is  -0.962892 and should be -0.96289210

