
#id1 id2 FENE BEXC STCK NEXC HB CRSTCK CXSTCK total, t = 100
0 1 0.296967 0 -1.31859 0 0 0 0 -1.02163
1 2 0.160821 0 -1.35981 0 0 0 0 -1.19899
2 3 0.122739 0 -1.24661 0 0 0 0 -1.12387
3 4 0.203121 0 -1.02964 0 0 0 0 -0.82652
4 5 0.169768 0 -1.31191 0 0 0 0 -1.14214
5 6 0.232806 0 -1.12917 0 0 0 0 -0.896359
6 7 0.0586938 0 -1.31718 0 0 0 0 -1.25848
7 8 0.497144 0 -1.17877 0 0 0 0 -0.681626
8 9 0.0937817 0 -1.18778 0 0 0 0 -1.094
9 10 0.0371365 0 -1.35402 0 0 0 0 -1.31688
10 11 0.21064 0 -1.16385 0 0 0 0 -0.953206
11 12 0.185469 0 -1.26151 0 0 0 0 -1.07604
12 13 0.0168216 0 -1.23847 0 0 0 0 -1.22164
13 14 0.62134 0 -1.32165 0 0 0 0 -0.700309
14 15 0.544468 0 -1.05318 0 0 0 0 -0.508716
15 16 0.101865 0 -1.29659 0 0 0 0 -1.19472
16 17 0.0892838 0 -1.21268 0 0 0 0 -1.1234
17 18 0.0422548 0 -1.25514 0 0 0 0 -1.21288
18 19 0.175621 0 -0.793218 0 0 0 0 -0.617597
19 20 0.0303465 0 -1.33841 0 0 0 0 -1.30806
20 21 0.34593 0 -1.23969 0 0 0 0 -0.89376
21 22 0.0308503 0 -0.991619 0 0 0 0 -0.960769
22 23 0.0453687 0 -1.41726 0 0 0 0 -1.37189
23 24 0.0639159 0 -1.30108 0 0 0 0 -1.23717
24 25 0.121271 0 -1.25862 0 0 0 0 -1.13735
25 26 0.0401164 0 -1.08519 0 0 0 0 -1.04508
#Total energy per particle is  -1.00456 and should be -1.0045610

