t = 0
b =  30.0 30.0 30.0
E = 0. 0. 0.
29.0150326715 0.872783975461 20.108843518 0.537828421144 0.486558654243 -0.688477498101 0.616807808642 0.329605192872 0.714778667862 0.0 0.0 0.0 0.0 0.0 0.0
29.5189360034 0.772051764186 20.2657497187 0.0986708222451 0.868558774767 -0.485664208701 0.616807808642 0.329605192872 0.714778667862 0.0 0.0 0.0 0.0 0.0 0.0
30.0453313523 0.869307552948 20.3119487478 -0.377973471713 0.920578895229 -0.0983389665422 0.616807808642 0.329605192872 0.714778667862 0.0 0.0 0.0 0.0 0.0 0.0
30.4855676365 1.17640932984 20.3357314064 -0.711019324387 0.622855702135 0.326346893146 0.616807808642 0.329605192872 0.714778667862 0.0 0.0 0.0 0.0 0.0 0.0
30.7637270433 1.62549108364 20.4339048495 -0.773937048118 0.0884992142082 0.627048111898 0.616807808642 0.329605192872 0.714778667862 0.0 0.0 0.0 0.0 0.0 0.0
30.8654674756 2.0947462361 20.6750139295 -0.542823147731 -0.479479604824 0.689523269255 0.616807808642 0.329605192872 0.714778667862 0.0 0.0 0.0 0.0 0.0 0.0
30.8434713544 2.45470399755 21.0732998603 -0.105481658002 -0.865296105513 0.490037008408 0.616807808642 0.329605192872 0.714778667862 0.0 0.0 0.0 0.0 0.0 0.0
30.7974306858 2.61741748453 21.5832897427 0.371934077161 -0.922372148737 0.104377495085 0.616807808642 0.329605192872 0.714778667862 0.0 0.0 0.0 0.0 0.0 0.0
30.8361724019 2.56987621117 22.1170724784 0.708045838004 -0.629023591417 -0.32093677372 0.616807808642 0.329605192872 0.714778667862 0.0 0.0 0.0 0.0 0.0 0.0
31.036313189 2.37894899036 22.5776976663 0.775159147095 -0.0966984550033 -0.624321796412 0.616807808642 0.329605192872 0.714778667862 0.0 0.0 0.0 0.0 0.0 0.0
31.4131515281 2.16597935369 22.8960086812 0.547776536235 0.472364041178 -0.690516530543 0.616807808642 0.329605192872 0.714778667862 0.0 0.0 0.0 0.0 0.0 0.0
31.9148555458 2.06068511508 23.0569164312 0.112284460923 0.86196754061 -0.4943724899 0.616807808642 0.329605192872 0.714778667862 0.0 0.0 0.0 0.0 0.0 0.0
32.44215481 2.15187640446 23.1051319565 -0.365866358389 0.924095160036 -0.110408074877 0.616807808642 0.329605192872 0.714778667862 0.0 0.0 0.0 0.0 0.0 0.0
32.8860548262 2.45371521465 23.1281799578 -0.70501843119 0.635143578116 0.315502213716 0.616807808642 0.329605192872 0.714778667862 0.0 0.0 0.0 0.0 0.0 0.0
33.1692458689 2.90033502346 23.2231466985 -0.776322214702 0.104890331837 0.621547936403 0.616807808642 0.329605192872 0.714778667862 0.0 0.0 0.0 0.0 0.0 0.0
33.2754742383 3.37086458671 23.4597953109 -0.552688209434 -0.465212505181 0.691457206323 0.616807808642 0.329605192872 0.714778667862 0.0 0.0 0.0 0.0 0.0 0.0
33.255717313 3.73534894476 23.8540616153 -0.119078712947 -0.858573333542 0.498670323013 0.616807808642 0.329605192872 0.714778667862 0.0 0.0 0.0 0.0 0.0 0.0
33.2088163913 3.90412148442 24.3619998355 0.359770777477 -0.92574779791 0.116430246667 0.616807808642 0.329605192872 0.714778667862 0.0 0.0 0.0 0.0 0.0 0.0
33.2439252296 3.86186978442 24.896478334 0.701937334492 -0.641215196174 -0.310043626998 0.616807808642 0.329605192872 0.714778667862 0.0 0.0 0.0 0.0 0.0 0.0
33.4390407055 3.67345306028 25.3602823781 0.777426162367 -0.113074220865 -0.618726743113 0.616807808642 0.329605192872 0.714778667862 0.0 0.0 0.0 0.0 0.0 0.0
33.8113704995 3.45926106393 25.6830476416 0.557557793286 0.45802554145 -0.69234522496 0.616807808642 0.329605192872 0.714778667862 0.0 0.0 0.0 0.0 0.0 0.0
34.31079561 3.34947600416 25.8479927892 0.125863896667 0.85511374279 -0.50293018045 0.616807808642 0.329605192872 0.714778667862 0.0 0.0 0.0 0.0 0.0 0.0
34.8389113997 3.43461414897 25.8982949864 -0.353647798628 0.927329936504 -0.122443551843 0.616807808642 0.329605192872 0.714778667862 0.0 0.0 0.0 0.0 0.0 0.0
35.2864131627 3.73113718199 25.9206861722 -0.698802782549 0.647237983211 0.304561429257 0.616807808642 0.329605192872 0.714778667862 0.0 0.0 0.0 0.0 0.0 0.0
35.5746228093 4.17519813364 26.0125021453 -0.778470906019 0.121249498854 0.615858431386 0.616807808642 0.329605192872 0.714778667862 0.0 0.0 0.0 0.0 0.0 0.0
35.6853799884 4.64689791237 26.2447030672 -0.562384916954 -0.450803697302 0.693180518828 0.616807808642 0.329605192872 0.714778667862 0.0 0.0 0.0 0.0 0.0 0.0
35.667941508 5.01583697412 26.6349145101 -0.132639495363 -0.851589031816 0.507151737807 0.616807808642 0.329605192872 0.714778667862 0.0 0.0 0.0 0.0 0.0 0.0
