
#id1 id2 FENE BEXC STCK NEXC HB CRSTCK CXSTCK total, t = 100
0 1 0.102876 0 -1.08535 0 0 0 0 -0.982474
1 2 0.212704 0 -1.06022 0 0 0 0 -0.84752
2 3 0.0398756 0 -1.27463 0 0 0 0 -1.23476
3 4 0.0493918 0 -1.37468 0 0 0 0 -1.32529
4 5 0.0448239 0 -1.20604 0 0 0 0 -1.16121
5 6 0.0634295 0 -1.05628 0 0 0 0 -0.992846
6 7 0.409062 0 -1.28571 0 0 0 0 -0.876649
7 8 0.101525 0 -1.18896 0 0 0 0 -1.08744
8 9 0.271317 0 -1.41241 0 0 0 0 -1.1411
9 10 0.117647 0 -0.569737 0 0 0 0 -0.45209
10 11 0.0171327 0 -1.39035 0 0 0 0 -1.37322
11 12 0.213304 0 -1.35905 0 0 0 0 -1.14574
12 13 0.266115 0 -1.35263 0 0 0 0 -1.08651
13 14 0.293355 0 -1.30811 0 0 0 0 -1.01476
14 15 0.083184 0 -1.41044 0 0 0 0 -1.32725
15 16 0.130031 0 -1.23838 0 0 0 0 -1.10835
16 17 0.192773 0 -1.02005 0 0 0 0 -0.827279
17 18 0.100292 0 -1.335 0 0 0 0 -1.23471
18 19 0.017767 0 -1.22161 0 0 0 0 -1.20385
19 20 0.0297071 0 -1.28759 0 0 0 0 -1.25788
20 21 0.0526512 0 -1.38092 0 0 0 0 -1.32827
21 22 0.125314 0 -1.32527 0 0 0 0 -1.19996
22 23 0.392232 0 -1.26723 0 0 0 0 -0.874999
23 24 0.339716 0 -1.29766 0 0 0 0 -0.957942
24 25 0.212596 0 -1.10609 0 0 0 0 -0.893497
25 26 0.0042812 0 -1.3452 0 0 0 0 -1.34092
#Total energy per particle is  -1.04728 and should be -1.0472810

