t = 0
b =  30.0 30.0 30.0
E = 0. 0. 0.
1.84689192192 17.8872368599 9.16528923631 0.535229477464 -0.836272242716 -0.119072005595 0.84317465969 0.520438112578 0.13490983742 0.0 0.0 0.0 0.0 0.0 0.0
2.21864203913 17.9340432531 9.55038158112 0.463376220005 -0.576203823585 -0.673254507909 0.84317465969 0.520438112578 0.13490983742 0.0 0.0 0.0 0.0 0.0 0.0
2.69601878027 17.8495039666 9.78200553966 0.215478589329 -0.0972259382594 -0.971656366454 0.84317465969 0.520438112578 0.13490983742 0.0 0.0 0.0 0.0 0.0 0.0
3.22251387263 17.7428020244 9.7921403989 -0.114282960043 0.418689706542 -0.900909726155 0.84317465969 0.520438112578 0.13490983742 0.0 0.0 0.0 0.0 0.0 0.0
3.72295816065 17.7315404139 9.59691285772 -0.400626502185 0.775538131709 -0.487892418482 0.84317465969 0.520438112578 0.13490983742 0.0 0.0 0.0 0.0 0.0 0.0
4.13207962489 17.897062745 9.29047022439 -0.53476533803 0.837746654334 0.110483376099 0.84317465969 0.520438112578 0.13490983742 0.0 0.0 0.0 0.0 0.0 0.0
4.4193013135 18.2535494524 9.00921228011 -0.465737881157 0.5816812166 0.666884688915 0.84317465969 0.520438112578 0.13490983742 0.0 0.0 0.0 0.0 0.0 0.0
4.60035803745 18.7426304113 8.87997072166 -0.219768816511 0.104625359489 0.969925358696 0.84317465969 0.520438112578 0.13490983742 0.0 0.0 0.0 0.0 0.0 0.0
4.73131845275 19.2555607242 8.97182367925 0.109694095867 -0.412179420935 0.904475168421 0.84317465969 0.520438112578 0.13490983742 0.0 0.0 0.0 0.0 0.0 0.0
4.88728364067 19.6745347252 9.26985177993 0.397482387237 -0.772390348074 0.495399739644 0.84317465969 0.520438112578 0.13490983742 0.0 0.0 0.0 0.0 0.0 0.0
5.13385495126 19.917442322 9.68080626686 0.534260474144 -0.839157268301 -0.101886332865 0.84317465969 0.520438112578 0.13490983742 0.0 0.0 0.0 0.0 0.0 0.0
5.50221095374 19.9690639931 10.068535761 0.468064074566 -0.587114312339 -0.660464084071 0.84317465969 0.520438112578 0.13490983742 0.0 0.0 0.0 0.0 0.0 0.0
5.97726217674 19.8868529382 10.3057124464 0.224042307446 -0.112016813092 -0.968120487367 0.84317465969 0.520438112578 0.13490983742 0.0 0.0 0.0 0.0 0.0 0.0
6.50338385078 19.7791076473 10.3222060362 -0.105096878061 0.40563774627 -0.907971731401 0.84317465969 0.520438112578 0.13490983742 0.0 0.0 0.0 0.0 0.0 0.0
7.00554868816 19.7638274934 10.1317274413 -0.394308002466 0.769183743923 -0.502869334198 0.84317465969 0.520438112578 0.13490983742 0.0 0.0 0.0 0.0 0.0 0.0
7.41783100397 19.9238827981 9.82661976587 -0.533714924256 0.840503977193 0.0932815305936 0.84317465969 0.520438112578 0.13490983742 0.0 0.0 0.0 0.0 0.0 0.0
7.708452986 20.2755310109 9.54277561825 -0.470354623083 0.59250269705 0.653993182329 0.84317465969 0.520438112578 0.13490983742 0.0 0.0 0.0 0.0 0.0 0.0
7.8918576169 20.7622402321 9.40800923711 -0.228298736692 0.119399736182 0.966241889914 0.84317465969 0.520438112578 0.13490983742 0.0 0.0 0.0 0.0 0.0 0.0
8.02322154359 21.2761666269 9.49349772519 0.100491656721 -0.39906518072 0.911399148818 0.84317465969 0.520438112578 0.13490983742 0.0 0.0 0.0 0.0 0.0 0.0
8.17749254658 21.6991261012 9.78673967792 0.391103589614 -0.765918563451 0.510300633305 0.84317465969 0.520438112578 0.13490983742 0.0 0.0 0.0 0.0 0.0 0.0
8.42091562514 21.9474944149 10.1963046761 0.533128729909 -0.841786678452 -0.084669624572 0.84317465969 0.520438112578 0.13490983742 0.0 0.0 0.0 0.0 0.0 0.0
8.78586541446 22.0039774287 10.5865692306 0.472609352275 -0.597845960387 -0.647472476474 0.84317465969 0.520438112578 0.13490983742 0.0 0.0 0.0 0.0 0.0 0.0
9.25854652049 21.9241814371 10.8292424138 0.232537780105 -0.126773566519 -0.964289709401 0.84317465969 0.520438112578 0.13490983742 0.0 0.0 0.0 0.0 0.0 0.0
9.78423462082 21.8154874069 10.8521057274 -0.0958787825517 0.392462224811 -0.914757159662 0.84317465969 0.520438112578 0.13490983742 0.0 0.0 0.0 0.0 0.0 0.0
