t = 100
b = 30 30 30
E = -0.82297734380283 -0.988722514886453 0.165745171083624
25.459616045914 15.8968815574364 3.98688083500796 0.998389522633171 -0.0567114332766263 0.00143464952501067 0.00716332515417313 0.151114604068902 0.988490234651835 0.383667769721552 0.0404461293545098 -0.201876569963188 -0.164416897843469 -0.31513886466099 -0.200116346277586
25.5420208854606 15.8454254832748 4.49032857605004 0.687718954493907 0.66964039401275 -0.280400184569588 0.147759162980547 0.249043354258918 0.957154386062004 -0.104783347124672 -0.510858293948361 -0.265758146682117 -0.115825626980193 0.269237005703948 -0.0988907324499676
25.833254206966 15.9703364151878 4.87342985187571 0.138710841439588 0.917321870231549 -0.373202049614309 0.310322072255061 0.317605296582694 0.896006121486062 -0.502637159167643 0.389601527514517 0.0548896387887113 0.329920103921366 0.282962916955487 -0.0743228456017536
26.1479420387686 16.1546748892763 5.14935386274856 -0.406055766571972 0.895064130932045 -0.184333384781948 0.315771097574305 0.32671101846543 0.89081334249885 -0.209069879134342 0.505554519048894 0.0492348549736742 0.678737278557617 0.425732732416004 0.130857953542011
26.4838298169978 16.3757659691099 5.45397821624637 -0.845771159239857 0.523949011245531 0.100739568243052 0.30128260415772 0.313171830014279 0.90063981899701 -0.404887759527918 -0.0216371903762825 -0.214722214331301 0.404529741326861 0.111649869987226 0.206572924131663
26.5495586697127 16.6990421666603 5.8117977516782 -0.960143656338746 -0.161018704214312 0.22846666745961 0.180149083350862 0.268464114633007 0.946294462077367 -0.226026346913956 0.478377255903373 0.225163723293104 0.441081263963361 0.0204341190633184 0.191855182849487
26.5341274229542 16.9256838341561 6.31318048570383 -0.7518446694746 -0.659334089754189 0.00283405505981634 -0.230525713346398 0.266892757052847 0.935748922129963 0.000981356708525467 -0.150490222467114 0.445477574746337 0.243064417158076 0.573661846311802 -0.175540832230267
26.2545945366304 17.1531112341228 6.58019989486224 -0.183796498880477 -0.971963705539548 0.146646797154856 -0.0631111986586631 0.160549095213987 0.98500804592853 -0.894820127853094 0.477815245143559 -0.104088884045359 0.450625806782607 -0.30341732890126 -0.0820597467300479
26.1890104574529 17.2402108779576 6.97426172756979 0.233757794159542 -0.972250318980261 0.00930022379982707 0.321223443040107 0.0862527073923188 0.943067257910134 0.154660100178854 -0.373316506977723 -0.284389661365786 0.225142282512047 0.184301869019934 -0.388215250429669
26.1101465484598 17.086603089238 7.42578507092318 0.7693267839663 -0.638627326802933 -0.0170680976900088 0.15414988765959 0.159637888263971 0.975065863190487 0.491450627968401 0.0128825710486022 0.844504732891163 0.105670540185714 -0.0274857803988958 -0.104709283380059
26.1648118041467 16.9178327975864 7.84508279039285 0.951486666461108 -0.200733865199027 -0.233192895975614 0.26470525460041 0.147661789613028 0.952956979584749 0.175596366670129 0.0825469289453024 0.0519570557897465 0.554796559813846 0.561747949934264 -0.448172736094793
26.3581145914285 16.6427528910547 8.14031284943662 0.820002746504588 0.569279846694739 -0.0592944662757292 0.169679173520124 -0.142846878901689 0.975091603555868 0.437315054209463 0.321978387682702 0.0459015861627604 0.47365057538224 0.0506863929639733 0.123642708545562
26.5510084214445 16.5383707013803 8.5606044099242 0.32908921912198 0.929762979484197 -0.165048386401173 0.320693380657475 0.054354366260519 0.945622146375906 0.363469561606272 0.384864834323803 0.340322790199347 0.216266699410764 -0.398186450733993 -0.239174939693801
26.8543812447691 16.5941604785434 8.96158125309885 -0.372238952728873 0.921195272869274 -0.113301862833394 0.271552754887167 0.224827244076528 0.935794686179917 -0.165954402241949 0.221548134708612 -0.274253219422782 0.290061641603121 -0.347859227971835 -0.297700359835109
27.1105240948056 16.7643988689752 9.35478172629697 -0.80427395313796 0.590123590656134 -0.0699816961664392 0.117427220957367 0.273261999402256 0.954745311024392 -0.0775330427532727 -0.428777003534249 0.269075990611955 0.426594595079297 -0.0821440678674377 -0.22007731537651
27.3022155094932 17.0769120406205 9.593133249761 -0.96654110890597 -0.0818617851757594 0.243098362696754 0.22335215549778 0.197465051128305 0.954526714715006 -0.14238514173503 0.192635303974035 -0.0194200723189625 0.421472825997227 0.0950885433707885 0.259114571171385
27.2536457744219 17.4195855798647 9.92210535646075 -0.626904490162754 -0.708473146989932 0.324124117856069 0.110724229197925 0.330784300200319 0.937188228386566 -0.406539890391808 -0.587812729930795 -0.73303145084608 0.369403704315933 -0.121869195838232 -0.0238914857679677
27.1119767999867 17.5885383729472 10.367121965893 -0.317902503700689 -0.932730188681677 0.170153680096671 -0.066996571954374 0.201114048735465 0.977274007274649 0.00747626395363791 -0.493308446161088 0.0464037417503375 0.660277950753864 0.300981385623243 -0.112601438476297
26.8732668469476 17.6908436025128 10.7181154935176 0.288791487461234 -0.937920577525498 0.192105046871892 -0.0540482829817708 0.184362769718364 0.981370998690081 0.443198660219439 -0.583494340426171 -0.328067966821504 0.794833503385779 0.0331028768182183 -0.164097573358632
26.6448849612412 17.606926525145 11.1100252198706 0.829723930429703 -0.523475741314704 0.193729782195739 -0.166291980181999 0.0994909726554842 0.981044550672225 0.516337515268919 -0.0259789199894511 -0.503601338215626 0.219334640596146 -0.611979620073832 0.25846852627008
26.6406368159905 17.5118803686688 11.5856834288226 0.988125731501535 0.082872642112326 -0.129381393042087 0.109059099687229 0.21485328462905 0.970538026027837 0.273352477003627 0.0669376472508026 -0.0464273719139021 0.205277447753296 -0.100592480100874 0.122616569020103
26.7747565294141 17.340068527443 11.9736602751274 0.559059139609949 0.811365450502511 -0.170701125350384 0.136476040529441 0.113021320245094 0.98417496027989 0.0611089700493489 0.116343883104814 0.0931675416740258 0.263395316620002 -0.101178788952418 0.469324214032458
27.139227761787 17.3095867771204 12.2869578525404 -0.114931019536894 0.993323939350861 0.00991513756099283 0.275671131187052 0.022303678377887 0.960993161856975 -0.0164597914806822 0.209865141631646 -0.654120744370617 0.576819978352263 -0.307627843518434 0.604868822617504
27.4888166037576 17.3686824684791 12.7415969243296 -0.518392389947067 0.855127912898097 -0.00504653019058126 0.463639451019515 0.286014669507301 0.838590462640673 -0.0930529982390338 0.372997765488356 0.132371167482245 0.401702760644629 -0.096205900986683 0.501775310174083
27.788377480289 17.5443112648862 13.0938442848752 -0.832186577206946 0.54089057499848 0.122076891606917 0.328832243961551 0.304135112377144 0.894075542412474 -0.149271415140285 0.22385319561305 -0.504732291234988 0.479437139109247 -0.354669128007587 -0.198675531533872
27.9239157766721 17.8020077402168 13.4819236448781 -0.974125488487531 -0.0389973873659012 0.222617648170664 0.209220862153178 0.216924510341327 0.953504204888687 0.366460642276921 -0.178899401543999 0.504523753410537 0.170706572892116 -0.198747510927419 0.347012728614762
27.9750116934154 18.0147882268279 13.9576936064473 -0.814081597395665 -0.573375882145764 0.0922557954186889 0.0471624234304004 0.0930598597692849 0.994542834228569 -0.00351865910962277 0.193780037453315 0.733620663099304 0.0274003765065541 0.529981756623849 0.0486685146045197
