
#id1 id2 FENE BEXC STCK NEXC HB CRSTCK CXSTCK total, t = 100
0 1 0.0133803 0 -1.12925 0 0 0 0 -1.11587
1 2 0.0287083 0 -1.16824 0 0 0 0 -1.13953
2 3 0.296037 0 -1.33421 0 0 0 0 -1.03818
3 4 0.101299 0 -1.1187 0 0 0 0 -1.0174
4 5 0.097509 0 -1.3801 0 0 0 0 -1.28259
5 6 0.0481751 0 -1.34012 0 0 0 0 -1.29195
6 7 0.0350499 0 -1.38496 0 0 0 0 -1.34991
7 8 0.144173 0 -1.40055 0 0 0 0 -1.25638
8 9 0.0862804 0 -1.04471 0 0 0 0 -0.958428
9 10 0.301479 0 -1.18277 0 0 0 0 -0.881292
10 11 0.163185 0 -1.201 0 0 0 0 -1.03781
11 12 0.21649 0 -0.88569 0 0 0 0 -0.6692
12 13 0.37075 0 -1.14283 0 0 0 0 -0.772078
13 14 0.00524593 0 -1.20332 0 0 0 0 -1.19807
14 15 0.0121628 0 -1.09617 0 0 0 0 -1.08401
15 16 0.0567748 0 -1.347 0 0 0 0 -1.29022
16 17 0.0544416 0 -1.10671 0 0 0 0 -1.05227
17 18 0.431106 0 -1.32739 0 0 0 0 -0.89628
18 19 0.0786499 0 -1.30598 0 0 0 0 -1.22733
19 20 0.542037 0 -1.26189 0 0 0 0 -0.719849
20 21 0.134663 0 -1.21084 0 0 0 0 -1.07618
21 22 0.043875 0 -1.17499 0 0 0 0 -1.13111
22 23 0.0564007 0 -1.03677 0 0 0 0 -0.980371
23 24 0.169331 0 -1.12151 0 0 0 0 -0.952182
24 25 2.7621e-05 0 -1.28045 0 0 0 0 -1.28042
#Total energy per particle is  -1.02688 and should be -1.0268810

