t = 0
b =  30.0 30.0 30.0
E = 0. 0. 0.
28.1598022255 21.8630958637 22.4580922182 0.365485059307 -0.323481304323 0.872800387933 0.487319645468 0.865394331537 0.116671393599 0.0 0.0 0.0 0.0 0.0 0.0
28.112381282 22.2981653403 22.7697826203 0.761085125706 -0.486432822926 0.429106676958 0.487319645468 0.865394331537 0.116671393599 0.0 0.0 0.0 0.0 0.0 0.0
28.2384497169 22.6223524397 23.1792879028 0.867536228184 -0.464580379375 -0.177611834874 0.487319645468 0.865394331537 0.116671393599 0.0 0.0 0.0 0.0 0.0 0.0
28.5622730623 22.8406384269 23.5483065621 0.644395813143 -0.266226082331 -0.716852641127 0.487319645468 0.865394331537 0.116671393599 0.0 0.0 0.0 0.0 0.0 0.0
29.0329864536 22.9982381703 23.7539186392 0.176438654966 0.0332719544542 -0.983749143878 0.487319645468 0.865394331537 0.116671393599 0.0 0.0 0.0 0.0 0.0 0.0
29.5439190418 23.1634222568 23.735285068 -0.35855049813 0.320129419464 -0.876902899461 0.487319645468 0.865394331537 0.116671393599 0.0 0.0 0.0 0.0 0.0 0.0
29.9731200327 23.4015798545 23.5167614533 -0.757320322342 0.485364365742 -0.436906582505 0.487319645468 0.865394331537 0.116671393599 0.0 0.0 0.0 0.0 0.0 0.0
30.2296898323 23.7503762746 23.1986449694 -0.868371494375 0.466201274614 0.169077849834 0.487319645468 0.865394331537 0.116671393599 0.0 0.0 0.0 0.0 0.0 0.0
30.2883143225 24.20544329 22.9190697867 -0.649513817298 0.269920524791 0.71082678019 0.487319645468 0.865394331537 0.116671393599 0.0 0.0 0.0 0.0 0.0 0.0
30.1988821175 24.7220386975 22.8015275909 -0.183894981738 -0.0289075452306 0.982520732362 0.487319645468 0.865394331537 0.116671393599 0.0 0.0 0.0 0.0 0.0 0.0
30.0675310457 25.2320446291 22.9079510269 0.351588631945 -0.316753155511 0.880938631439 0.487319645468 0.865394331537 0.116671393599 0.0 0.0 0.0 0.0 0.0 0.0
30.0163246135 25.669846669 23.2151844517 0.753497846104 -0.484258946182 0.444673215924 0.487319645468 0.865394331537 0.116671393599 0.0 0.0 0.0 0.0 0.0 0.0
30.1368780392 25.9972618669 23.62378115 0.869140630715 -0.467786666821 -0.16053098886 0.487319645468 0.865394331537 0.116671393599 0.0 0.0 0.0 0.0 0.0 0.0
30.4555520989 26.2180450793 23.9957848044 0.654582358462 -0.273594411759 -0.704746787041 0.487319645468 0.865394331537 0.116671393599 0.0 0.0 0.0 0.0 0.0 0.0
30.9234382278 26.376462437 24.2071414065 0.191337304195 0.0245409345855 -0.981217498087 0.487319645468 0.865394331537 0.116671393599 0.0 0.0 0.0 0.0 0.0 0.0
31.4349397013 26.5404739015 24.1948294491 -0.344599990924 0.313352769578 -0.884907276528 0.487319645468 0.865394331537 0.116671393599 0.0 0.0 0.0 0.0 0.0 0.0
31.867889596 26.7759141396 23.9808028501 -0.749617988087 0.483116648429 -0.452405985755 0.487319645468 0.865394331537 0.116671393599 0.0 0.0 0.0 0.0 0.0 0.0
32.1299640467 27.121480833 23.6636502924 -0.869843578631 0.469336435262 0.151971902831 0.487319645468 0.865394331537 0.116671393599 0.0 0.0 0.0 0.0 0.0 0.0
32.1937576262 27.5740327815 23.3811397348 -0.659601050644 0.277247463453 0.698613124697 0.487319645468 0.865394331537 0.116671393599 0.0 0.0 0.0 0.0 0.0 0.0
32.1071951256 28.0897832981 23.2578780609 -0.198765055576 -0.0201724550532 0.979839540302 0.487319645468 0.865394331537 0.116671393599 0.0 0.0 0.0 0.0 0.0 0.0
31.9753241242 28.6009355029 23.3579708411 0.33758510728 -0.309928520619 0.888808532503 0.487319645468 0.865394331537 0.116671393599 0.0 0.0 0.0 0.0 0.0 0.0
31.9204056587 29.0414394917 23.6606675542 0.745681043758 -0.481937559473 0.46010430312 0.487319645468 0.865394331537 0.116671393599 0.0 0.0 0.0 0.0 0.0 0.0
32.0354652106 29.3720857987 24.0682450577 0.87048028459 -0.470850461917 -0.143401243552 0.487319645468 0.865394331537 0.116671393599 0.0 0.0 0.0 0.0 0.0 0.0
32.3489507708 29.595401728 24.4431342432 0.664569511652 -0.280879401679 -0.692426260258 0.487319645468 0.865394331537 0.116671393599 0.0 0.0 0.0 0.0 0.0 0.0
32.813924972 29.7546911889 24.6601848409 0.206177670228 0.0158024393103 -0.978386963942 0.487319645468 0.865394331537 0.116671393599 0.0 0.0 0.0 0.0 0.0 0.0
25.9589264251 8.74572154526 23.526950782 0.796793807176 0.257128030316 -0.546813318119 0.30891634307 0.604402933745 0.734348545763 0.0 0.0 0.0 0.0 0.0 0.0
26.352853067 8.7453112149 23.892336516 0.340922930488 0.650434936094 -0.678753231577 0.30891634307 0.604402933745 0.734348545763 0.0 0.0 0.0 0.0 0.0 0.0
26.8244931016 8.89316754868 24.1030004294 -0.24447026742 0.796630734958 -0.55282344421 0.30891634307 0.604402933745 0.734348545763 0.0 0.0 0.0 0.0 0.0 0.0
27.2404061311 9.22261588357 24.1876482213 -0.73698512341 0.640173198656 -0.216866787673 0.30891634307 0.604402933745 0.734348545763 0.0 0.0 0.0 0.0 0.0 0.0
27.4883233785 9.69799171923 24.2228612222 -0.949507009282 0.240503161059 0.20148118732 0.30891634307 0.604402933745 0.734348545763 0.0 0.0 0.0 0.0 0.0 0.0
27.5198004732 10.228190258 24.3040018661 -0.801295307418 -0.250538048422 0.543283090665 0.30891634307 0.604402933745 0.734348545763 0.0 0.0 0.0 0.0 0.0 0.0
27.3686222775 10.7012786408 24.5089839075 -0.348658121322 -0.646395664535 0.678682664657 0.30891634307 0.604402933745 0.734348545763 0.0 0.0 0.0 0.0 0.0 0.0
27.1379674519 11.0270211115 24.8686716837 0.236440114317 -0.796676760532 0.556239347377 0.30891634307 0.604402933745 0.734348545763 0.0 0.0 0.0 0.0 0.0 0.0
26.9612091579 11.1711610896 25.3551542367 0.731710797459 -0.644287035478 0.222471402202 0.30891634307 0.604402933745 0.734348545763 0.0 0.0 0.0 0.0 0.0 0.0
26.9512443632 11.1684358176 25.8923491528 0.948992315094 -0.247121893741 -0.195817148193 0.30891634307 0.604402933745 0.734348545763 0.0 0.0 0.0 0.0 0.0 0.0
27.1576023966 11.1093791023 26.3849075438 0.80573578592 0.243928987086 -0.539711490101 0.30891634307 0.604402933745 0.734348545763 0.0 0.0 0.0 0.0 0.0 0.0
27.5476279277 11.1059260071 26.7544386837 0.356366760491 0.642307167444 -0.678560413425 0.30891634307 0.604402933745 0.734348545763 0.0 0.0 0.0 0.0 0.0 0.0
28.0188872731 11.2488868511 26.9692919559 -0.228391955383 0.796662116086 -0.559612890764 0.30891634307 0.604402933745 0.734348545763 0.0 0.0 0.0 0.0 0.0 0.0
28.4380846651 11.5734468494 27.0565814521 -0.726380748897 0.648351807347 -0.228059074673 0.30891634307 0.604402933745 0.734348545763 0.0 0.0 0.0 0.0 0.0 0.0
28.6917035425 12.0457986626 27.0918848751 -0.948405351467 0.253721807133 0.190138196831 0.30891634307 0.604402933745 0.734348545763 0.0 0.0 0.0 0.0 0.0 0.0
28.7291333902 12.5759863698 27.170530306 -0.810114904522 -0.237301349614 0.536098788417 0.30891634307 0.604402933745 0.734348545763 0.0 0.0 0.0 0.0 0.0 0.0
28.5818975199 13.0520812268 27.3713794726 -0.364048260951 -0.638169756175 0.67838648719 0.30891634307 0.604402933745 0.734348545763 0.0 0.0 0.0 0.0 0.0 0.0
28.3516768371 13.3827052679 27.7268668603 0.220326403518 -0.796586802736 0.562943817463 0.30891634307 0.604402933745 0.734348545763 0.0 0.0 0.0 0.0 0.0 0.0
28.1716795649 13.5317473222 28.2106773089 0.72099538363 -0.652367204717 0.233629379562 0.30891634307 0.604402933745 0.734348545763 0.0 0.0 0.0 0.0 0.0 0.0
28.1560332131 13.5320822516 28.7477435819 0.9477461631 -0.260302398627 -0.184444765709 0.30891634307 0.604402933745 0.734348545763 0.0 0.0 0.0 0.0 0.0 0.0
28.356425629 13.4730812411 29.2427656648 0.814432329738 0.230655640724 -0.532445260735 0.30891634307 0.604402933745 0.734348545763 0.0 0.0 0.0 0.0 0.0 0.0
28.7424679201 13.4666581912 29.6164168337 0.371702037726 0.633983745808 -0.678160899198 0.30891634307 0.604402933745 0.734348545763 0.0 0.0 0.0 0.0 0.0 0.0
29.2132397024 13.604751756 29.8354812043 -0.212244072945 0.796450826217 -0.56623187381 0.30891634307 0.604402933745 0.734348545763 0.0 0.0 0.0 0.0 0.0 0.0
29.6356304415 13.9243963118 29.9254730015 -0.715555111772 0.656332921798 -0.239181892669 0.30891634307 0.604402933745 0.734348545763 0.0 0.0 0.0 0.0 0.0 0.0
29.8949103705 14.3936519777 29.9609432787 -0.947014800194 0.266863167086 0.178737288404 0.30891634307 0.604402933745 0.734348545763 0.0 0.0 0.0 0.0 0.0 0.0
29.9383182459 14.923739111 30.0371567264 -0.818687732779 -0.223992366515 0.528751185285 0.30891634307 0.604402933745 0.734348545763 0.0 0.0 0.0 0.0 0.0 0.0
