
#id1 id2 FENE BEXC STCK NEXC HB CRSTCK CXSTCK total, t = 100
0 1 0.0093485 0 -1.03324 0 0 0 0 -1.02389
1 2 0.166065 0 -1.26173 0 0 0 0 -1.09567
2 3 0.0156779 0 -1.31611 0 0 0 0 -1.30043
3 4 0.528892 0 -1.32686 0 0 0 0 -0.797966
4 5 0.0669676 0 -1.16411 0 0 0 0 -1.09715
5 6 0.504688 0 -1.24399 0 0 0 0 -0.739303
6 7 0.190213 0 -1.29671 0 0 0 0 -1.1065
7 8 0.00128498 0 -0.417687 0 0 0 0 -0.416402
8 9 0.113299 0 -0.916419 0 0 0 0 -0.80312
9 10 0.0052242 0 -1.27973 0 0 0 0 -1.27451
10 11 0.0248851 0 -1.17095 0 0 0 0 -1.14607
11 12 0.938213 0 -0 0 0 0 0 0.938213
11 13 0 0 0 0 0 -0 -0.144378 -0.144378
12 13 0.905247 0 0 0 0 0 0 0.905247
13 14 0.000571392 0 -0.797635 0 0 0 0 -0.797063
14 15 0.0892882 0 -1.34456 0 0 0 0 -1.25527
15 16 0.109217 0 -1.27589 0 0 0 0 -1.16668
16 17 0.243882 0 -1.10744 0 0 0 0 -0.863559
17 18 0.130312 0 -1.36687 0 0 0 0 -1.23656
18 19 0.280333 0 -1.26125 0 0 0 0 -0.980915
19 20 0.0348395 0 -1.19229 0 0 0 0 -1.15745
20 21 0.110703 0 -1.2876 0 0 0 0 -1.1769
21 22 0.0923629 0 -1.08374 0 0 0 0 -0.991373
22 23 0.110289 0 -1.33122 0 0 0 0 -1.22093
23 24 0.0545005 0 -1.41252 0 0 0 0 -1.35802
25 26 0.0881879 0 -1.37268 0 0 0 0 -1.28449
26 27 0.129243 0 -1.1101 0 0 0 0 -0.980862
27 28 0.000910295 0 -1.19146 0 0 0 0 -1.19055
28 29 0.00214732 0 -1.12859 0 0 0 0 -1.12645
29 30 0.0163096 0 -1.03772 0 0 0 0 -1.02141
30 31 0.855649 0 -0.00764825 0 0 0 0 0.848001
31 32 0.786563 0 -0.00652239 0 0 0 0 0.78004
32 33 0.0198027 0 -0.409109 0 0 0 0 -0.389306
33 34 0.142 0 -1.15575 0 0 0 0 -1.01375
34 35 0.083083 0 -1.28946 0 0 0 0 -1.20638
35 36 0.255564 0 -1.30426 0 0 0 0 -1.0487
36 37 0.0245197 0 -1.31665 0 0 0 0 -1.29213
37 38 0.0478782 0 -1.28844 0 0 0 0 -1.24056
38 39 0.270586 0 -1.39175 0 0 0 0 -1.12116
39 40 0.206817 0 -1.2698 0 0 0 0 -1.06298
40 41 0.0659427 0 -1.05624 0 0 0 0 -0.9903
41 42 0.0918218 0 -1.16431 0 0 0 0 -1.07249
42 43 0.156669 0 -1.19247 0 0 0 0 -1.0358
43 44 0.359222 0 -1.21399 0 0 0 0 -0.854769
44 45 0.209473 0 -1.29125 0 0 0 0 -1.08178
45 46 0.0274042 0 -1.17846 0 0 0 0 -1.15105
46 47 0.0593754 0 -1.17252 0 0 0 0 -1.11314
47 48 0.026203 0 -0.779538 0 0 0 0 -0.753335
48 49 0.119973 0 -0.968179 0 0 0 0 -0.848206
49 50 0.0215414 0 -1.23953 0 0 0 0 -1.21799
#Total energy per particle is  -0.858357 and should be -0.85835710

