t = 100
b = 30 30 30
E = -0.611678448226888 -0.824317976045055 0.212639527818167
3.44004722475942 11.2144277816603 11.6432792926195 -0.785984295200455 0.472510425800406 0.398700975828638 0.607944588224445 0.707934371046227 0.359488783257936 -0.106440405205478 -0.127655042996909 0.233120623006617 0.0199806816402913 0.100631582288523 -0.495753958373467
3.62024340949563 11.6915131826129 11.7996857843616 -0.592941205073799 -0.0701694253452134 0.802182560199335 0.558726267753276 0.681521356696973 0.472602880674976 -0.286264686150435 -0.088498135997255 0.326695758719663 0.538743876918795 0.720930356408918 -0.0209085176322046
3.68480691165279 12.0157362408695 11.9596086903871 -0.011694806652929 -0.376293851527725 0.926426494542945 0.584022441963855 0.749469474606628 0.311790290880429 -0.492530396642206 -0.128272204011579 0.0865547103707019 0.751799071768635 0.100043332816633 -0.194389621902172
3.80248922472143 12.4340120169244 12.2376096830419 0.35426648550975 -0.652158863916968 0.670211874382074 0.660156495372653 0.68202375642099 0.314701256976855 -0.104355018307155 -0.0418670037807271 0.0812104293472352 0.361182901415014 -0.0217425077367954 0.0900732020980153
4.09161517805252 12.7265061352252 12.5331555461842 0.505381192175362 -0.842458184706937 0.186692111630891 0.811346822611665 0.537594405916262 0.229583250906762 -0.184714883405368 -0.239498500437932 -0.336156810397631 -0.0358821502722938 0.0281883813242479 -0.367457544565345
4.45744423335996 12.8249593317368 12.8194797506902 0.522610685100323 -0.629505068429595 -0.574979409777671 0.836418786098326 0.509219240972635 0.202729523590632 -0.0274047965250435 -0.29488980476359 0.058713729517264 0.444086474700944 0.374769566605314 -0.271097853716069
4.84529371072793 12.7461199765885 13.0537201349086 0.427733675121531 0.0659995653126179 -0.901492009074783 0.846128847895191 0.321608027650556 0.425010749631523 0.117495126722822 0.0695955348159767 -0.405045751607405 0.488270180338109 0.0912144613133089 0.419407166853384
5.36811932830177 12.7226980200431 13.129151317715 0.0912353412306618 0.545811489762494 -0.832926054106258 0.87606587796973 0.353693347338087 0.327733851295425 0.0268150392150187 -0.0918023360703102 -0.582823231258254 0.531225725393882 -0.484411788692826 -0.0394152607281339
5.87626588398419 12.7805046625187 13.1540037924613 -0.282339666670042 0.72662004043706 -0.626344562980474 0.895246784827239 0.434174010753549 0.100129959568576 -0.0149294370712771 0.350258047040167 -0.350537082096959 0.302302795910765 -0.0268469250252158 -0.117042897793067
6.29961018597751 12.9893578442161 13.0638719056117 -0.617033613705136 0.74766452029165 -0.245493731303978 0.722231884011889 0.661916693114028 0.200617243498854 -0.753069465895861 0.0181039420603955 0.221574169145892 0.736302103487854 0.353284516134981 -0.496093545766785
6.57149526435304 13.1619025492909 12.8124911567736 -0.513315883413248 0.648137175178046 0.562516566107961 0.78536473265149 0.619023730441626 0.00342727896692811 -0.210900459196611 -0.158039740456533 0.13595412089401 0.25673651417701 0.12904285338407 0.0947631576182145
6.90838912205092 13.5918023160572 12.9793460075022 -0.488578056656872 0.051711853744745 0.870986364787215 0.707016949665605 0.608427190321316 0.360476446466724 0.0663076516143601 0.0391455574115183 1.38050227736257 0.234591237138571 0.532405356597139 0.116733914043174
7.41207344251771 13.5911207924653 14.1751924093088 -0.174596416353842 -0.267383444519844 0.947640264518664 0.559894800228512 0.764723451523713 0.318929065920292 1.33881703987876 -1.75724536711602 5.06713438386476 0.768014092265172 -0.123980734129983 -0.606886486846954
7.10937346909933 14.3366873255346 13.8993950586355 0.435435805812258 -0.469382672296983 0.768163688766946 0.560123631380579 0.809279276163383 0.176998458076984 -7.44163802720967e-05 -1.52267988332321 2.24561859262681 0.319073795739098 -1.11906751773357 -0.986725414281445
7.31108887983519 14.9101208323883 13.8731949133654 0.627691400925446 -0.765884130591219 -0.139373192984883 0.773581976112615 0.593662046247562 0.221666826774773 -0.363769291707123 0.136348664375194 0.974766774218246 -0.209856777740828 0.0371153982038634 0.298661763953995
7.77149046286035 15.0417155811138 13.960411405187 0.39718058248611 -0.589284395590802 -0.703556229754364 0.900402234271285 0.398524446680516 0.174510638176353 0.746859270751666 0.0791385641241224 0.385575964743858 0.222621274598383 0.12897740450175 -0.178509246787072
8.13136931913972 14.8422240817475 14.1484951428894 0.281230686519388 0.0963519011105094 -0.954790814142369 0.828663773554152 0.477391567117245 0.292255921139447 0.584631938106232 0.180603968706257 -0.560019266718726 0.496256608225451 -0.220606475383288 0.632450290569624
8.53169810887922 15.012925389051 14.2202673276945 -0.0522723995790043 0.181453265393476 -0.982009262573668 0.869137390625726 0.492542210070175 0.044746515884503 0.392046266914052 0.648955917421782 -0.378755264794978 0.237141142059091 0.127939033194763 -0.513522514192134
8.9046524615428 15.0788985766533 14.1243693275049 -0.252222817838226 0.635811132457551 -0.729470863306539 0.779709968040539 0.579990810997448 0.23592987451744 -0.0889632868559056 0.790120847158134 0.0257197923512822 0.392825080088104 0.0448617578610963 -0.234519098564387
9.34530235884032 15.1177574413199 13.9929868122309 -0.489903687478039 0.871682281615891 0.0128163074533116 0.815069906340655 0.452771706984912 0.36146744145732 -0.236520486282366 0.0719943820265554 -0.347086130924408 0.326240388344976 0.171622590723523 -0.088190440733272
9.7049289145603 15.4915130364374 13.9250137869897 -0.593379587202948 0.630701228740774 0.500116493706307 0.766801024140683 0.631871075987174 0.112938112905459 0.254112708321692 0.362118198797243 0.262568117884874 0.254730722967661 -0.104751192424998 -0.143773392392637
10.0214981081942 15.8829533584511 13.847749115771 -0.490308903197378 0.25443832434995 0.833581552033858 0.689456582821425 0.698310051081332 0.192386535049434 -0.0717590870488273 -0.192675907027899 0.38833150014301 0.455811224864242 0.0140066097327147 -0.401498556266826
10.1452214386784 16.3476648912531 13.9027096920597 0.0948489072212102 -0.291510320270538 0.951853612057072 0.717838761401994 0.682498530772231 0.137488729086218 0.123024618280694 0.292009917482389 -0.0704713519842521 0.630798721008312 -0.37356422173089 -0.186536397159007
10.2040808012251 16.7582808842235 14.0493705977491 0.683582438822843 -0.54283697230615 0.487896459094168 0.545767232386125 0.824010217085084 0.152135379120779 -0.0782491590348391 0.378595021497032 -0.251926402661602 0.327956091453488 -0.35132855551343 0.627182718560786
10.4967309514657 17.0994526415829 14.2566766759439 0.676921922072062 -0.736032010340062 0.00578550841407067 0.660508727982012 0.610894944683447 0.436503690466951 0.312141266307824 0.199216393934857 -0.293258438767124 0.083967831411304 -0.237384565968828 0.0823319512315532
7.85232831742914 5.34922429853952 25.8740540674816 0.723879357548507 0.568976333829866 -0.390210837196314 0.21341716081574 0.353178639243334 0.910888492723406 -0.0187568822983777 0.509710703965796 -0.361289405905872 0.248811618669324 0.00581162688289444 -0.61854721510254
8.19873028307073 5.43053101400296 26.2648591718515 0.0325653459071176 0.867703979094362 -0.496013291959897 0.371972391553422 0.450104311103788 0.811814348679157 -0.218909205886595 -0.151669912154153 -0.429324905066064 0.371292802349761 0.262990591759032 -0.432085229721129
8.50320906546805 5.7100601481828 26.51232605902 -0.604593523914751 0.75894612426822 -0.241800191199055 0.322198952245821 0.510640121112901 0.797141385444916 0.0383287775217687 -0.0837865484468897 0.134766722899971 0.678751655107248 0.148688928810286 0.0357745849674699
8.68278861412673 6.09848785958238 26.776530012473 -0.958996481946661 0.282876908974839 0.0175009381878856 0.201718955787321 0.637875144644486 0.743252751106384 -0.0338387036211485 0.287849229578304 0.208862142203854 0.450239683965768 0.0649282692876166 -0.00413375448970803
8.77720715406658 6.54937213675799 26.956032984952 -0.87001292771926 -0.306411003593768 0.386250804151165 0.103745948536148 0.652105838603021 0.750995767190084 -0.0306359595549587 -0.236142621814156 -0.0927926433891193 0.592697792805357 -0.5451019672628 -0.105883652291047
8.62177402084093 6.91661014771193 27.2872626131237 -0.445882210484038 -0.7538521038222 0.482592935400535 -0.0155146932667367 0.545582793663905 0.837913238541365 -0.321511316882222 0.037411804338824 0.518736242768131 0.359755878213542 0.136903052604923 0.364942396893129
8.44040001300518 7.11124125159904 27.6792083335965 0.191113119312427 -0.897953100504239 0.396428918242201 -0.0121191507970361 0.401683701007506 0.915698211334859 0.142250162687195 -0.400909949871878 0.199068816822028 0.381070314206371 -0.236807555386226 0.159965667056163
8.37012571619743 7.18449438860341 28.1419526241687 0.668557547890248 -0.699124227950202 0.253487672171147 0.0154032291078985 0.353810054376898 0.935190392041863 0.155353244652567 -0.249467446171079 0.527974149399612 0.660891707324036 0.357878221531002 -0.0481910103667816
8.13218128899219 7.05123841427187 28.5446762374471 0.981200201136927 -0.143592032819521 0.12894717693723 -0.08541646018996 0.276033915160829 0.957344865727819 0.633623278340629 -0.0355910076967543 -0.575468070711225 0.491912948392071 -0.357625186469068 0.141312265359147
8.17465459395661 7.05827438505259 29.0291513199363 0.967511964752754 0.184671837019322 -0.172675400672811 0.107379533127692 0.31817247312851 0.94193194819192 -0.0662957149469011 0.272350004548238 -0.0489566041947076 0.393544742339212 -0.187325253284709 -0.29611408151607
8.32096141798874 6.98650770819991 29.4547040778512 0.555215641401976 0.72785609858211 -0.402443750422986 0.199505596479617 0.353197112427874 0.91402910152227 0.18931913582624 -0.322704927122049 -0.0319816234702164 0.302384328878335 0.493793401447022 0.120568080302507
8.62583817274848 7.00818456434481 29.8388213043958 -0.0620678482831756 0.871119880474593 -0.487132032300038 0.393611293992238 0.469879539460857 0.790115976783106 -0.339454170278987 -0.125269080920914 0.23747144748104 0.377943006818602 -0.0133929769797767 -0.0984316393006058
8.94376573970755 7.37155174142833 30.0584558034592 -0.634843354278925 0.690878706499195 -0.345919657239736 0.274164808640339 0.62000705028467 0.73513590882892 -0.119238019359339 0.340101494026262 -0.0155086842929734 0.577374214871321 -0.0640054453897262 -0.164352681769369
9.17762950635614 7.73290228442913 30.2108409172531 -0.977576365722803 0.210232213692135 0.0121139056260403 0.130937130046132 0.561787118022793 0.816854078486606 -0.329795318022136 -0.266920150769161 0.0113252930036747 0.51641913080944 -0.210172861158026 0.173059926731371
9.29048912313957 8.10338038997434 30.4239120762077 -0.887141618054931 -0.398163412677118 0.233335655753573 0.025762421199739 0.462090333854711 0.88645851711593 -0.216808502722293 0.292369692671315 -0.343056667757276 0.41675824719656 0.107983177512616 0.0330569891765114
9.06975124176273 8.49087949800759 30.725456097698 -0.407442512223143 -0.832700030880057 0.374968186931078 -0.0587748338859195 0.433654250336155 0.899160383065245 -0.318454362149921 -0.0669054659216577 0.307427632098299 0.47466410775696 -0.314221327927311 0.17399874638444
8.88272098168798 8.76970947375457 31.0176023383013 0.103466471611104 -0.889461185970458 0.445144211290684 -0.0246888679561779 0.445111634465007 0.895134613744585 -0.246398912995624 0.036784988506279 0.200723451292656 0.366601877786391 -0.0933774489357328 0.239289112567789
8.78643341484963 8.84213311331771 31.4306311504958 0.701162648502338 -0.678087877488408 0.220380699258999 0.0376332783455467 0.343854159775998 0.938268584271273 0.163216573094788 -0.386590451064758 0.0873456137331254 0.417283564861367 -0.149406962086116 0.019312880289265
8.7570016879215 8.76705147821709 31.899232986532 0.998257821810999 -0.0518568276806106 -0.0281438620602466 0.0385418728632852 0.211963753797333 0.976517167781703 0.541967921773932 -0.510558838563462 0.446221251821656 0.456053640284486 0.00107630545815557 0.596377649827586
8.83008472141377 8.8322114216073 32.4786490080655 0.902104670554634 0.135620359166971 -0.409651269772249 0.370192197809473 0.244576200321468 0.896180844677162 0.387298900008621 0.0460270341530062 -0.252072060200001 0.656720030720898 0.104107576648216 -0.17929205147365
9.11890844503416 8.68475647785117 32.7988068233099 0.414847949045247 0.849872808738201 -0.324988110159953 0.335986687162749 0.188847327520106 0.922740225519181 0.175093329892394 0.256172891924113 -0.59198006315819 0.695673041520069 -0.546264530295937 0.239185808587036
9.30771951632014 8.76231895420517 33.3022076135239 -0.0114111754836523 0.899103505332721 -0.437587194522481 0.388232991648547 0.407268722575801 0.826684474410925 0.30131219367763 0.285745664327149 -0.561630057568018 0.432864665612169 0.355643400917077 -0.190895189551663
9.71645834337728 8.87179711970734 33.5882409287958 -0.725248153392669 0.669043682603779 -0.162467074098248 0.273720353754493 0.496718142958634 0.823618927936724 -0.102062701442551 0.281356416104883 -0.0731715377092513 0.586350017273482 0.0495923756627286 0.161196121070145
9.88036324198288 9.37980204251232 33.8772609028443 -0.978814565647843 0.196589845526917 -0.0572220228099204 0.105633076466517 0.724273224695545 0.681373498210675 0.304392128055256 0.328418370971334 0.13511905025434 0.640028661772655 0.0594468049332057 0.00511324079971681
9.93479541089683 9.86959947746707 34.0386502452944 -0.851765630102808 -0.339025111796922 0.399446076337018 0.144186181418316 0.581289272136088 0.800820211678617 -0.713493137766497 -0.0447165202871368 0.450174067267498 0.572331861802863 -0.351997264536652 0.587781968518659
9.4810876984568 10.6926394024387 32.246235740884 -0.474853198925787 -0.603850312177282 0.640218025974405 0.201178769770489 0.633724246793254 0.746940803068206 -1.00715590391285 1.50836793370605 -8.06415627855525 0.171946027288645 -0.586770336408183 -0.0659042306033347
