t = 0
b =  30.0 30.0 30.0
E = 0. 0. 0.
23.0727130932 17.8097261491 25.3977733608 0.534029804038 -0.368742029996 0.760816327186 0.0221980926669 0.905683456202 0.423373029188 0.0 0.0 0.0 0.0 0.0 0.0
22.8448790712 18.047097272 25.8225459006 0.928173160721 -0.17602428527 0.32788722865 0.0221980926669 0.905683456202 0.423373029188 0.0 0.0 0.0 0.0 0.0 0.0
22.8286221503 18.2443436535 26.3220603444 0.969688015418 0.0835680283996 -0.229611710032 0.0221980926669 0.905683456202 0.423373029188 0.0 0.0 0.0 0.0 0.0 0.0
23.0334056431 18.4606393698 26.7692347918 0.642802180739 0.311411450897 -0.69987732117 0.0221980926669 0.905683456202 0.423373029188 0.0 0.0 0.0 0.0 0.0 0.0
23.3847159132 18.747921336 27.0568721817 0.0717050505174 0.420944456677 -0.904247836671 0.0221980926669 0.905683456202 0.423373029188 0.0 0.0 0.0 0.0 0.0 0.0
23.7523713519 19.1311576045 27.1383862488 -0.52663402724 0.370553625549 -0.765079480803 0.0221980926669 0.905683456202 0.423373029188 0.0 0.0 0.0 0.0 0.0 0.0
23.9999805474 19.5988615835 27.0455004242 -0.924896033198 0.179383276749 -0.335244638731 0.0221980926669 0.905683456202 0.423373029188 0.0 0.0 0.0 0.0 0.0 0.0
24.0367596631 20.1074559861 26.8761955737 -0.971774572706 -0.0799377780164 0.221955246586 0.0221980926669 0.905683456202 0.423373029188 0.0 0.0 0.0 0.0 0.0 0.0
23.8520227343 20.5978285696 26.7574854286 -0.64945970484 -0.308889134425 0.694830622831 0.0221980926669 0.905683456202 0.423373029188 0.0 0.0 0.0 0.0 0.0 0.0
23.5192414454 21.0177898653 26.7971619458 -0.0804042367169 -0.420488344315 0.903728228514 0.0221980926669 0.905683456202 0.423373029188 0.0 0.0 0.0 0.0 0.0 0.0
23.1681320083 21.3419008297 27.0428433411 0.519198145222 -0.372337002009 0.769284370655 0.0221980926669 0.905683456202 0.423373029188 0.0 0.0 0.0 0.0 0.0 0.0
22.9353738046 21.5811375627 27.463883133 0.92154847126 -0.182728607497 0.342576518634 0.0221980926669 0.905683456202 0.423373029188 0.0 0.0 0.0 0.0 0.0 0.0
22.912682604 21.7787213039 27.9630132531 0.973787125599 0.0763014400619 -0.214281880389 0.0221980926669 0.905683456202 0.423373029188 0.0 0.0 0.0 0.0 0.0 0.0
23.1119662093 21.9936979607 28.4132978117 0.656067770069 0.30634329485 -0.68973101045 0.0221980926669 0.905683456202 0.423373029188 0.0 0.0 0.0 0.0 0.0 0.0
23.4608004834 22.2785055813 28.7063581649 0.0890972998226 0.420000210137 -0.903139797954 0.0221980926669 0.905683456202 0.423373029188 0.0 0.0 0.0 0.0 0.0 0.0
23.8299444898 22.659052263 28.7935477727 -0.511722724254 0.374092023565 -0.773430676523 0.0221980926669 0.905683456202 0.423373029188 0.0 0.0 0.0 0.0 0.0 0.0
24.0824412852 23.1248732332 28.7044338334 -0.918130729839 0.186060022755 -0.34988231001 0.0221980926669 0.905683456202 0.423373029188 0.0 0.0 0.0 0.0 0.0 0.0
24.1256501517 23.6331065915 28.5355642106 -0.975725520831 -0.0726592914574 0.206592195797 0.0221980926669 0.905683456202 0.423373029188 0.0 0.0 0.0 0.0 0.0 0.0
23.9464423551 24.1247772619 28.4137872852 -0.662625873198 -0.303774126046 0.684578872383 0.0221980926669 0.905683456202 0.423373029188 0.0 0.0 0.0 0.0 0.0 0.0
23.6161889699 24.5472026108 28.4480601354 -0.0977835778238 -0.419480091318 0.902482589802 0.0221980926669 0.905683456202 0.423373029188 0.0 0.0 0.0 0.0 0.0 0.0
23.263645815 24.8740074597 28.6880539204 0.50420833362 -0.375818556564 0.777518082651 0.0221980926669 0.905683456202 0.423373029188 0.0 0.0 0.0 0.0 0.0 0.0
23.0260369656 25.1151444568 29.1052829767 0.914643069208 -0.189377268821 0.357161456492 0.0221980926669 0.905683456202 0.423373029188 0.0 0.0 0.0 0.0 0.0 0.0
22.9969210326 25.3131128995 29.6039269983 0.977589610787 0.0690116095665 -0.198886778409 0.0221980926669 0.905683456202 0.423373029188 0.0 0.0 0.0 0.0 0.0 0.0
23.1906466822 25.5268125408 30.0572347725 0.669133514802 0.301181823667 -0.679374600984 0.0221980926669 0.905683456202 0.423373029188 0.0 0.0 0.0 0.0 0.0 0.0
23.5369013375 25.8091665882 30.355679085 0.106462409227 0.418928027465 -0.901756654107 0.0221980926669 0.905683456202 0.423373029188 0.0 0.0 0.0 0.0 0.0 0.0
18.6764144145 28.7208156495 24.9838967371 0.838398129771 0.193981019193 -0.509372103859 0.500070432951 0.0980260857831 0.860418763507 0.0 0.0 0.0 0.0 0.0 0.0
19.043167949 28.4377183465 25.2559865459 0.55199037173 0.729488069346 -0.403922995383 0.500070432951 0.0980260857831 0.860418763507 0.0 0.0 0.0 0.0 0.0 0.0
19.5357477062 28.3209078719 25.4360020952 0.055872242682 0.987850405565 -0.145016787728 0.500070432951 0.0980260857831 0.860418763507 0.0 0.0 0.0 0.0 0.0 0.0
20.0410635428 28.4292779282 25.5829610631 -0.461472685495 0.870911856731 0.168983722136 0.500070432951 0.0980260857831 0.860418763507 0.0 0.0 0.0 0.0 0.0 0.0
20.4411866662 28.7361723698 25.7684398759 -0.80349642504 0.423099332656 0.418784490703 0.500070432951 0.0980260857831 0.860418763507 0.0 0.0 0.0 0.0 0.0 0.0
20.6581527543 29.1395123175 26.0493806264 -0.840258438969 -0.185455701739 0.509482029549 0.500070432951 0.0980260857831 0.860418763507 0.0 0.0 0.0 0.0 0.0 0.0
20.6835819048 29.5005776321 26.4464578217 -0.557792223562 -0.72355301439 0.406618827284 0.500070432951 0.0980260857831 0.860418763507 0.0 0.0 0.0 0.0 0.0 0.0
20.5818623003 29.6967090144 26.9362237914 -0.0634114166345 -0.986760439712 0.14927433423 0.500070432951 0.0980260857831 0.860418763507 0.0 0.0 0.0 0.0 0.0 0.0
20.4656880615 29.6679083234 27.4600168503 0.455060447655 -0.875081076233 -0.164781974133 0.500070432951 0.0980260857831 0.860418763507 0.0 0.0 0.0 0.0 0.0 0.0
20.453244866 29.4396328735 27.946247853 0.800647239675 -0.430943781318 -0.416234855514 0.500070432951 0.0980260857831 0.860418763507 0.0 0.0 0.0 0.0 0.0 0.0
20.623309234 29.1131237751 28.3375981072 0.842054759234 0.176916261116 -0.50955315621 0.500070432951 0.0980260857831 0.860418763507 0.0 0.0 0.0 0.0 0.0 0.0
20.9853200108 28.826942744 28.6127957035 0.563551597356 0.717562858069 -0.409283693587 0.500070432951 0.0980260857831 0.860418763507 0.0 0.0 0.0 0.0 0.0 0.0
21.475792392 28.704330189 28.794697069 0.0709457615621 0.985595328231 -0.153520512912 0.500070432951 0.0980260857831 0.860418763507 0.0 0.0 0.0 0.0 0.0 0.0
21.9824368618 28.80638412 28.9416034287 -0.448613555199 0.879183654923 0.160567677344 0.500070432951 0.0980260857831 0.860418763507 0.0 0.0 0.0 0.0 0.0 0.0
22.3868198575 29.1088479929 29.1251111956 -0.797737081922 0.438755411943 0.413653522429 0.500070432951 0.0980260857831 0.860418763507 0.0 0.0 0.0 0.0 0.0 0.0
22.6093586603 29.5113261757 29.4029112958 -0.843786953769 -0.168363347634 0.509585478425 0.500070432951 0.0980260857831 0.860418763507 0.0 0.0 0.0 0.0 0.0 0.0
22.6395562005 29.8754259281 29.7968714219 -0.569268054515 -0.71151805656 0.411917391353 0.500070432951 0.0980260857831 0.860418763507 0.0 0.0 0.0 0.0 0.0 0.0
22.5399890697 30.0773351172 30.2847281304 -0.0784747036952 -0.984355159851 0.157755000414 0.500070432951 0.0980260857831 0.860418763507 0.0 0.0 0.0 0.0 0.0 0.0
22.4225336278 30.0548605166 30.8085450961 0.442132499085 -0.883219280374 -0.156341152705 0.500070432951 0.0980260857831 0.860418763507 0.0 0.0 0.0 0.0 0.0 0.0
22.4058623029 29.8310560532 31.2967240912 0.794766173402 -0.446533629644 -0.411040688027 0.500070432951 0.0980260857831 0.860418763507 0.0 0.0 0.0 0.0 0.0 0.0
22.5703579522 29.5054642349 31.6912063485 0.845454890661 0.159797612632 -0.509578993733 0.500070432951 0.0980260857831 0.860418763507 0.0 0.0 0.0 0.0 0.0 0.0
22.9275750705 29.2162982875 31.9695300581 0.574941159707 0.705419070195 -0.414519720014 0.500070432951 0.0980260857831 0.860418763507 0.0 0.0 0.0 0.0 0.0 0.0
23.4158500443 29.0879326392 32.1533639845 0.0859976696759 0.983040029013 -0.161977474261 0.500070432951 0.0980260857831 0.860418763507 0.0 0.0 0.0 0.0 0.0 0.0
23.9237281895 29.1836509966 32.3002751406 -0.435617772869 0.887187645257 0.152102722082 0.500070432951 0.0980260857831 0.860418763507 0.0 0.0 0.0 0.0 0.0 0.0
24.3323072497 29.4816038055 32.481858117 -0.79173474036 0.45427784208 0.408396551285 0.500070432951 0.0980260857831 0.860418763507 0.0 0.0 0.0 0.0 0.0 0.0
24.5604103509 29.8831092629 32.7565351 -0.84705844289 -0.151219708422 0.509533702628 0.500070432951 0.0980260857831 0.860418763507 0.0 0.0 0.0 0.0 0.0 0.0
