t = 100
b = 30 30 30
E = -0.719817112399511 -0.89628215706332 0.176465044663809
22.9016911215437 18.1389101816234 25.5646950014495 0.22712564800363 -0.584896511820996 0.778659041542575 0.143312417416432 0.810924114567645 0.567330161576052 -0.21743403433148 1.45477361212308 -0.23116654282903 -0.0722972104668242 0.800195540929753 -0.965279804472101
22.7966970018021 18.1349645727904 25.9838062896488 0.888501729227375 -0.189513824911191 0.417910360263437 0.0209774231572423 0.926554727192769 0.375574448411025 -0.132826411017679 0.370447513763072 0.607314225124839 0.202952054717417 0.207298254032732 -0.101907410160945
22.9426224616175 18.3281178000175 26.3577345966304 0.97436890106859 0.110553630944776 -0.19591584966729 -0.00704341000950655 0.885473908246108 0.464635587475323 -0.0448661701470382 0.0300986166467225 0.262690082171197 0.425473219176801 0.420512231907066 0.088815352786257
23.1938972500823 18.4556582151344 26.7187301225018 0.650268958738324 0.432393072143347 -0.624649016071582 0.0162392795098294 0.814127588763249 0.580458816200856 0.358081579997272 -0.069322888208959 -0.165198300352964 0.350651145714288 -0.102335051030737 0.152660968142248
23.4603864368139 18.7422372626079 26.9223261746888 -0.172296497318557 0.540910766984304 -0.823243188317525 -0.127793624683434 0.816404259885663 0.56316317082042 0.282660033370935 0.355645418232729 -0.175798294935072 0.27957068241159 -0.168404797309737 0.457537776787809
23.6389422858851 19.2186011385209 27.1117220085513 -0.492772584266533 0.221634719172661 -0.841458919015614 0.11951441330058 0.975092697615296 0.186843309237664 -0.427271700570424 -0.00508812223934669 0.324300175731869 0.441671484879047 0.228515300214975 -0.236606071336172
23.8193512493078 19.6342761727137 26.9289936630369 -0.901345060773455 0.106947198515364 -0.419689479573723 0.0698401143612141 0.992241395423869 0.102855552668215 -0.452528497183575 0.934210351831198 0.0073184426876685 0.591381629025165 -0.300998224237336 0.0401796223654905
23.8437166825115 20.0853690615862 26.8223828972629 -0.976281796663627 -0.164014592567985 0.141325680185831 -0.108026986070111 0.934729873009581 0.338541160291981 -0.430897352966151 0.169403505988748 -0.133674709705711 0.487575657325164 -0.164618112102263 -0.260775704736814
23.7304042269453 20.548859096322 26.7840229326825 -0.616903938588108 -0.392796401290143 0.682012022391089 -0.0200687728294698 0.874123959255276 0.485287985657834 -0.337999398419447 0.216577574331863 0.0632395027070838 0.439976696306575 0.232526449478046 0.212727373032885
23.4525855842527 20.9358513933567 26.9401836206768 -0.0626240897301091 -0.492651748600935 0.867970252267395 -0.124755087132362 0.866720198322309 0.482941144654559 0.0139150936980768 0.0601686706059476 0.337587262534004 0.264499552444876 -0.328042131750623 -0.10265975371692
23.3052635902857 21.405459062036 27.2054797720119 0.377368146375578 -0.536415429915665 0.754885191295008 -0.0336376809636145 0.80667729225291 0.59003401255172 0.272048432237543 0.568272398857011 0.317177450303723 0.425205466845357 0.291655945663698 -0.0202765549441851
23.0259246652936 21.6269870706079 27.4739845465394 0.96460327060124 0.143822453615306 0.221032848332877 -0.225369747528501 0.884826195985488 0.40778788796593 -0.115064605464994 0.115252280338542 0.282892519164377 0.263408987676388 -0.440615834789849 0.387000534911057
23.0021826327422 22.124932491967 27.7443478964999 0.970034293369263 -0.00982981871306243 -0.24276887188271 0.129320128164185 0.866780926267851 0.481629538238717 0.0806541206512661 0.486160213927884 -0.861641343008945 0.202209587982436 0.780899401375025 -0.254527827646694
23.1364763711985 22.1762457514157 28.2451299245857 0.750629155032391 0.080117041724171 -0.655848317059099 0.229120553930952 0.899465679590428 0.372109050875031 -0.165107170891769 0.0997917003084573 -0.576183677415716 0.717639610637726 0.286648406848035 -0.230366828660853
23.5247205107161 22.3516927608326 28.4715079145305 -0.015491641215192 0.500477848968338 -0.865610659521247 0.237947466906898 0.842688759994033 0.482966399945875 -0.427133134783084 0.126138277359727 -0.928350008952119 0.67866775507215 -0.347783776048743 -0.0868914076247156
23.8319009829402 22.7034988688205 28.6219730519441 -0.512949256158313 0.383353682229602 -0.768064382534713 0.278740975306353 0.920642304491151 0.273351617825108 0.0740466491911721 0.181743529291882 -0.254754856838741 0.523362974775413 0.13711638712117 0.150953930148306
24.0130455295702 23.1599310907515 28.5598825332537 -0.905926932981489 0.179971125287377 -0.383284055320345 0.050626440289311 0.94472373375039 0.323935043866688 0.102732953204811 0.332422463794329 -0.198854343068404 0.447235589368141 0.194038405681525 0.174748305349385
23.9698289135378 23.5972291563752 28.4533168117534 -0.93933716448034 -0.120903093295792 0.320979775424541 -0.00497171549106367 0.940515779960866 0.339713455046316 -0.126974774710599 0.390568833359163 0.158835323268756 0.168942470505355 -0.324911266924514 0.247169052443444
23.7728752524292 24.0328729972239 28.506865562497 -0.56137442621905 -0.401888442090172 0.723425404890453 -0.0172531386580892 0.879658320381526 0.475293014245081 -0.61724551680751 -0.167750885839183 0.0470952451190384 0.371148517110122 -0.104927230388972 -0.110398266109627
23.4887145459452 24.3842494018669 28.6490440640382 -0.0704144154008956 -0.463233816225115 0.883434277406135 -0.00916110351278603 0.885895532526584 0.463794200597591 -0.0920556589069476 -0.282839136757576 0.733334992501382 0.340607236141841 0.0607570682826709 0.294310837242822
23.3376282685017 24.7150544422039 28.8711046790273 0.42481200246108 -0.403102306469086 0.810581997594334 0.0785570295725364 0.908429122228161 0.41059128600775 0.364751142591752 -0.174610235380153 0.408822901971798 0.343422940147518 0.288290498072739 0.0161628973950874
23.0903519987863 25.0097242950493 29.1639970627178 0.905904188849299 -0.193127188467578 0.376881109296902 -0.0235002766923042 0.865659249998187 0.500081675140808 -0.0864118919469917 -0.24913742394631 -0.0840003221492645 0.125540898297085 0.068929965468339 -0.00996630513754961
23.024951145957 25.2994731077901 29.5761483548845 0.970574735927681 0.053492841293021 -0.234783046203474 0.0624756933123565 0.885685111208935 0.4600636397363 -0.196758089384126 0.372254623124209 -0.0777568031134543 0.263191170131674 -0.160998356225047 0.17929002330158
23.1321630101598 25.7198610283154 29.9534751786606 0.657948184404732 0.192717984176096 -0.727986157841084 0.253979427553497 0.853274804354095 0.4554299556833 -0.194836514469269 0.197078875837347 -0.239416319394611 0.0867739391903599 0.0616208651584508 -0.148264525327831
23.4466438285755 26.0468426132127 30.1920887534244 -0.140649256417199 0.336155854431805 -0.9312448206679 0.14098474150054 0.937809650139333 0.317232162490601 0.389174637068876 0.523866611448806 -0.257650854451419 0.363585871349038 0.360981667631502 0.660219513625949
18.6596131734229 28.6320732184103 24.8568794847932 0.841533368523258 0.187977927221131 -0.506444241092442 0.530082856386217 -0.106710868291928 0.8412043995577 -0.0115461517716354 0.326928404418947 -0.299752668857311 0.244358474046416 -0.2216903197808 -0.11549866837273
19.0519416428702 28.4830454115226 25.1560083156603 0.508657692964571 0.752291116969291 -0.418718649806904 0.594102789261337 0.045305714898163 0.80311216551082 0.131033882943992 -0.36721198792455 0.146996521301874 0.41648417164685 -0.21450691536611 0.0203576212070991
19.4497987009622 28.4390410272056 25.4474379862867 0.10075104310273 0.977103728496655 -0.187396404189046 0.586687978118645 0.0937728135036061 0.804365437987361 0.115121727459268 -0.231157284142178 -0.463644773059645 0.479391420621391 0.676986697418133 0.128980813668836
19.9422715964847 28.4853640919426 25.5804685429507 -0.470854966392349 0.848472763758629 0.241639092250548 0.676523957645244 0.171470055153007 0.716179615904691 -0.516991607791268 -0.056846912288039 -0.513835127908958 0.441571241672905 -0.384648231972114 -0.218001725970035
20.3214219506876 28.6596522185116 25.8790937638871 -0.792730211295512 0.545368526831778 0.272308401885034 0.529632611588215 0.39507199306356 0.750604629090859 -0.556499640688106 -0.388252135200984 0.178520238002742 0.528066963884257 -0.0106528867726842 -0.26907185091531
20.7053603906477 28.84518286135 26.148969430587 -0.880450651894344 -0.146206586432066 0.451032332219389 0.401686122303444 0.275383323704985 0.873391189249854 0.18013536175066 -0.562073459810802 0.473515264044854 0.174398274729582 0.241855318232769 0.0411390948717641
20.7250823418184 28.9193064128988 26.6629277365431 -0.675625737340022 -0.72033350483444 0.157001228179336 0.201435508268117 0.0244885052365572 0.979195554498657 0.455825867461423 -1.39227721120592 0.528023056281095 0.471627381543578 0.460928205839563 -0.417927869222953
20.6121815727172 29.2846101305381 26.9458518037137 -0.0337195410372593 -0.982901008877684 0.181020662084118 0.507382580425519 0.139211931679847 0.850401573348854 0.341233622361742 -1.02095654266083 0.20094261744583 0.444165269164005 -0.797876483461766 -0.208882374089381
20.6335178595599 29.3822396709774 27.4349731725359 0.344207943442293 -0.914685825751958 -0.211826847570016 0.452215306006215 -0.0362073784560767 0.891173510093155 0.218212588250974 -1.02810640961419 0.140613339908427 0.25872840591907 0.244967102496689 -0.290223786625483
20.637046552188 29.2110768032737 27.8922377182478 0.76259599809592 -0.485734359633339 -0.42721113838321 0.491200042046877 0.0050905949336952 0.871031851473193 0.514902109208596 -0.0811950727478349 -0.0910401057553859 0.355116412678671 -0.0338214415546536 0.144807245300612
20.8222770954352 29.0432125892152 28.2459302711289 0.839337070106038 0.120666779468622 -0.530049707315092 0.530535360707985 0.0307439637378369 0.8471050236799 0.408031471919674 -1.07719518801683 -0.0854462913129797 0.537147262711247 0.330457635314311 -0.267721275190601
21.1830874419602 28.7489462736673 28.530321434078 0.555031815979875 0.709280318820721 -0.434581400177776 0.676211003342949 -0.0804683620113485 0.732300083069653 0.684792145115445 -0.494949133902876 -0.516782823090063 0.599629537425345 0.167561492699406 0.125702620556616
21.589344815967 28.2438083461343 28.6792398032568 0.0780409198077012 0.990383714004342 -0.114234822547873 0.536729850047096 0.0548227246857235 0.841971150323 0.312769715687813 -1.47975952447004 -0.548837818724029 0.15631930234116 -0.214662307259324 0.184795312109542
21.8379250035026 28.6831672630588 28.9661280081556 -0.662619439940669 0.733594188515471 0.15091365425549 0.407031139279319 0.183579465423192 0.89477601251464 -0.363018850045891 -0.800687419557386 -0.391006644296909 0.185126752670031 0.343175353254352 0.328644085936045
22.2480775691567 29.1419564266006 29.105252135984 -0.740166128230646 0.455146423315585 0.494970420091908 0.556358739725949 0.00111279517470066 0.830941391207215 -0.540103466133342 -0.341836408728648 0.35229399650134 0.35426416396578 -0.390904518921162 -0.0776326197228517
22.4990744151809 29.4639520395426 29.4053291025489 -0.830307893702364 -0.180821075229674 0.527155025798058 0.471572591768627 0.276132247189292 0.837478451912415 -0.378174027650622 -0.0236637999018202 0.163656616730947 0.385071778782763 0.131596506186675 -0.0123291984481305
22.4931644703231 29.7419906338031 29.8086494723708 -0.631877601095209 -0.632366293151829 0.448155609884982 0.369559494412931 0.262440667143385 0.891375657234377 0.0689362923069221 -0.57462180111229 0.291010602068769 0.487829008975867 0.269314768784407 0.195280174328456
22.4624237458308 29.8078387920751 30.3042088492266 -0.0838570270756713 -0.974766939199803 0.206875068944873 0.368535617800851 0.162548382485245 0.915291978124151 -0.429661565452344 -0.433887896786874 0.0949816625375349 0.417319184698373 0.159266723648319 -0.0806973512386335
22.4765543806854 29.8634842495454 30.8008063996025 0.420890271247166 -0.896076281664219 -0.141062248318905 0.40188794014104 0.0447910833965806 0.914592655249155 0.12203343333338 -0.481137524304276 -0.382954794809175 0.513894891241331 -0.00226916042527927 -0.201031079617497
22.5124494822012 29.6912648070946 31.2657920166072 0.786373152983855 -0.466386974094688 -0.405092996128083 0.456131958100032 -0.00386765176716317 0.889903680421102 0.390597648044949 0.0408210777103868 0.00457623557857004 0.605573087997064 -0.00737269414947734 0.0589317979392586
22.6100814162831 29.453222447698 31.7054551761603 0.827310212565501 0.160619651983406 -0.538292690247504 0.560418090938479 -0.170163572697618 0.810540444182709 0.437000100105209 -0.120612527342197 -0.362533234706125 0.25428152760802 0.235351273564159 -0.0252246181392811
23.0322577321286 29.3367898138326 31.961612835823 0.508584349118065 0.58510803674988 -0.631656890478967 0.740668362731954 0.0767717479027113 0.667470120796348 -0.0725869938247448 0.374256762161326 -0.298917682192216 0.754890650636704 0.328647472019469 -0.338634415593208
23.4135640806574 29.1437492723413 32.0134191920798 0.129006284519001 0.991527024873236 -0.0152124435357028 0.672492649406568 -0.0762024918169057 0.736170295613791 0.0073004151628984 -0.0194129710674351 -0.610444633533077 0.817991236022946 -0.158702174441409 0.0182729706911495
23.8784319956196 29.27793529105 32.2502214194559 -0.320796397641606 0.931844182204314 0.169575862900855 0.600562888603953 0.0616770105107999 0.797195110969691 -0.0700682217109342 0.333449101342511 0.441608634206217 0.274143344899442 -0.397407673352446 0.00707317903866491
24.2674198019632 29.4012668726582 32.5012342016094 -0.809639885996418 0.397844800941488 0.431512051552565 0.454703656454103 -0.0397010081573554 0.889757437799325 -0.0942970632289444 -0.374559637146856 0.113380088559748 0.16981942115322 -0.0160284438053598 0.200970224656161
24.4521551966631 29.6011879664267 32.8522975446787 -0.795108520076412 -0.421518796385122 0.43603237882225 0.401721086430459 0.172559313708992 0.89935717806786 -0.00547165574472325 -0.428893137857785 0.384732302516077 0.0375102623666739 0.324583145093458 0.639214120795657
