
#id1 id2 FENE BEXC STCK NEXC HB CRSTCK CXSTCK total, t = 100
0 1 0.677648 0 -0.00256604 0 0 0 0 0.675082
1 2 0.00742065 0 -1.30561 0 0 0 0 -1.29819
2 3 2.72725e-05 0 -1.20114 0 0 0 0 -1.20111
3 4 0.0209948 0 -1.3348 0 0 0 0 -1.3138
4 5 0.0496093 0 -1.39611 0 0 0 0 -1.3465
5 6 0.07187 0 -1.14855 0 0 0 0 -1.07668
5 7 0 0 0 0 -2.89937e-79 0 0 -2.89937e-79
6 7 0.931891 0 -0 0 0 0 0 0.931891
6 8 0 0 0 0 0 -0 -0.174643 -0.174643
7 8 0.851178 0 0 0 0 0 0 0.851178
8 9 0.0102556 0 -0.599854 0 0 0 0 -0.589599
9 10 0.184958 0 -1.31771 0 0 0 0 -1.13275
10 11 0.0322574 0 -1.15447 0 0 0 0 -1.12221
11 12 0.0376072 0 -0.959191 0 0 0 0 -0.921584
12 13 0.0208253 0 -0.980773 0 0 0 0 -0.959948
13 14 0.10011 0 -0.682667 0 0 0 0 -0.582557
14 15 0.113466 0 -0.984288 0 0 0 0 -0.870822
15 16 0.115592 0 -1.25586 0 0 0 0 -1.14027
16 17 0.546593 0 -0.979342 0 0 0 0 -0.432748
17 18 0.244852 0 -1.0723 0 0 0 0 -0.827446
18 19 0.73982 0 -0.0280125 0 0 0 0 0.711807
19 20 0.18366 0 -0.0237038 0 0 0 0 0.159956
20 21 0.085206 0 -0.790388 0 0 0 0 -0.705182
21 22 0.0638058 0 -1.225 0 0 0 0 -1.16119
22 23 0.216462 0 -1.30482 0 0 0 0 -1.08836
23 24 0.0831937 0 -1.29687 0 0 0 0 -1.21367
24 25 0.0253772 0 -1.20651 0 0 0 0 -1.18113
26 27 0.0967907 0 -1.30127 0 0 0 0 -1.20448
27 28 0.110084 0 -1.11757 0 0 0 0 -1.00748
28 29 0.121676 0 -0.674302 0 0 0 0 -0.552625
29 30 0.00392966 0 -1.15422 0 0 0 0 -1.15029
30 31 0.0971657 0 -1.40384 0 0 0 0 -1.30667
31 32 0.0917406 0 -1.22005 0 0 0 0 -1.12831
32 33 0.29125 0 -1.17144 0 0 0 0 -0.88019
33 34 0.417108 0 -1.39053 0 0 0 0 -0.973423
34 35 0.240485 0 -1.32054 0 0 0 0 -1.08005
35 36 0.223606 0 -1.34383 0 0 0 0 -1.12023
36 37 0.433409 0 -1.19057 0 0 0 0 -0.75716
37 38 0.122288 0 -1.24887 0 0 0 0 -1.12659
38 39 0.0578472 0 -1.10703 0 0 0 0 -1.04918
39 40 0.0623919 0 -1.30308 0 0 0 0 -1.24069
40 41 0.286025 0 -1.37821 0 0 0 0 -1.09218
41 42 0.170722 0 -1.24102 0 0 0 0 -1.0703
42 43 0.00622673 0 -1.0193 0 0 0 0 -1.01307
43 44 0.0226254 0 -0.181548 0 0 0 0 -0.158923
44 45 0.243975 0 -0.554987 0 0 0 0 -0.311011
45 46 0.887697 0 -0.754468 0 0 0 0 0.13323
46 47 0.0258221 0 -0.994436 0 0 0 0 -0.968614
47 48 0.0750015 0 -1.12265 0 0 0 0 -1.04765
48 49 0.0336566 0 -1.1182 0 0 0 0 -1.08454
49 50 0.197755 0 -2.88871e-08 0 0 0 0 0.197755
51 52 0.0299903 0 -1.33081 0 0 0 0 -1.30082
52 53 0.0716358 0 -1.04987 0 0 0 0 -0.97823
53 54 0.166285 0 -1.14769 0 0 0 0 -0.981407
54 55 0.0349203 0 -1.27509 0 0 0 0 -1.24017
55 56 1.1317 0 0 0 0 0 0 1.1317
56 57 0.736107 0 -0 0 0 0 0 0.736107
57 58 0.024139 0 -1.28872 0 0 0 0 -1.26458
58 59 0.049439 0 -1.39863 0 0 0 0 -1.34919
59 60 0.308746 0 -1.30386 0 0 0 0 -0.995116
60 61 0.301662 0 -1.06309 0 0 0 0 -0.761432
61 62 0.103861 0 -1.31208 0 0 0 0 -1.20822
62 63 0.127224 0 -1.27079 0 0 0 0 -1.14357
63 64 0.0153227 0 -1.19452 0 0 0 0 -1.1792
64 65 0.678195 0 -1.30305 0 0 0 0 -0.62486
65 66 0.147089 0 -1.3168 0 0 0 0 -1.16971
66 67 0.0712708 0 -1.30932 0 0 0 0 -1.23805
67 68 0.105012 0 -1.03742 0 0 0 0 -0.932404
68 69 0.298873 0 -0.564029 0 0 0 0 -0.265156
69 70 0.269209 0 -0.127655 0 0 0 0 0.141554
70 71 0.0379479 0 -1.09833 0 0 0 0 -1.06038
71 72 0.0215658 0 -1.34714 0 0 0 0 -1.32557
72 73 0.251889 0 -1.26117 0 0 0 0 -1.00928
73 74 0.0594221 0 -1.21573 0 0 0 0 -1.15631
74 75 0.0441772 0 -1.32657 0 0 0 0 -1.28239
#Total energy per particle is  -0.769208 and should be -0.76920810

