t = 100
b = 30 30 30
E = -0.544132317466159 -0.73546450256214 0.191332185095981
14.0064838991785 7.03297857042938 14.8872399312861 0.148613128849269 0.473086384060358 -0.868391210813229 0.444547468375551 0.752449489802457 0.486001230052795 1.28854593600335 0.61198046175541 -3.64420280351953 0.225771468574886 -0.526198674855447 -0.409306000950144
14.2161384766424 7.19950666062809 15.6908710611883 -0.514225361438974 0.633878298651233 -0.577728708846717 0.310463565607146 0.765507427796778 0.563569547602546 -0.288971335477983 -0.0333235700692024 -1.10627921363211 -0.0811258564253763 -0.232404358170734 -0.534789497966205
14.4411293710846 7.60813912364441 15.7980739348832 -0.933888250068753 0.357301879667667 -0.0137107773976962 0.335473865174592 0.888815633013515 0.312192150589209 0.496008098281621 0.690306181779651 -0.228009257333755 0.136963278294468 0.43287047524065 0.347132564818766
14.4436313107502 8.07261124946258 15.887766565177 -0.981135902253372 0.0486646881926749 0.187093490680547 0.0892784829642626 0.972472462902652 0.215236044763997 0.05418806317255 0.783007267414133 0.584056216993709 0.815946449565709 0.399231528653064 -0.45957989765028
14.2775936476004 8.45769080718165 15.7330168396429 -0.519625008849504 -0.06113799173351 0.852204128857278 0.14985093871926 0.975454044267403 0.161350542669955 -0.325959040788469 0.59606202965189 0.944101493223315 0.512893486981127 -0.410658046355671 0.139278017557665
14.2443391961056 8.92498753426041 15.9305560168242 -0.134616727598878 -0.451185892975062 0.88221851603675 0.40387520509593 0.788030291378843 0.46464283027351 0.0875244371688814 -0.0630192634413926 0.532040087465277 0.398617206517767 -0.195224842115327 -0.322874826606485
14.1616011203045 9.3052045165896 16.1539968412257 0.652367499717285 -0.489444713564704 0.578671236030101 0.335205318906409 0.871109100195461 0.358895821486689 0.0746388197219813 -0.221563547035214 -0.0681668278607793 0.134955507800882 0.234178832068175 0.322929799852066
14.3384628159292 9.67246054095961 16.4730365283562 0.760910917836341 -0.637420414097296 0.121283442347995 0.484142435561478 0.682192244844858 0.547923101968763 0.742805797810551 -0.0236853229691707 -0.532244124370619 0.256608340771892 0.397400971040412 -0.581910462385455
14.3523682478785 9.75982553206284 16.9114726846921 0.888163879943309 -0.158111110151495 -0.431469210980518 0.407041563583276 0.706450842600398 0.579002813484212 0.20804621928134 -0.137745059080143 -0.0408120832256493 0.675696169187816 -0.012834872767247 -0.158840312733626
14.6069813186703 9.85562805022926 17.2667715865823 0.608407089397447 0.25760312532468 -0.750653931206665 0.386231143381356 0.730178257963468 0.563617865420309 0.0964659332974932 0.046971987770705 0.0647767789445631 0.510853438700253 0.0894858514022907 0.277732322348194
14.9951440651233 10.1240096784948 17.4894932405747 0.104158849013908 0.385871639753197 -0.916653639515036 0.519251549884874 0.764981414389972 0.38102644059267 -0.0812885918921799 0.0846283175620032 -0.384527641481918 0.353522892979074 0.0768795272731836 -0.395558980747181
15.4053712915529 10.3504558813387 17.4534786078942 -0.518626557388339 0.628739188883897 -0.579407807272775 0.497427459887237 0.773058797100648 0.393631682226922 0.0499842983753485 -0.0502347945044633 -0.335456734305137 0.441431316008645 0.0229589106493686 0.0579250301310582
15.633716433196 10.7608944310152 17.4908423609272 -0.883475642502768 0.385169068218884 -0.266674821775777 0.267324260656498 0.88194865291719 0.388206380934337 -0.203126688535636 -0.0995132249686046 0.436792882714586 0.432667121321172 -0.108447257800497 -0.339906712338862
15.7263100533231 11.122741356889 17.3531238355061 -0.802209481421537 0.245828049321127 0.544084919233343 0.467730442071701 0.825139425058088 0.316817051171892 -0.480252004701081 0.352120700559485 0.372772353307229 0.479067064524867 -0.325229424816955 0.141565324481239
15.7340608642391 11.6242157684045 17.4301027364455 -0.564064969267237 -0.201222747483808 0.800837060301981 0.165914483249694 0.922453892110272 0.348641775828859 0.093173453215504 -0.0703440070875211 0.89200150570036 0.401577557732712 0.314628725657275 0.229589064404582
15.6195402215223 12.0114720358643 17.52435128963 0.012659237339773 -0.376867908840442 0.926180438063903 0.0811506234933607 0.923586466017477 0.374703223673242 -0.047760901095071 -0.0404158998991043 -0.097981191348886 0.489468227768545 -0.0444929029877893 0.0271968014531587
15.4948516071059 12.4022545512404 17.7933384721878 0.542631812015276 -0.516914424958277 0.662080112048932 0.202137312608384 0.845414770870728 0.494382701653951 -0.226256991407135 -0.502857203612685 -0.0800122553734122 0.717348205647399 0.067006711481586 -0.0134157133839623
15.3547326868146 12.6440064631905 18.3031873524879 0.946112043932447 -0.315155758969346 0.0744897972699224 0.172650774657199 0.685486490136319 0.707318794537249 -0.334649814696464 -0.72581400507457 0.368869770624516 0.500668301500037 0.125238623983989 0.174065734062999
15.4163751647038 12.8181765125355 18.7952971983187 0.851121641925039 -0.221485097226549 -0.4759581737643 0.50224330761011 0.607412427099067 0.615468679536951 -0.881928079605482 -1.06814020762086 0.823688644519085 0.685382199578817 -0.330603033348206 0.254515521160471
15.4024047885792 13.1477371464938 19.4696450394389 0.414419651311032 0.139860914794403 -0.899274796419053 0.670236892996891 0.621547893883456 0.405537442614372 -0.879646266374355 0.0932713333311273 1.35747115294327 0.721897633287441 -0.291288908198108 -0.0104711191355073
16.1369222720663 13.3527643688258 19.140472530256 0.107960347162013 0.368725802852563 -0.923247382097736 0.478809348621332 0.794585265406111 0.373330613188645 -1.0024529058303 0.0340139279825219 0.0132953571309193 0.586593417078521 -0.155496307844703 -0.620878733339668
16.6354941446209 13.5370046227427 19.1723497597804 -0.585357698937865 0.686693893381202 -0.431054224912345 0.514954900729356 0.725536351899823 0.456528569107217 -0.628191711662792 -0.0899290716679417 -0.110699982381586 0.474608951109408 -0.261220727817693 0.27968579044481
16.8965637222795 14.0088792130856 19.2296383806666 -0.882780840476441 0.398427727423739 -0.24890402879898 0.353829497854333 0.912426015216299 0.205629132867828 -0.581213247258078 0.11598624776819 -0.128330439577768 0.242291350090164 0.21136553863554 -0.377879062647591
17.0395888796206 14.4561136878697 19.1025931898195 -0.923349060091299 0.138111679676573 0.358261857027787 0.252798519114303 0.920966858767339 0.296500992601335 -0.548049001242606 -0.0192060100598709 0.0635730580920339 0.616300281994653 -0.0641530796139699 -0.17680762538688
17.0546083662097 14.9163001555003 19.1060664131423 -0.572390761055386 -0.152301190110746 0.80571275590133 0.259902729002405 0.898237193540194 0.354429680759465 0.0847742400185402 0.0639512068728147 0.0487453168140865 0.463570046609896 -0.135766946941251 0.161801597250929
17.0174866545352 15.4017940285614 19.2036208773808 0.187980564174363 -0.49496031543964 0.848338069137275 0.297138909078231 0.851920106113644 0.431208166337926 -0.280291086971674 0.0855037663854235 0.9030082305414 0.0785886441250213 -0.157519382060936 0.445903546780135
2.80964293637305 5.79312394916355 25.1950859822771 0.265837850944691 -0.61344989706106 0.743645979917521 0.480706541404475 0.753009032617514 0.449331169714225 -0.223765627026677 0.0332794251511549 0.00973758505628257 0.245822987278669 -0.161604475381175 -0.0970104785246094
2.9166921777058 6.11714547625328 25.5294470995532 0.648841798214431 -0.688570248141459 0.323844431632813 0.521377423096634 0.712294319195001 0.469896020315282 -0.0601102533704014 -0.04081083643554 0.143686977953901 0.52813061994621 0.280934803141796 0.154459069298987
3.17968919788705 6.28515282588176 25.923422580163 0.814018653309275 -0.542374874786852 -0.207853333517303 0.572731401432593 0.6899234579768 0.442701083233703 0.412579461592668 -0.373394351961763 -0.0738504946559533 0.326041574021845 0.260729744610391 0.300248287204194
3.46192997477172 6.55874464565477 26.2044421781134 0.671373149565787 -0.305470378262325 -0.675237604834203 0.593172467309681 0.767690345656858 0.242482655130801 0.0677147493222034 -0.119129481401491 -0.223045598931491 0.575619108888695 0.328530440293029 -0.114295759180304
3.87625247970743 6.64691646552041 26.3496957778284 0.317161251878505 0.195064377456229 -0.928094019884459 0.664547971360357 0.652465239679412 0.364232055269008 0.0535851780684739 0.129365486812011 -0.531661065935591 0.694615182070883 0.140695127154115 0.147994956950223
4.36403861807141 6.78323522204234 26.4877584619951 -0.124906889041588 0.444072244167071 -0.887241789636368 0.796564603416065 0.578013215316704 0.177159390567805 -0.164162248244367 0.261880844567294 -0.55350748665506 0.607333566739658 -0.0581765581167129 -0.221883586991412
4.78156826327 6.95372418657881 26.3786412157003 -0.555684877278866 0.726509763580974 -0.404224889674423 0.731232649759139 0.658442236641802 0.1781923621761 -0.0892158421499588 0.0680948486003669 -0.209832641565648 0.485475857824651 0.0624448533517055 0.293826217950195
5.09751948674857 7.35498072491977 26.4265807763621 -0.880410514127251 0.464651618245331 -0.0947422103301474 0.447903251194525 0.88042173010301 0.155692446168114 -0.0569514939685807 0.328525358717291 0.160949183104601 0.263502751091263 0.117199075676115 -0.521564677622032
5.1841292992588 7.80083513742156 26.2467412919215 -0.735394043010584 0.187504418632798 0.651181676104382 0.410402725159247 0.88791073176862 0.207807650090697 0.0512043541794806 -0.157680377623174 0.528405967197811 0.419350339926964 0.405879126214547 0.146280896107926
5.15892392842815 8.34607699782719 26.2625553238885 -0.303530494796458 -0.223456746879563 0.926248455846555 0.366142789976274 0.870118046301047 0.329899874632162 0.0253451320700414 0.127838817265009 0.278017352887331 0.770934863527581 -0.268710960716651 -0.333959638657992
4.95322505734105 8.73392359624196 26.370902950666 0.392006806915781 -0.25431176738547 0.88411315411244 0.224296791386638 0.95845131158718 0.1762439298398 0.0273344756160979 -0.449751083937454 0.405065768798947 0.5922940313652 0.0167264646156103 0.58308814286391
5.01229875244242 9.20330693499506 26.5794737592294 0.712556373935137 -0.551201408330551 0.43409711164269 0.418838486314439 0.830551214794764 0.367095199161817 0.283738117618409 0.0273640731002891 0.183825707112303 0.108846825542556 0.0123627141691405 0.182129903687173
5.28422634361812 9.4968547981946 26.9099841451149 0.774406207166098 -0.600215953549947 -0.200089270872219 0.616773176011688 0.645691380844737 0.450192598869838 0.187998731448096 -0.0502272414536141 0.0151696557266746 0.436662895529437 -0.138455111932148 -0.372124601846191
5.55415102713493 9.56878451721178 27.278118164457 0.741933707523605 -0.191528151010381 -0.642534996566175 0.534639325429227 0.747301616365246 0.39458961972355 -0.0276592832720682 -0.0651340274974612 -0.50779651307082 0.638958845173621 0.0687623645660947 0.296109527101454
5.99956903785731 9.67456937979271 27.4667880945145 0.289884863608585 0.319430306217212 -0.902181205491344 0.494095248111187 0.757370669496806 0.426918535065867 0.174173261500508 0.125634492060951 -0.789165440018021 0.2836376907813 -0.515025632905626 0.0504236936153865
6.44887905361335 9.93666018508117 27.575472131782 -0.194501508904072 0.531438507477466 -0.824464769817467 0.565712954224407 0.747423495776988 0.348320042751705 0.352060462268441 0.244292311324619 -0.670540665507287 0.384338929044282 0.286569848131854 0.144451405704839
6.89938018665725 10.250638102873 27.3970496954496 -0.528720314649859 0.699897542331779 -0.480206352275834 0.702646224627719 0.678289270491062 0.214969374088377 0.290830570559276 1.04054781421583 -0.610167922941385 0.60241429617249 -0.0174518848918376 0.115622887200862
7.25389589091898 10.5796495459429 27.1794631898631 -0.73426269068732 0.676507917517751 0.0565262870946783 0.678454519605671 0.734166474469666 0.0264374617641544 -0.145564068939845 0.305505041465167 -0.280392695221762 0.543437729718611 -0.0964829272358467 0.0968373629678873
8.04410637761149 11.036293502297 26.2544942077113 -0.746442529427288 0.431309733609337 0.506749791369147 0.588261573599508 0.783676037671383 0.199499548552948 2.73472516640818 0.535017186084636 -3.31819007069043 0.162229004875793 -0.256375308229549 -0.468772737268415
8.45489220756392 11.6875741647321 24.7782853451479 -0.146480811781713 -0.0277605939725397 0.988823848121136 0.490794912205362 0.865857215972829 0.0970129785803141 4.358529056075 0.633154988634598 -8.94769711410496 0.246361801881067 -0.441652205077286 0.170779642652175
7.16514650501282 11.8789973204623 27.2008388071411 0.0625911228999282 -0.474553237422487 0.877998552765671 0.567513004772377 0.740578998415091 0.359821646542596 -0.089510760929045 -0.0912291342402394 0.0155061302925538 0.0756610250665885 0.0465564050979229 -0.572588310771189
7.3086911498258 12.2225762116744 27.518224004987 0.501530041637618 -0.704752958308597 0.501787571875917 0.603329082962994 0.700608533485452 0.380974515611775 0.214503725395435 -0.443339530535435 -0.167754038632551 0.311319512473629 0.493796073951635 -0.217024431652327
7.43815949493649 12.5638160423263 27.9425862018469 0.687998880624097 -0.718737941613983 -0.100365298796565 0.701291669929197 0.622884403177069 0.346705777625989 0.444933769713295 -0.0942881558717651 -0.661213178156329 0.480660704632392 0.291528995937851 -0.191148094825484
7.68587149001587 12.6783806745483 28.3599634400763 0.673010405482057 -0.241375712442261 -0.699138498911211 0.6255122927047 0.690177224452977 0.363853891385509 -0.0252443312932212 0.282562473447754 -0.0171366776371641 0.498766628757893 -0.223238001392218 0.0725474583790784
8.07990506700307 12.7851412900445 28.570052308032 0.160179137698503 0.349124710612589 -0.923284608616397 0.532858846947664 0.756780504793247 0.378608766047467 0.668778006551362 -0.191258702114596 -0.727338070177322 0.152159753884209 -0.0480292461261623 0.722971080878516
15.2749458156114 9.32710020470605 1.05306151605053 -0.687065824841866 0.707887127420992 -0.163817739156059 0.558727423282762 0.658861275186043 0.503711593865951 -0.512994439819901 -0.0661507439422968 -0.107276164553739 0.276681949339386 -0.0558769495752883 -0.636190240155117
15.5561272239907 9.72037495073332 1.02922230301163 -0.855376134143127 0.273925969294224 0.439654538627409 0.502111649542601 0.6470919835933 0.573720957926794 -0.375598676895454 -0.0705959947155196 -0.794469547866945 0.450620311227737 0.2795790989488 0.0661994687806175
15.4909192494183 10.2097535632854 1.12014680692736 -0.354847599178864 -0.306581261760261 0.883227603398037 0.671667188780765 0.573550284234977 0.468938311958801 -0.477422322371373 -0.323583595704307 0.096245283311583 0.479938303885142 -0.30685641645957 0.366083870317802
15.510245117754 10.6342327922733 1.39864256511163 0.0584152658419444 -0.681479411215272 0.729502128020813 0.402990094774385 0.684660995776386 0.607320497860899 0.336096401879574 -0.409781697466923 0.421048620374444 0.232366512823721 -0.332563013571358 0.472812428662172
15.5374053111709 10.9783470602823 1.73810350002325 0.50685689126726 -0.79416143954881 0.335266438878524 0.421520478068202 0.567590033585022 0.70722126865807 0.404827326095156 -0.0730925379699495 0.353607222695494 0.396206226184829 -0.411267330433527 0.312471017419445
15.5327895062162 11.1798029477308 2.30072769063191 0.602192542754896 -0.781799921781046 0.161718617257205 0.608679291082496 0.580682485089292 0.540663716275621 0.510524876396442 -0.289966802585484 -0.224340024360332 -0.0982954523883276 0.585974954822672 -0.14471934470929
15.7235641953782 11.3244924599554 2.77122738296482 0.695895865599319 -0.494065678455554 -0.521179366349652 0.71814051221781 0.47699962144426 0.50670054944227 0.365043357105311 0.0472329975461978 -0.000741331136380934 0.199400380772388 0.0777040408024136 -0.587407216798657
16.0190395505952 11.2469944919597 3.10237075494673 0.617342228712635 0.289131381065689 -0.731636178862311 0.506177730866497 0.565948401303589 0.650758321287709 -0.0400218289220459 0.137781540769503 -0.0416409952197197 0.284945855870606 0.193734784171031 0.415653833588245
16.4035855207537 11.3522632863066 3.46020438445845 0.0210720489017414 0.609256396643866 -0.792693190271905 0.522766987757419 0.669130807711572 0.528184171925935 0.21039486146772 0.566952532991949 -0.0803126648940056 0.0896715299508577 -0.494174658865214 -0.168308641109696
16.8159054410017 11.5804490921281 3.57855133495582 -0.564648844712376 0.719466937844095 -0.40439942296829 0.568784661535379 0.694266897081081 0.440995882318153 -0.277278863639951 0.318308845915251 -0.04446370819565 0.132876548743478 0.171091464638998 0.486503486561356
17.0455500412995 11.8029101394129 3.79581915477865 -0.729637400008813 0.683783412282238 -0.00833008974047802 0.534924909283767 0.578300569476614 0.615973760456837 -0.429474845394373 0.716812320275631 0.468971308895829 0.125933026614257 0.143837173373068 0.0545530754016274
16.5006797365535 12.1658111074636 5.71710035910222 -0.952810626292206 0.219274203421175 0.209930028068173 0.303563604768846 0.690437289698995 0.65661660672383 -4.19056146071153 0.148148627995615 8.66638466986243 0.0790267357896538 0.532746646721978 -0.0857914893325431
17.2755167073088 12.6764007440729 3.7581538826211 -0.620029213007292 0.114341339327531 0.776202113446086 0.708519772880981 0.506534335666377 0.491347719740287 -1.02644133387625 -0.287959660697648 0.760936053135425 -0.072249143708738 -0.638047261411737 -0.980994876046651
17.553466133327 12.9974290904309 4.0204485166733 -0.501430454368707 -0.400293479097459 0.767028375753491 0.523516637294017 0.565451168553526 0.637334439145597 0.215957688619776 -0.746206857309838 0.709977381852586 0.0500337094369967 0.598063936670214 -0.435527075714869
17.4350647185298 13.3568833950345 4.29684506143653 0.379602880335837 -0.701960151291219 0.602622170512202 0.402930274219788 0.711797295554049 0.57531876844448 0.201842344284996 0.00629341078294297 0.272876488438208 0.0973104444601893 0.079241572735506 -0.0254189626629682
17.4622555214572 13.4922496451299 4.76605132138513 0.849649111345861 -0.526442349069618 -0.0308986131933966 0.440254185472425 0.675852541708712 0.59110022411856 0.116915390646196 -0.0616663035509267 -0.0913538243487433 0.324577273875578 -0.0136078794946504 0.2341199873539
17.7432403461745 13.5603713044747 5.23298676280061 0.816456744350643 -0.245225573807263 -0.522745333946048 0.574470894891164 0.436163333993964 0.692635994795498 0.116038290564514 0.00559070499769015 0.0747429435626965 0.304025380136126 0.113072926760064 0.079739718247355
17.9297874562248 13.5686669861899 5.74506971363951 0.609878508666563 0.195017679056911 -0.768125113717241 0.624723207363927 0.478063756100338 0.617394398240848 -0.285688039634615 0.0777097573858144 0.581338276719101 0.555889606754926 -0.191724299464934 0.223350390211512
18.2356016488198 13.1408778408407 6.45775982540593 0.219695632173872 0.560238496148111 -0.798665473208059 0.622749281427149 0.549632622899344 0.55685473441113 -0.0492649439606534 -1.01619075626101 1.77603814797857 0.310456115503441 0.171672548756446 -0.414190326120481
18.6188962626536 13.558935311033 6.25556318230968 -0.442990243420234 0.682532613683379 -0.58129919689689 0.728322787109794 0.652069975408907 0.21059574369046 -0.236937556604342 -0.374227435247781 0.793971534548773 0.823058167446352 0.109299209880864 -0.194179763713755
19.030826817281 13.9548749876315 6.02415301234538 -0.740045704118017 0.659257610234123 -0.133085087787839 0.549761806893175 0.706953860838287 0.444947278038783 -0.705965574269629 -0.399977234163699 0.626737262975803 0.830424185942324 -0.266941564552032 -0.190589360312771
19.2984597228441 14.3778258308645 5.93945288949229 -0.780741631788284 0.348467177791801 0.518664642334014 0.607610925428727 0.61703971861866 0.500070825659319 -0.842745007837459 -0.0160726924612207 -0.51108236356669 0.462782776477689 -0.11121849147607 -0.0498547063772168
19.5356381249563 14.7756727471284 6.17510648666794 -0.729735694310409 -0.129402643728083 0.671372217919972 0.431070540067835 0.675111294179735 0.598667530645632 0.2550882689551 -0.384461221878309 0.690788706144613 0.433791440460598 -0.100512264772156 -0.114239669695859
19.5831879658768 15.2416038251984 6.2555369464119 -0.11781318127492 -0.541918042534483 0.83213266387411 0.352489261197592 0.760579318202449 0.545225005766908 -0.407475239911681 -0.130604180150377 -0.168602279730973 0.320196741525107 -0.167346078468883 -0.137960370385006
19.6025084742056 15.6100173942206 6.60626763125847 0.335029244681133 -0.81057825590495 0.480331320087336 0.411096553120492 0.584465668913737 0.699570860215629 0.599354820228897 -0.244995275003444 0.279941864142535 0.291436967705149 -0.0229619216321742 0.199353971392463
