t = 0
b =  30.0 30.0 30.0
E = 0. 0. 0.
8.90516605307 10.3774254124 15.7276031492 -0.78029744107 -0.144039678736 0.608595493254 0.454077642583 0.538675961156 0.709677182513 0.0 0.0 0.0 0.0 0.0 0.0
8.84190996313 10.8630161143 15.948703668 -0.379899627121 -0.603431047561 0.701104303333 0.454077642583 0.538675961156 0.709677182513 0.0 0.0 0.0 0.0 0.0 0.0
8.69205574122 11.2110546899 16.3296209348 0.164828406755 -0.833568872588 0.527251866738 0.454077642583 0.538675961156 0.709677182513 0.0 0.0 0.0 0.0 0.0 0.0
8.57977415983 11.3690812148 16.8307252813 0.64693537312 -0.747019946391 0.153087630788 0.454077642583 0.538675961156 0.709677182513 0.0 0.0 0.0 0.0 0.0 0.0
8.61496151709 11.3568245194 17.366725958 0.883260775055 -0.376665653052 -0.279237155588 0.454077642583 0.538675961156 0.709677182513 0.0 0.0 0.0 0.0 0.0 0.0
8.85148819582 11.2587068766 17.8390745163 0.784020641213 0.136790219395 -0.605475077959 0.454077642583 0.538675961156 0.709677182513 0.0 0.0 0.0 0.0 0.0 0.0
9.26673240438 11.1917705685 18.1734050115 0.386917957649 0.598277200483 -0.70168289521 0.454077642583 0.538675961156 0.709677182513 0.0 0.0 0.0 0.0 0.0 0.0
9.77017457357 11.2612115671 18.3477868687 -0.15718132695 0.832468670447 -0.531309649059 0.454077642583 0.538675961156 0.709677182513 0.0 0.0 0.0 0.0 0.0 0.0
10.2377872543 11.5204138254 18.4010566747 -0.641564797508 0.750391374373 -0.159082984206 0.454077642583 0.538675961156 0.709677182513 0.0 0.0 0.0 0.0 0.0 0.0
10.5591552193 11.9506678211 18.4180635094 -0.882207075102 0.383227849301 0.273581966072 0.454077642583 0.538675961156 0.709677182513 0.0 0.0 0.0 0.0 0.0 0.0
10.6794240538 12.468278617 18.4974333619 -0.787684135149 -0.129530342949 0.602308553393 0.454077642583 0.538675961156 0.709677182513 0.0 0.0 0.0 0.0 0.0 0.0
10.6201402648 12.9563629672 18.714099468 -0.393906822876 -0.593077792281 0.702208051218 0.454077642583 0.538675961156 0.709677182513 0.0 0.0 0.0 0.0 0.0 0.0
10.4710654032 13.309255216 19.0908339216 0.149522277178 -0.831305072593 0.535326970092 0.454077642583 0.538675961156 0.709677182513 0.0 0.0 0.0 0.0 0.0 0.0
10.3560741494 13.4726514474 19.5895961748 0.636145364253 -0.753705657148 0.16506622284 0.454077642583 0.538675961156 0.709677182513 0.0 0.0 0.0 0.0 0.0 0.0
10.3860922514 13.4642404504 20.1259852787 0.881086191665 -0.389760861265 -0.26790594223 0.454077642583 0.538675961156 0.709677182513 0.0 0.0 0.0 0.0 0.0 0.0
10.6169539785 13.3669834529 20.6013052147 0.791287643888 0.122260602266 -0.599096160698 0.454077642583 0.538675961156 0.709677182513 0.0 0.0 0.0 0.0 0.0 0.0
11.0281897489 13.2975957636 20.940061162 0.400865690574 0.587833218908 -0.702679731363 0.454077642583 0.538675961156 0.709677182513 0.0 0.0 0.0 0.0 0.0 0.0
11.5308028661 13.3622046749 21.1186412424 -0.141851840706 0.83007816764 -0.539303523905 0.454077642583 0.538675961156 0.709677182513 0.0 0.0 0.0 0.0 0.0 0.0
12.0010808517 13.6160299307 21.1742870675 -0.630677486066 0.756962542318 -0.171036891041 0.454077642583 0.538675961156 0.709677182513 0.0 0.0 0.0 0.0 0.0 0.0
12.3275958845 14.0424048219 21.190945028 -0.879898210104 0.396264191431 0.262209516314 0.454077642583 0.538675961156 0.709677182513 0.0 0.0 0.0 0.0 0.0 0.0
12.4535380927 14.5591081479 21.267373656 -0.79483089301 -0.114981550965 0.595838144512 0.454077642583 0.538675961156 0.709677182513 0.0 0.0 0.0 0.0 0.0 0.0
12.3982985738 15.0496014258 21.4796236077 -0.407794030798 -0.58254387976 0.703097899727 0.454077642583 0.538675961156 0.709677182513 0.0 0.0 0.0 0.0 0.0 0.0
12.2501023928 15.407303808 21.8521447478 0.134170601667 -0.82878804902 0.543239007666 0.454077642583 0.538675961156 0.709677182513 0.0 0.0 0.0 0.0 0.0 0.0
12.1324904046 15.5760839283 22.3484972368 0.625161579346 -0.76016178186 0.176994534121 0.454077642583 0.538675961156 0.709677182513 0.0 0.0 0.0 0.0 0.0 0.0
12.1573840181 15.5715851465 22.8851956354 0.878643220887 -0.402737344545 -0.256493122128 0.454077642583 0.538675961156 0.709677182513 0.0 0.0 0.0 0.0 0.0 0.0
17.8089037188 8.07373106124 26.8305451643 0.926563546562 -0.210689535916 0.311592544259 0.0110927705992 0.843344683012 0.537258500237 0.0 0.0 0.0 0.0 0.0 0.0
17.7865556752 8.20449904814 27.3512037863 0.971016202427 0.11920453844 -0.207166147426 0.0110927705992 0.843344683012 0.537258500237 0.0 0.0 0.0 0.0 0.0 0.0
17.9855508056 8.36243971332 27.8246388785 0.646563568465 0.40381081565 -0.647218956071 0.0110927705992 0.843344683012 0.537258500237 0.0 0.0 0.0 0.0 0.0 0.0
18.3319301217 8.61242906664 28.1505403893 0.0764706248766 0.535002612637 -0.841382462381 0.0110927705992 0.843344683012 0.537258500237 0.0 0.0 0.0 0.0 0.0 0.0
18.6957409191 8.98437228234 28.2846487413 -0.522674787623 0.462937972317 -0.715890704067 0.0110927705992 0.843344683012 0.537258500237 0.0 0.0 0.0 0.0 0.0 0.0
18.9404079823 9.4618422234 28.2555697848 -0.923247309648 0.214995456404 -0.318420098224 0.0110927705992 0.843344683012 0.537258500237 0.0 0.0 0.0 0.0 0.0 0.0
18.9746207921 9.98832038551 28.1539069568 -0.973062742866 -0.11462742793 0.200023626634 0.0110927705992 0.843344683012 0.537258500237 0.0 0.0 0.0 0.0 0.0 0.0
18.7870239191 10.4886692218 28.0978395209 -0.653195371328 -0.400701435925 0.642475031518 0.0110927705992 0.843344683012 0.537258500237 0.0 0.0 0.0 0.0 0.0 0.0
18.4505311407 10.8976781532 28.1882242886 -0.0851681573778 -0.534542269041 0.840839430318 0.0110927705992 0.843344683012 0.537258500237 0.0 0.0 0.0 0.0 0.0 0.0
18.0946242781 11.1848381575 28.4702784309 0.515215863496 -0.465301557078 0.719754871455 0.0110927705992 0.843344683012 0.537258500237 0.0 0.0 0.0 0.0 0.0 0.0
17.8561608878 11.3659326573 28.9164007188 0.919860763877 -0.219285004154 0.325223403266 0.0110927705992 0.843344683012 0.537258500237 0.0 0.0 0.0 0.0 0.0 0.0
17.8273797876 11.4970411334 29.4366576918 0.97503518081 0.110041588098 -0.192865873268 0.0110927705992 0.843344683012 0.537258500237 0.0 0.0 0.0 0.0 0.0 0.0
18.0208579875 11.6532335931 29.9129508828 0.659777430834 0.397561541234 -0.637682180003 0.0110927705992 0.843344683012 0.537258500237 0.0 0.0 0.0 0.0 0.0 0.0
18.3647324736 11.9000502185 30.2438844008 0.093859203994 0.534041217981 -0.840232365077 0.0110927705992 0.843344683012 0.537258500237 0.0 0.0 0.0 0.0 0.0 0.0
18.7300021681 12.2686015564 30.3832869248 -0.507717703686 0.467629707324 -0.723564226722 0.0110927705992 0.843344683012 0.537258500237 0.0 0.0 0.0 0.0 0.0 0.0
18.9795375962 12.7437491008 30.3577529605 -0.916404167148 0.223557852503 -0.332001941287 0.0110927705992 0.843344683012 0.537258500237 0.0 0.0 0.0 0.0 0.0 0.0
19.0201786654 13.2698566648 30.2565391433 -0.97693336605 -0.105447368172 0.18569343242 0.0110927705992 0.843344683012 0.537258500237 0.0 0.0 0.0 0.0 0.0 0.0
18.8381277432 13.7719274978 30.1976541499 -0.666309245735 -0.394391370692 0.632840766522 0.0110927705992 0.843344683012 0.537258500237 0.0 0.0 0.0 0.0 0.0 0.0
18.5041916074 14.1840968054 30.283025229 -0.102543102869 -0.533499497615 0.839561312888 0.0110927705992 0.843344683012 0.537258500237 0.0 0.0 0.0 0.0 0.0 0.0
18.1468807681 14.4746548858 30.5597743359 0.500180879207 -0.469922245757 0.727318479772 0.0110927705992 0.843344683012 0.537258500237 0.0 0.0 0.0 0.0 0.0 0.0
17.903586176 14.6580941755 31.0023157131 0.912877782693 -0.227813676056 0.338755196074 0.0110927705992 0.843344683012 0.537258500237 0.0 0.0 0.0 0.0 0.0 0.0
17.8683821031 14.7896033306 31.5220763479 0.978757154032 0.100845118021 -0.178506850297 0.0110927705992 0.843344683012 0.537258500237 0.0 0.0 0.0 0.0 0.0 0.0
18.0562857543 14.9441001335 32.0011463406 0.672790318607 0.391191165721 -0.627951159766 0.0110927705992 0.843344683012 0.537258500237 0.0 0.0 0.0 0.0 0.0 0.0
18.3975519798 15.1877689749 32.3370748466 0.111219192689 0.532917149196 -0.838826324855 0.0110927705992 0.843344683012 0.537258500237 0.0 0.0 0.0 0.0 0.0 0.0
18.7641706237 15.5529162972 32.4817928656 -0.492605964017 0.472178997792 -0.731017344704 0.0110927705992 0.843344683012 0.537258500237 0.0 0.0 0.0 0.0 0.0 0.0
19.0184997227 16.025696837 32.4598754577 -0.909281879061 0.232052150715 -0.345482653342 0.0110927705992 0.843344683012 0.537258500237 0.0 0.0 0.0 0.0 0.0 0.0
