
#id1 id2 FENE BEXC STCK NEXC HB CRSTCK CXSTCK total, t = 100
0 1 0.0111743 0 -1.02769 0 0 0 0 -1.01652
1 2 0.313377 0 -1.16891 0 0 0 0 -0.855536
2 3 0.242795 0 -1.1426 0 0 0 0 -0.899809
3 4 0.0741265 0 -1.15395 0 0 0 0 -1.07983
4 5 0.140441 0 -1.2004 0 0 0 0 -1.05996
5 6 0.0710185 0 -1.40186 0 0 0 0 -1.33084
6 7 0.0597364 0 -1.27843 0 0 0 0 -1.2187
7 8 0.284713 0 -1.40426 0 0 0 0 -1.11955
8 9 0.105601 0 -1.19111 0 0 0 0 -1.08551
9 10 0.205471 0 -1.27839 0 0 0 0 -1.07292
10 11 0.00324002 0 -0.810282 0 0 0 0 -0.807042
11 12 0.850116 0 -0.0191901 0 0 0 0 0.830926
11 13 0 0 0 0 0 -0 -0.188226 -0.188226
12 13 0.467947 0 -0 0 0 0 0 0.467947
12 14 0 0 0 0 -1.35568e-67 -0 -0 -1.35568e-67
13 14 0.231971 0 -1.33313 0 0 0 0 -1.10116
14 15 0.155161 0 -1.20663 0 0 0 0 -1.05147
15 16 0.0925604 0 -1.24208 0 0 0 0 -1.14952
16 17 0.43168 0 -1.22454 0 0 0 0 -0.792863
17 18 0.20492 0 -1.13863 0 0 0 0 -0.933708
18 19 0.170275 0 -1.35593 0 0 0 0 -1.18566
19 20 0.197049 0 -1.39653 0 0 0 0 -1.19948
20 21 0.434741 0 -1.30605 0 0 0 0 -0.871308
21 22 0.144203 0 -1.37524 0 0 0 0 -1.23104
22 23 0.15278 0 -1.42073 0 0 0 0 -1.26795
23 24 0.0666663 0 -0.965449 0 0 0 0 -0.898783
25 26 0.0253116 0 -1.35322 0 0 0 0 -1.32791
26 27 0.112981 0 -1.04191 0 0 0 0 -0.928928
27 28 0.0795532 0 -1.19729 0 0 0 0 -1.11774
28 29 0.0497091 0 -1.27328 0 0 0 0 -1.22357
29 30 0.39571 0 -1.18358 0 0 0 0 -0.787868
30 31 0.406573 0 -1.38916 0 0 0 0 -0.982591
31 32 0.0846538 0 -1.27754 0 0 0 0 -1.19288
32 33 0.00539529 0 -1.25451 0 0 0 0 -1.24911
33 34 0.0617658 0 -1.22029 0 0 0 0 -1.15852
34 35 0.0038226 0 -1.36939 0 0 0 0 -1.36557
35 36 0.282618 0 -0.896507 0 0 0 0 -0.613889
36 37 0.0351683 0 -1.10256 0 0 0 0 -1.0674
37 38 0.255844 0 -1.25743 0 0 0 0 -1.00158
38 39 0.0329571 0 -1.36543 0 0 0 0 -1.33247
39 40 0.0556387 0 -1.31081 0 0 0 0 -1.25517
40 41 0.100997 0 -1.09206 0 0 0 0 -0.991067
41 42 0.456274 0 -1.23934 0 0 0 0 -0.783066
42 43 0.244962 0 -1.15894 0 0 0 0 -0.913981
43 44 0.0571923 0 -1.14919 0 0 0 0 -1.09199
44 45 0.250222 0 -1.32098 0 0 0 0 -1.07076
45 46 0.0683223 0.033437 -0.860463 0 0 0 0 -0.758703
46 47 0.00612769 0 -1.35863 0 0 0 0 -1.35251
47 48 0.101458 0 -0.777351 0 0 0 0 -0.675893
47 49 0 0 0 0 0 -0 -0.00579773 -0.00579773
48 49 0.146977 0 -0.389704 0 0 0 0 -0.242727
49 50 0.776031 0 -0 0 0 0 0 0.776031
#Total energy per particle is  -0.898709 and should be -0.89870910

