t = 0
b =  30.0 30.0 30.0
E = 0. 0. 0.
11.8125837934 26.7729226554 2.99593571899 -0.213631605273 0.224370236548 0.950799418479 0.909212928205 0.401673346685 0.109500565054 0.0 0.0 0.0 0.0 0.0 0.0
12.0168912312 27.2674267319 3.04502025155 0.0364850431809 -0.338874306876 0.94012395234 0.909212928205 0.401673346685 0.109500565054 0.0 0.0 0.0 0.0 0.0 0.0
12.2295154356 27.6846843995 3.30840606862 0.272740413733 -0.773374835442 0.572279678673 0.909212928205 0.401673346685 0.109500565054 0.0 0.0 0.0 0.0 0.0 0.0
12.504310826 27.925651249 3.70224305645 0.405377141132 -0.914057333886 -0.0129832129278 0.909212928205 0.401673346685 0.109500565054 0.0 0.0 0.0 0.0 0.0 0.0
12.8715119485 27.9582587005 4.09312052049 0.38400431507 -0.707474168963 -0.59331356487 0.909212928205 0.401673346685 0.109500565054 0.0 0.0 0.0 0.0 0.0 0.0
13.3262468666 27.8295973929 4.34875213875 0.216741829503 -0.232109738913 -0.948234173844 0.909212928205 0.401673346685 0.109500565054 0.0 0.0 0.0 0.0 0.0 0.0
13.8303880917 27.648026663 4.38823374725 -0.0328645008218 0.331437061617 -0.942904766545 0.909212928205 0.401673346685 0.109500565054 0.0 0.0 0.0 0.0 0.0 0.0
14.3270378527 27.5420070217 4.21278018454 -0.26998505782 0.769065381107 -0.579350073908 0.909212928205 0.401673346685 0.109500565054 0.0 0.0 0.0 0.0 0.0 0.0
14.7621445113 27.6112958583 3.90526375425 -0.404533777442 0.914512904227 0.00430939802267 0.909212928205 0.401673346685 0.109500565054 0.0 0.0 0.0 0.0 0.0 0.0
15.1050376826 27.8890479401 3.59872965138 -0.38539335157 0.71252168519 0.586331657595 0.909212928205 0.401673346685 0.109500565054 0.0 0.0 0.0 0.0 0.0 0.0
15.3600804272 28.3292193625 3.42584986831 -0.219835548004 0.239831565223 0.945596717505 0.909212928205 0.401673346685 0.109500565054 0.0 0.0 0.0 0.0 0.0 0.0
15.5650116518 28.8240603978 3.46851888675 0.0292414557037 -0.323974576142 0.945613774901 0.909212928205 0.401673346685 0.109500565054 0.0 0.0 0.0 0.0 0.0 0.0
15.7766084672 29.2450514182 3.72674059493 0.267209141498 -0.764697359465 0.586376349392 0.909212928205 0.401673346685 0.109500565054 0.0 0.0 0.0 0.0 0.0 0.0
16.0491156147 29.4917296515 4.1186268104 0.403659606939 -0.914898830869 0.00436474505982 0.909212928205 0.401673346685 0.109500565054 0.0 0.0 0.0 0.0 0.0 0.0
16.4136369824 29.5298566675 4.51150796965 0.386753038875 -0.717514940133 -0.579305098895 0.909212928205 0.401673346685 0.109500565054 0.0 0.0 0.0 0.0 0.0 0.0
16.8663187174 29.4044261303 4.77233651337 0.222912525176 -0.247535127431 -0.942887250315 0.909212928205 0.401673346685 0.109500565054 0.0 0.0 0.0 0.0 0.0 0.0
17.3698133696 29.222569953 4.81823387872 -0.0256161837355 0.31648741875 -0.948250771106 0.909212928205 0.401673346685 0.109500565054 0.0 0.0 0.0 0.0 0.0 0.0
17.8674688119 29.1128570928 4.64797745096 -0.264412876167 0.760271103159 -0.593357970047 0.909212928205 0.401673346685 0.109500565054 0.0 0.0 0.0 0.0 0.0 0.0
18.3048513307 29.1764480545 4.34246505526 -0.402754696194 0.915215084424 -0.0130385557501 0.909212928205 0.401673346685 0.109500565054 0.0 0.0 0.0 0.0 0.0 0.0
18.6504259039 29.4486623235 4.03398052036 -0.388083273439 0.722453553536 0.572234423869 0.909212928205 0.401673346685 0.109500565054 0.0 0.0 0.0 0.0 0.0 0.0
18.9075368826 29.8855599027 3.85593684039 -0.225972526697 0.25521983888 0.940105978611 0.909212928205 0.401673346685 0.109500565054 0.0 0.0 0.0 0.0 0.0 0.0
19.1131374168 30.3806348522 3.89219034782 0.0219889609958 -0.308976159615 0.950815554345 0.909212928205 0.401673346685 0.109500565054 0.0 0.0 0.0 0.0 0.0 0.0
19.3237503354 30.8052786764 4.14518229079 0.261596474771 -0.755786949266 0.600294404195 0.909212928205 0.401673346685 0.109500565054 0.0 0.0 0.0 0.0 0.0 0.0
19.5939941786 31.0576408418 4.53501136207 0.40181911412 -0.915461640807 0.0217113735038 0.909212928205 0.401673346685 0.109500565054 0.0 0.0 0.0 0.0 0.0 0.0
19.9558327015 31.1013234973 4.92978954164 0.389383953958 -0.727337149303 -0.565120170976 0.909212928205 0.401673346685 0.109500565054 0.0 0.0 0.0 0.0 0.0 0.0
7.87141282199 19.1245237333 0.631632009861 0.225334646746 0.844534068411 -0.485784421599 0.585591477214 0.281092479972 0.760308910587 0.0 0.0 0.0 0.0 0.0 0.0
8.39928695619 19.1699795164 0.72089438908 -0.274052566756 0.951373442491 -0.140654767345 0.585591477214 0.281092479972 0.760308910587 0.0 0.0 0.0 0.0 0.0 0.0
8.86469079917 19.4323009056 0.778094509657 -0.669322628232 0.696770139653 0.257911984646 0.585591477214 0.281092479972 0.760308910587 0.0 0.0 0.0 0.0 0.0 0.0
9.17752252799 19.8534510701 0.894085675249 -0.810305832766 0.177452211385 0.558493661612 0.585591477214 0.281092479972 0.760308910587 0.0 0.0 0.0 0.0 0.0 0.0
9.30564501673 20.3150514718 1.13738548858 -0.643440303841 -0.409282778831 0.646894259015 0.585591477214 0.281092479972 0.760308910587 0.0 0.0 0.0 0.0 0.0 0.0
9.28709526797 20.6833558512 1.52814486861 -0.232121045738 -0.840524398526 0.489528911923 0.585591477214 0.281092479972 0.760308910587 0.0 0.0 0.0 0.0 0.0 0.0
9.21563351953 20.8600626675 2.03049237951 0.267384878497 -0.952436746402 0.146183346704 0.585591477214 0.281092479972 0.760308910587 0.0 0.0 0.0 0.0 0.0 0.0
9.20512216255 20.8196614974 2.56616238889 0.665306816955 -0.702502450427 -0.252699715982 0.585591477214 0.281092479972 0.760308910587 0.0 0.0 0.0 0.0 0.0 0.0
9.34626751544 20.6191248717 3.04422949006 0.810467572314 -0.18567572832 -0.555577931653 0.585591477214 0.281092479972 0.760308910587 0.0 0.0 0.0 0.0 0.0 0.0
9.67215897693 20.3762634579 3.39565258424 0.647718146656 0.401692307308 -0.647382802321 0.585591477214 0.281092479972 0.760308910587 0.0 0.0 0.0 0.0 0.0 0.0
10.1456978103 20.2249678181 3.59950474825 0.238889767814 0.836450719453 -0.493236122725 0.585591477214 0.281092479972 0.760308910587 0.0 0.0 0.0 0.0 0.0 0.0
10.6736915738 20.2643411462 3.69092372257 -0.260696827845 0.953427518567 -0.151700793636 0.585591477214 0.281092479972 0.760308910587 0.0 0.0 0.0 0.0 0.0 0.0
11.1422594872 20.5210483072 3.7477624962 -0.661240339987 0.70818126292 0.247468203256 0.585591477214 0.281092479972 0.760308910587 0.0 0.0 0.0 0.0 0.0 0.0
11.4600976443 20.9391854093 3.86101165456 -0.810567591619 0.19388510533 0.552619892284 0.585591477214 0.281092479972 0.760308910587 0.0 0.0 0.0 0.0 0.0 0.0
11.5931668934 21.4015186272 4.10023053475 -0.651946663228 -0.394071245361 0.647822044921 0.585591477214 0.281092479972 0.760308910587 0.0 0.0 0.0 0.0 0.0 0.0
11.57762488 21.7740232924 4.48712047046 -0.245640297509 -0.832313341419 0.496905771686 0.585591477214 0.281092479972 0.760308910587 0.0 0.0 0.0 0.0 0.0 0.0
11.5060891531 21.9568021052 4.98728009246 0.25398892412 -0.954345683536 0.157206687966 0.585591477214 0.281092479972 0.760308910587 0.0 0.0 0.0 0.0 0.0 0.0
11.4924502095 21.9220377895 5.52327498394 0.657123507007 -0.713806144668 -0.242217844868 0.585591477214 0.281092479972 0.760308910587 0.0 0.0 0.0 0.0 0.0 0.0
11.62860259 21.7245613406 6.00405631005 0.810605883064 -0.202079717238 -0.549619768771 0.585591477214 0.281092479972 0.760308910587 0.0 0.0 0.0 0.0 0.0 0.0
11.949532607 21.4810208137 6.35955179258 0.656125531536 0.386420173363 -0.648211953364 0.585591477214 0.281092479972 0.760308910587 0.0 0.0 0.0 0.0 0.0 0.0
12.4200264596 21.3255647776 6.56728733994 0.252372120745 0.828112579503 -0.500537579349 0.585591477214 0.281092479972 0.760308910587 0.0 0.0 0.0 0.0 0.0 0.0
12.948048545 21.35887703 6.66092533034 -0.247261678155 0.955191171385 -0.162700610397 0.585591477214 0.281092479972 0.760308910587 0.0 0.0 0.0 0.0 0.0 0.0
13.4197073231 21.60992514 6.71747571148 -0.652956631529 0.719376667314 0.236949040654 0.585591477214 0.281092479972 0.760308910587 0.0 0.0 0.0 0.0 0.0 0.0
13.7425246165 22.024955184 6.82803863389 -0.810582443732 0.210258939994 0.546577789584 0.585591477214 0.281092479972 0.760308910587 0.0 0.0 0.0 0.0 0.0 0.0
13.8805696164 22.4879137599 7.06319398064 -0.660254433346 -0.378739673972 0.648552497957 0.585591477214 0.281092479972 0.760308910587 0.0 0.0 0.0 0.0 0.0 0.0
13.8681095974 22.8645386152 7.4461868897 -0.259084724866 -0.823848753606 0.504131269138 0.585591477214 0.281092479972 0.760308910587 0.0 0.0 0.0 0.0 0.0 0.0
