
#id1 id2 FENE BEXC STCK NEXC HB CRSTCK CXSTCK total, t = 100
0 1 2.17732 0 0 0 0 0 0 2.17732
1 2 0.0580693 0 -1.00764 0 0 0 0 -0.949574
2 3 0.0694808 0 -1.29082 0 0 0 0 -1.22134
3 4 0.00320185 0 -0.998804 0 0 0 0 -0.995603
4 5 0.228195 0 -1.11355 0 0 0 0 -0.885358
5 6 0.00145124 0 -1.35929 0 0 0 0 -1.35784
6 7 2.10299 0 0 0 0 0 0 2.10299
7 8 1.92664 0 0 0 0 0 0 1.92664
8 9 0.0180404 0 -1.43242 0 0 0 0 -1.41438
9 10 0.0280285 0 -1.10961 0 0 0 0 -1.08158
10 11 0.00875961 0 -1.31654 0 0 0 0 -1.30778
11 12 0.0544547 0 -1.00061 0 0 0 0 -0.946158
12 13 0.298558 0 -1.39009 0 0 0 0 -1.09154
13 14 0.234425 0 -1.06273 0 0 0 0 -0.828307
14 15 0.0866697 0 -1.24406 0 0 0 0 -1.15739
15 16 0.105634 0 -1.05133 0 0 0 0 -0.945696
16 17 0.117136 0 -1.08738 0 0 0 0 -0.97024
17 18 0.000461759 0 -0.821117 0 0 0 0 -0.820656
18 19 1.23335 0 0 0 0 0 0 1.23335
19 20 0.850024 0 -0 0 0 0 0 0.850024
19 21 0 0 0 0 -0 -0 -0.00758855 -0.00758855
20 21 0.191198 0 -0.544319 0 0 0 0 -0.353121
21 22 0.552811 0 -0.576841 0 0 0 0 -0.0240298
22 23 0.0864654 0 -1.06082 0 0 0 0 -0.974356
23 24 0.0264958 0 -0.477129 0 0 0 0 -0.450633
24 25 0.186681 0 -0.424463 0 0 0 0 -0.237782
26 27 0.0976352 0 -0.913683 0 0 0 0 -0.816048
27 28 0.067913 0 -1.07905 0 0 0 0 -1.01114
28 29 0.259093 0 -1.24065 0 0 0 0 -0.981557
29 30 0.143619 0 -1.42894 0 0 0 0 -1.28532
30 31 0.257708 0 -1.37299 0 0 0 0 -1.11528
31 32 0.275167 0 -1.24622 0 0 0 0 -0.971057
32 33 0.0863412 0 -1.36852 0 0 0 0 -1.28218
33 34 0.199731 0 -1.32548 0 0 0 0 -1.12574
34 35 0.106112 0 -1.39007 0 0 0 0 -1.28396
35 36 0.294847 0 -1.08702 0 0 0 0 -0.79217
36 37 0.370462 0 -1.40921 0 0 0 0 -1.03875
37 38 0.327908 0 -1.20446 0 0 0 0 -0.876553
38 39 0.145816 0 -1.22185 0 0 0 0 -1.07604
39 40 0.00900295 0 -1.2819 0 0 0 0 -1.27289
40 41 0.337114 0 -0.629494 0 0 0 0 -0.29238
41 42 0.499645 0 -0.0245099 0 0 0 0 0.475135
42 43 0.862899 0 -0 0 0 0 0 0.862899
42 44 0 0 0 0.0504305 0 0 0 0.0504305
43 44 0.21411 0 0 0 0 0 0 0.21411
44 45 1.05809 0 0 0 0 0 0 1.05809
45 46 1.81921 0 0 0 0 0 0 1.81921
46 47 0.00942012 0 -1.13028 0 0 0 0 -1.12086
47 48 0.0331845 0 -1.29537 0 0 0 0 -1.26219
48 49 0.0199745 0 -0.894252 0 0 0 0 -0.874277
49 50 0.00679685 0 -1.32841 0 0 0 0 -1.32162
51 52 0.0412887 0 -1.30279 0 0 0 0 -1.2615
52 53 0.0624193 0 -0.878129 0 0 0 0 -0.81571
53 54 0.0298733 0 -1.32812 0 0 0 0 -1.29824
54 55 0.0034587 0 -1.2391 0 0 0 0 -1.23564
55 56 1.70781 0 0 0 0 0 0 1.70781
55 57 0 0 0 0 0 -0 -0.29987 -0.29987
56 57 1.49989 0 0 0 0 0 0 1.49989
57 58 0.000299474 0 -1.42376 0 0 0 0 -1.42346
58 59 0.0675667 0 -1.23894 0 0 0 0 -1.17137
59 60 0.0492404 0 -0.0120098 0 0 0 0 0.0372307
60 61 0.995919 0 -0.00559958 0 0 0 0 0.990319
61 62 0.00833042 0 -0 0 0 0 0 0.00833042
62 63 1.8159 0 0 0 0 0 0 1.8159
63 64 0.0270707 0 -1.35853 0 0 0 0 -1.33146
64 65 0.172256 0 -1.3842 0 0 0 0 -1.21194
65 66 0.213296 0 -0.907278 0 0 0 0 -0.693981
66 67 0.0598089 0 -1.30527 0 0 0 0 -1.24546
67 68 0.0194736 0 -1.32884 0 0 0 0 -1.30937
68 69 2.18403 0 0 0 0 0 0 2.18403
69 70 2.12693 0 0 0 0 0 0 2.12693
70 71 0.0343688 0 -1.03502 0 0 0 0 -1.00065
71 72 0.0994475 0 -1.07268 0 0 0 0 -0.973236
72 73 0.119943 0 -1.12095 0 0 0 0 -1.00101
73 74 0.0564684 0 -1.12739 0 0 0 0 -1.07092
74 75 0.0583107 0 -1.30638 0 0 0 0 -1.24807
#Total energy per particle is  -0.437792 and should be -0.43779210

