t = 0
b =  30.0 30.0 30.0
E = 0. 0. 0.
0.485913919603 4.1310714517 1.01043447916 0.710016240031 0.561843920753 -0.424509537709 0.378919384138 0.203292625105 0.902824572607 0.0 0.0 0.0 0.0 0.0 0.0
0.923350167727 3.99222513489 1.28982011096 0.227103661535 0.925314305408 -0.303673118872 0.378919384138 0.203292625105 0.902824572607 0.0 0.0 0.0 0.0 0.0 0.0
1.41255470264 4.06430424312 1.49998344575 -0.342089394949 0.937242315008 -0.0674662050315 0.378919384138 0.203292625105 0.902824572607 0.0 0.0 0.0 0.0 0.0 0.0
1.82377994922 4.35002776654 1.69476785699 -0.781316970862 0.593096299281 0.194372248075 0.378919384138 0.203292625105 0.902824572607 0.0 0.0 0.0 0.0 0.0 0.0
2.0569039677 4.77094761005 1.93385942829 -0.923709166621 0.0236230834159 0.382365434407 0.378919384138 0.203292625105 0.902824572607 0.0 0.0 0.0 0.0 0.0 0.0
2.07946845258 5.19725233617 2.2601112124 -0.715168806388 -0.554824936796 0.425091599399 0.378919384138 0.203292625105 0.902824572607 0.0 0.0 0.0 0.0 0.0 0.0
1.93901018555 5.49708470048 2.68326263996 -0.234923859622 -0.922485687341 0.306318358626 0.378919384138 0.203292625105 0.902824572607 0.0 0.0 0.0 0.0 0.0 0.0
1.74500101732 5.58663642334 3.17623934702 0.334572589131 -0.939678702127 0.071169652042 0.378919384138 0.203292625105 0.902824572607 0.0 0.0 0.0 0.0 0.0 0.0
1.62725768132 5.46198835648 3.68543917849 0.776959317518 -0.599872067384 -0.191017595246 0.378919384138 0.203292625105 0.902824572607 0.0 0.0 0.0 0.0 0.0 0.0
1.68662224619 5.20059943299 4.15109654312 0.924166211113 -0.0321640049168 -0.380634064457 0.378919384138 0.203292625105 0.902824572607 0.0 0.0 0.0 0.0 0.0 0.0
1.95665052796 4.93187872356 4.52998836077 0.720266909871 0.547763700772 -0.425641288718 0.378919384138 0.203292625105 0.902824572607 0.0 0.0 0.0 0.0 0.0 0.0
2.3908636745 4.78802076696 4.81185523328 0.242726167348 0.919586818417 -0.308940271052 0.378919384138 0.203292625105 0.902824572607 0.0 0.0 0.0 0.0 0.0 0.0
2.88040625852 4.85378265456 5.02329916127 -0.327030304315 0.942043529074 -0.0748676792079 0.378919384138 0.203292625105 0.902824572607 0.0 0.0 0.0 0.0 0.0 0.0
3.29540227439 5.13428339425 5.21767699943 -0.772542495714 0.606602152907 0.187648395688 0.378919384138 0.203292625105 0.902824572607 0.0 0.0 0.0 0.0 0.0 0.0
3.53429720405 5.55305911378 5.4548292953 -0.924552876769 0.0407024770043 0.378873707749 0.378919384138 0.203292625105 0.902824572607 0.0 0.0 0.0 0.0 0.0 0.0
3.56244027635 5.98111296422 5.77834586477 -0.72531016224 -0.540660750422 0.426158563805 0.378919384138 0.203292625105 0.902824572607 0.0 0.0 0.0 0.0 0.0 0.0
3.42524887436 6.28592317959 6.19900529226 -0.250509990537 -0.916617919397 0.31153865648 0.378919384138 0.203292625105 0.902824572607 0.0 0.0 0.0 0.0 0.0 0.0
3.23095371214 6.3817903114 6.6906799663 0.319463114875 -0.944336615759 0.0785600049101 0.378919384138 0.203292625105 0.902824572607 0.0 0.0 0.0 0.0 0.0 0.0
3.109480177 6.26239588193 7.20026239594 0.768066841808 -0.613286043328 -0.184264905978 0.378919384138 0.203292625105 0.902824572607 0.0 0.0 0.0 0.0 0.0 0.0
3.16308750263 6.00320287958 7.66784163446 0.924869134145 -0.0492378494405 -0.377084498341 0.378919384138 0.203292625105 0.902824572607 0.0 0.0 0.0 0.0 0.0 0.0
3.42751877648 5.73278610791 8.04946444971 0.730298179433 0.533516626662 -0.426643385267 0.378919384138 0.203292625105 0.902824572607 0.0 0.0 0.0 0.0 0.0 0.0
3.85842154331 5.58398446807 8.33383389187 0.25827473642 0.913579216373 -0.314113317033 0.378919384138 0.203292625105 0.902824572607 0.0 0.0 0.0 0.0 0.0 0.0
4.34819804444 5.64343323935 8.54660119353 -0.311871597082 0.946557787555 -0.0822463479638 0.378919384138 0.203292625105 0.902824572607 0.0 0.0 0.0 0.0 0.0 0.0
4.7668834052 5.91864988808 8.74062043759 -0.763532696638 0.619923229641 0.180867383783 0.378919384138 0.203292625105 0.902824572607 0.0 0.0 0.0 0.0 0.0 0.0
5.01152146374 6.33517805652 8.97586840746 -0.925114959155 0.0577694722238 0.375266572489 0.378919384138 0.203292625105 0.902824572607 0.0 0.0 0.0 0.0 0.0 0.0
5.04527953822 6.76487477797 9.29665840435 -0.735230581592 -0.526331873546 0.427095716184 0.378919384138 0.203292625105 0.902824572607 0.0 0.0 0.0 0.0 0.0 0.0
15.3436588122 1.40492487889 28.1609211137 -0.265303130064 0.76023270764 -0.59300967902 0.665393974139 0.589471914995 0.458010611899 0.0 0.0 0.0 0.0 0.0 0.0
15.8182540587 1.62525304808 28.0388557544 -0.624052115732 0.775942853343 -0.0920415405999 0.665393974139 0.589471914995 0.458010611899 0.0 0.0 0.0 0.0 0.0 0.0
16.1505966059 2.0224574151 27.895809523 -0.745713269039 0.496859335988 0.443894717947 0.665393974139 0.589471914995 0.458010611899 0.0 0.0 0.0 0.0 0.0 0.0
16.3129537898 2.53292088339 27.8539491066 -0.584065483776 0.0290106498458 0.811187951622 0.665393974139 0.589471914995 0.458010611899 0.0 0.0 0.0 0.0 0.0 0.0
16.3421732284 3.04999733023 27.9969990093 -0.200521456173 -0.449859667205 0.870297320136 0.665393974139 0.589471914995 0.458010611899 0.0 0.0 0.0 0.0 0.0 0.0
16.3256837948 3.46452825178 28.3384332134 0.25920402517 -0.757820775432 0.598766186136 0.665393974139 0.589471914995 0.458010611899 0.0 0.0 0.0 0.0 0.0 0.0
16.3682799268 3.70631390372 28.8163561886 0.620453563691 -0.777873100984 0.0997537671854 0.665393974139 0.589471914995 0.458010611899 0.0 0.0 0.0 0.0 0.0 0.0
16.5523084682 3.77078335781 29.3170180381 0.745982419936 -0.502398430128 -0.437156775713 0.665393974139 0.589471914995 0.458010611899 0.0 0.0 0.0 0.0 0.0 0.0
16.9063837257 3.72073107395 29.7180299868 0.588100082685 -0.0360541960129 -0.807984150646 0.665393974139 0.589471914995 0.458010611899 0.0 0.0 0.0 0.0 0.0 0.0
17.3945164155 3.66246023497 29.934861923 0.206788691514 0.443987629962 -0.871844837974 0.665393974139 0.589471914995 0.458010611899 0.0 0.0 0.0 0.0 0.0 0.0
17.9297865941 3.70539639021 29.9529568009 -0.253085180886 0.755351132237 -0.604477094888 0.665393974139 0.589471914995 0.458010611899 0.0 0.0 0.0 0.0 0.0 0.0
18.4073659978 3.92051485982 29.833261106 -0.616807761709 0.779744110578 -0.107458397135 0.665393974139 0.589471914995 0.458010611899 0.0 0.0 0.0 0.0 0.0 0.0
18.7443440527 4.31337602396 29.6890702662 -0.746194761383 0.507899264684 0.430385542297 0.665393974139 0.589471914995 0.458010611899 0.0 0.0 0.0 0.0 0.0 0.0
18.9112269883 4.82201284147 29.6429858242 -0.592089895496 0.0430949965134 0.804718818549 0.665393974139 0.589471914995 0.458010611899 0.0 0.0 0.0 0.0 0.0 0.0
18.9431430136 5.34047316479 29.7803370622 -0.213040179095 -0.438081781342 0.873325961453 0.665393974139 0.589471914995 0.458010611899 0.0 0.0 0.0 0.0 0.0 0.0
18.9264965234 5.75907273227 30.1167629806 0.246947063186 -0.752823966129 0.610141970369 0.665393974139 0.589471914995 0.458010611899 0.0 0.0 0.0 0.0 0.0 0.0
18.966141624 6.00606605298 30.5922707804 0.613114987428 -0.781555739638 0.115154843712 0.665393974139 0.589471914995 0.458010611899 0.0 0.0 0.0 0.0 0.0 0.0
19.1455463053 6.07490371826 31.0940281304 0.74635027721 -0.513361420743 -0.423581533357 0.665393974139 0.589471914995 0.458010611899 0.0 0.0 0.0 0.0 0.0 0.0
19.4950815558 6.02672063152 31.4992300566 0.596034618369 -0.050132515163 -0.801392203998 0.665393974139 0.589471914995 0.458010611899 0.0 0.0 0.0 0.0 0.0 0.0
19.9804829162 5.96710983637 31.7217546046 0.219275442842 0.432142571099 -0.874740577777 0.665393974139 0.589471914995 0.458010611899 0.0 0.0 0.0 0.0 0.0 0.0
20.5158681208 6.0060059539 31.7448820104 -0.24079013951 0.750239469562 -0.615760381177 0.665393974139 0.589471914995 0.458010611899 0.0 0.0 0.0 0.0 0.0 0.0
20.9963652055 6.21591918212 31.627646818 -0.609375522066 0.783307850203 -0.122842520802 0.665393974139 0.589471914995 0.458010611899 0.0 0.0 0.0 0.0 0.0 0.0
21.3379551207 6.60438745944 31.482409669 -0.746448955574 0.518784482343 0.416745267043 0.665393974139 0.589471914995 0.458010611899 0.0 0.0 0.0 0.0 0.0 0.0
21.509391973 7.11111267584 31.4321696168 -0.599933950898 0.0571662160275 0.798004560328 0.665393974139 0.589471914995 0.458010611899 0.0 0.0 0.0 0.0 0.0 0.0
21.5440738624 7.63086893298 31.5638347293 -0.225494007915 -0.426170451525 0.876088579221 0.665393974139 0.589471914995 0.458010611899 0.0 0.0 0.0 0.0 0.0 0.0
4.3682394589 20.0145471009 24.5376785875 0.146188364295 -0.0769957601403 0.986255856796 0.263085808815 0.964090450266 0.0362692832249 0.0 0.0 0.0 0.0 0.0 0.0
4.15193213731 20.4709603279 24.7209358136 0.677602360263 -0.211406727675 0.70438784548 0.263085808815 0.964090450266 0.0362692832249 0.0 0.0 0.0 0.0 0.0 0.0
4.09008429506 20.8791833847 25.0647582714 0.95158389066 -0.265500744833 0.154911114929 0.263085808815 0.964090450266 0.0362692832249 0.0 0.0 0.0 0.0 0.0 0.0
4.24515003063 21.2268855384 25.4438927226 0.864042791362 -0.218726590094 -0.45341893816 0.263085808815 0.964090450266 0.0362692832249 0.0 0.0 0.0 0.0 0.0 0.0
4.59717434767 21.5247289589 25.7196703126 0.448237389599 -0.0888545468645 -0.889487555881 0.263085808815 0.964090450266 0.0362692832249 0.0 0.0 0.0 0.0 0.0 0.0
5.05137439178 21.8023179827 25.7926891863 -0.137860890601 0.0747748242876 -0.987624979684 0.263085808815 0.964090450266 0.0362692832249 0.0 0.0 0.0 0.0 0.0 0.0
5.47414904154 22.0969519301 25.6405789147 -0.671583513551 0.209995989524 -0.710547161496 0.263085808815 0.964090450266 0.0362692832249 0.0 0.0 0.0 0.0 0.0 0.0
5.74383620825 22.4394544699 25.3264993954 -0.950160331426 0.265436167395 -0.163520596941 0.263085808815 0.964090450266 0.0362692832249 0.0 0.0 0.0 0.0 0.0 0.0
5.79693429752 22.8424631924 24.9751453508 -0.867755353558 0.220032707417 0.445630176311 0.263085808815 0.964090450266 0.0362692832249 0.0 0.0 0.0 0.0 0.0 0.0
5.65222752664 23.2956283774 24.725372719 -0.455675608778 0.0910351431396 0.885478595043 0.263085808815 0.964090450266 0.0362692832249 0.0 0.0 0.0 0.0 0.0 0.0
5.4036494864 23.7695450262 24.6774449607 0.129522918267 -0.0725481940425 0.988918891105 0.263085808815 0.964090450266 0.0362692832249 0.0 0.0 0.0 0.0 0.0 0.0
5.18459619946 24.2269243119 24.8549412948 0.665513523154 -0.208569259367 0.716652366595 0.263085808815 0.964090450266 0.0362692832249 0.0 0.0 0.0 0.0 0.0 0.0
5.11724674105 24.6367602284 25.1957985584 0.948664413803 -0.265351375966 0.172117626226 0.263085808815 0.964090450266 0.0362692832249 0.0 0.0 0.0 0.0 0.0 0.0
5.26614536563 24.9861092904 25.5758900403 0.871401832824 -0.221322068397 -0.437807477999 0.263085808815 0.964090450266 0.0362692832249 0.0 0.0 0.0 0.0 0.0 0.0
5.61368006542 25.2850079799 25.8561832939 0.463079126494 -0.0932088067361 -0.881402201581 0.263085808815 0.964090450266 0.0362692832249 0.0 0.0 0.0 0.0 0.0 0.0
6.06677366666 25.5626597189 25.9355608878 -0.121175082261 0.0703160389716 -0.990137492524 0.263085808815 0.964090450266 0.0362692832249 0.0 0.0 0.0 0.0 0.0 0.0
6.49224540408 25.8563400013 25.7892366092 -0.659392851326 0.207126645852 -0.722702995841 0.263085808815 0.964090450266 0.0362692832249 0.0 0.0 0.0 0.0 0.0 0.0
6.7674085203 26.1972348091 25.4781721599 -0.947096251712 0.265246377001 -0.180701548088 0.263085808815 0.964090450266 0.0362692832249 0.0 0.0 0.0 0.0 0.0 0.0
6.82668101615 26.5985925369 25.1259167871 -0.874981951467 0.222594574844 0.429951438952 0.263085808815 0.964090450266 0.0362692832249 0.0 0.0 0.0 0.0 0.0 0.0
6.68650134862 27.050690705 24.8716688583 -0.470447378942 0.0953753721211 0.87725868593 0.263085808815 0.964090450266 0.0362692832249 0.0 0.0 0.0 0.0 0.0 0.0
6.43908318626 27.5245296922 24.8173920745 0.112818018304 -0.068078529062 0.99128069114 0.263085808815 0.964090450266 0.0362692832249 0.0 0.0 0.0 0.0 0.0 0.0
6.21738189472 27.9828501766 24.9890777555 0.65322196418 -0.205668258842 0.728698588456 0.263085808815 0.964090450266 0.0362692832249 0.0 0.0 0.0 0.0 0.0 0.0
6.14458257047 28.3942885749 25.3268703027 0.945455964574 -0.265121178498 0.189271708828 0.263085808815 0.964090450266 0.0362692832249 0.0 0.0 0.0 0.0 0.0 0.0
6.2872999631 28.7452925922 25.7078073418 0.878495436847 -0.223850129853 -0.422062657439 0.263085808815 0.964090450266 0.0362692832249 0.0 0.0 0.0 0.0 0.0 0.0
6.63027041819 29.0452699654 25.9925351849 0.477779805 -0.0975346743022 -0.873048363633 0.263085808815 0.964090450266 0.0362692832249 0.0 0.0 0.0 0.0 0.0 0.0
