
#id1 id2 FENE BEXC STCK NEXC HB CRSTCK CXSTCK total, t = 100
0 1 0.0492584 0 -1.30639 0 0 0 0 -1.25713
1 2 0.12578 0 -1.19329 0 0 0 0 -1.06751
2 3 0.147267 0 -1.37369 0 0 0 0 -1.22643
3 4 0.363699 0 -1.39026 0 0 0 0 -1.02657
4 5 0.264684 0 -1.4276 0 0 0 0 -1.16291
5 6 0.165184 0 -1.27908 0 0 0 0 -1.1139
6 7 0.00397303 0 -1.30533 0 0 0 0 -1.30136
7 8 0.0852357 0 -1.29556 0 0 0 0 -1.21032
8 9 0.223172 0 -1.22996 0 0 0 0 -1.00679
9 10 0.0889459 0 -1.32463 0 0 0 0 -1.23568
10 11 0.585507 0 -1.18756 0 0 0 0 -0.602056
11 12 0.407623 0 -1.10755 0 0 0 0 -0.699929
12 13 0.242859 0 -1.05753 0 0 0 0 -0.814671
13 14 0.394343 0 -0.895114 0 0 0 0 -0.500771
14 15 0.199282 0 -1.37112 0 0 0 0 -1.17184
15 16 0.306121 0 -1.41631 0 0 0 0 -1.11019
16 17 0.19918 0 -1.38165 0 0 0 0 -1.18247
17 18 0.164702 0 -1.1256 0 0 0 0 -0.960901
18 19 0.910707 0 -1.18269 0 0 0 0 -0.271987
19 20 0.0834674 0 -1.00669 0 0 0 0 -0.923222
20 21 0.0539991 0 -0.644207 0 0 0 0 -0.590208
21 22 0.00109465 0 -1.06392 0 0 0 0 -1.06282
22 23 0.0439067 0 -1.07207 0 0 0 0 -1.02817
23 24 0.0169809 0 -1.33768 0 0 0 0 -1.3207
25 26 0.0104534 0 -1.17154 0 0 0 0 -1.16109
26 27 0.0597562 0 -1.19947 0 0 0 0 -1.13971
27 28 0.00998204 0 -1.0431 0 0 0 0 -1.03312
28 29 0.0943495 0 -1.08199 0 0 0 0 -0.987637
29 30 0.100233 0 -1.19438 0 0 0 0 -1.09415
30 31 0.458765 0 -1.31571 0 0 0 0 -0.856948
31 32 0.26615 0 -1.37692 0 0 0 0 -1.11077
32 33 0.303507 0 -1.33758 0 0 0 0 -1.03408
33 34 0.0661151 0 -1.37954 0 0 0 0 -1.31342
34 35 0.27006 0 -1.26851 0 0 0 0 -0.998449
35 36 0.025276 0 -1.13952 0 0 0 0 -1.11424
36 37 0.10181 0 -1.28371 0 0 0 0 -1.1819
37 38 0.142328 0 -1.36398 0 0 0 0 -1.22166
38 39 0.113882 0 -1.18077 0 0 0 0 -1.06689
39 40 0.0992785 0 -1.23549 0 0 0 0 -1.13621
40 41 0.000485857 0 -1.34665 0 0 0 0 -1.34616
41 42 0.0547511 0 -0.667115 0 0 0 0 -0.612364
42 43 0.0132363 0 -0.709762 0 0 0 0 -0.696526
43 44 0.000913737 0 -0.00868982 0 0 0 0 -0.00777608
44 45 0.0706202 0 -0.850437 0 0 0 0 -0.779817
45 46 0.00603745 0 -1.04462 0 0 0 0 -1.03858
46 47 0.00185907 0 -1.24313 0 0 0 0 -1.24127
47 48 0.280696 0 -0.877926 0 0 0 0 -0.59723
48 49 0.0833313 0 -1.25501 0 0 0 0 -1.17168
49 50 0.3208 0.138015 -0.00923457 0 0 0 0 0.449581
#Total energy per particle is  -0.928248 and should be -0.92824810

