t = 100
b = 30 30 30
E = -0.568251375900729 -0.793291714629088 0.225040338728359
19.9457686547801 8.34330355332013 20.8902376709162 0.743103278035001 -0.136885608665289 -0.655026511392134 0.549352440044835 0.683732066633283 0.480335548012267 -2.88780760174592 7.27625528830453 4.02248662305753 0.0237786256036224 0.813135709125869 0.324284612476412
21.1827160028269 6.70749612614923 20.3658998971763 0.638053188719926 0.411114591736782 -0.65105514516685 0.47366853331584 0.457054975015541 0.752820538845792 0.49730342154135 0.128607530516286 -0.65731180334125 0.677804463584707 0.277749205856483 -0.435169754542391
21.589096796429 6.85704043063048 20.6465865659787 0.109871864083379 0.675384127255188 -0.729235446014339 0.413148926879955 0.636259763086493 0.651522342264086 -0.359677019356195 0.142294723921926 0.194763260245876 0.564766653724567 -0.0566553777188689 -0.0414888251807656
21.9476339376918 7.17210220450792 20.7079539573745 -0.591097146537696 0.705187179584343 -0.391554704758658 0.333037723986313 0.655501025850096 0.677793597454243 0.101964450455523 0.075639391827733 -0.118250206829678 0.628191576168363 0.239434258468861 0.191636403724179
22.1811483159217 7.60774584474144 20.7499098516088 -0.924135496732916 0.381196877531984 -0.0257372387237701 0.331773746202377 0.834075792377577 0.440730807575638 0.242613526951995 0.544353220963689 0.742578699448976 0.654252365069913 0.197400233254453 0.416422313912728
22.2309440456722 8.07315889602824 20.7843104352744 -0.920261164707176 -0.0190753531634232 0.390839353787904 0.146330451391144 0.909568007959691 0.388938729583692 0.134837725016576 0.350298330796299 0.292822698845234 0.469789045174685 -0.0439928230230973 0.0815303360311691
22.1697087893129 8.551475629295 20.969693231054 -0.637191243376978 -0.444353309845982 0.629712105931993 0.0767527809133551 0.776411306665565 0.625535274004987 0.176525963157659 0.122110439116414 0.434211122149755 0.540049113608318 -0.493531141739503 -0.235151475477936
22.0131246874152 8.97028251373457 21.221032439751 -0.00628981698656689 -0.678447695162062 0.734621701292416 0.165545920223014 0.72379291469218 0.669864349424664 0.108028901457984 0.0709114060968595 0.199976023796223 0.463060247582781 0.348058255131129 0.0971766915700043
21.8387198500896 9.19767916568888 21.6039857696487 0.50782866175836 -0.670320410328285 0.541091931931894 0.122797575226258 0.678025149677777 0.724708586027228 -0.126934115904382 -0.00211785390389001 0.502547765924599 0.511474251545594 0.0990026189220351 -0.20879432480667
21.6972716370315 9.26238169588968 22.0794474186565 0.931284827447892 -0.317107545013917 0.179307712751346 0.0940682940377528 0.684847204072699 0.722589333419952 0.276473495980644 0.0862754217431795 0.509552322991034 0.44678537033968 0.270063624915277 0.445472493185401
21.8314747696072 9.46293492572095 22.5470656973799 0.920164101394991 -0.171084036060488 -0.35217632238951 0.385069422383561 0.55819887158996 0.734939074788235 0.420321924934932 0.280292977136676 -0.0282432123020614 0.355858445435813 -0.237148497563885 -0.436665223385676
22.0771785566384 9.54004040446287 22.9079886149596 0.60833944833981 0.409452460026073 -0.679905640057439 0.440444479325447 0.538478364998707 0.71836592265416 0.547476713209681 0.480028254709352 -0.408682040072857 0.633255219854853 -0.278270567113071 -0.344322135194707
22.4221641987384 9.62634195471146 23.2133625162916 0.127728046578967 0.661489287588874 -0.738997530573343 0.37782771108468 0.656464884553833 0.652916502351785 -0.134095854662228 0.618332326746116 -0.486012502072014 0.645142878249 0.111474470835155 -0.0889328254090342
22.7682745948325 9.88671400013803 23.3746194996184 -0.392948628180253 0.683343205796331 -0.615331880320801 0.317803422823291 0.728844513050872 0.606454072746877 -0.343454186206029 0.432512124352395 0.259977985446835 0.438197312858694 0.191282467730472 -0.175366778507652
23.0617545620833 10.2159488580804 23.4415401592573 -0.870320855761952 0.481872276712247 -0.101688731570982 0.3065059912695 0.69160381874517 0.654016908204008 -0.182085835598024 0.0456891275920171 -0.227765246751043 0.504269535829046 0.343978371027396 -0.0232660443017172
23.1653012409529 10.7246333033146 23.4814719767425 -0.934276457871458 0.0319727314775507 0.355112835002059 0.219504966871754 0.836432502267345 0.502193315160844 -0.322922825575777 0.0890323700793281 0.284042726756957 0.355057653736222 -0.191954903784517 -0.161119039925127
23.1494462847052 11.2304704431774 23.5776338492206 -0.657085603135391 -0.40371423389684 0.636595011512519 0.172052863399425 0.741884874047181 0.648077563136394 -0.00172477656803874 0.0258539794672571 0.241384406038794 0.652961002165564 0.174245291756754 0.0940943445412544
22.9754279146583 11.6507380210859 23.8297061911189 -0.176353229805996 -0.726685775065041 0.663948194243233 -0.0185074234990821 0.676848665285687 0.735889426929306 -0.0562850292643355 -0.0940629031435478 0.149857874741637 0.54224367103234 0.0942608820927697 -0.182434878579405
22.6681874910642 11.841114684799 24.1579497094256 0.685001934990262 -0.51534087338181 0.514971860849097 0.0287495786209416 0.725423819479722 0.687701700082256 0.0937780109783994 -0.102034159109928 0.475740750867515 0.524801130401596 -0.53079858629368 0.548912416225565
21.5298781162019 13.0245765891655 25.2632855584341 0.931280881738718 -0.364260919173619 0.00545750800011312 0.128797176847068 0.343226253074054 0.930379991671639 -4.05700601142516 3.78770448414271 2.97403719274924 0.881737793762231 0.0743027561146126 0.304205108381421
22.6043740534689 12.0218656022245 25.2052309565978 0.972034566650861 -0.175671660392618 -0.155846584152984 0.230192164530993 0.581407056536317 0.780369966749357 0.110335562717076 0.33680738792132 -0.151025411229583 0.147655140254266 0.0411375573893563 -0.807923666411541
22.8590871806042 12.1832511528249 25.5936236538225 0.697860762869717 0.0917566330991202 -0.71033158699858 0.40202611231389 0.770606358282232 0.494510592795872 -0.709088869340136 0.691899073761914 -0.452965221054073 0.266983761726179 0.109636795468895 -0.51605439418381
23.2322811508509 12.2582954046234 25.846553039497 -0.0158673367577044 0.695232590638118 -0.718609597833355 0.279832861769655 0.693067464869934 0.664342486609195 0.220990380410533 -0.0146420034873322 -0.138469702725524 0.61270748236614 0.377260160982084 0.140382743120211
23.6699285795309 12.5756291834412 25.9323377604326 -0.570418581280167 0.745399477419085 -0.344966873387169 0.493406109293617 0.646745981119692 0.581609779054541 -0.170448623267629 0.580682400700447 0.0444968596037515 0.60226856006197 -0.425955594028423 0.164850100531072
24.0333395753185 12.9241570961758 26.0456564074463 -0.868727508620093 0.4855102645143 0.0979396797805225 0.449273573320573 0.689219105944711 0.568445392271072 -0.116080058747024 -0.121899705301189 0.347596200981237 0.285534442309187 -0.0526449613046205 0.709813583308272
24.1596823601959 13.3552982118551 26.2032251688717 -0.79929602422684 -0.168612560439468 0.576797678974439 0.332355172180885 0.675638987434959 0.658066773962344 -0.487795787952501 0.250683831125832 -0.0317440826742876 -0.145936648853115 -0.248657603856837 0.531666033188417
6.81455049304489 18.7444780260064 28.8767230003169 0.788062684126433 -0.59602231296819 0.153995139481976 0.419082788603751 0.702674628688618 0.574993794153966 0.170780017137708 -0.0476960532306352 -0.845335382862104 0.00906367572550104 -0.0246451348912686 -0.608742408797435
7.04129879123347 18.8474197598613 29.2880103303302 0.818635525967528 -0.0472239159658893 -0.572368463736846 0.50773256008039 0.525283787503683 0.682850258220273 -0.128966303472208 -0.313272049826958 -0.121047284203923 0.202226092651631 0.103071581555623 -0.298143083258933
7.40205940621949 18.9495596094133 29.6397374211381 0.507271425369595 0.360821551275821 -0.782613180943811 0.585073039323143 0.522577209276064 0.620163272757513 -0.199461601513594 -0.198731686422794 -0.0648794417598694 0.610436142439964 -0.0567759666904682 -0.409504707050048
7.83270095098293 19.0545777662264 29.8419681048651 0.0454205690596238 0.686233313839827 -0.725961909610604 0.536137589616327 0.596438435196686 0.597342079429391 -0.359041840757909 0.0770346771843411 -0.11720966265928 0.29723022556625 0.243829781197384 0.25577174374662
8.24561522995534 19.222805082969 29.9666879567435 -0.628461881424848 0.708845375448994 -0.320271413390652 0.474521283004213 0.675636885416726 0.564220020865059 -0.326295095809381 -0.153474356692597 -0.0504984916317404 0.322882008734065 -0.469149041233201 -0.507274421392572
8.50597868904808 19.5974321485304 29.9413705904753 -0.818739854939711 0.432109409732125 0.378082521619106 0.564841919171296 0.72434977059372 0.395311145303841 -0.148594235737001 0.0905235971357802 0.134794708303146 0.141587997707751 0.0099705414406516 0.822227541192825
8.77099726832238 20.0093142641001 30.1016821119939 -0.832611984417676 -0.00579041252889202 0.553826358452853 0.382106924260078 0.717857543539728 0.581957667502485 -0.334830181407507 0.0481533990447863 0.221550327890861 0.332288618492455 -0.396641197963769 -0.66004031079839
8.6983840304425 20.484103406012 30.1375035209332 -0.432188129308184 -0.223503230006741 0.873647302441361 0.527359877306617 0.723229603298977 0.445904004860984 -0.30462089798158 -0.889091653888729 0.225499574540747 0.383397347303526 0.00156085579239191 0.218134074254449
8.68399685837289 20.9254811240075 30.3045920773325 0.116942051433046 -0.609225183201571 0.784327172612257 0.447985940232735 0.737193609063746 0.505820186354354 -0.25090138414399 -0.0455584893645655 0.0665844429693135 0.305506051005164 -0.00807685702906331 -0.197661869593506
8.64303078595706 21.2516887203263 30.689757489995 0.511166226662723 -0.727483819979569 0.457685769307446 0.256593340521768 0.637397493775559 0.726556384640965 -0.0379011449629678 -0.0173243990878219 0.0188976913963498 0.385313786820283 0.147056153391652 -0.13233597655203
8.66928819752559 21.4742716768911 31.1426682617119 0.777551326785927 -0.628772310978282 -0.00769425089297993 0.432061293180166 0.525324633495276 0.733046352166977 0.295622854423738 -0.131414257938362 -0.145064586951993 0.388481706746313 -0.0986867279742197 -0.459767915774915
8.8231698627891 21.546480127607 31.5783039541947 0.789647983004916 -0.0887362407803479 -0.607109399792461 0.542919757649497 0.561998488001048 0.62401580066829 0.160730868813473 -0.0614076113536711 -0.250441771800079 0.228743296792999 -0.0144921093711508 -0.126670237156455
9.1631024102242 21.6534936144278 31.8683626132437 0.332706383814111 0.303318730404394 -0.892918860202955 0.576008815754076 0.684341892441942 0.447090482968468 0.00764751320791174 -0.00126621053736416 -0.20395156941401 0.553947608964107 0.00397697344076858 -0.243331705279957
9.60000697573127 21.6821361016412 31.9888089275475 -0.195892515957823 0.732142815762426 -0.652374817257468 0.619600676051579 0.608054165083252 0.496351710283129 -0.33011672506724 -0.0776759443437857 -0.616050081408504 0.654046990617763 0.0841053656377076 0.349022436384868
10.0061883414026 21.9055360184162 32.0071674480648 -0.630964933433433 0.726065444487343 -0.273335150951601 0.65218296662064 0.687219336470846 0.319979460687185 -0.384660155752786 0.145832704053431 -0.411982961714604 0.597641243590902 -0.314392185162095 0.0890726742639169
10.227993583579 22.2455293383461 31.9292852754384 -0.764379124436648 0.495827710452377 0.412164191531546 0.640233111189758 0.659351069889527 0.394154302889542 -0.582474399825312 0.235861652466536 -0.827290972323223 0.280234090352732 -0.490175445731541 0.573583420914266
10.5794287834878 22.4345811765454 32.1558007803471 -0.838496519115196 0.186366397532218 0.512045932199895 0.521568612006477 0.546561570842382 0.655161442899363 0.656192092986633 -1.58960991135799 0.268306281347332 0.185627216497151 -0.583842157800686 -0.633736810717491
10.6650490801802 23.000650748548 32.3572539597743 -0.598828889462461 -0.46472445662653 0.652253802087285 0.236343642212323 0.675609577335548 0.698350388541903 -0.115370044701917 -0.929348580044033 0.368759489197205 -0.0258649165593198 0.449444511877277 -0.0574416517573611
11.4384692852864 22.8425698869576 32.0993141077313 0.0319372504953957 -0.635212878180641 0.771676417295467 0.266321570199133 0.749565724570592 0.605990041877729 4.30285581159142 -2.31980068099604 -2.06442464174463 0.42036808336052 0.486976432429441 -0.246506805013419
10.5526024168287 23.6693902454715 32.9784696582628 0.60423083767499 -0.60080493539329 0.523391255191586 0.153914354426634 0.732492876703334 0.663147378019583 0.500940963260787 -0.71146297548089 0.0960984185003617 0.586132334559417 -0.400644584395089 -0.318822047149657
10.5046268939023 23.9824684136668 33.42842266173 0.843757680099618 -0.535511887658993 -0.0360538166681788 0.360756686098043 0.516110053560034 0.776842915338698 0.432561920881441 -0.823800474153755 -0.0442848794900808 0.428376634735346 -0.428061882143864 -0.429926883475819
10.5919308319831 24.0970566271039 33.9074188336707 0.823568125461777 -0.0917501720838054 -0.559747558810818 0.483885244679604 0.628543584534574 0.608923569587239 0.436591531828753 0.0967733276294335 -0.464138595050256 0.533158800271101 -0.56030268837952 -0.234698427772125
10.9587636959802 24.1727990381183 34.2589678739903 0.440678442070837 0.446169174905303 -0.778932255775159 0.53740554120815 0.563921118949991 0.627047158684135 0.389361431553205 -0.349624322752714 -0.458327880483758 0.376053750237163 -0.176744990959007 -0.180506757058321
11.2897153657131 24.3093138884716 34.5814396189391 0.0323399523820946 0.681101505615256 -0.73147436632058 0.480652304042369 0.631074538424801 0.608866299356068 -0.433837027341872 0.221686073746825 0.382052969209328 0.395631138814558 0.206055862845821 0.305450262404947
11.7258469139556 24.5223231411866 34.6780557624644 -0.661770842330604 0.728006164993147 -0.179070547763727 0.576671276403445 0.646928929710873 0.498931941320184 -0.146037713301328 0.158564885497897 0.0455261758408861 0.013023045078762 -0.12338834392968 0.349274792943328
8.12857778678266 25.3261210156391 24.0921822470607 0.82637052864025 -0.184759757649451 -0.531954379753205 0.55417023218303 0.0990083967197728 0.826494145129424 -0.234982419973319 0.20024359322884 -0.614948706926592 -0.0158964221099418 -0.285818023357356 -0.195717044330445
8.48386164686937 25.1895296514236 24.4202491908962 0.612370698425717 0.365509539126401 -0.701002700068704 0.722236161158365 0.10197114805108 0.684088220458321 0.0143538620386555 -0.328097996384628 0.0617844308933753 0.248916065063943 0.619286516493879 -0.0477429725919479
8.97144090806492 25.0109318027379 24.5193946272874 0.291697319362321 0.894112747472034 -0.339816052991159 0.689500745243271 0.0496788272663933 0.722579143034615 -0.37880899749283 0.150286698419731 -0.40601759471934 0.562465389683901 0.152691326812791 0.0257309023718821
9.44758246717032 25.0030151153515 24.7011116600744 -0.0891281075607564 0.986345005297707 -0.13849041044603 0.713474777404413 0.160244617341693 0.682110905448785 -0.415932126527485 0.656889895442016 0.644568985823055 0.513834450225572 -0.0424748389037875 -0.164568628732602
9.93940387053039 25.0013509033824 24.7707502452772 -0.596196335476604 0.755697332398322 0.271055995028348 0.692587616272788 0.313366578766753 0.649710450474655 -0.374939297131288 0.0866609943100676 0.0812727791018429 0.472808345614069 0.256782553047244 -0.0544407100548071
10.1951684459125 25.3712005275599 24.9354912728149 -0.747551924780532 0.137712280612601 0.649770212378906 0.654352461752571 0.320553102563271 0.684885722451263 -0.201138893282562 -0.327418178488322 0.272646405583524 0.630839919312798 -0.268189400552127 0.186544026110696
10.4229438165334 25.6239948216269 25.2025842497619 -0.618011300535428 -0.405123466657778 0.673748387731969 0.583722602692775 0.337608557772217 0.738436370271448 0.0945388791511486 0.237953756969353 0.20773858137254 0.376725661388204 -0.140013614124097 0.0995541344763647
10.6287263309925 25.8696179447505 25.6205564549734 -0.347735093661274 -0.820761404686582 0.453244859384298 0.546979909590895 0.215039535566532 0.809055535830692 -0.324926616077823 -0.334942909486102 -0.172167349260923 0.418064715479165 -0.162292962222274 -0.368877588068375
10.6811562220827 25.9044164980288 26.1388825403447 0.188150535734115 -0.981104586458754 0.0450893240718521 0.536371185755942 0.141103705564439 0.832103105096004 0.31863829184447 -0.496933468717336 0.15007780724983 0.34368321286587 0.141530828346596 0.323690536370012
10.7824014083365 25.8860993293341 26.6562234798097 0.594583635219274 -0.699237466452194 -0.396909495327686 0.527157855228974 -0.033716283458665 0.849098164058721 -0.0608849922193489 -0.147872172391024 -0.386483415164894 0.435597520171016 -0.00791558210025331 0.00963627208015679
10.9719071500107 25.6291817389719 26.9961276954864 0.852491919237418 -0.0317188335807604 -0.521777085957418 0.511859008484552 -0.151949088893066 0.845524522523012 0.071952327190995 -0.372201509201242 -0.468165477146006 0.522721274727047 -0.0825084857781795 0.352018505617691
11.1695651628789 25.3186779020914 27.2837450390534 0.668889940567492 0.638267753195129 -0.381051718405015 0.591687644826219 -0.146836678263904 0.792681907062985 0.324107953223074 -0.146075461909178 -0.503337696516262 0.375798278471199 -0.596283337538183 0.440707602398355
11.5247990855971 25.314979447208 27.57765437623 0.258335592604207 0.85643806664003 -0.446963578450351 0.749243066601728 0.114442265002358 0.652332490158356 -0.729184699346121 0.597993224598215 -0.818815947037583 0.564750637292074 0.641831629916426 -0.130387313749284
11.9449219391871 25.2243317142511 27.5614004902479 -0.117616081516881 0.974089500812863 0.193173456558461 0.773780129000265 -0.0320309491662125 0.632643829606849 0.0831367963966036 0.0819944974701573 -0.0409736174007609 0.784106930272394 0.205167120126444 0.725310765620908
12.4492819431234 25.3223230827675 27.6692624820307 -0.533073373972421 0.701157759669293 0.473508664624622 0.81070234100208 0.26318470666051 0.522967895427637 -0.16627436034078 -0.0253010310623714 -0.372151686524692 0.500048251690962 -0.225511515595339 0.0543321178194447
12.8211946281692 25.7434371866114 27.6852476949687 -0.723588209960879 0.231199965775639 0.650358792534433 0.686604022569475 0.144621536525024 0.71250221682742 -0.131309032409518 -0.213457419560699 -0.739689374285456 0.522775949103984 -0.473873926043039 -0.0459952840537094
13.1446388905944 25.8485032712539 28.0051109811075 -0.615408618822064 -0.559305456905539 0.555382321346759 0.592430769136655 0.136540431833 0.7939662308174 0.536607634658629 -0.225850573889838 -0.0720195752447358 0.167040590114382 -0.340948425947004 0.354410950957719
13.3501796913266 25.9050600066297 28.4400012919423 -0.318576900750848 -0.882780665126719 0.345263575776377 0.540153323744813 0.130248467156632 0.831426248215868 0.61401813702837 -1.49594671836354 0.328733896057929 0.221382669848406 0.218324136347429 0.330664719482313
13.9891622295019 24.9293933359781 28.6182875146495 0.0336842149581598 -0.995172115547906 -0.0921830509914049 0.535170221851575 -0.0599374137425949 0.842615109623754 3.39707471818901 -5.79189670452749 -2.30437958741127 0.306760162574163 0.529533267578049 -0.0114442190821005
13.3627965433359 26.0456241771465 29.4897447290878 0.708490839940896 -0.694228517338722 -0.126836021017156 0.388271242810802 0.233369058883884 0.891506705674843 0.531001812906598 -0.540516956709324 0.111992437184569 0.369015721713901 -1.30419605392657 -0.472677652562871
13.377319520988 25.9697096197 29.9617869242919 0.904984416537589 0.0228798776249227 -0.42482891133743 0.41626009266659 0.158746435952814 0.895280394732736 0.548408614907864 -0.576551176280676 -0.686165851305538 -0.068420421710386 -0.100634390146593 0.503283448696142
13.5998896034265 25.8921414787218 30.4126446079538 0.603204709726319 0.437586317778371 -0.666829943862717 0.698358257412979 0.114094987499761 0.706596036587951 0.258128384530451 0.0277031235608999 -0.302286390448074 0.0532612356742155 -0.446899023949837 -0.362070375812332
14.0466995433444 25.7697914117985 30.6017601041975 0.302313001932788 0.867379675466858 -0.395296380528614 0.708254679602428 0.0731463091752851 0.702157253044875 0.481856420055767 0.631504032503511 -0.145960878700312 0.637626738115339 0.0744226617319393 0.0273601214902088
14.5011006918819 25.5332089422538 30.7660282033674 -0.0512184894242458 0.993121908235216 0.10528733362171 0.732437987194428 -0.0343137074661559 0.679968416220987 0.148384406646014 0.194312204593708 0.460825146574841 0.10422096289912 -0.442848691677594 0.266197643846991
14.9452737448347 25.5743393565217 30.9888088259005 -0.636152704480318 0.621410637157063 0.457338432480595 0.485162560554885 -0.138725412563093 0.863349546391855 -0.155827676506797 0.495879227319888 0.498075383246635 -0.316522895122889 -0.096738636647437 0.481358338339818
