t = 0
b =  30.0 30.0 30.0
E = 0. 0. 0.
20.6839044578 6.62311512168 19.8545330154 0.929456774296 0.0275381796637 -0.367901825731 0.249440586815 0.687831351152 0.68166518616 0.0 0.0 0.0 0.0 0.0 0.0
20.9826968152 6.6391504974 20.3007964981 0.593507304092 0.447631072247 -0.668861348224 0.249440586815 0.687831351152 0.68166518616 0.0 0.0 0.0 0.0 0.0 0.0
21.4167791813 6.75722339013 20.5945930154 0.032074486151 0.697661436491 -0.715709261762 0.249440586815 0.687831351152 0.68166518616 0.0 0.0 0.0 0.0 0.0 0.0
21.8581729275 7.03432822926 20.725243584 -0.541543965336 0.682638556735 -0.490647260735 0.249440586815 0.687831351152 0.68166518616 0.0 0.0 0.0 0.0 0.0 0.0
22.1761217097 7.46704054887 20.744051094 -0.909420810259 0.408269876167 -0.0791801621707 0.249440586815 0.687831351152 0.68166518616 0.0 0.0 0.0 0.0 0.0 0.0
22.2867679897 7.9928179996 20.7448094836 -0.93179348466 -0.0212073562646 0.362368803824 0.249440586815 0.687831351152 0.68166518616 0.0 0.0 0.0 0.0 0.0 0.0
22.1850119155 8.51376123281 20.8281698535 -0.600162235482 -0.442627559484 0.666247802763 0.249440586815 0.687831351152 0.68166518616 0.0 0.0 0.0 0.0 0.0 0.0
21.9464488408 8.9338074999 21.0634014309 -0.0405193188673 -0.695886152517 0.717008122363 0.249440586815 0.687831351152 0.68166518616 0.0 0.0 0.0 0.0 0.0 0.0
21.6986493861 9.19522649663 21.4620750324 0.534517564432 -0.684765961613 0.49536506854 0.249440586815 0.687831351152 0.68166518616 0.0 0.0 0.0 0.0 0.0 0.0
21.5726932271 9.30055307086 21.9736671169 0.906482288347 -0.413491733216 0.0855245431174 0.249440586815 0.687831351152 0.68166518616 0.0 0.0 0.0 0.0 0.0 0.0
21.6533697342 9.3116241915 22.5047545236 0.934059235343 0.0148749178432 -0.35680818613 0.249440586815 0.687831351152 0.68166518616 0.0 0.0 0.0 0.0 0.0 0.0
21.9469650734 9.32608605013 22.9545074931 0.606771462195 0.437590338918 -0.663583519952 0.249440586815 0.687831351152 0.68166518616 0.0 0.0 0.0 0.0 0.0 0.0
22.3788739864 9.44029664028 23.2529965784 0.0489610658806 0.694057874117 -0.718252380019 0.249440586815 0.687831351152 0.68166518616 0.0 0.0 0.0 0.0 0.0 0.0
22.821943576 9.71271774468 23.387760011 -0.527450457947 0.686841218911 -0.500045152378 0.249440586815 0.687831351152 0.68166518616 0.0 0.0 0.0 0.0 0.0 0.0
23.1447808172 10.1417043265 23.4085381354 -0.903474734299 0.418682101267 -0.091862411039 0.249440586815 0.687831351152 0.68166518616 0.0 0.0 0.0 0.0 0.0 0.0
23.2616709642 10.6661295066 23.4083762203 -0.936253853799 -0.00854134663915 0.351220396111 0.249440586815 0.687831351152 0.68166518616 0.0 0.0 0.0 0.0 0.0 0.0
23.1651420157 11.1886076863 23.4882750055 -0.613334480911 -0.432519794154 0.660868702687 0.249440586815 0.687831351152 0.68166518616 0.0 0.0 0.0 0.0 0.0 0.0
22.9288034531 11.6124929654 23.7188188324 -0.0573990843191 -0.692176740524 0.719441939976 0.249440586815 0.687831351152 0.68166518616 0.0 0.0 0.0 0.0 0.0 0.0
22.6793807673 11.8785965347 24.113359472 0.520343184067 -0.688864170591 0.504687155841 0.249440586815 0.687831351152 0.68166518616 0.0 0.0 0.0 0.0 0.0 0.0
22.5485703268 11.9876734947 24.6229435648 0.900398377152 -0.423840585056 0.0981932832824 0.249440586815 0.687831351152 0.68166518616 0.0 0.0 0.0 0.0 0.0 0.0
22.6230057247 12.00013598 25.1549108195 0.938377172899 0.00220712497853 -0.345605859299 0.249440586815 0.687831351152 0.68166518616 0.0 0.0 0.0 0.0 0.0 0.0
22.9113442286 12.0131015794 25.6080972078 0.619850791832 0.427416311333 -0.658103557711 0.249440586815 0.687831351152 0.68166518616 0.0 0.0 0.0 0.0 0.0 0.0
23.34097774 12.1234967405 25.9112688693 0.0658327315952 0.690242894992 -0.720576711644 0.249440586815 0.687831351152 0.68166518616 0.0 0.0 0.0 0.0 0.0 0.0
23.7856178247 12.3912327912 26.0501850468 -0.513196284039 0.690834662598 -0.509290725423 0.249440586815 0.687831351152 0.68166518616 0.0 0.0 0.0 0.0 0.0 0.0
24.1132748003 12.816444625 26.0730083874 -0.897253451182 0.428966791743 -0.104516677727 0.249440586815 0.687831351152 0.68166518616 0.0 0.0 0.0 0.0 0.0 0.0
24.2364028235 13.3394394524 26.072007148 -0.940429030944 0.00412726476321 0.339965003263 0.249440586815 0.687831351152 0.68166518616 0.0 0.0 0.0 0.0 0.0 0.0
6.81574389747 18.8590455546 28.949174588 0.879397715832 -0.451877812554 -0.149886957107 0.447696778903 0.677808973963 0.583217445705 0.0 0.0 0.0 0.0 0.0 0.0
7.03349163729 18.8676755846 29.4402922383 0.807310774092 -0.0259532610893 -0.589555546386 0.447696778903 0.677808973963 0.583217445705 0.0 0.0 0.0 0.0 0.0 0.0
7.43526589347 18.870389568 29.7970206834 0.428512971758 0.409831368179 -0.80524212675 0.447696778903 0.677808973963 0.583217445705 0.0 0.0 0.0 0.0 0.0 0.0
7.93471969504 18.9665246246 29.9701941602 -0.113084072902 0.68991420866 -0.715003760231 0.447696778903 0.677808973963 0.583217445705 0.0 0.0 0.0 0.0 0.0 0.0
8.40839597864 19.2199256468 29.9803825075 -0.611718587601 0.707887106522 -0.353123510975 0.447696778903 0.677808973963 0.583217445705 0.0 0.0 0.0 0.0 0.0 0.0
8.74263099094 19.6346895573 29.9100763393 -0.877950983482 0.456921857374 0.14291426401 0.447696778903 0.677808973963 0.583217445705 0.0 0.0 0.0 0.0 0.0 0.0
8.87673704894 20.1536088194 29.8723474821 -0.810635122179 0.032364355284 0.584656520699 0.447696778903 0.677808973963 0.583217445705 0.0 0.0 0.0 0.0 0.0 0.0
8.82605880533 20.6799055374 29.9678910972 -0.435345424865 -0.404488906482 0.804277990239 0.447696778903 0.677808973963 0.583217445705 0.0 0.0 0.0 0.0 0.0 0.0
8.67614355842 21.1139989965 30.2467699054 0.105339277943 -0.687670069981 0.718340804476 0.447696778903 0.677808973963 0.583217445705 0.0 0.0 0.0 0.0 0.0 0.0
8.55024040324 21.3913380414 30.6893945227 0.606003827882 -0.709593876664 0.359493937075 0.447696778903 0.677808973963 0.583217445705 0.0 0.0 0.0 0.0 0.0 0.0
8.56247583968 21.5069251398 31.2139657942 0.876437391765 -0.461931105826 -0.135930687439 0.447696778903 0.677808973963 0.583217445705 0.0 0.0 0.0 0.0 0.0 0.0
8.77449520716 21.5172150281 31.7075516612 0.813897737264 -0.0387729848077 -0.579712971155 0.447696778903 0.677808973963 0.583217445705 0.0 0.0 0.0 0.0 0.0 0.0
9.17204258946 21.5186666133 32.0689919382 0.442144724732 0.399115641388 -0.803252604845 0.447696778903 0.677808973963 0.583217445705 0.0 0.0 0.0 0.0 0.0 0.0
9.67037687567 21.6110966215 32.2473307587 -0.0975864609905 0.685373562563 -0.721623144287 0.447696778903 0.677808973963 0.583217445705 0.0 0.0 0.0 0.0 0.0 0.0
10.146466325 21.8597575549 32.2611755607 -0.600242918625 0.711246608486 -0.365836986319 0.447696778903 0.677808973963 0.583217445705 0.0 0.0 0.0 0.0 0.0 0.0
10.4857303822 22.2705471751 32.1916278102 -0.874857055947 0.466905176435 0.12893675922 0.447696778903 0.677808973963 0.583217445705 0.0 0.0 0.0 0.0 0.0 0.0
10.6255707459 22.7877678449 32.151471198 -0.817098370885 0.0451786616186 0.574725274224 0.447696778903 0.677808973963 0.583217445705 0.0 0.0 0.0 0.0 0.0 0.0
10.5791535103 23.315286992 32.2423232301 -0.448910353567 -0.393711982094 0.802166048656 0.447696778903 0.677808973963 0.583217445705 0.0 0.0 0.0 0.0 0.0 0.0
10.4304071455 23.7530594805 32.5160290383 0.0898262124511 -0.683024861295 0.724850529702 0.447696778903 0.677808973963 0.583217445705 0.0 0.0 0.0 0.0 0.0 0.0
10.3021366686 24.0351364303 32.9549645475 0.594436298545 -0.712845176124 0.37215217566 0.447696778903 0.677808973963 0.583217445705 0.0 0.0 0.0 0.0 0.0 0.0
10.3093679647 24.1547202998 33.4787321569 0.873210096377 -0.471843690408 -0.121933011968 0.447696778903 0.677808973963 0.583217445705 0.0 0.0 0.0 0.0 0.0 0.0
10.5156475297 24.1667473852 33.9747051323 0.820236779301 -0.0515808978994 -0.569693809738 0.447696778903 0.677808973963 0.583217445705 0.0 0.0 0.0 0.0 0.0 0.0
10.9089000944 24.1670166033 34.3408163859 0.455641796141 0.388278340107 -0.801018404416 0.447696778903 0.677808973963 0.583217445705 0.0 0.0 0.0 0.0 0.0 0.0
11.4060162208 24.2557938813 34.5243354691 -0.0820591232977 0.68062414504 -0.728022714943 0.447696778903 0.677808973963 0.583217445705 0.0 0.0 0.0 0.0 0.0 0.0
11.8844269675 24.4997194546 34.5419017514 -0.58858440984 0.714389457843 -0.378439024172 0.447696778903 0.677808973963 0.583217445705 0.0 0.0 0.0 0.0 0.0 0.0
8.27235032146 25.4182378427 24.127067383 0.767385624563 -0.19490554047 -0.610844606678 0.632891197781 0.0775071419672 0.770351461812 0.0 0.0 0.0 0.0 0.0 0.0
8.57032280971 25.0822358494 24.4220252764 0.681893944544 0.415446789943 -0.602017120288 0.632891197781 0.0775071419672 0.770351461812 0.0 0.0 0.0 0.0 0.0 0.0
9.02373304407 24.8409349649 24.5797533482 0.337339354334 0.867963938956 -0.364473264712 0.632891197781 0.0775071419672 0.770351461812 0.0 0.0 0.0 0.0 0.0 0.0
9.55403979486 24.7974864876 24.6543997279 -0.135376096601 0.990727075977 0.011540077797 0.632891197781 0.0775071419672 0.770351461812 0.0 0.0 0.0 0.0 0.0 0.0
10.0534875602 24.9798742785 24.7316766687 -0.55665990507 0.737096432761 0.383169151811 0.632891197781 0.0775071419672 0.770351461812 0.0 0.0 0.0 0.0 0.0 0.0
10.4260446826 25.3302832244 24.8962970297 -0.766459308745 0.203430531143 0.609225858805 0.632891197781 0.0775071419672 0.770351461812 0.0 0.0 0.0 0.0 0.0 0.0
10.6238873815 25.7270641663 25.1997904444 -0.685068006512 -0.407522030432 0.603827476326 0.632891197781 0.0775071419672 0.770351461812 0.0 0.0 0.0 0.0 0.0 0.0
10.6655688068 26.0309504486 25.6409263514 -0.343407914878 -0.863650159242 0.369024940134 0.632891197781 0.0775071419672 0.770351461812 0.0 0.0 0.0 0.0 0.0 0.0
10.628970387 26.1379676498 26.166181505 0.128718585091 -0.991663153094 -0.00597634058322 0.632891197781 0.0775071419672 0.770351461812 0.0 0.0 0.0 0.0 0.0 0.0
10.6217133728 26.0189352041 26.6900743516 0.551942742525 -0.742926735363 -0.378707109594 0.632891197781 0.0775071419672 0.770351461812 0.0 0.0 0.0 0.0 0.0 0.0
10.7402717241 25.7305525857 27.1276409007 0.765474624083 -0.211940029795 -0.607560716024 0.632891197781 0.0775071419672 0.770351461812 0.0 0.0 0.0 0.0 0.0 0.0
11.03332004 25.3938582309 27.4267139654 0.688189897898 0.399566236541 -0.605591848564 0.632891197781 0.0775071419672 0.770351461812 0.0 0.0 0.0 0.0 0.0 0.0
11.4832412649 25.1482450122 27.5877423492 0.349450323581 0.859270609224 -0.373548512878 0.632891197781 0.0775071419672 0.770351461812 0.0 0.0 0.0 0.0 0.0 0.0
12.0128197019 25.098502556 27.6636203377 -0.122051271163 0.992523711224 0.000412148247994 0.632891197781 0.0775071419672 0.770351461812 0.0 0.0 0.0 0.0 0.0 0.0
12.5145765479 25.2750059109 27.7395922755 -0.547183547403 0.748700461218 0.374216227364 0.632891197781 0.0775071419672 0.770351461812 0.0 0.0 0.0 0.0 0.0 0.0
12.891602887 25.6221755595 27.900866814 -0.764431645564 0.220433388392 0.605849305143 0.632891197781 0.0775071419672 0.770351461812 0.0 0.0 0.0 0.0 0.0 0.0
13.0943770085 26.019593006 28.2002447207 -0.69125938096 -0.391580014134 0.607310102638 0.632891197781 0.0775071419672 0.770351461812 0.0 0.0 0.0 0.0 0.0 0.0
13.1395785324 26.3277497759 28.6380589845 -0.355466120288 -0.854825622422 0.378043638457 0.632891197781 0.0775071419672 0.770351461812 0.0 0.0 0.0 0.0 0.0 0.0
13.1037515429 26.4410490183 29.1620483075 0.115374662558 -0.99330868483 0.00515207547391 0.632891197781 0.0775071419672 0.770351461812 0.0 0.0 0.0 0.0 0.0 0.0
13.0942242114 26.3279235147 29.6872120462 0.542382682136 -0.754417170635 -0.36969684712 0.632891197781 0.0775071419672 0.770351461812 0.0 0.0 0.0 0.0 0.0 0.0
13.2083330293 26.0428285934 30.1281033771 0.763330452616 -0.228909960133 -0.604091756491 0.632891197781 0.0775071419672 0.770351461812 0.0 0.0 0.0 0.0 0.0 0.0
13.4964430479 25.7055536394 30.431291973 0.694276221943 0.383563971393 -0.608982107696 0.632891197781 0.0775071419672 0.770351461812 0.0 0.0 0.0 0.0 0.0 0.0
13.9428133532 25.4557121048 30.5956630783 0.361454846874 0.85031553734 -0.382509974549 0.632891197781 0.0775071419672 0.770351461812 0.0 0.0 0.0 0.0 0.0 0.0
14.4715773022 25.3997000237 30.6728410229 -0.108689267725 0.994018014133 -0.0107159068453 0.632891197781 0.0775071419672 0.770351461812 0.0 0.0 0.0 0.0 0.0 0.0
14.9755655292 25.5702743801 30.7475762762 -0.537540512328 0.760076428263 0.365149313029 0.632891197781 0.0775071419672 0.770351461812 0.0 0.0 0.0 0.0 0.0 0.0
