
#id1 id2 FENE BEXC STCK NEXC HB CRSTCK CXSTCK total, t = 100
0 1 0.801114 0 -0 0 0 0 0 0.801114
1 2 0.0122047 0 -0.299149 0 0 0 0 -0.286944
2 3 0.852773 0 -0.682111 0 0 0 0 0.170662
3 4 0.0981651 0 -1.35135 0 0 0 0 -1.25318
4 5 0.229896 0 -1.38559 0 0 0 0 -1.15569
5 6 0.995178 0 -0.793757 0 0 0 0 0.20142
6 7 0.0408481 0 -0.766279 0 0 0 0 -0.725431
7 8 0.109791 0 -0.129165 0 0 0 0 -0.0193747
8 9 0.0285476 0 -0.907507 0 0 0 0 -0.87896
9 10 0.171589 0 -1.18503 0 0 0 0 -1.01344
10 11 0.143879 0 -1.17671 0 0 0 0 -1.03283
11 12 0.0557456 0 -1.2825 0 0 0 0 -1.22675
12 13 0.171509 0 -0.651968 0 0 0 0 -0.480459
13 14 0.000740585 0 -1.29842 0 0 0 0 -1.29768
14 15 0.0553099 0 -1.049 0 0 0 0 -0.993688
15 16 0.0870944 0 -1.37051 0 0 0 0 -1.28342
16 17 0.129997 0 -1.18981 0 0 0 0 -1.05982
17 18 0.114375 0 -1.23472 0 0 0 0 -1.12035
18 19 0.0026351 0 -0.0724648 0 0 0 0 -0.0698297
19 20 0.000205194 0 -0.0530462 0 0 0 0 -0.052841
20 21 0.016775 0 -1.09926 0 0 0 0 -1.08248
21 22 0.0596395 0 -1.17702 0 0 0 0 -1.11738
22 23 0.113436 0 -1.28128 0 0 0 0 -1.16785
23 24 0.163172 0 -1.0019 0 0 0 0 -0.838729
24 25 0.0228376 0 -1.22966 0 0 0 0 -1.20682
26 27 0.000721177 0 -1.41218 0 0 0 0 -1.41146
27 28 0.39727 0 -1.31139 0 0 0 0 -0.914119
28 29 0.106256 0 -1.20215 0 0 0 0 -1.0959
29 30 0.116493 0 -1.28521 0 0 0 0 -1.16871
30 31 0.075787 0 -1.30038 0 0 0 0 -1.22459
31 32 0.0292891 0 -1.26189 0 0 0 0 -1.2326
32 33 0.102748 0 -1.23678 0 0 0 0 -1.13403
33 34 0.138721 0 -1.32354 0 0 0 0 -1.18482
34 35 0.134877 0 -1.41672 0 0 0 0 -1.28185
35 36 0.197871 0 -1.11481 0 0 0 0 -0.916936
36 37 0.000388791 0 -1.39511 0 0 0 0 -1.39473
37 38 0.0414323 0 -1.3483 0 0 0 0 -1.30686
38 39 0.0332862 0 -1.15839 0 0 0 0 -1.1251
39 40 0.0562581 0 -1.31685 0 0 0 0 -1.26059
40 41 0.00106519 0 -1.12276 0 0 0 0 -1.1217
41 42 0.0936259 0 -1.24392 0 0 0 0 -1.1503
42 43 4.88252e-05 0 -1.2776 0 0 0 0 -1.27755
43 44 0.00336462 0 -0.846874 0 0 0 0 -0.843509
44 45 0.0139756 0 -1.04523 0 0 0 0 -1.03126
45 46 0.0886477 0 -1.01302 0 0 0 0 -0.924377
46 47 0.0802832 0 -1.32031 0 0 0 0 -1.24003
47 48 0.300171 0 -1.25363 0 0 0 0 -0.953459
48 49 0.111935 0 -1.37622 0 0 0 0 -1.26429
49 50 0.0332672 0 -1.22542 0 0 0 0 -1.19215
51 52 2.18403e-05 0 -1.31154 0 0 0 0 -1.31151
52 53 0.259511 0 -1.31577 0 0 0 0 -1.05626
53 54 0.0276593 0 -1.21979 0 0 0 0 -1.19213
54 55 0.0288216 0 -1.31608 0 0 0 0 -1.28726
55 56 0.136926 0 -0 0 0 0 0 0.136926
56 57 0.0826058 0 -0.142194 0 0 0 0 -0.0595885
57 58 0.619368 0 -0.579225 0 0 0 0 0.0401426
58 59 0.13203 0 -1.1846 0 0 0 0 -1.05257
59 60 0.0843851 0 -1.21941 0 0 0 0 -1.13503
60 61 0.0388266 0 -1.08529 0 0 0 0 -1.04647
61 62 0.00185511 0 -1.27613 0 0 0 0 -1.27427
62 63 0.0429322 0 -0.971779 0 0 0 0 -0.928847
63 64 0.207436 0 -1.12011 0 0 0 0 -0.912671
64 65 0.0912813 0 -1.314 0 0 0 0 -1.22272
65 66 0.0505624 0 -1.21739 0 0 0 0 -1.16683
66 67 0.0849641 0 -1.1333 0 0 0 0 -1.04834
67 68 0.000251148 0 -1.38567 0 0 0 0 -1.38542
68 69 1.10402 0 -0 0 0 0 0 1.10402
68 70 0 0 0 0 0 -0 -0.15042 -0.15042
69 70 1.02374 0 0 0 0 0 0 1.02374
70 71 0.0360368 0 -1.14309 0 0 0 0 -1.10706
71 72 0.0425297 0 -1.00425 0 0 0 0 -0.961716
72 73 0.0723965 0 -1.39116 0 0 0 0 -1.31876
73 74 0.115466 0 -1.14794 0 0 0 0 -1.03248
74 75 0.00442116 0 -1.23189 0 0 0 0 -1.22747
#Total energy per particle is  -0.860719 and should be -0.86071910

