
#id1 id2 FENE BEXC STCK NEXC HB CRSTCK CXSTCK total, t = 100
0 1 0.0417726 0 -0.838306 0 0 0 0 -0.796534
1 2 0.000183888 0 -1.20328 0 0 0 0 -1.2031
2 3 0.0794752 0 -1.07635 0 0 0 0 -0.996878
3 4 0.162174 0 -0.888915 0 0 0 0 -0.726741
4 5 0.36182 0 -1.23481 0 0 0 0 -0.872992
5 6 0.144084 0 -1.34145 0 0 0 0 -1.19736
6 7 0.117194 0 -1.02908 0 0 0 0 -0.911882
7 8 0.36482 0 -1.32378 0 0 0 0 -0.958961
8 9 0.188305 0 -1.28985 0 0 0 0 -1.10155
9 10 0.00475014 0 -1.21668 0 0 0 0 -1.21193
10 11 0.13077 0 -0.98849 0 0 0 0 -0.85772
11 12 0.0119985 0 -1.36909 0 0 0 0 -1.35709
12 13 0.0393732 0 -1.36484 0 0 0 0 -1.32546
13 14 0.165308 0 -1.33987 0 0 0 0 -1.17456
14 15 0.165222 0 -1.29242 0 0 0 0 -1.1272
15 16 0.0913321 0 -1.16832 0 0 0 0 -1.07699
16 17 0.373768 0 -0.925213 0 0 0 0 -0.551445
17 18 0.0245144 0 -1.31861 0 0 0 0 -1.29409
18 19 0.0417974 0 -1.16205 0 0 0 0 -1.12025
19 20 0.35921 0 -0.931659 0 0 0 0 -0.572448
20 21 0.0202272 0 -0.27286 0 0 0 0 -0.252633
21 22 0.028005 0 -1.02289 0 0 0 0 -0.994883
22 23 0.000129486 0 -0.468092 0 0 0 0 -0.467962
23 24 0.210302 0 -1.10069 0 0 0 0 -0.890385
24 25 0.201154 0 -0.749337 0 0 0 0 -0.548183
#Total energy per particle is  -0.907279 and should be -0.90727910

