
#id1 id2 FENE BEXC STCK NEXC HB CRSTCK CXSTCK total, t = 100
0 1 0.000940478 0 -1.349 0 0 0 0 -1.34805
1 2 0.224861 0 -1.11802 0 0 0 0 -0.893161
2 3 0.0951899 0 -1.34578 0 0 0 0 -1.25059
3 4 0.1151 0 -1.30496 0 0 0 0 -1.18986
4 5 0.0136602 0 -1.19102 0 0 0 0 -1.17736
5 6 1.67321 0 0 0 0 0 0 1.67321
6 7 1.7204 0 0 0 0 0 0 1.7204
7 8 0.0810361 0 -1.24907 0 0 0 0 -1.16803
8 9 0.000499872 0 -1.26822 0 0 0 0 -1.26772
9 10 0.00673243 0 -1.33442 0 0 0 0 -1.32768
10 11 0.0414075 0 -1.05241 0 0 0 0 -1.011
11 12 0.00494367 0 -1.25084 0 0 0 0 -1.2459
12 13 1.2947 0 0 0 0 0 0 1.2947
13 14 0.104859 0 -0 0 0 0 0 0.104859
14 15 0.0517087 0 -1.02189 0 0 0 0 -0.970185
15 16 0.356399 0 -1.29423 0 0 0 0 -0.937828
16 17 0.359464 0 -1.13073 0 0 0 0 -0.77127
17 18 0.0683532 0 -1.1123 0 0 0 0 -1.04395
18 19 0.0442113 0 -1.34269 0 0 0 0 -1.29848
19 20 0.167269 0 -1.35925 0 0 0 0 -1.19198
20 21 0.0160768 0 -1.27888 0 0 0 0 -1.2628
21 22 0.123014 0 -0.829735 0 0 0 0 -0.706721
22 23 0.0486485 0 -1.35069 0 0 0 0 -1.30204
23 24 0.0692845 0 -1.18401 0 0 0 0 -1.11473
24 25 0.263058 0 -1.01296 0 0 0 0 -0.749905
25 26 0.00180514 0 -1.16312 0 0 0 0 -1.16131
27 28 0.127154 0 -1.29459 0 0 0 0 -1.16744
28 29 0.292035 0 -1.31704 0 0 0 0 -1.02501
29 30 0.179299 0 -1.38921 0 0 0 0 -1.20991
30 31 0.131518 0 -1.34486 0 0 0 0 -1.21334
31 32 0.125186 0 -1.21673 0 0 0 0 -1.09155
32 33 0.108999 0 -1.09235 0 0 0 0 -0.983354
33 34 0.00334277 0 -1.33157 0 0 0 0 -1.32823
34 35 0.114051 0 -1.32987 0 0 0 0 -1.21582
35 36 0.419946 0 -1.41915 0 0 0 0 -0.999208
36 37 0.123535 0 -1.32999 0 0 0 0 -1.20646
37 38 0.713127 0 -1.31926 0 0 0 0 -0.606132
38 39 0.082317 0 -0.833947 0 0 0 0 -0.75163
39 40 0.262382 0 -1.31498 0 0 0 0 -1.0526
40 41 0.223132 0 -1.16328 0 0 0 0 -0.94015
41 42 0.035403 0 -1.26889 0 0 0 0 -1.23348
42 43 0.126014 0 -1.14788 0 0 0 0 -1.02186
43 44 0.0669569 0 -1.16381 0 0 0 0 -1.09685
44 45 0.000952552 0 -1.07785 0 0 0 0 -1.07689
45 46 0.0822033 0 -1.04852 0 0 0 0 -0.966313
46 47 0.710278 0 -1.07183 0 0 0 0 -0.361555
47 48 0.32456 0 -1.03588 0 0 0 0 -0.711317
48 49 0.158503 0 -1.31628 0 0 0 0 -1.15778
49 50 0.0158748 0 -0.165896 0 0 0 0 -0.150021
50 51 1.45648 0 0 0 0 0 0 1.45648
52 53 0.000311094 0 -1.29516 0 0 0 0 -1.29485
53 54 0.102536 0 -1.29209 0 0 0 0 -1.18955
54 55 0.128079 0 -1.27778 0 0 0 0 -1.1497
55 56 0.0105396 0 -1.42643 0 0 0 0 -1.41589
56 57 0.585759 0 -1.38619 0 0 0 0 -0.80043
57 58 0.404357 0 -1.3585 0 0 0 0 -0.954145
58 59 0.110579 0 -1.21022 0 0 0 0 -1.09964
59 60 0.0128167 0 -1.3557 0 0 0 0 -1.34288
60 61 0.10419 0 -1.30252 0 0 0 0 -1.19833
61 62 0.468212 0 -1.06691 0 0 0 0 -0.598698
62 63 0.0438463 0 -1.40217 0 0 0 0 -1.35832
63 64 0.038021 0 -1.31063 0 0 0 0 -1.27261
64 65 0.5644 0 -1.21581 0 0 0 0 -0.651405
65 66 0.086633 0 -1.35102 0 0 0 0 -1.26438
66 67 0.106516 0 -1.28157 0 0 0 0 -1.17505
67 68 0.265875 0 -1.37365 0 0 0 0 -1.10778
68 69 0.127806 0 -1.37363 0 0 0 0 -1.24582
69 70 0.0339545 0 -1.02901 0 0 0 0 -0.995059
70 71 0.124377 0 -0.983317 0 0 0 0 -0.858939
71 72 0.00767657 0 -0.848082 0 0 0 0 -0.840405
72 73 0.00181308 0 -1.14368 0 0 0 0 -1.14187
73 74 0.675651 0 -0.176798 0 0 0 0 0.498852
74 75 0.953777 0 -0.54351 0 0 0 0 0.410267
75 76 0.766153 0 -0 0 0 0 0 0.766153
#Total energy per particle is  -0.805043 and should be -0.80504310

