t = 100
b = 30 30 30
E = -0.569372558190926 -0.805042917338893 0.235670359147967
13.2325539002497 12.6286200692105 15.6702597964571 -0.303892244430127 0.931310073654179 0.20077582344526 0.947282718079372 0.272921097601639 0.167837457094895 -0.778528563925531 0.291215549233711 -0.0716044577353517 0.324765856483342 -0.0863215832038128 -0.213932690244222
13.6307950102809 12.9135832135421 15.505066228488 -0.29666769798064 0.46321451661196 0.835117041665492 0.95465852735877 0.166564043235776 0.246745610827312 -0.169255420938847 -0.194514314173117 -0.325781495249563 0.635728385830802 -0.158817978153145 0.264158891230222
13.911738302649 13.2686293945395 15.6543793476242 -0.213276616215927 -0.106263844088979 0.971195636486027 0.921697782206715 0.307794267021644 0.236084241067162 -0.370181833981352 -0.327143387802996 0.36643796494037 0.397259872495685 -0.0284147731754656 0.423420975815328
14.2224334414355 13.6092140393331 15.8599328601947 -0.0535101061808938 -0.652513358281989 0.755885486985898 0.838007985635751 0.382301558955112 0.389343058859903 0.272112882318548 -0.566529037509495 0.687171671032893 0.254120451105811 -0.204150156942584 0.400597162190916
14.5483739597262 13.8463378649725 16.1977897029974 0.0536124587259983 -0.932207246676977 0.357931885066011 0.867788197641321 0.220835402805548 0.445168788693147 -0.0668884868487806 -0.301385378924686 0.278703220511008 0.523421424016393 0.00367063517205725 -0.0988584355774573
14.7388338111441 14.0033152200337 16.6500249158529 0.32561499838435 -0.905932746097086 -0.270666980217855 0.895492312163535 0.20361788435349 0.395769070357183 0.562957423176458 -0.375411388582833 -0.0172330982943947 0.319356951102448 0.0821362040499678 0.637057325122088
14.776768311734 15.6295044615426 17.663199067725 0.227339721710554 -0.826951700286011 -0.514263966940218 0.900322571568436 -0.0227750036212535 0.434626799261193 -0.989710862382985 6.2061104052654 2.4905082293512 0.500081700619486 0.344382839476567 -0.615410155060724
15.2563538750901 13.9682525874362 17.1881562307848 0.354784737679769 -0.0660171335854038 -0.932614287308486 0.932724140286433 -0.0437666341425158 0.357924643282439 -0.386428724063049 0.0799114665687943 -0.574489543590525 0.731037883481498 0.0246363895736365 -0.53556897845694
15.719065322385 13.7810098701737 17.3503478793334 0.141128866296974 0.412656283596674 -0.899887391545119 0.982385561573989 0.054082738777948 0.178867422770034 -0.0995090107762494 0.71885733730295 0.054303490832975 0.662680657593466 0.0451612158613731 -0.0642055623738718
16.220126072127 13.632568112604 17.2681288911204 -0.190822272475525 0.862879335510637 -0.468002129876243 0.961097774870575 0.261220325767841 0.0897490761365509 -0.261912015358075 0.764481417882399 -0.163636215112208 0.423801786619043 0.0710865475911334 -0.0505202892595251
16.6915141019916 13.8003006243982 17.0632087298308 -0.407640908187332 0.865808489550316 0.290180001039282 0.912873820096665 0.378691922603029 0.152491650607761 0.126320496122654 0.617993450474162 -0.0744345007527742 0.649760943802957 -0.127442770588271 0.170036731388795
17.0956713914729 14.1878268387637 17.0631696880995 -0.457428711312392 0.506768343118832 0.730715199385255 0.868845067694379 0.429707025032669 0.245886167372355 -0.129310000391634 0.871938072204037 0.0909814477908011 0.604416685137475 0.230281878739564 0.341258598256353
17.37308163751 14.6182547499747 17.1958003420615 -0.329525521247481 -0.160313121860382 0.930436735864873 0.859286578367723 0.35740499328394 0.365907269005085 -0.463041109051114 0.724063394421713 0.734352392390968 0.427221503829007 0.251046733493683 0.691873176148819
17.9091082614068 15.7232208982712 17.4842827902923 -0.296691831283946 -0.547036098872472 0.782767746284482 0.894689570534875 0.127388317972329 0.428138610791085 -0.534922750296134 4.13432561106611 0.424944984332452 -0.131168671341336 0.661577645017728 -0.0163426981041513
18.3108424274921 15.1782411921439 17.6360063383103 -0.355809387895033 -0.834386076808454 0.420950639725762 0.755217187964145 0.0086114174160416 0.655417980848718 0.907886915032129 0.122675028505874 -0.32936341820636 0.329132007278472 1.01714117670906 -0.650971192821268
18.367236557552 15.092038642631 18.0653058194644 0.34379207091685 -0.926971433061406 -0.150102814944026 0.735735832961809 0.166566823125725 0.656466428791503 0.946215335456747 0.19085864153417 0.959716791299239 0.830504623532087 0.599995614337089 -0.161485723844148
18.5783415493552 14.9621187770395 18.4537192377621 0.601353034686191 -0.594241483633025 -0.534089382217044 0.760805311731691 0.221719682277037 0.609930770664375 0.0245256357956704 -0.0964741212413503 0.01729967477515 0.720041816526648 -0.13997637852321 0.156757501049154
18.9289816526873 14.9158210890206 18.7310758961061 0.464237194197179 -0.197669893833725 -0.863371487239829 0.88457488830722 0.0541204785889627 0.463247370191118 0.381998589698138 0.209902656519099 0.34492243083105 0.30753012088523 0.30760303881032 -0.110334165783805
19.3580947292459 14.7559720150843 18.8552078826555 0.173338838629631 0.391597889548387 -0.903661785811626 0.971048609175385 0.0851821229501134 0.223178159416595 0.160233272964202 0.454273532886623 0.322967653535524 0.25800034147225 0.00159992915857497 -0.286517386017644
19.8264634135629 14.6669442761472 18.7645343922865 -0.126435911697453 0.866057948013319 -0.483691505014044 0.953872995972977 0.239989237191958 0.180364514252035 -0.25543488915316 -0.0295098949297321 0.128708653014312 0.567995829507487 -0.301196658560067 -0.610384433164183
20.2942966364104 14.712220477781 18.6286051584967 -0.333666175973728 0.94082737628862 0.059250423138733 0.913445007623515 0.307140885495483 0.266987970980924 0.075060577122331 0.420422505717813 0.301578254431016 0.822227219447576 0.186999983057019 0.117365117911512
20.6260270129556 14.9801635719046 18.4189954164803 -0.306652204645101 0.565915834386862 0.765312730580369 0.921886767057015 0.3766524560231 0.0908713716203748 -0.0219096244857573 0.53004226902772 0.222097232277544 0.357859473280388 -0.0694730463197649 0.344244666776794
21.0615828325067 15.1651198343065 18.5803757891035 -0.627178209549731 0.245121826317825 0.739298770919783 0.739545621883292 0.48522585199864 0.466506199475499 0.244175637241155 -0.391835522158798 0.570215367041152 0.482020988029107 0.384224638996766 -0.498037958241549
21.2194666216745 15.5488861528372 18.7978091317076 -0.267450170667896 -0.481592323138979 0.834589193460795 0.747399982588033 0.442987328277563 0.495131682691705 -0.0359989230185502 0.071191551558054 0.382886564198765 0.441884934012933 -0.218491239926559 -0.257360919952606
21.4542412977822 15.8607745666372 19.1074475208557 0.0843532557455764 -0.909406469578406 0.407264388529502 0.912076743721799 0.235053472750723 0.33595499608632 0.0390329502144068 0.117860890458526 0.295851357381174 0.587348043096769 -0.488077381144196 -0.17220176299585
21.777958002556 16.0995172606133 19.4200433698393 0.200074402127246 -0.977532374502238 -0.0663368135668231 0.839400453288866 0.136093893545924 0.526198837481933 0.38996947172407 0.194849292009516 0.139697262400804 0.135256306337287 0.20368206533452 -0.069704226678891
22.127044958686 16.0929977891631 19.8272485599667 0.305221396382513 -0.589923894866328 -0.747549047791921 0.948925144814434 0.122564771938436 0.290721219045292 0.144464248923062 -0.482857762263831 -0.163771763457305 0.157706613823372 0.202004751410348 0.0789642192833614
14.3062772135883 27.2710327226399 22.8898451543906 0.317082833502907 -0.292787954639261 -0.902071822028526 0.827783646477384 0.549637599300748 0.112572762610609 -0.121266361989066 -0.371116490421224 -0.250987702416193 -0.0487377643446268 -0.131847616859103 -0.46121743596078
14.774475526198 27.2852296227838 22.8695905101796 -0.0666890603306412 0.340368366770028 -0.937924210751039 0.902021386323831 0.422386459336335 0.0891458285946356 -0.33242418453212 -0.112182984676975 -0.163331557950449 0.103348985509781 0.228116436744674 0.0529168720261004
15.2263383611369 27.3819013221443 22.739360575602 -0.324646701230418 0.761759135753485 -0.560649105517713 0.875303667443198 0.466574279504547 0.127089780702106 -0.327165182267187 0.332033304303684 -0.433881495661798 0.329013497146842 0.207690532006857 0.12281056158005
15.6703379823672 27.5363779471657 22.5851185179073 -0.488925962857333 0.871853943903478 0.0286702713054474 0.868424169071571 0.483371719107492 0.110413427986619 -0.243908272965394 0.53234153491642 -0.063131792644915 0.512816284811115 0.044408368161364 0.0568284632258967
16.0080883287772 27.7953699091769 22.3507861461601 -0.328344608194138 0.651317318433985 0.684087313058646 0.909784840887972 0.412776324763869 0.0436707072752731 -0.494016856078144 0.315992522408207 0.195646715598619 0.37345195850963 0.211262913791419 0.500485639411482
16.4046223193894 28.1288812012507 22.3058228220117 -0.446225696643551 0.272940781369027 0.852282723230561 0.76927934518833 0.603599778990219 0.209467133553146 -0.201706544523935 -0.31177975652266 0.247300932881633 0.244258593338968 -0.305702941030343 -0.431311670088038
16.778216615854 28.4919542230331 22.3950506117475 -0.41542344088223 -0.223145045729901 0.881833058138442 0.698555988191518 0.542666815184101 0.466403416811414 0.301290372757803 -0.404716769726707 0.218995670567319 0.399200078595424 0.807707441634139 -0.208753779331093
16.8421049930303 28.8548839996625 22.666899852331 0.309388037927255 -0.809034367397636 0.499742250394606 0.77954464691396 0.516747563012086 0.353951953907707 -0.362378417732271 -0.391695153957988 0.361665538048705 0.591382881896228 0.0826869838902693 -0.123239783982547
17.1492880521942 29.0611977976326 22.9998837454943 0.402118044156836 -0.912819976863771 -0.0711382461083241 0.832040984032422 0.331894427696319 0.444470223557702 0.228320293257098 0.0741599781798376 0.102239718495404 0.721572557100885 0.0481587904812604 0.183275078489738
17.4702196030786 29.0708633297101 23.3189080419048 0.525284184433739 -0.627247568023562 -0.575010343384001 0.846401564060127 0.315548333386269 0.428991295195376 0.203712919311975 -0.463255499368742 0.0377416194820071 0.442911580378763 -0.183410982890992 0.186848890441397
17.8822735977549 29.0647448168632 23.5750278886484 0.314187427285359 -0.154480254417595 -0.936708061635585 0.88615288625248 0.4017234250216 0.230978858706203 0.0553761731956446 -0.472524460491832 -0.410615700087183 0.328305407719392 -0.215841572268685 0.00312750720036746
18.2850720948569 29.0897299458125 23.5946341481658 0.149967396623568 0.334827340820731 -0.930268946523946 0.855078675381044 0.428425809755994 0.292047368295932 0.0738989732373186 -0.0592993344102146 -0.411177360520408 0.252181601107795 0.19087886258115 -0.0326314878903178
18.7550110293903 29.1840442530972 23.4369509780194 -0.287679699194279 0.571148802423876 -0.768784314345008 0.858864451403232 0.509044392048121 0.0567938571098639 0.149036309211104 0.648087834661771 -0.192350118129756 0.413173368257148 0.682536692839038 -0.0953279183146707
19.1541768692156 29.2114865671794 23.2445122371825 -0.344312593700841 0.932515108288108 -0.108923333051054 0.938849363312238 0.341583231818391 -0.0433895782214361 -0.440851194577894 -0.470017644865898 0.39316181031284 0.392846089533818 -0.271729307257215 -0.19201089060004
19.5802132090272 29.3884404071418 23.1376842702675 -0.535886433354574 0.746984862208751 0.393496162935446 0.83629535309412 0.533621870122097 0.125927217282854 -0.277066880645298 0.42802399353963 0.254659220298596 0.379708312053113 -0.0573126387943962 -0.334221451247846
19.7297054190611 29.8301826558306 22.9115307904808 -0.161972133734863 0.208255212983213 0.96456968428669 0.816449033177245 0.577282926279541 0.0124613197225416 0.00722878796267706 0.374314947508929 0.544699416154413 0.44080285464537 -0.492290150017475 0.0909892796728392
20.104708080216 30.2054529048566 23.0209980471082 -0.264677843521361 -0.124265587946793 0.956296812098532 0.816157752130459 0.499334767794145 0.290776882521003 0.310440364922252 -0.204075566763551 -0.426416108130875 0.400753713365799 0.772959117206506 -0.194402970629552
20.3441775226788 30.5366158722781 23.2748553448769 0.240073702021736 -0.729466745225619 0.640501964233526 0.785704640635321 0.533506724914949 0.313111285333123 -0.0160144824150203 -0.308899105381442 0.304543426532797 0.387671368637223 0.286857021690374 -0.118380456979258
20.5426675616347 30.7625140786584 23.6441806420273 0.520910482096322 -0.838777908575473 -0.15844171140524 0.751247913931622 0.362344236623954 0.551663960393858 -0.0851054527848641 -0.761036922840358 -0.10248918800557 0.25239444593607 -0.168389437369852 0.275091570122522
20.9130415855216 30.8532406119963 23.9754675793243 0.345798412256746 -0.695116587635153 -0.630266823969468 0.938204773187717 0.26614573927047 0.221219647045038 -0.242928847658907 -0.546718973543031 0.0277942608318091 0.562137472974418 -0.00334451746597553 0.0211281528107826
21.3025837367567 30.8240329583764 24.0199199389531 0.232347964154837 -0.302585889731653 -0.924367937436008 0.904790968837312 0.415961434598071 0.0912648258136723 0.253673060659012 -0.154488752148787 -0.819913872238694 0.41302641105305 0.0174417066635017 -0.197582621682252
21.6924409222092 30.7267473992276 24.2354427415904 0.0582210613851584 0.330464065715934 -0.942021066683114 0.89741322098134 0.396052728408625 0.194400689752312 0.279288081479763 -0.172872158634201 0.196081292239804 0.374889441349571 -0.141729039550474 0.0930948649956642
22.1649926380586 30.6414112777631 24.2028704069766 -0.204239342944743 0.774007408224206 -0.599331881019179 0.922721291590527 0.356673443126957 0.146182607400284 -0.224707483857277 -0.633569896398351 -0.0143395260184948 0.245167584618322 -0.186698556655174 -0.0927236324785554
22.7677820522152 30.3847901482538 24.1769904540469 -0.374788165992695 0.92645458759846 -0.0348655781606149 0.921765466274382 0.376396221350932 0.0931353395930539 0.62180904978796 -1.3947231308175 0.382085978321379 0.210518857109088 -0.478147718107536 0.00593767195481057
22.7326905610042 29.7607688478624 22.8816597244138 -0.179955341949178 0.891566368239435 0.415602418390088 0.977802603506143 0.208227278768099 -0.0233098651639184 -1.57054994713689 -4.75616434739086 -3.4616873777601 0.0846300430756416 -0.928649556953448 -0.880396767989954
8.13264605176116 24.1486769061161 23.9920040435243 -0.846872273908794 0.482704520872805 -0.223167162188044 0.472297325746157 0.875568511118239 0.101562292340862 -0.906573282857903 -0.132662952083203 0.328870726338569 0.104656704974106 0.170054431786823 -0.46739978503469
8.21117781226361 24.5629958004749 23.7449098157657 -0.638107824662255 0.399957769961116 0.65791494044944 0.476681783795768 0.87625557897976 -0.0703599362385405 -0.194680817288971 0.121066623029437 -0.0366412574145189 0.353576679544839 0.00477510899511218 0.237746695589104
8.23895283191044 25.0724596805515 23.6919020173368 -0.241969877179435 0.0794729769054378 0.967023529408448 0.393322889602979 0.919115553615014 0.0228820085171516 -0.180941537247497 0.585732813457881 0.11047444135362 0.440940414969473 0.0373671907536794 0.262323885750344
8.2862976470821 25.5805868191335 23.7127001740663 0.119372315613565 -0.295390955072876 0.947889400074435 0.327245283814299 0.91307241750243 0.243329344803024 0.397478237108844 -0.147649507347226 0.295208568789547 0.366382542845356 0.0609523044496042 0.0121558730101732
8.17227328049273 25.9729910398668 23.973222215691 0.773422954391711 -0.403875204889399 0.488571014701229 0.343147478639089 0.914809416477091 0.213010385537959 0.0202267586925132 -0.285650143800678 0.750592393600558 0.603493031923016 -0.454031313140573 -0.0345878077938425
8.30363225147778 26.3597319448242 24.2068956868806 0.868364283606889 -0.457141393698702 0.192263102222614 0.39537200087402 0.872182021724707 0.288061429867103 0.379146019132978 -0.117552005267949 -0.0466406123784982 0.591407724678204 0.143368790020062 -0.150212279791206
8.50150977771221 26.6873484693543 24.4645999318027 0.832994253772051 -0.466517709252031 -0.29745872018223 0.54436239031591 0.787189338951203 0.289831707790225 0.133243245284408 0.00948737104787303 0.0295724628188648 0.343122239643583 0.30687142743258 -0.519216426255165
8.81775121833638 26.9217517579848 24.7009409434918 0.455518383490572 -0.262419415936823 -0.850669699528182 0.609654190684509 0.788279847107504 0.0832858527452063 -0.0691882305644777 0.0920721801676278 -0.390565688495765 0.450376052815274 0.0348301238032623 -0.467886157622731
9.28637438792895 27.1542016423071 24.725837935509 -0.153667560902717 0.0571055179387704 -0.986471044970074 0.606268394606905 0.793780310793504 -0.0484905786106996 -0.0172207203849259 0.726255753258822 -0.469878500293834 0.368126406654362 -0.0483894173148864 -0.159918135517514
9.69677511548138 27.3826926693992 24.6310520318438 -0.683573393129632 0.31790506989334 -0.657011159467836 0.424147977984371 0.905587478667327 -0.00311322249554019 -0.3828761332328 0.113442228269847 -0.317261929317973 0.617028606946873 0.0176447760194554 -0.382725190640822
10.0480635062062 27.6020839162997 24.4325028745372 -0.860549009012707 0.451428378874907 -0.235940048663402 0.46391800562298 0.885873330111981 0.00289980151513505 -0.500596648351131 0.395893790822598 0.529566394703811 0.444752638118327 -0.0044701805092623 -0.211064164904511
10.2371114673508 27.94112502236 24.1532493937451 -0.750146332143221 0.401032026529954 0.525788621897255 0.483348785917316 0.875148815190023 0.0220994059609193 -0.466740968855578 -0.0748998172469885 0.525542412909638 0.217276904805974 0.173140133629658 0.0158484861461112
10.244707698343 28.4476367495807 24.0648350143253 -0.275124087025243 0.096741031583193 0.95652903304189 0.382548617347712 0.923786128606373 0.0166020206451061 -0.239131347742343 0.341883614274352 0.0576993450906595 0.586552109206527 0.141898354044872 0.0169227208301763
10.2270263452843 28.886994623915 24.1505287572561 0.0379172629257732 -0.131309714405978 0.990615931572384 0.178061269354261 0.976351621265891 0.122603381190177 0.594354060104149 0.111235285225971 0.23114995888343 0.65700378192412 0.252164631207158 -0.0684061597103013
10.0944184359435 29.2821836410812 24.3611978948027 0.679450930113425 -0.263296756628644 0.684851175634374 0.213835587730405 0.963934620810163 0.158443287931542 0.394852753015809 -0.305957728339981 0.123093886585058 0.454090292980612 -0.401776240043298 0.00352449496010358
10.1448952620876 29.7079365400809 24.5909156408604 0.879506330507229 -0.454399395475039 0.141384884260126 0.414433075598737 0.877377139635561 0.241773580469626 -0.84536100921747 -1.24986677794063 0.0280303686010131 0.374072447604319 0.554068577434648 -0.304206456641615
10.3557264629964 29.9722014033901 24.8864152673617 0.813164414573589 -0.322473932054626 -0.484534910082339 0.472786491907741 0.851504701698498 0.226743375302284 0.00617457633788661 0.349607142290968 0.211394938621337 0.287935587098463 -0.199962593459085 0.0074944761885993
10.7009627325577 30.2657548759982 25.0983057853594 0.431853302796398 -0.19258622731523 -0.881143094060333 0.519423509976582 0.851774521215045 0.0684051397303848 -0.852125190288916 -0.661318056533375 -0.238151312735104 0.497378026954724 0.51894826124773 -0.170454376378584
11.1382287926459 30.3618215045447 25.1229188649694 -0.221984195616997 0.288313026435373 -0.931449675239584 0.681370966379187 0.729193835066734 0.0633233332358609 -0.0852759465495122 0.258298216177891 -0.510078218627885 0.331498841403716 -0.00794574841001391 0.259185545111591
11.5912612800199 30.5472541954758 25.1082648679598 -0.680911607660936 0.408486327864946 -0.607863622455785 0.455746757272409 0.88604989713542 0.0849138024088456 0.0908079191796513 -0.0340252935557051 0.145986074582628 0.562907745225738 0.126585442280043 0.232539417076968
11.9899145140144 30.9109718963799 24.9144044821077 -0.938990956484109 0.343654239434122 0.0140580682005297 0.333182990062375 0.919001771344975 -0.210771749243296 -0.235814716909884 -0.0810728886861393 0.384078556586614 0.466222835695596 0.353071434651525 0.139687741625997
12.0626383400532 31.3335903614106 24.543121463743 -0.790413625917331 0.20904873680491 0.575799276868747 0.166118643790796 0.977893732365861 -0.126997404256201 0.467492055975368 -0.299197503306058 0.205154986763723 0.919566207778291 -0.456739500690626 0.0521040995733914
12.2880727774804 31.5310854273732 24.1612083041101 -0.44019423045668 0.333709056964293 0.833586942184525 0.304998425897685 0.928743145072976 -0.210741598798636 0.477866996763245 0.220480834104243 -0.255097818849283 0.497327496587334 -1.71416528345358 -0.742033137940614
12.0135106006601 32.1738305262514 24.312294028259 0.426813441878871 -0.383454715111372 0.819019329724108 0.514413048858784 0.847805900986313 0.128857480476327 0.305011596584595 -0.477776119554139 -0.236610317030174 0.169871928214409 -0.20959820194979 0.957593894290756
12.4316228970547 31.9000820487332 23.9442207042445 0.724887451551353 -0.412225560572255 0.551913174628927 0.51938503697796 0.85336600288861 -0.0447831582660318 1.15173394206034 -3.38622309826048 -2.31549686878199 -0.317539331734812 0.345143472452816 0.63407382908631
