
#id1 id2 FENE BEXC STCK NEXC HB CRSTCK CXSTCK total, t = 100
0 1 0.0170618 0 -1.3109 0 0 0 0 -1.29383
1 2 0.245122 0 -0.963398 0 0 0 0 -0.718276
2 3 0.352471 0 -1.29829 0 0 0 0 -0.945814
3 4 0.034509 0 -1.37285 0 0 0 0 -1.33835
4 5 0.0422857 0 -1.15107 0 0 0 0 -1.10878
5 6 0.220329 0 -1.4198 0 0 0 0 -1.19947
6 7 0.151984 0 -1.36866 0 0 0 0 -1.21667
7 8 0.0843222 0 -1.241 0 0 0 0 -1.15668
8 9 0.356126 0 -1.09462 0 0 0 0 -0.738492
9 10 0.0119464 0 -1.09323 0 0 0 0 -1.08129
10 11 0.0253635 0 -1.01857 0 0 0 0 -0.99321
11 12 0.464855 0 -0.177454 0 0 0 0 0.287401
12 13 0.245015 0 -0.210569 0 0 0 0 0.0344458
13 14 0.397318 0 -1.27101 0 0 0 0 -0.873689
14 15 0.112555 0.0126793 -0.731283 0 0 0 0 -0.606048
15 16 0.000637758 0 -0.0312382 0 0 0 0 -0.0306005
16 17 0.0597022 0 -0.900486 0 0 0 0 -0.840784
17 18 0.596859 0 -0.148021 0 0 0 0 0.448839
17 19 0 0 0 0 0 -0 -0.0101212 -0.0101212
18 19 0.353779 0 -0 0 0 0 0 0.353779
18 20 0 0 0 0 -6.5782e-69 -0 -0 -6.5782e-69
19 20 0.026933 0 -1.31349 0 0 0 0 -1.28656
20 21 0.0985267 0 -1.15972 0 0 0 0 -1.0612
21 22 0.00573961 0 -1.12097 0 0 0 0 -1.11523
22 23 0.19396 0 -1.27768 0 0 0 0 -1.08372
23 24 0.0309653 0 -1.17308 0 0 0 0 -1.14211
25 26 0.00333658 0 -1.38584 0 0 0 0 -1.38251
26 27 0.090701 0 -1.00938 0 0 0 0 -0.918683
27 28 0.0369733 0 -1.33649 0 0 0 0 -1.29952
28 29 0.41584 0 -1.27745 0 0 0 0 -0.86161
29 30 0.181657 0 -1.38324 0 0 0 0 -1.20159
30 31 0.148236 0 -1.40166 0 0 0 0 -1.25342
31 32 0.261372 0 -1.34711 0 0 0 0 -1.08574
32 33 0.1424 0 -1.21016 0 0 0 0 -1.06776
33 34 0.106394 0 -1.36063 0 0 0 0 -1.25424
34 35 0.0851469 0 -1.29122 0 0 0 0 -1.20608
35 36 0.160207 0 -1.28139 0 0 0 0 -1.12118
36 37 0.24299 0 -1.43198 0 0 0 0 -1.18899
37 38 0.327078 0 -1.30174 0 0 0 0 -0.974657
38 39 0.170909 0 -1.08408 0 0 0 0 -0.913171
39 40 0.551816 0 -1.04842 0 0 0 0 -0.496605
40 41 0.17494 0 -1.16395 0 0 0 0 -0.989014
41 42 0.0244101 0 -1.20543 0 0 0 0 -1.18102
42 43 0.772062 0 -0 0 0 0 0 0.772062
43 44 0.828532 0 0 0 0 0 0 0.828532
44 45 0.00875349 0 -1.33707 0 0 0 0 -1.32831
45 46 0.00136623 0 -0.830731 0 0 0 0 -0.829365
46 47 0.0779341 0 -0.965908 0 0 0 0 -0.887974
47 48 0.286564 0 -1.2756 0 0 0 0 -0.989032
48 49 0.000208724 0 -1.34506 0 0 0 0 -1.34486
50 51 0.0435695 0 -0.87791 0 0 0 0 -0.83434
51 52 0.00245378 0 -1.39251 0 0 0 0 -1.39006
52 53 0.256916 0 -1.34838 0 0 0 0 -1.09147
53 54 0.0891086 0 -1.10018 0 0 0 0 -1.01107
54 55 0.409427 0 -1.15565 0 0 0 0 -0.746224
55 56 0.18121 0 -1.22876 0 0 0 0 -1.04755
56 57 0.0634072 0 -1.27699 0 0 0 0 -1.21358
57 58 0.00206245 0 -1.28771 0 0 0 0 -1.28565
58 59 0.0141597 0 -1.34108 0 0 0 0 -1.32692
59 60 0.108908 0 -0.988054 0 0 0 0 -0.879145
60 61 0.0512806 0 -0.982741 0 0 0 0 -0.931461
61 62 0.0997758 0 -0.250751 0 0 0 0 -0.150975
62 63 0.421508 0 -1.05034 0 0 0 0 -0.628832
63 64 0.49338 0 -0 0 0 0 0 0.49338
63 65 0 0 0 0 -0 -0 -0.00800636 -0.00800636
64 65 0.572176 0 -1.02621 0 0 0 0 -0.454038
65 66 0.0246318 0 -1.11981 0 0 0 0 -1.09518
66 67 0.0172229 0 -1.19003 0 0 0 0 -1.1728
67 68 0.05939 0 -1.30193 0 0 0 0 -1.24254
68 69 0.802586 0 -0 0 0 0 0 0.802586
68 70 0 0 0 0 0 -0 -0.0595411 -0.0595411
69 70 0.798274 0 0 0 0 0 0 0.798274
70 71 0.0214314 0 -1.40311 0 0 0 0 -1.38168
71 72 0.00359613 0 -1.12305 0 0 0 0 -1.11946
72 73 0.0903728 0 -1.17778 0 0 0 0 -1.08741
73 74 0.00854432 0 -1.3011 0 0 0 0 -1.29256
74 75 1.25301 0 -0 0 0 0 0 1.25301
#Total energy per particle is  -0.776242 and should be -0.77624210

