t = 100
b = 30 30 30
E = -0.551795526188239 -0.776242273451901 0.224446747263662
13.0444392667519 3.00156022479653 8.08053211950391 0.203803788021744 -0.250075822744232 0.946533665426049 0.031605025239036 0.968002314419935 0.24894281129954 -0.0714282289090279 -0.12748566427567 0.347809976757129 0.228083702191698 -0.500597778137974 -0.459398769758663
12.8896686859115 3.43082411157466 8.34595177383603 0.804630577167838 -0.238570353734954 0.543740473179951 0.0965244432977891 0.956107239726117 0.276661994004446 0.316083647473876 -0.10105204400153 -0.14783249924006 0.28473480040397 0.252661832071899 0.594061234207768
12.9686118323637 3.85532130055568 8.61516593364897 0.976278880559141 -0.21609593331906 0.0134898401397689 0.176449661831847 0.830177715638664 0.528838698058256 0.217492711586072 -0.215434770971699 0.340224379040881 0.46093951923654 0.198434802076703 -0.461747745570269
13.0192246518714 4.09658113069977 8.99919632267513 0.866891325125749 0.0289025704312055 -0.497658470018169 0.29227374142396 0.779255067068391 0.554380283819111 -0.170730083726587 0.165148371403443 -0.238808739793985 0.701905329462769 0.031203486456598 0.182716893296589
13.3314953846423 4.31813819627737 9.32018780942229 0.348849565549936 0.350235920194105 -0.869274790826645 0.227183915737994 0.868275429198397 0.441004685141817 0.629916286208207 -0.275564550107016 0.0130382843664533 0.540766806697192 -0.263891551499984 0.0416681377589838
13.5964701509299 4.7325441757514 9.45476353089931 -0.261171077981939 0.24720812584646 -0.933101115354015 0.344333110243789 0.926917573910087 0.149192520936308 -0.158340938458773 -0.207965434526409 -0.302063125613336 0.416176221744726 0.150076068928223 0.0306298102597
13.8819279214616 5.10940828928795 9.39346949413603 -0.7677834479656 0.284177267122583 -0.574240140391758 0.293860534322693 0.952617465463975 0.0785228541001413 0.172705116450318 -0.232332118789221 -0.0795347279794743 0.650760174771232 0.0311874468227716 -0.0134815006055818
14.0326387207694 5.55852449575917 9.22614595419304 -0.980046721122587 0.192493462518084 -0.0495436383640818 0.186097811890523 0.976183418579872 0.111505250777988 -0.254176746514308 0.576306338850751 0.211624167074388 0.316917511097109 -0.38193985465339 0.0640825315139082
14.0401374220032 6.08123867848699 9.16879664926371 -0.919734834008868 -0.105112966646028 0.378204947278016 0.0171079300055384 0.951831881397274 0.306142563324424 -0.0707299778331344 0.290232220854578 0.713703197588513 0.584202952406353 0.0186025603670395 -0.427102646043169
13.8667697868379 6.4028355987862 8.99023161530322 -0.372220530545179 0.0723119880694801 0.925323042989617 0.0936842792918093 0.99479579850947 -0.0400556861235709 -0.0435739391348547 0.470087975927096 0.547840469582012 0.403850093741483 -0.193202984427471 0.300264363413835
13.6991556373406 6.91182348431985 9.11493036538825 0.148004810671347 -0.183266958441629 0.971857849430481 0.0225921991340015 0.983050553566553 0.181937030846635 0.321151946391745 0.553979078619169 0.686605525844861 -0.0149444919701888 0.0945292377944285 0.0770231842887234
13.5548250688749 7.45730114556089 9.30074216167884 0.66461019171054 -0.401173947923931 0.630359134204445 0.151936672906543 0.89857401501008 0.411679327988419 0.0137266740793598 0.835386601120453 0.587675863285674 0.148681717750116 0.352993536114435 -0.171822599170705
13.5162455006535 8.20332276402348 9.55292482274722 0.844320942067611 -0.520387443575876 0.127745604311506 0.426720595370431 0.797188797276567 0.427082474050223 0.706465386321276 2.40319124333166 0.267278524088862 0.613745388715275 1.04165644292999 -0.66109061794838
13.5141053956104 8.1174685253143 10.1235673016907 0.880148156384443 0.0464441946888273 -0.472421464980484 0.232852087026652 0.825005052758387 0.514923742763872 0.955295798766346 0.995426243400508 0.36983977416542 0.852805621811306 -0.320541725522128 -0.180995029850772
13.7601868249725 8.30327100541769 10.4655782248387 0.530226368433658 0.367833850483345 -0.763909771759278 0.0883487451671137 0.872114925639866 0.481258700863006 0.0489207311877035 1.01300840835952 -0.178500415763262 0.42577827686824 -0.512575861442808 -0.0133823745451636
13.9970814683562 8.64316299865704 10.5485761331173 -0.25532566258824 0.328426580772751 -0.909364980765988 0.115456296594657 0.944165882385128 0.308578208786171 0.0709284747203782 0.976019062785203 0.744997283791636 0.157365698426826 -0.155961217313065 -0.0481369706658596
14.3619734154907 8.95280442296746 10.1817895461197 -0.622877169482215 0.469629365205002 -0.625677371380278 0.330061858847613 0.882862185148225 0.334085936159229 -0.0810961484267262 1.26740443394483 -0.0197605544398871 0.361043196639748 -0.631172964480531 0.10782861270263
14.4488951953794 9.45865596426889 10.162067018516 -0.966780697516121 0.254342807275007 0.0253909553617709 0.252686035625308 0.936030797996133 0.244940795733337 -0.435753675093827 1.33186347692838 0.127660833921371 -0.115551198460991 0.297805652901647 0.403573890301693
14.4625187771243 10.2006163816475 10.4986198740274 -0.870844032803987 -0.252766738246614 0.42159165951589 -0.0239850243137882 0.878490067470894 0.477158048317551 -0.34800414079731 2.06937432607881 1.68761145565683 -0.156299526211349 0.53676677836877 0.00937220908113639
14.3332004881968 10.2441300961038 9.80887626482198 -0.497959563780044 -0.30931310544326 0.810161439032385 -0.0229017434104731 0.938591200083926 0.344270171529189 -0.208963659208696 -0.117173005015832 0.236993351334039 0.382575784638474 0.242979336267324 -0.559857328429196
14.0461196743591 10.6753042348933 9.90524762836639 0.188116056642954 -0.317981288598684 0.929247077008319 -0.0444400219120166 0.942413826959134 0.331483254015735 0.281418634554648 0.0859932074995063 0.146974310442015 0.409798883935596 0.156089502167992 0.143428347762578
13.9909136889248 11.1356873570014 10.1848775421901 0.479042715755788 -0.518129214003021 0.708561982159317 0.170894229892998 0.846814216884514 0.5036871332933 0.614040287598061 -0.122048818361206 -0.0338701250659773 0.571544230439048 0.510402551938944 -0.651089434230004
13.8785556946501 11.2701783553799 10.6358618621681 0.980003827056171 -0.0850270286419983 0.179896595119995 0.00909909865724786 0.922305653855947 0.38635394504755 0.255102446437964 -0.0525448879458665 -0.170311669649097 0.559767214733781 -0.0573748969064322 -0.0788752451088504
13.8796468093667 11.5779251570831 10.9682420539538 0.881175653618555 0.0406908544327276 -0.471034608819448 0.123452094117799 0.94192330141226 0.312313874041701 -0.337720659226105 0.545356660084483 0.293867890898171 0.358917721787044 -0.230255345504497 -0.0334851297551891
14.1848219578211 11.8111038929688 11.19672486285 0.214206500273024 0.352620479660427 -0.910919458279509 0.290329793456574 0.867435363414859 0.404059882388234 0.94728757902992 0.634676055880849 0.0115023352108509 0.241051969024112 -0.207417513200481 0.637284481684945
11.4069551225045 25.5947179751993 22.802893689429 0.29178107867887 0.70679232462518 -0.644444180716936 0.881759046371755 0.0623095066901236 0.467566457477396 0.190482280725625 0.925136427213041 -0.515378093600432 0.154153511929698 0.165814362072766 -0.57193604803384
11.8868905323243 25.5272652563259 22.7244829896882 -0.10907832353462 0.987410910560954 0.11454908931384 0.815617114463877 0.0230314450586303 0.578133337535966 -0.302498835915522 -0.397801713618355 0.0625195627869884 0.365522740006508 0.214600659193158 0.112481976077194
12.312782844799 25.7591945455566 22.9600725039478 -0.509162946394863 0.785370180898735 0.352060585352423 0.774533980143177 0.239747130897213 0.585336065604037 -0.0548131631258455 0.010310660928186 0.250870626436618 0.301811495051211 0.236582767894723 -0.326390997406031
12.720324771938 26.0545345839822 23.0475517802858 -0.61656570953318 0.182547918503018 0.765847807386983 0.78003157088146 0.273544159196191 0.562782576602291 -0.596370099302327 0.0645454157873024 0.156922110100197 0.430502053879057 -0.379786570635955 -0.27028637345885
13.076060394116 26.2752428351056 23.2707512331957 -0.643350855385103 -0.275761648845819 0.714181401482939 0.711930556056391 0.127542927465812 0.690570465554883 -0.234807128599645 -0.447317658543118 0.0142720532587631 0.427813509364474 0.354730298589039 -0.21665731388951
13.3136397638699 26.4653047971825 23.6433270063353 -0.424607321110571 -0.802023454092134 0.420079617621082 0.667444609763 0.0362136907357031 0.743778290763811 0.155626123909039 -0.204213769357568 0.0922806513307025 0.247702493949288 0.235579043689039 -0.286097600145416
13.4143344159326 26.576785894123 24.07207309689 0.128411643243565 -0.989842673813864 -0.0610066535154856 0.745367891887448 0.0557523997950633 0.664317888760622 -0.509968610022151 -0.0590283159529651 -0.130709383652797 0.632161059484957 0.0839998815882418 -0.230751614519909
13.5403373346417 26.4516479997114 24.4721650750406 0.556009829677443 -0.662167915951723 -0.502380932974077 0.68022233874213 0.0151638172971474 0.732848901224139 0.205793201153728 -0.0791080906565179 -0.259929570949926 0.423399445965558 -0.037626679093119 0.440233146886844
13.8478264559894 26.3385242003201 24.8581252039371 0.507011076398976 -0.284150752226105 -0.813755491779706 0.805795758151386 -0.178905428452962 0.564522745318443 0.343744417981467 0.0845107864172408 -0.193814402515144 0.246883003279839 0.0958407943960377 -0.213177124813897
14.1250936657865 26.0252526882599 25.0207267268719 0.571391457083897 0.470811675223983 -0.672196437280962 0.786735742494312 -0.0811207704575202 0.61193641347735 0.178677463368414 -0.261169292502735 -0.391574178928281 0.58270244554334 -0.304156900472747 -0.263680374964074
14.6005651929052 25.8463993275175 25.1329804245575 0.268021047965085 0.840094087670881 -0.471599960795383 0.840570301064647 0.0352746996693679 0.540552630001155 -0.204380070176594 0.441788665772 -0.137162237523415 0.200032289571074 0.117381805589116 0.147414051772288
15.0465874907742 25.7961938468652 25.156754525909 -0.163438374473507 0.984412837307872 0.0649549410378675 0.743999265639361 0.0797497308855717 0.663404065984515 0.359942554634389 0.291758604558134 -0.138663213910038 0.175698412470051 -0.196664686698697 -0.166614826688145
15.4513851070143 25.9560379561815 25.2555516296199 -0.530742516746815 0.632347579278163 0.56431268165553 0.773736175578066 0.0897695371472413 0.62711533356625 0.0338525558764878 0.296076214613665 0.379422433725427 0.297831299744896 -0.118594065261382 0.240783854445017
15.8576665445107 26.1535523574955 25.4769969313631 -0.714481400616668 0.2715369627937 0.644813064247299 0.699486046127989 0.257011026661747 0.666831679272217 -0.49228978127146 0.174002662077816 0.46134707809125 0.398912165023519 0.413536030318255 -0.362011384834544
16.0183162539741 26.5084139758357 25.693309380696 -0.561611708415078 -0.390072453385421 0.729681883428093 0.758535288863261 0.109514516493108 0.642363345711492 -0.810310579027002 0.125546032776487 0.482281131289908 0.677671245950562 0.115865910371566 -0.129945421625444
16.2506606317062 26.7395984731875 25.9669303882702 -0.453900372072281 -0.74465031914126 0.489356966641708 0.710238734121312 0.0292917987439994 0.703351130995103 0.165006991593983 -0.0256380741160369 -0.0245660933665476 0.411001771144939 0.161614016023318 -0.215468361085758
16.4335110130437 26.9167571977961 26.3405349968776 0.00194501008291285 -0.998692657029713 -0.0510791068295875 0.74738321851504 -0.0324848193915997 0.663598480292949 -0.0881706691423333 0.894801534238848 -1.14303729967558 0.207204769097187 0.237597460024957 0.120368594836664
16.6556979864367 26.757537864388 26.8169680747443 0.495640922480566 -0.569329618474256 -0.655899190524625 0.75584950567335 -0.0892436104963136 0.648634709138629 0.376460845805733 -0.796184125351268 0.10819602200112 0.302587736295355 0.132710481554563 0.593792089956092
16.7102001943387 26.0884852742882 26.4065928035887 0.788758544624731 0.0980279678325183 -0.606836358283453 0.610561140503883 -0.239345300434216 0.754936298015625 -0.808159113594375 -2.06471353138031 -2.44321803775864 0.659285773958545 -0.282771576776112 0.785028909829884
17.1696018965282 26.2027436040326 27.2968206325541 0.631001802938718 0.365140036472258 -0.684477435400076 0.7709960872622 -0.197317822897061 0.60550028581955 -0.371876386910617 -0.0449388054087581 -0.703059504109916 0.419825539265929 -0.225783825554131 0.0443807847949225
17.5799603388237 25.9089153581961 27.3919869694347 0.259443371746152 0.948886563719709 -0.179731221726044 0.849394376028118 -0.135633795808129 0.51003191250987 -0.209285393408664 0.182622623772269 -0.605854886286026 0.240981488214751 -0.436421133457912 0.132065690843095
18.1233588313107 25.9182866678538 27.6694338295099 -0.198110954248764 0.978389051631121 -0.0592181930439757 0.876941470070971 0.203909833808793 0.435194580459921 -0.224989366891924 0.089948291045702 0.112791146679294 0.439938473665853 -0.0218670086048584 -0.276544737119963
18.6510146910725 25.9415368803183 27.6517578633226 -0.444740539349757 0.733556365390152 0.513907377122385 0.867418299566423 0.209815849107086 0.451179221631199 -0.219698600607531 -0.216960528614325 -0.0478129187113561 0.521583465152907 -0.251383681263033 -0.253634599722004
19.0808991785597 26.1329771988754 27.7010102410577 -0.557639156486138 0.201221666556772 0.805324961034187 0.828630522135948 0.192317217010234 0.525723719967131 0.573246015417797 -0.309079055913166 0.59868348897512 0.275763807562493 -0.442935219142373 0.189935265811063
19.3845795725018 26.4345880108082 27.950918699738 -0.451081507191013 -0.614994306850359 0.646766854711396 0.765620698886076 0.105759462297297 0.634539016213308 -0.339550252338006 0.146825057856135 0.676797775015649 0.11719079171831 0.143732008317817 0.519383630999602
8.75427936898476 18.4022415265273 12.8706567980317 -0.605133555511278 0.111047936805228 0.788341053899658 0.494354447634876 0.828598958990025 0.262749555058103 -1.12837457044115 -0.278470258039366 0.349751002159931 0.383828779967415 -0.182061608780973 -0.546901156446091
8.91900419980123 18.9404515518877 13.0465940786502 -0.275810087360455 -0.266943092249433 0.923401356877924 0.441924383362607 0.81789605771858 0.368440989080527 -0.246631041340823 -0.575236758021148 -0.0353992926361814 0.2626997541846 0.650925984207457 0.131316479564498
8.87119811597094 19.3571560215789 13.3157569233467 0.501013476645137 -0.603650034233973 0.620154831343983 0.543024984935757 0.777235930315449 0.31784910777224 -0.25303547352613 -0.190453002644832 -0.343295916764047 0.0633516100510286 -0.301392976081136 0.0543119771060247
9.07915708742279 19.647762538067 13.6227920018106 0.715282606882622 -0.695636678393546 0.0667853704103027 0.628911506917901 0.682434847532488 0.372495471466189 -0.325054890567516 0.0812683529472014 0.341255430084869 0.151251001303832 0.332989023402507 0.133460183981754
9.42257400479357 19.7144260628551 13.9885636761688 0.752104773935967 -0.426917841843582 -0.502075141203131 0.639121733377088 0.658369822069132 0.397583286105356 0.361887534206791 -0.311390722903416 0.0329743723082777 0.536871864833232 -0.153300172064004 -0.00883978458194338
9.80782907677574 19.8580643118196 14.3041996234456 0.638552922245692 -0.180219204980906 -0.748178512984576 0.671537009959377 0.605331781253541 0.427330508521307 0.141985959330451 0.20313568146963 -0.693481029477268 0.50163569669639 0.455709182353007 0.192402089571827
10.237397794286 20.0241736168241 14.4890085162918 0.219967639856994 0.291528117722243 -0.930927213225619 0.737506350671901 0.574933625317407 0.354310027041851 -0.0733396303347941 -0.145856508334175 -0.185624353649669 0.370967203403817 0.011697566071972 -0.290547971004374
10.68930185118 20.1603172302912 14.6036792655656 -0.375684515172581 0.61117395121495 -0.696654453238931 0.670633837499889 0.69810601025689 0.250795009786248 0.210115678580093 -0.0947963714951395 0.19000685229663 0.210020248534106 0.537333856544078 0.319565592519405
11.0812652537904 20.4842991280751 14.4767538499106 -0.812587062983422 0.547434370202662 -0.200044385772494 0.53953065113576 0.8363455670133 0.0971218571881539 0.0808233407118893 0.282936273559337 -0.0336241181704454 0.326182339996287 -0.556490148746952 -0.390898959525016
11.2398927665241 20.9190478099134 14.2601860087108 -0.76947031721889 0.381597373198705 0.512151109393824 0.53746016579913 0.82008529547587 0.196460078131731 -0.1286570270917 0.196815639428639 -0.00321097157781152 0.675243675821771 -0.241815757083944 0.272272337488494
11.4524831355235 21.4246779669424 14.2504607230974 -0.421705675430951 0.0285225447074379 0.906283990472683 0.562304943543881 0.792326069966013 0.236711704871525 -0.0454776894029518 0.467132115475726 0.504344819195831 0.362827039753939 0.231964556271081 0.602822048441369
11.5747681744046 21.87097086257 14.4980370646177 0.0374477243370722 -0.467339092531956 0.883284623762372 0.403741455623194 0.815625689661209 0.414424247799867 0.0169245972459797 0.14087080417668 1.09247808965431 0.285603423359849 0.268933925305905 0.432612976620486
11.60800698709 22.1862117348312 15.0539924543668 0.387853600383131 -0.458931396502285 0.799344381346615 0.282338852365455 0.884696603927997 0.370940132824445 0.0940348365437515 -0.274290714456086 0.750363982784328 0.546866436752943 -0.674389500180565 -0.187460666711657
11.6410991284224 22.5186272771534 15.2737131220861 0.832775185765368 -0.513662505322358 0.206485354458115 0.441546583585401 0.841260169256324 0.311958046861411 0.719525781024542 -0.796644711725944 1.92259207514703 0.0275969903716927 -0.768846412349709 -0.575534248850451
11.6529906432351 22.9533523491746 15.3710038407977 0.700841448786745 -0.440095003653114 -0.561371121238255 0.700762998729364 0.571786518098163 0.426604362303214 -0.328491600112781 0.254304720774085 0.14934248508404 0.441077923966028 0.449554414459938 0.196517658416204
11.9383710391415 22.9079974225327 15.6973480322374 0.639340813162768 -0.0467646575907618 -0.767500014593261 0.649392976403819 0.567327191248481 0.506387704606553 0.116473977441297 -0.0735275175912761 0.213817609743865 0.743676512489572 -0.170747741514312 -0.0715370367998213
12.3751288334999 22.8995488926751 15.9607365597975 0.195968517965927 0.344914246508624 -0.917949009228572 0.654250884735426 0.651302686538741 0.384396243779481 0.0548964456858836 -0.146830343431396 0.0811410065440825 0.710474301440701 0.0226009081173167 0.0992354085158211
12.8890709419196 23.0206617437939 15.9745727188923 -0.312821399677874 0.570359063127817 -0.759495353999568 0.726049373933487 0.659134090063789 0.195945001814751 0.262157216921572 0.818280971260249 0.0784564859303246 0.501676791588974 -0.338771267576823 -0.126376240357243
13.3114798125073 23.2460894350402 15.7938765431345 -0.619076790339265 0.756171670540358 -0.212009937451827 0.718167735905531 0.654348583784623 0.236776089589436 0.68233742460354 -0.273037233266131 0.998942920236774 0.612961227415974 -0.658616397867145 -0.119140775619853
13.7166567763418 22.9762731804719 15.1175122800477 -0.738017834608773 0.534828014223054 0.411446900331038 0.647717008701143 0.732443184913573 0.209736833613272 0.277805291541631 -2.25724339334045 -1.98037972639627 0.221627419044549 -0.358599289437768 -0.192259867689653
13.6605159540904 23.8549195923522 15.6383046364947 -0.681129543325096 0.361270630702312 0.636824913274384 0.636535867371704 0.72197560787955 0.271243786981369 -0.474323824773483 -1.76475258437778 0.121426276160058 0.198935718147595 -0.257111873970415 -1.02733665547846
13.7010758701284 24.377543353206 15.6168082163481 -0.164949636334152 -0.222967609513882 0.960768933866972 0.553216454675203 0.785536277360414 0.277279989111202 -0.192727521509351 -0.761093186590898 -0.0186520810896899 0.439080479552144 0.0117703260341993 -0.220286038138358
13.6967081679937 24.8855630707747 15.7767896679838 0.510801358529467 -0.523646114865424 0.681818597889577 0.396728305291284 0.847171902218795 0.353420860758269 0.00327156045833409 -1.02700336184904 -0.34838335294179 0.392784452883346 0.0141720696575111 0.286443017197309
13.7574397603341 25.2694553953006 16.1082645305566 0.793702637319482 -0.586389135525021 0.161814049959268 0.39344740643573 0.69773979720806 0.59863027581498 -0.345986129519518 -0.452176777864459 0.701650219541333 0.666561630888616 -0.303533819901378 -0.135980436049571
13.8789388000878 25.3881042459453 16.6166999941033 0.908550449256966 -0.178966811966958 -0.377500787062752 0.396704909144087 0.652915431535984 0.645233713601318 0.78361806045437 -0.510393162434097 -0.31732194755981 0.762265572713673 -0.585071425556831 0.697804374382963
14.2629431186641 24.3758136371961 16.3283878075641 0.552593545490264 0.416180111353794 -0.72210413445976 0.556833353249513 0.460307115107193 0.69141439896913 -0.280761756931659 -6.0624455152751 -2.70754481070758 0.557803473297792 -0.809595517301827 0.70981820684674
