
#id1 id2 FENE BEXC STCK NEXC HB CRSTCK CXSTCK total, t = 100
0 1 0.0642647 0.248447 -0.00173817 0 0 0 0 0.310973
1 2 0.118779 0 -0.456855 0 0 0 0 -0.338076
2 3 0.0447409 0 -1.14297 0 0 0 0 -1.09823
3 4 0.10854 0 -1.3475 0 0 0 0 -1.23896
4 5 0.154482 0 -1.27026 0 0 0 0 -1.11578
5 6 0.0146484 0 -1.00371 0 0 0 0 -0.989062
6 7 0.274354 0 -1.27233 0 0 0 0 -0.99798
7 8 0.243596 0 -1.26908 0 0 0 0 -1.02549
8 9 0.088561 0 -1.25856 0 0 0 0 -1.17
9 10 0.080488 0 -1.41931 0 0 0 0 -1.33883
10 11 0.401206 0 -1.31478 0 0 0 0 -0.913571
11 12 0.171814 0 -1.40448 0 0 0 0 -1.23267
12 13 0.399344 0 -1.32771 0 0 0 0 -0.92837
13 14 0.0953471 0 -1.37044 0 0 0 0 -1.27509
14 15 0.172016 0 -1.29905 0 0 0 0 -1.12703
15 16 0.0421088 0 -1.426 0 0 0 0 -1.38389
16 17 0.0169013 0 -0.637226 0 0 0 0 -0.620325
17 18 0.00166368 0 -1.21703 0 0 0 0 -1.21537
18 19 0.138675 0 -0.864415 0 0 0 0 -0.725739
19 20 0.0950808 0 -0.72359 0 0 0 0 -0.628509
20 21 0.0552333 0 -1.38412 0 0 0 0 -1.32889
21 22 0.109539 0 -1.29745 0 0 0 0 -1.18791
22 23 0.101034 0 -1.09337 0 0 0 0 -0.992336
23 24 0.0141819 0 -1.29798 0 0 0 0 -1.2838
25 26 0.00130438 0 -1.34559 0 0 0 0 -1.34428
26 27 0.0782088 0 -0.760969 0 0 0 0 -0.682761
27 28 0.172294 0 -1.32786 0 0 0 0 -1.15557
28 29 0.169358 0 -1.26035 0 0 0 0 -1.091
29 30 0.099501 0 -1.25968 0 0 0 0 -1.16018
30 31 0.16281 0 -1.26973 0 0 0 0 -1.10692
31 32 0.187795 0 -1.22488 0 0 0 0 -1.03708
32 33 0.00724435 0 -1.27649 0 0 0 0 -1.26924
33 34 0.174539 0 -1.22079 0 0 0 0 -1.04625
34 35 0.122979 0 -1.41006 0 0 0 0 -1.28708
35 36 0.271391 0 -1.35415 0 0 0 0 -1.08275
36 37 0.326901 0 -1.27338 0 0 0 0 -0.946479
37 38 0.127779 0 -1.25766 0 0 0 0 -1.12988
38 39 0.0983082 0 -1.40508 0 0 0 0 -1.30678
39 40 0.197607 0 -0.572957 0 0 0 0 -0.37535
40 41 0.018753 0 -1.24428 0 0 0 0 -1.22552
41 42 0.0384922 0 -0.908117 0 0 0 0 -0.869624
42 43 1.92617 0 0 0 0 0 0 1.92617
42 44 0 0 0 0 0 -0 -5.88084e-14 -5.88084e-14
43 44 1.68799 0 0 0 0 0 0 1.68799
44 45 0.0433033 0 -0.857411 0 0 0 0 -0.814107
45 46 0.0515516 0 -1.35898 0 0 0 0 -1.30743
46 47 0.0787727 0 -1.0037 0 0 0 0 -0.924928
47 48 0.040845 0 -1.3076 0 0 0 0 -1.26676
48 49 0.0449325 0 -1.28758 0 0 0 0 -1.24264
50 51 0.37702 0 -1.17471 0 0 0 0 -0.797691
51 52 0.220591 0 -1.42286 0 0 0 0 -1.20227
52 53 0.0597508 0 -1.3385 0 0 0 0 -1.27875
53 54 0.100935 0 -1.21351 0 0 0 0 -1.11257
54 55 0.228961 0 -1.19822 0 0 0 0 -0.969262
55 56 0.21029 0 -1.38154 0 0 0 0 -1.17125
56 57 0.177215 0 -1.13176 0 0 0 0 -0.954542
57 58 0.0567588 0 -1.41369 0 0 0 0 -1.35693
58 59 0.0603766 0 -1.36265 0 0 0 0 -1.30227
59 60 0.00541384 0 -1.13486 0 0 0 0 -1.12945
60 61 0.00184684 0 -0.796042 0 0 0 0 -0.794195
61 62 1.49793 0 0 0 0 0 0 1.49793
62 63 0.388043 0 0 0 0 0 0 0.388043
63 64 0.697009 0 -0.839307 0 0 0 0 -0.142298
64 65 0.744385 0.565748 -0.132552 0 0 0 0 1.17758
65 66 0.105434 0 -1.33804 0 0 0 0 -1.2326
66 67 0.304429 0.167194 -0.941322 0 0 0 0 -0.469699
67 68 0.239373 0 -1.05414 0 0 0 0 -0.814766
68 69 0.0756494 0 -1.01879 0 0 0 0 -0.943144
69 70 4.70324e-05 0 -0.609375 0 0 0 0 -0.609328
70 71 0.12121 0 -1.00256 0 0 0 0 -0.88135
71 72 0.156487 0 -1.37822 0 0 0 0 -1.22174
72 73 0.329341 0 -1.11165 0 0 0 0 -0.782313
73 74 0.0453366 0 -0.016607 0 0 0 0 0.0287296
74 75 0.0349905 0 -0.218759 0 0 0 0 -0.183769
#Total energy per particle is  -0.791596 and should be -0.79159610

