t = 0
b =  30.0 30.0 30.0
E = 0. 0. 0.
15.7856770069 5.1666127801 0.441815913725 0.601427985077 0.566647880808 -0.563200282263 0.01814781756 0.695074325457 0.71870879973 0.0 0.0 0.0 0.0 0.0 0.0
16.1423068211 5.34643846995 0.801208455394 0.0188338700422 0.718461987092 -0.695311195396 0.01814781756 0.695074325457 0.71870879973 0.0 0.0 0.0 0.0 0.0 0.0
16.5032298166 5.69003759236 1.0021047882 -0.570915547107 0.597320372436 -0.563261760414 0.01814781756 0.695074325457 0.71870879973 0.0 0.0 0.0 0.0 0.0 0.0
16.7340125952 6.16979591246 1.07460558499 -0.943764602711 0.249246761627 -0.217219765417 0.01814781756 0.695074325457 0.71870879973 0.0 0.0 0.0 0.0 0.0 0.0
16.7496642028 6.70637003972 1.09759112942 -0.958061706843 -0.193519861108 0.211347650183 0.01814781756 0.695074325457 0.71870879973 0.0 0.0 0.0 0.0 0.0 0.0
16.5469256143 7.19883130855 1.16875337736 -0.608375150607 -0.562765053128 0.559620559935 0.01814781756 0.695074325457 0.71870879973 0.0 0.0 0.0 0.0 0.0 0.0
16.205507891 7.56301026581 1.36748114954 -0.027556703166 -0.718206392535 0.69528426261 0.01814781756 0.695074325457 0.71870879973 0.0 0.0 0.0 0.0 0.0 0.0
15.8578086164 7.7634740533 1.72469899126 0.563730996532 -0.600789115647 0.566797849387 0.01814781756 0.695074325457 0.71870879973 0.0 0.0 0.0 0.0 0.0 0.0
15.6386118401 7.82698794297 2.21111842059 0.940847865567 -0.255122009067 0.222975456827 0.01814781756 0.695074325457 0.71870879973 0.0 0.0 0.0 0.0 0.0 0.0
15.6338813644 7.83234676264 2.74836511232 0.960520900336 0.187470214171 -0.205559039732 0.01814781756 0.695074325457 0.71870879973 0.0 0.0 0.0 0.0 0.0 0.0
15.8481016582 7.88043942354 3.23875461447 0.615275986015 0.55883936871 -0.555998220333 0.01814781756 0.695074325457 0.71870879973 0.0 0.0 0.0 0.0 0.0 0.0
16.2025741324 8.05591953611 3.6024043048 0.0362774377401 0.71789610378 -0.695204381235 0.01814781756 0.695074325457 0.71870879973 0.0 0.0 0.0 0.0 0.0 0.0
16.5653160496 8.39504408813 3.80758213455 -0.556503515658 0.604212106442 -0.570290774508 0.01814781756 0.695074325457 0.71870879973 0.0 0.0 0.0 0.0 0.0 0.0
16.8012029729 8.87189880883 3.88276216431 -0.937859479216 0.260977827978 -0.228714167793 0.01814781756 0.695074325457 0.71870879973 0.0 0.0 0.0 0.0 0.0 0.0
16.8233047984 9.40824343363 3.90580679233 -0.962906946445 -0.181406290651 0.199754775165 0.01814781756 0.695074325457 0.71870879973 0.0 0.0 0.0 0.0 0.0 0.0
16.6259119552 9.90323648876 3.97438552763 -0.622129965774 -0.55487112651 0.552333539315 0.01814781756 0.695074325457 0.71870879973 0.0 0.0 0.0 0.0 0.0 0.0
16.2867045667 10.2717466531 4.16886871059 -0.0449954096469 -0.717531144457 0.695071557355 0.01814781756 0.695074325457 0.71870879973 0.0 0.0 0.0 0.0 0.0 0.0
15.9372404732 10.4766955706 4.52179347693 0.549233654888 -0.607589084145 0.57374026978 0.01814781756 0.695074325457 0.71870879973 0.0 0.0 0.0 0.0 0.0 0.0
15.7129742086 10.5431445372 5.00550235581 0.934799671234 -0.266813772418 0.234435461289 0.01814781756 0.695074325457 0.71870879973 0.0 0.0 0.0 0.0 0.0 0.0
15.7017955584 10.5487732959 5.54265080547 0.965219663461 0.175328552339 -0.193935298497 0.01814781756 0.695074325457 0.71870879973 0.0 0.0 0.0 0.0 0.0 0.0
15.9106387609 10.5943682037 6.03559169774 0.628936567927 0.550860628725 -0.548626795959 0.01814781756 0.695074325457 0.71870879973 0.0 0.0 0.0 0.0 0.0 0.0
16.2628480739 10.7655318091 6.40347309461 0.053709954979 0.71711154236 -0.694885801085 0.01814781756 0.695074325457 0.71870879973 0.0 0.0 0.0 0.0 0.0 0.0
16.6273005728 11.1001610132 6.61295525125 -0.541921967848 0.610919791587 -0.577146072508 0.01814781756 0.695074325457 0.71870879973 0.0 0.0 0.0 0.0 0.0 0.0
16.868221942 11.574049403 6.69087694251 -0.931668674637 0.272629397955 -0.240138901617 0.01814781756 0.695074325457 0.71870879973 0.0 0.0 0.0 0.0 0.0 0.0
16.8967694076 12.1100836727 6.71405896358 -0.967458875263 -0.16923746208 0.188101052906 0.01814781756 0.695074325457 0.71870879973 0.0 0.0 0.0 0.0 0.0 0.0
16.7047845921 12.6075402575 6.78011862559 -0.635695274126 -0.546808180771 0.544878272549 0.01814781756 0.695074325457 0.71870879973 0.0 0.0 0.0 0.0 0.0 0.0
