t = 100
b = 30 30 30
E = -0.61307530759401 -0.81921610517048 0.206140797576471
4.40588788627393 28.9421856326702 3.20067585918672 0.234372119951706 0.690852151267322 -0.683953871953771 0.420963922647976 0.562044409846217 0.711965835336061 -0.403995802322055 0.0535397346974398 -0.657552754691756 0.410763819923984 -0.0290991795540881 -0.342420111093562
4.74600055770966 29.2209233610652 3.50470222762048 -0.515712142985871 0.612414327987111 -0.599157372770252 0.245981681669443 0.775721615957221 0.581161656645388 0.123791646552528 0.366253221941637 0.188862937922498 0.463050100946104 -0.2403952627377 -0.228495486309346
4.90039247749669 29.7094721742021 3.54208617006141 -0.93584455282024 0.341822089337806 -0.085746799177851 0.259540694204578 0.833101517595282 0.488446903781125 0.126899013210773 -0.257853638306915 -0.211391644848249 0.46119568286372 0.108018776806239 0.131714325886427
4.95418712954647 30.1541973939376 3.66811750251569 -0.972292046553212 -0.0649886244186643 0.224554082431422 0.0658046241961238 0.845649156718951 0.52966700902071 -0.0776084009139925 0.0123998699693361 0.198022616041274 0.562933055751703 0.0574316625502131 -0.105696743799741
4.80849800709021 30.6211983831885 3.7088931125813 -0.573369623259991 -0.394280429819208 0.718185281700142 0.0376360688518847 0.862986664194436 0.503822815104149 -0.421234446055374 0.0304746399614445 -0.0361312815440562 0.567661510693591 -0.00134257089901032 0.118249575863811
4.63908401541688 31.0012493917232 3.93815216753163 -0.17750882780142 -0.682000213178655 0.709483056587088 -0.096113836324035 0.729499718412261 0.677194342198513 0.287493437674106 0.091367180982196 0.134708807226124 0.440056226098557 -0.0282222476214663 -0.157753253136227
4.3873125794056 31.3422373081531 4.21358387953876 0.477162227912789 -0.623516194614664 0.619309005753667 -0.00289021610057029 0.703591810997739 0.71059840456423 -0.0198387964092143 0.131138425187268 -0.258600525582731 0.548468081433608 0.0555835855124533 -0.135319397188839
4.28945573429974 31.5088937469953 4.67750853661297 0.862152754324682 -0.470257488893964 0.188548148512034 0.0698258961760356 0.478883429562775 0.87509707857657 0.384858488002775 0.346355915760311 0.536131092819202 0.249022972540268 -0.0311116564426902 -0.039689582457149
4.2650944547255 31.478295267025 5.14620478279779 0.873988881223707 0.350700448764742 -0.336381508934949 0.0211822932494785 0.664068122139961 0.747371875959584 0.25272307765949 0.0272013328723309 0.211683211973764 0.655383454935442 -0.483730671810473 0.245154920785521
4.40971279578554 31.816551184061 5.48986191872553 0.694750016411806 0.202045630026684 -0.690289693767091 0.460289556748606 0.612574197435376 0.642562268402933 0.00149118022896453 0.568610935535633 -0.378928355334365 0.536923444113973 0.377115277954602 -0.576719182654191
4.78418189781586 31.8444085917193 5.77448257154454 0.150925521953356 0.703879172989223 -0.694100481277913 0.352321041303969 0.617734479346922 0.703046147369181 0.0284530306268886 0.809603566940352 -0.329431465706107 0.955117628472754 -0.344890169668755 -0.153621544667146
5.1190655641536 32.099566189378 5.95991453377344 -0.511106724742413 0.725349750619688 -0.461126377483337 0.387298731142321 0.673297717094782 0.62981724703365 -0.176114620735778 0.355210290246036 -0.510463833695811 0.273394449165968 0.1733154035031 0.33546299796935
5.28231820745383 32.501261085693 6.18443645576962 -0.916082895138574 0.324786569324277 -0.235171627628177 0.130513414709028 0.796048607999088 0.590993015630112 -0.281355034684403 0.517874140900535 -0.343620234060737 0.322148883169911 -0.0744130514755549 -0.239947028041887
5.25268084261403 32.9757497642459 6.16349077071598 -0.920479052785279 -0.148114418479077 0.361635611397206 0.0975326577466393 0.809037585900943 0.579608012352949 -0.378515929223155 -0.0719811769474035 0.0590423070240728 0.512801734024745 -0.0845261480341992 0.265609259801722
5.15396873057333 33.4312413995611 6.33657505097426 -0.63264575340221 -0.529673276194804 0.564982700666161 -0.0196313026064583 0.740269787717827 0.672023165904884 -0.255177583843032 -0.312812197676912 0.334437341823662 0.379825664845725 -0.0370730514508005 -0.00279462810187863
4.93394821104447 33.7340926602692 6.58580376031712 0.00892133529810486 -0.662580134500636 0.748937819056601 0.0426841150511465 0.748537305268074 0.661717349261013 -0.281719641160911 -0.486980425565314 0.575744719815938 0.331049217747687 -0.00264637082338108 0.214107292656675
4.80634486614867 34.064208388842 6.96344331857407 0.452503781731806 -0.720230246652627 0.525840850900548 0.117073409988307 0.632540354453237 0.76562810677621 0.151225199792048 -0.259965517868611 0.620971661600693 0.502877408215259 0.455253288331399 0.237649417485058
4.65383242095566 34.0306766776996 7.40902065461941 0.991351355239831 0.0161720159051102 0.130233819971271 -0.107912239311231 0.66518825341809 0.738836531389595 0.284008584720861 -0.0490481949355309 0.171667167470925 0.451040404944412 -0.169339960346258 0.908174367552646
5.19040185997443 31.8468693831924 9.11674190975195 0.989585874742653 0.143940214751466 0.00094538610886744 -0.119382553821032 0.817047671156975 0.564075167062579 2.26347843256535 -9.38817289199654 5.62216767041864 -0.304773015145894 -0.417609722556096 -0.446180293621667
4.96649796501283 34.2161060346477 8.20287606875428 0.798844606003782 0.351386408431433 -0.488236391197351 0.0721217545838147 0.749844310730372 0.657671531431115 -0.149790983511246 -0.124489353234589 -0.258668276272766 -0.0967325776818988 0.0446756765919363 -0.298657852260999
5.28143492187822 34.5169090733277 8.48878883184581 0.113339486592347 0.624292551274009 -0.772924868350632 0.272293470658898 0.728635175034866 0.628448033974083 0.255239554513456 -0.359294397029469 -0.534453643000362 0.126512899517275 0.0129964812970565 -0.500191409111547
5.55570243279013 34.9351405327645 8.55847013366238 -0.567072353490482 0.599369518705159 -0.564964607119192 0.20189640513518 0.766135985968823 0.61014209416465 0.00216034494951727 0.445418301436069 -0.597919966939245 0.571258011660111 0.538759204252138 0.466359645697494
5.74780491009897 35.3535485470982 8.66210042777063 -0.946974312390367 0.306741655695942 -0.0956508803920625 0.213432428130912 0.823041923294226 0.526353946375911 0.0834697892012908 0.141736342669739 -0.436506302908255 0.539409070708265 0.0653460684037955 0.202353577366629
5.79725177217733 35.8260215695001 8.73648799475817 -0.909668395008521 -0.07651194281364 0.408226918323445 0.156860515091336 0.846803334320197 0.508250702783513 -0.110396967879577 0.281064757915163 -0.173750774950469 0.284670479387787 -0.198455783958265 0.387012179987244
5.76455722513014 36.3171249159089 8.86249419805968 -0.535337189387536 -0.637764599134542 0.553778199097213 -0.00244556218599623 0.656806992803228 0.754054689163306 -0.336190211373976 -0.0632168982753349 0.324155758164831 0.120181162692703 -0.053646638386477 0.445672010933584
4.65042827107151 3.39975453074032 18.3642828803865 -0.279067458168355 0.566473931791066 -0.775389272730463 0.665830156535651 0.69598883271692 0.268830124730954 -0.449526669057863 0.00364967595858764 -0.173853611775494 0.493476628683357 0.0973027034701733 -0.797373533776949
5.10894073503197 3.68933805378769 18.3469059273766 -0.706446957082328 0.61863750787578 -0.343831668454439 0.569637393390405 0.7852938839057 0.242542057388333 0.143870418332327 0.0901033828660685 0.132397360394446 0.603491638476975 0.518548873877714 -0.16140356476086
5.32320027916943 4.14491677957388 18.3006735500775 -0.894280998535815 0.365118209973216 0.258747118292278 0.441909005494975 0.811673743208385 0.381971275210328 0.0987474182001875 0.224352524737139 -0.486148248209169 0.345452981607468 0.312469991259381 -0.280552607434933
5.55632767759471 4.61635633585968 18.3768221847866 -0.741679705655092 -0.21603431399377 0.635012023718685 0.347621710374247 0.685854487007587 0.63934548750225 0.132416678125468 -0.0707647229972891 -0.229319865126689 0.431168084756305 -0.020958547281843 -0.237620096779866
5.58192438978046 5.04225220868879 18.7043388049579 -0.242315146570947 -0.699590130292742 0.672203020464781 0.315786448734341 0.598251688837639 0.736460265172348 -0.0433720735164208 -0.10153428698115 0.179883499118745 0.314326205949118 0.039905840060583 -0.0280238964531238
5.74163805651619 5.35586411397759 19.1075454273532 -0.0432536247260434 -0.94424402162503 0.326392760294554 0.434514246536479 0.276402017342987 0.857204282496347 0.481528530472157 -0.400093356902709 0.605580848237844 0.534427145777356 0.422598441569988 -0.563081375216692
5.64880907927122 5.5343967798062 19.4894213468414 0.642262686843834 -0.764894956696288 -0.0493378904984687 0.577454568563171 0.440536674485286 0.68736710967118 -0.0906776508635536 -0.356852658439125 0.191758083720744 0.666040416441148 0.0486348034701125 0.0138956489081956
5.81142167931995 5.59407625227501 19.8746454653362 0.777380974432502 -0.359560263229672 -0.516134787726289 0.627421185011946 0.501869303018017 0.59537361501765 0.127473422733712 -0.6109399908472 -0.333190675936187 0.354781664866757 -0.0728504968832053 0.00107503187550652
5.98912730708498 5.71932594434372 20.2735849354717 0.525546452549873 0.125236546530793 -0.841496652084374 0.708072494523698 0.483932540801561 0.514239751991911 0.135763029961009 -0.0103602431338405 -0.0713165112986893 0.47340549770102 -0.0212775338562876 0.0356857530212724
6.38892533938409 5.77481278975562 20.5151683130412 0.110456497245897 0.583653479650551 -0.804455007928785 0.796902953532626 0.431676361178461 0.422612227482116 -0.0275747619739248 -0.0801057250022595 -0.156236925206404 0.268330165335932 0.0353017479757468 0.166754630437759
6.82434785716404 5.93588412105672 20.6228674874651 -0.368069694117074 0.776885574846068 -0.510855542469735 0.618979327071852 0.614717965218023 0.488862248145843 0.212087260577015 0.204668379897471 -0.34086232395432 0.422916146568988 -0.0820215490670022 -0.0391726569938343
7.15700543323 6.27576440377085 20.5745893301443 -0.742885951165337 0.669395891698491 0.00543008392523486 0.542892999680346 0.597709442604552 0.589924142647752 -0.0790290339985506 0.35643086310854 -0.281545667827804 0.467245989314429 0.0705782504279798 0.164570438519178
7.35178861499673 6.60534682347564 20.5778429181234 -0.730565565956434 0.46426324170544 0.500732939830291 0.68283164363106 0.500830990293628 0.531892044414853 -0.362944334756758 -0.1294997571307 0.302193558162201 0.337719139822685 -0.142513454499993 0.202460803119863
7.54961490273757 6.99448185206286 20.6786038072489 -0.56431999567516 -0.0378274308315153 0.824688976982879 0.602161027885412 0.664507909883247 0.442528208549777 -0.260018944995117 -0.0166467594761506 0.152585428633011 -0.0329695338603123 -0.0375259033780982 0.111281535469247
7.66278549464561 7.41134718748871 20.8519356829282 -0.11595870529877 -0.582992047353766 0.804160265963082 0.519139196655104 0.65465983211958 0.549467815103208 -0.128099701844803 0.039714135047982 0.0920444507490585 0.323540477666578 0.0891602059596188 0.245136193620139
7.63669325991211 7.70096471749582 21.2128845803382 0.475064375367407 -0.75146232354763 0.457840693631476 0.32600453601012 0.633580467433368 0.701638598781233 0.302872197633865 0.0622122853143964 0.569423762478307 0.388911445942738 -0.336524749371187 0.358689165857238
7.66119411720357 7.83802536579203 21.6300919633858 0.854280495714608 -0.519598180819691 -0.0149148172459053 0.368797698128835 0.585627191206018 0.721823342530951 0.111104741168892 -0.296123614794121 0.0547770613403074 0.625751492072709 -0.612670520972885 0.432377945559901
7.82844210427584 8.06770593011381 22.0569931127652 0.832865509793559 -0.269002696155663 -0.483707013335082 0.548950776649488 0.513002845664001 0.659909848644141 0.398319300377886 -0.389879513592206 -0.0466816690746882 0.0665703961542031 0.409992521174409 0.480504493436041
8.2079576577323 8.1422240319272 22.3971862240245 0.490776287691011 0.169756209670806 -0.854588409061417 0.610361499318408 0.632962710331905 0.4762530087072 0.185776829157124 0.109545141868855 -0.445772409146134 0.266255826763607 -0.274579850073559 0.0232484568712001
8.63554059430844 8.23819235755188 22.5398440104908 0.0800065474726662 0.600416978700077 -0.795674737225431 0.673022648525134 0.556275759263749 0.48743992168135 0.702284673040072 0.164130191250494 -0.0353878557566643 0.546872957252013 0.0123413178562537 0.256381675948515
9.07114420141843 8.38251360680383 22.6720010029426 -0.198614010848893 0.772320624123759 -0.603384794493344 0.690067211265941 0.547376000196465 0.4734835185838 0.00926340118184401 0.407142435274924 -0.552645347441301 0.442277571289848 0.167845445293672 -0.0505905370513674
9.52792654505465 8.59251084884126 22.7480040289932 -0.711662305364719 0.693615182965234 -0.111510635701207 0.561218033796473 0.656790344281482 0.503647340353465 -0.262359160829872 0.13662069756191 -0.0397025612672989 0.310918475327088 0.108482998810341 0.144421250913456
9.78900148232135 8.9781157989444 22.81294356713 -0.893537970938327 0.257170037900052 0.368039871864259 0.403959459081881 0.818261977139394 0.408979193546761 -0.0601834049840965 0.15589719981786 -0.403888864390183 0.295585064864679 0.170963191214551 -0.363887953430562
9.86392003830941 9.46422138245224 22.8971473035702 -0.741982781533956 -0.19292140197068 0.642061340813162 0.280416803547164 0.780594745324594 0.558603750093265 -0.0727119345863309 0.417153535990082 0.299916610993008 0.820435781605627 0.209565466676895 -0.0196394233530741
9.86763932759366 9.94818131707175 22.9706853612236 -0.334919082295818 -0.577187249881824 0.744771084295296 0.253136807903531 0.706245650005215 0.661164677570678 0.0839507127287563 0.271750390135148 -0.417205837710368 0.848391134708282 -0.0703650219029102 -0.160568398614181
9.53812428688081 10.401116113768 22.8574833511246 0.473912336366969 -0.528675298425778 0.704208354916589 0.378823723651752 0.844334319794249 0.378935382528172 -0.910476473219099 0.186501915537616 -0.429113099201126 0.195929438787808 -1.24719091384136 -0.183690306656469
9.41539134342191 13.3227927214184 22.2790630630469 0.690134356841975 -0.588315380397473 0.421425520374427 0.376982153160061 0.789344498014047 0.484581882235829 -1.27077328065899 10.5097439489713 -5.64161368760463 -0.00676947587948713 -0.873050393532997 -0.532023068892107
