t = 100
b = 30 30 30
E = -0.197123302904487 -0.42864802581874 0.231524722914253
25.4039691876032 27.5685705350514 21.6790104078506 -0.718225693358027 0.291889086602994 0.631626865287569 0.63835219639983 0.637621357709169 0.431213819744148 -6.41407009110539 -3.55924247538438 -6.3977200582066 0.0188994382657692 0.265169556733005 -0.196481239927072
26.9619743606218 28.8908562396315 23.339374497189 -0.441274987567653 0.0620327635905529 0.895225230967339 0.579530055750608 0.781373077034675 0.231518714683185 -0.612734308498376 -0.330014082321854 0.333636157800621 0.340304421836794 -0.373219369793465 -0.716181713333239
27.0759593106469 29.3100180133089 23.5368902921462 0.0572503534535891 -0.565122958398153 0.823017813559322 0.645012464951399 0.650159068293754 0.4015619349242 -0.69450548350259 -0.0992415332459752 -0.225464244323567 0.194064060404598 0.549455790618053 -0.0834645158247929
27.3316983650908 29.6646909070912 23.818576475871 0.298947094970892 -0.900905987680611 0.314640934946963 0.727481297504064 0.428541135672017 0.535838912236967 0.0653077106840265 -0.424441276744389 -0.411554022129731 0.282527548288329 -0.130261851289915 -0.592211260917354
27.5539607980474 29.7412240314265 24.2577798561925 0.677144952826436 -0.679512351048425 -0.282378395823659 0.71030705294117 0.503368074523876 0.492020686633945 0.232878913621607 -0.551503160972283 -0.395688282082198 0.3283079952108 0.164574134781195 0.171155572696138
27.869212742481 29.8037254572854 24.6761996256662 0.539069067666781 -0.244848646018884 -0.805886817457864 0.649527106761658 0.729984438537838 0.212690249702599 0.135278191117466 -0.127061492367134 -0.327626227311358 0.420396179649513 -0.274190873576545 -0.103537144752578
28.3423278607534 29.9478256072327 24.85401688496 0.295117634539133 -0.126197860683351 -0.947090054084248 0.834839497907696 0.51616216650845 0.191362258778696 0.0135675733320303 0.290712552096412 -0.521834101779387 0.231683294983675 0.617863657896184 -0.442542660267409
28.8658709132661 29.9399136925701 24.8821120667081 -0.0403907976407521 0.424845630990668 -0.904364230095485 0.707455527690608 0.651324276001538 0.274377923138773 0.00474834020674141 0.633236043354805 -0.664840335010959 0.571752448576704 0.0361693577255528 -0.36371543739614
29.2388887530297 30.0265821020022 24.9084239830977 -0.422111578071616 0.810149847700057 -0.406791005994227 0.813910627514259 0.536287019252423 0.223485140142187 -0.158650445263982 0.00283679679644701 -0.16752262762819 0.39669599886924 0.357927461502448 0.00968357611176572
29.5736457262508 30.3137079230378 24.7911154243458 -0.632131238503858 0.696912387738413 0.338707989656619 0.76307557719272 0.635842452212692 0.115844408095413 -0.057784955161849 0.202100985408491 -9.43464239613976e-06 0.417358059114754 -0.240735054594636 0.0486448400201647
29.7956263242688 30.708490468654 24.6347786306384 -0.392733904526081 0.258298093562831 0.882633593194287 0.692199691298191 0.714913511121314 0.0987833299114124 -0.318314736162171 -0.261041723106961 -0.148226651553786 0.4752616479437 -0.232293472803187 0.40496305727206
29.9943316575595 31.1632251220041 24.8001597995873 -0.271760610813849 -0.187011152473834 0.944019533724188 0.63325172115313 0.703899673192326 0.321741185164119 -0.796775788294416 -0.0213984038369736 0.22661194821788 0.650530907967668 -0.196345519794951 0.154583007820574
30.031353824318 31.5876772364021 25.0487698343325 0.153280090878019 -0.522005403080487 0.839056287863998 0.442008629753697 0.795632394287324 0.414243112358897 -0.1021149289834 -0.84627355148144 0.0810933886259844 0.42218846025382 0.143489736228344 0.0746946799844078
30.1731288068265 31.9449247612207 25.2907712150938 0.307010810492996 -0.78118722135108 0.543590634944526 0.655419487222273 0.587689158006331 0.474390800816521 -0.0627683292594055 -0.66503375949704 -0.460877480563318 0.54669520176134 0.360196760559857 -0.364976341766625
30.293544575312 32.0988661147998 25.7225352012053 0.810685362653385 -0.547600893010235 -0.207177184104436 0.577155682266985 0.687985331846284 0.439962933287791 0.346484454200844 -0.257948673799391 -7.29682590129689e-05 0.294382579534358 -0.177902277707063 0.0307823838466766
30.6234820584536 32.2765430343007 26.0756466906884 0.578189830246068 -0.223410915095659 -0.784719035773087 0.705290307501152 0.620395234754245 0.343038213132873 0.238096446808788 0.233227985241201 -0.334116221457016 0.0878456106658586 -0.0381612539314371 0.309345148725376
31.1085318117591 32.3689953630121 26.2169688414859 0.027905801371438 0.321613610973092 -0.946459635207906 0.809078786536113 0.548772994454712 0.210332118043575 0.747550308048937 -0.0495800782609135 -0.573531075712434 0.171459249549836 0.262270948563548 0.825582541730591
31.4724422404225 31.8487776988425 26.3991679767635 -0.333483837736145 0.656371557329837 -0.676730962198588 0.495085845724967 0.732803570664058 0.466785626571805 -0.570668998622824 -0.359011360974957 -0.599437415939116 -0.448126228214198 0.0492604521936652 0.414291552640063
30.6260816316661 31.4833583871329 24.3006405677437 -0.315907762103968 0.937537032833763 -0.145693099930871 0.872755461845878 0.347376524393346 0.342968418923089 -5.75649927968989 -4.46440684715985 -8.44212490479508 0.183518603226143 -0.428586822245081 0.185639404353743
32.2231400424603 32.6300078357593 26.0923373981467 -0.769272783557257 0.63890181919965 0.00487186815149516 0.61729015916091 0.741240681906096 0.263656962455999 -0.626888815745304 -0.537625018306883 0.200832462315335 0.205953601144671 -0.0648596847370373 -0.427876363216846
32.4790196504768 33.0985880126463 26.1712985745954 -0.818282174713529 0.185030763046511 0.544222179821434 0.407789361889328 0.854132424163497 0.322746851199534 -0.40891579492936 -0.0410719509023467 -0.205790366480107 0.364008831119379 0.607733423954114 -0.267606210408992
32.4853602836609 33.5369647714673 26.1301477509429 -0.0453163532183691 -0.261963147344233 0.964013290539948 0.614678289757706 0.753386588016313 0.233621774515078 -0.912562916629915 -0.153112656333005 -0.120436289728708 0.586445688455386 -0.505065900218924 0.10142938877604
32.7251960653003 33.9602688116353 26.3855950202053 0.0845337250054194 -0.595228847767034 0.799097333931817 0.623093691168965 0.6574005002935 0.423767290563364 0.016010854272261 -0.42173817895724 -0.515426902709885 0.583805181673084 0.163927217202358 -0.0465297680251052
32.8258978738618 34.334060305277 26.7265143225121 0.515745943582479 -0.736861603317151 0.437082350175501 0.455508030496179 0.667926612753254 0.588545977328605 0.0637496504440874 0.139222265056477 -0.145142503501312 0.341101795597055 0.00362227894545814 0.152284052251863
32.9119113308875 34.5868751162923 27.1323798975343 0.865842418175706 -0.339227492315791 -0.36775196178534 0.487539079865496 0.737128236475614 0.467918251297976 -0.156100192819716 -0.343205792764877 0.416809711662122 0.0522882954422314 -0.541519503365842 0.502002798610645
11.1998538319529 18.0621834344971 2.99259810477971 0.929465923108494 0.189843264497184 -0.316310794280688 0.314551347941532 0.0401466308959677 0.948391047260372 0.143080227106001 0.434809931650909 -0.37336661064182 0.0787806487954083 0.213961193027421 -0.513004695376841
11.5029833849709 17.9300988855273 3.35662049941632 0.480729388558465 0.8476579253014 -0.224444152169177 0.390665027280402 0.0221132043436795 0.9202672045762 0.578206866049707 -0.177949166331565 -0.0432836226044692 0.290500486008499 0.216268020115381 -0.16616606336864
11.8897536799253 17.9733243397454 3.67340154001669 -0.22066888966948 0.973239751744812 0.0641054593768871 0.175676918934489 -0.0249904625069558 0.984130569452424 0.381718871482801 0.61705423467654 0.149691432987114 0.647706935224332 -0.246794695757259 0.21449805404242
12.2402117428563 18.0802769129131 4.08720760057412 -0.679799603663288 0.719849430534174 0.14031812901089 0.301248386220923 0.099633592760749 0.948326125554276 -0.266667820833616 0.535727483549265 0.329298468228015 0.296190776939349 0.270456440115634 0.30930717930764
12.4412801695766 18.3105194658153 4.60542960083296 -0.959291700603578 0.281896184469677 0.0171422169283947 0.0767348064813194 0.201751419446579 0.976426145593399 -0.162076507554875 -0.00848080971119931 0.217939068344995 0.328561162687661 -0.128589054756576 -0.246424131075449
12.494087004092 18.607935158058 4.96395594902985 -0.870291745452666 -0.487764663305994 0.0683943951489157 0.0213791803793749 0.101320554987897 0.994624028793947 -0.394067898635479 0.0575394727092653 0.38745419097284 0.470498609060671 0.34944337271751 0.432644058613781
14.3577615319439 20.0380110405328 7.0462266461686 -0.257577547860661 -0.929478195794439 0.264052982224726 0.0812842259528829 0.251461893984891 0.964447860610203 7.95657703288717 4.87764896445412 7.84191955128198 0.393025483386985 -0.407642247455065 0.494661028361388
12.1784872937765 18.8983499640132 5.69793197737437 -0.247904455982054 -0.967857349897926 0.0423724508662944 -0.0147479291955681 0.0475029410298935 0.998762160957746 0.259526670468308 -0.58340444568506 -0.262238392718231 0.36425782864933 0.402280682400933 -0.686891442399128
11.9359811185498 18.7598190832667 6.1803058829838 0.63945713195359 -0.768005688957715 -0.0355206833286327 -0.00889664691033998 -0.0535897803991404 0.998523344839628 0.181265929213489 -0.265991238639047 0.235018220087483 0.559835291005637 0.00834602116389892 -0.0782862801029005
11.8629896865543 18.5380218663267 6.63866390684603 0.957397731268024 -0.270447890009101 -0.101229461724103 0.0743419859912965 -0.107901799697032 0.991378007746383 0.594962796469441 0.138373469249652 0.415733090254777 0.362329089376395 0.0706097533308956 0.0245765267584691
12.0684030275057 18.3040954761571 7.13960033992476 0.876621638394579 0.240123588951496 -0.416983270483026 0.443797943646964 -0.0685855839614106 0.893498342463007 1.14633729253007 0.362042133790443 1.16016904173465 0.37037288732063 -0.140263674059713 -0.315095674291197
12.5229392290115 18.1615993789445 7.54524979592481 0.530859074268395 0.781514942797812 -0.327754357680759 0.351412785882095 0.148931636935785 0.924298817038495 0.972182551965105 0.79107584017943 0.696048212583152 0.415059075322743 0.715848470002793 0.134105828835602
13.4186032764618 18.5363597386021 8.10224318623965 0.161149890684718 0.982406562841259 -0.0943819154996734 0.307032551331488 0.0409826149677429 0.950816134008007 3.22218001661813 1.5451391981519 1.64659208290631 0.296687907796231 -0.738691534419752 -0.723307467170575
12.8716506168153 18.3378419227607 8.14996412670523 -0.621776930251966 0.78013645756749 -0.0691407087445884 0.0821610555656061 0.152766170090776 0.984841072983362 -0.278844219055259 1.69222927777474 0.595578777409051 0.175789393960383 0.780758316605419 -0.241629693688803
13.3457896419899 18.572900975026 8.71266522060227 -0.969868250053622 0.231486394476565 -0.0759572741756879 -0.0298986637258379 0.196325376113703 0.980082802165949 1.63331795833325 0.103376513214503 0.214423573094671 0.439324919938018 1.72335802159544 0.498932497591302
13.0236640191395 18.8099576749311 8.79318781695469 -0.846287566600459 -0.45753528407717 0.272871215826268 0.20835075932878 0.187147982326175 0.959982019050065 -0.611171644353803 1.09386776387194 1.3155322563441 0.577118653041182 -0.267355930750561 0.088424118449384
12.9959922376979 18.9589637826753 9.20353040790472 -0.645608583185741 -0.755119113645436 0.113949835559248 0.0455142038424673 0.110901358711649 0.992788612749722 0.239170292843933 0.275072529490947 0.509480801419357 0.17440630990186 -0.0418704423964071 -0.416780404800344
12.7244201832594 18.8896435068906 9.57943382388222 -0.0404701558899083 -0.997872776601091 -0.0511074361497982 0.239962390993966 -0.059358934978542 0.968965659337238 -0.432633622837131 -0.139056085147561 0.435753484690554 0.213960089033975 0.325968234488011 -0.165722411535959
12.5860213768308 18.7468342852761 9.91891023056972 0.649783754816192 -0.754143551745453 -0.0951233736346127 0.178360540384224 0.0296231725635407 0.983519123391519 -0.0251911980603975 -0.230027266367664 0.532404568491754 0.392241532236861 -0.153206411247127 0.0532503520223771
12.5641373456269 18.5737366797631 10.3320825382465 0.904455911082712 -0.379733574419211 -0.194323957056116 0.151468166633402 -0.139966927500088 0.97850219093916 0.715717620223462 0.0880314177355759 0.0360760018411155 0.360630181156251 -0.0857891535960936 -0.234776320689112
12.54619789581 18.2865159633301 10.6479950050528 0.896464629892953 0.432125899913253 -0.098072704791241 0.195001326350509 -0.185980358686687 0.963008657586743 0.171716949702524 -0.228066295052031 0.86753698121975 0.513053268040651 -0.281512221777113 0.30516996715689
12.774433297347 18.130233018804 11.0054815468037 0.536848730432132 0.827336327280647 -0.165251090866185 0.440489479132958 -0.107809081798038 0.891260967616645 0.507051515271183 0.218055106880876 -0.00465126202788537 0.413989684195627 0.108171133694735 0.0998220816367081
13.23564616241 18.1677951420563 11.1796154614396 -0.23128969878603 0.927607712382117 0.293340918057661 0.304233336126196 -0.217433689059121 0.927450565072771 0.0873560936217152 0.475484181490969 -0.506822476410526 0.51195841919583 -0.827833881612712 0.220271870838951
13.4611057039251 18.0828056080503 11.6450807770406 -0.430349822935688 0.896870321566709 0.102090855568195 0.0646758980727213 -0.0821722622625654 0.994517285463845 -0.37331343311934 -0.254227020312817 -0.440109137894115 0.283473839769994 0.0508090033332994 -0.153938560615047
13.7475269789211 18.319611654411 11.871477763706 -0.915577388134916 -0.0184272452765815 0.401719271198408 0.394375715001756 -0.236514956594656 0.887991191266194 -0.608335186694787 -0.198353562378252 -0.339834206939443 -0.384023015726211 -0.52014726706583 0.582434715214756
