
#id1 id2 FENE BEXC STCK NEXC HB CRSTCK CXSTCK total, t = 100
0 1 0.0506583 0 -1.04719 0 0 0 0 -0.996527
1 2 0.243487 0 -1.35641 0 0 0 0 -1.11292
2 3 0.0480277 0 -1.18483 0 0 0 0 -1.1368
3 4 0.0191401 0 -0.987005 0 0 0 0 -0.967865
4 5 0.0535532 0 -1.19799 0 0 0 0 -1.14444
5 6 0.0468718 0 -1.14966 0 0 0 0 -1.10279
6 7 0.0847498 0 -1.27241 0 0 0 0 -1.18766
7 8 0.001483 0 -1.18627 0 0 0 0 -1.18478
8 9 0.675845 0 -1.24334 0 0 0 0 -0.567491
9 10 0.28572 0 -1.37159 0 0 0 0 -1.08587
10 11 0.132793 0 -1.16276 0 0 0 0 -1.02996
11 12 0.0620811 0 -1.05938 0 0 0 0 -0.997303
12 13 0.0380757 0 -1.38834 0 0 0 0 -1.35026
13 14 0.227508 0 -1.34233 0 0 0 0 -1.11482
14 15 0.112707 0 -1.11532 0 0 0 0 -1.00261
15 16 0.0405475 0 -1.28282 0 0 0 0 -1.24227
16 17 0.0201608 0 -0.644484 0 0 0 0 -0.624324
17 18 0.510769 0 0 0 0 0 0 0.510769
18 19 0.631212 0 -0.0175028 0 0 0 0 0.61371
19 20 0.173205 0 -0.120625 0 0 0 0 0.0525799
20 21 0.773842 0 -0.995277 0 0 0 0 -0.221436
21 22 0.102112 0 -1.27578 0 0 0 0 -1.17367
22 23 0.0424464 0 -1.40102 0 0 0 0 -1.35858
23 24 0.0622903 0 -1.10464 0 0 0 0 -1.04235
25 26 0.305675 0 -1.20156 0 0 0 0 -0.895882
26 27 0.0885187 0 -1.23637 0 0 0 0 -1.14785
27 28 0.0514553 0 -1.35296 0 0 0 0 -1.3015
28 29 0.0909916 0 -1.22629 0 0 0 0 -1.1353
29 30 0.178896 0 -0.803217 0 0 0 0 -0.624321
30 31 1.09722 0 0 0 0 0 0 1.09722
31 32 1.40147 0 0 0 0 0 0 1.40147
32 33 0.000381317 0 -1.2817 0 0 0 0 -1.28132
33 34 0.0314232 0 -1.19589 0 0 0 0 -1.16446
34 35 0.00161863 0 -1.40964 0 0 0 0 -1.40802
35 36 0.0467715 0 -1.21084 0 0 0 0 -1.16407
36 37 0.183674 0 -0.874732 0 0 0 0 -0.691058
37 38 0.277953 0 -1.20925 0 0 0 0 -0.931295
38 39 0.100098 0 -1.30319 0 0 0 0 -1.20309
39 40 0.0440754 0 -1.35293 0 0 0 0 -1.30885
40 41 0.364708 0 -0.829198 0 0 0 0 -0.46449
41 42 0.223815 0 -1.22986 0 0 0 0 -1.00605
42 43 0.564019 0 -1.31408 0 0 0 0 -0.750058
43 44 0.0899846 0 -1.32037 0 0 0 0 -1.23038
44 45 0.0908703 0 -1.39083 0 0 0 0 -1.29996
45 46 0.17249 0 -1.20508 0 0 0 0 -1.03259
46 47 0.583466 0 -1.19909 0 0 0 0 -0.615623
47 48 0.0212889 0 -1.08357 0 0 0 0 -1.06229
48 49 0.0165851 0 -1.28224 0 0 0 0 -1.26566
#Total energy per particle is  -0.819062 and should be -0.81906210

