
#id1 id2 FENE BEXC STCK NEXC HB CRSTCK CXSTCK total, t = 100
0 1 0.129392 0 -0.831834 0 0 0 0 -0.702442
1 2 0.133287 0 -1.05503 0 0 0 0 -0.921745
2 3 0.256442 0 -1.16747 0 0 0 0 -0.911023
3 4 0.0217251 0 -0.844681 0 0 0 0 -0.822956
4 5 0.00881466 0 -1.16196 0 0 0 0 -1.15315
5 6 1.94313 0 0 0 0 0 0 1.94313
6 7 2.09045 0 0 0 0 0 0 2.09045
7 8 0.153624 0 -1.25558 0 0 0 0 -1.10195
8 9 0.0473565 0 -0.911333 0 0 0 0 -0.863976
9 10 0.361984 0 -1.39287 0 0 0 0 -1.03088
10 11 0.113256 0 -1.37634 0 0 0 0 -1.26309
11 12 0.0646195 0 -1.17873 0 0 0 0 -1.11411
12 13 0.0137435 0 -1.1862 0 0 0 0 -1.17245
13 14 0.0769067 0 -1.25262 0 0 0 0 -1.17571
14 15 0.28528 0 -0.49976 0 0 0 0 -0.21448
15 16 0.639135 0 -0.915792 0 0 0 0 -0.276657
16 17 0.0165449 0 -0.247143 0 0 0 0 -0.230598
17 18 1.54911 0 0 0 0 0 0 1.54911
18 19 0.745284 0 0 0 0 0 0 0.745284
19 20 0.985045 0 -0 0 0 0 0 0.985045
20 21 0.163317 0 -1.30155 0 0 0 0 -1.13823
21 22 0.0661862 0 -0.880849 0 0 0 0 -0.814662
22 23 0.46079 0 -1.15263 0 0 0 0 -0.691836
23 24 0.0388088 0 -1.19536 0 0 0 0 -1.15655
25 26 0.0718422 0 -1.16141 0 0 0 0 -1.08956
26 27 0.187895 0 -1.29505 0 0 0 0 -1.10716
27 28 0.0867962 0 -1.06783 0 0 0 0 -0.981033
28 29 0.132541 0 -1.39885 0 0 0 0 -1.26631
29 30 0.334298 0 -1.23638 0 0 0 0 -0.902083
30 31 1.6897 0 0 0 0 0 0 1.6897
31 32 2.03963 0 0 0 0 0 0 2.03963
32 33 0.020976 0 -1.12796 0 0 0 0 -1.10698
33 34 0.108326 0 -1.39479 0 0 0 0 -1.28646
34 35 0.0255652 0 -1.30973 0 0 0 0 -1.28416
35 36 0.0234802 0 -1.02956 0 0 0 0 -1.00608
36 37 1.98917 0 0 0 0 0 0 1.98917
37 38 1.70194 0 0 0 0 0 0 1.70194
38 39 0.0154764 0 -1.08641 0 0 0 0 -1.07093
39 40 0.0397036 0 -1.41931 0 0 0 0 -1.37961
40 41 0.16274 0 -0.928822 0 0 0 0 -0.766082
41 42 0.0255415 0 -1.10024 0 0 0 0 -1.0747
42 43 0.199679 0 -1.10001 0 0 0 0 -0.900333
43 44 0.185664 0 -1.04499 0 0 0 0 -0.859328
44 45 0.247533 0 -1.38271 0 0 0 0 -1.13518
45 46 0.211879 0 -1.12424 0 0 0 0 -0.912358
46 47 0.157649 0 -1.28444 0 0 0 0 -1.12679
47 48 0.118005 0 -1.38085 0 0 0 0 -1.26284
48 49 0.0305614 0 -0.952892 0 0 0 0 -0.92233
#Total energy per particle is  -0.469267 and should be -0.46926710

