t = 0
b =  30.0 30.0 30.0
E = 0. 0. 0.
1.88056408018 16.7388736043 20.2878358025 -0.185021033371 -0.154959709866 0.970440469853 0.58752408397 0.774140767343 0.235630055581 0.0 0.0 0.0 0.0 0.0 0.0
1.81131519401 17.2388762943 20.4719200329 0.31205221763 -0.485412000276 0.816699824575 0.58752408397 0.774140767343 0.235630055581 0.0 0.0 0.0 0.0 0.0 0.0
1.81319862066 17.6282293036 20.842171014 0.690571613918 -0.631448156125 0.352681261447 0.58752408397 0.774140767343 0.235630055581 0.0 0.0 0.0 0.0 0.0 0.0
1.97249786843 17.8736436858 21.2928156998 0.806731308338 -0.537586600212 -0.24532680942 0.58752408397 0.774140767343 0.235630055581 0.0 0.0 0.0 0.0 0.0 0.0
2.31569154333 17.9965151855 21.6875381316 0.616400290891 -0.23948690691 -0.750131123743 0.58752408397 0.774140767343 0.235630055581 0.0 0.0 0.0 0.0 0.0 0.0
2.79939368392 18.0647956373 21.9112681501 0.191888497272 0.149597866335 -0.969948082633 0.58752408397 0.774140767343 0.235630055581 0.0 0.0 0.0 0.0 0.0 0.0
3.32683681351 18.1671769275 21.9138984727 -0.305524944665 0.481847909016 -0.821265548263 0.58752408397 0.774140767343 0.235630055581 0.0 0.0 0.0 0.0 0.0 0.0
3.78463552235 18.3793954637 21.7293212877 -0.68686435202 0.631035874995 -0.36057050128 0.58752408397 0.774140767343 0.235630055581 0.0 0.0 0.0 0.0 0.0 0.0
4.08586348053 18.7354586474 21.4625520457 -0.807252508282 0.540482761706 0.237111307556 0.58752408397 0.774140767343 0.235630055581 0.0 0.0 0.0 0.0 0.0 0.0
4.20307820405 19.2147248936 21.2498323336 -0.620951940106 0.244591210855 0.744710566362 0.58752408397 0.774140767343 0.235630055581 0.0 0.0 0.0 0.0 0.0 0.0
4.17874691329 19.7497457141 21.2068694186 -0.198741348121 -0.144224630347 0.96938183011 0.58752408397 0.774140767343 0.235630055581 0.0 0.0 0.0 0.0 0.0 0.0
4.10911252597 20.2518905256 21.3848771222 0.298974404794 -0.478247123173 0.8257687294 0.58752408397 0.774140767343 0.235630055581 0.0 0.0 0.0 0.0 0.0 0.0
4.10762936362 20.6450188902 21.7511188337 0.683104782742 -0.63057553804 0.368432282274 0.58752408397 0.774140767343 0.235630055581 0.0 0.0 0.0 0.0 0.0 0.0
4.261859958 20.8944075412 22.2013446955 0.807712232823 -0.543337763345 -0.228877748748 0.58752408397 0.774140767343 0.235630055581 0.0 0.0 0.0 0.0 0.0 0.0
4.60020858126 21.0199423319 22.5993978673 0.625456301427 -0.249676888232 -0.739233296388 0.58752408397 0.774140767343 0.235630055581 0.0 0.0 0.0 0.0 0.0 0.0
5.08112998812 21.088563268 22.828942786 0.205579064047 0.138840411095 -0.968741755409 0.58752408397 0.774140767343 0.235630055581 0.0 0.0 0.0 0.0 0.0 0.0
5.60891314909 21.1888328803 22.837662991 -0.292401096864 0.474609916959 -0.830209025052 0.58752408397 0.774140767343 0.235630055581 0.0 0.0 0.0 0.0 0.0 0.0
6.07004347083 21.397289838 22.6571370226 -0.679293192389 0.630067180316 -0.376266005722 0.58752408397 0.774140767343 0.235630055581 0.0 0.0 0.0 0.0 0.0 0.0
6.37632888799 21.7493706293 22.3908412064 -0.80811044695 0.546151387709 0.220626760013 0.58752408397 0.774140767343 0.235630055581 0.0 0.0 0.0 0.0 0.0 0.0
6.49840550335 22.2259466466 22.174837267 -0.629913031828 0.254743551747 0.733699730936 0.58752408397 0.774140767343 0.235630055581 0.0 0.0 0.0 0.0 0.0 0.0
6.47689342327 22.7605914646 22.1260802044 -0.212401124331 -0.133445618608 0.968027907272 0.58752408397 0.774140767343 0.235630055581 0.0 0.0 0.0 0.0 0.0 0.0
6.40696450023 23.2648173496 22.2979851338 0.285805521458 -0.470936567363 0.834586097071 0.58752408397 0.774140767343 0.235630055581 0.0 0.0 0.0 0.0 0.0 0.0
6.40218495479 23.6616932293 22.6601339902 0.675429871231 -0.629510840537 0.384071075058 0.58752408397 0.774140767343 0.235630055581 0.0 0.0 0.0 0.0 0.0 0.0
6.55136966975 23.915072093 23.1098318603 0.808447120338 -0.548923420531 -0.212358969696 0.58752408397 0.774140767343 0.235630055581 0.0 0.0 0.0 0.0 0.0 0.0
6.88483993123 24.0433238458 23.5111224965 0.634321791914 -0.259790815555 -0.72811029141 0.58752408397 0.774140767343 0.235630055581 0.0 0.0 0.0 0.0 0.0 0.0
1.60917833291 14.4376290656 14.3569389236 -0.112469199041 0.993595174456 0.0109228459687 0.673057711057 0.0680902495474 0.736448936114 0.0 0.0 0.0 0.0 0.0 0.0
2.11587137321 14.6091404106 14.4072491964 -0.519736107665 0.751974682878 0.40547312451 0.673057711057 0.0680902495474 0.736448936114 0.0 0.0 0.0 0.0 0.0 0.0
2.50409055142 14.9520644083 14.5499870808 -0.729546579463 0.224666436927 0.645977383901 0.673057711057 0.0680902495474 0.736448936114 0.0 0.0 0.0 0.0 0.0 0.0
2.72600956389 15.3462011273 14.8399755302 -0.662190108355 -0.387996344634 0.641064034982 0.673057711057 0.0680902495474 0.736448936114 0.0 0.0 0.0 0.0 0.0 0.0
2.79698232031 15.6518940673 15.2760945464 -0.343256543854 -0.853252827916 0.392599741154 0.673057711057 0.0680902495474 0.736448936114 0.0 0.0 0.0 0.0 0.0 0.0
2.78970973677 15.7630879984 15.8017066861 0.1060859206 -0.994344296246 -0.0050197582557 0.673057711057 0.0680902495474 0.736448936114 0.0 0.0 0.0 0.0 0.0 0.0
2.80661944217 15.6476211158 16.3261745717 0.515124570156 -0.757667741882 -0.400732167578 0.673057711057 0.0680902495474 0.736448936114 0.0 0.0 0.0 0.0 0.0 0.0
2.94095180954 15.3594438477 16.7592955471 0.728458783087 -0.233140544848 -0.644199726553 0.673057711057 0.0680902495474 0.736448936114 0.0 0.0 0.0 0.0 0.0 0.0
3.24133637943 15.018122185 17.0455711745 0.665039325141 0.379960643076 -0.642925038966 0.673057711057 0.0680902495474 0.736448936114 0.0 0.0 0.0 0.0 0.0 0.0
3.69331668442 14.7634125629 17.1852920191 0.34896030871 0.848708430092 -0.397392379942 0.673057711057 0.0680902495474 0.736448936114 0.0 0.0 0.0 0.0 0.0 0.0
4.22484250276 14.7021660541 17.2344272582 -0.0996945633056 0.995017694868 -0.000883711731365 0.673057711057 0.0680902495474 0.736448936114 0.0 0.0 0.0 0.0 0.0 0.0
4.73364294225 14.8677338601 17.2833610551 -0.510473803917 0.763303101555 0.395960693341 0.673057711057 0.0680902495474 0.736448936114 0.0 0.0 0.0 0.0 0.0 0.0
5.12608086209 15.2072966322 17.4225541046 -0.727315511754 0.241596898214 0.642373010903 0.673057711057 0.0680902495474 0.736448936114 0.0 0.0 0.0 0.0 0.0 0.0
5.35272718813 15.6019314248 17.7081761021 -0.667837896608 -0.371896006043 0.644737081719 0.673057711057 0.0680902495474 0.736448936114 0.0 0.0 0.0 0.0 0.0 0.0
5.42713984462 15.9117925112 18.1407659377 -0.354637498887 -0.844099399835 0.402154755761 0.673057711057 0.0680902495474 0.736448936114 0.0 0.0 0.0 0.0 0.0 0.0
5.42071287209 16.0292411128 18.6650269625 0.0932956138842 -0.99561531904 0.00678711442036 0.673057711057 0.0680902495474 0.736448936114 0.0 0.0 0.0 0.0 0.0 0.0
5.43555263768 15.9197391711 19.1908351102 0.505784163121 -0.768880332742 -0.391159065163 0.673057711057 0.0680902495474 0.736448936114 0.0 0.0 0.0 0.0 0.0 0.0
5.56568591916 15.6349709333 19.6274785367 0.726116852528 -0.250034853041 -0.64049737606 0.673057711057 0.0680902495474 0.736448936114 0.0 0.0 0.0 0.0 0.0 0.0
5.86133756003 15.2932072429 19.9181205663 0.670585609633 0.36380304769 -0.646500025247 0.673057711057 0.0680902495474 0.736448936114 0.0 0.0 0.0 0.0 0.0 0.0
6.30984921171 15.0343724687 20.0613928947 0.360287682045 0.839426088141 -0.406886505938 0.673057711057 0.0680902495474 0.736448936114 0.0 0.0 0.0 0.0 0.0 0.0
6.84048845185 14.9668848977 20.1119154312 -0.0868895596406 0.996137123251 -0.0126900002443 0.673057711057 0.0680902495474 0.736448936114 0.0 0.0 0.0 0.0 0.0 0.0
7.35132121414 15.1264668153 20.1595452819 -0.501056004903 0.774399010714 0.386327648708 0.673057711057 0.0680902495474 0.736448936114 0.0 0.0 0.0 0.0 0.0 0.0
7.74793824434 15.4625730118 20.2952385322 -0.724862896693 0.258453766745 0.638572964862 0.673057711057 0.0680902495474 0.736448936114 0.0 0.0 0.0 0.0 0.0 0.0
7.97932275443 15.8575937525 20.5764945099 -0.673282254968 -0.355682384327 0.648213735295 0.673057711057 0.0680902495474 0.736448936114 0.0 0.0 0.0 0.0 0.0 0.0
8.05723255332 16.1715366825 21.005510829 -0.365910427902 -0.8346888509 0.411587270133 0.673057711057 0.0680902495474 0.736448936114 0.0 0.0 0.0 0.0 0.0 0.0
