t = 100
b = 30 30 30
E = -0.823796051913041 -0.968175142424556 0.144379090511515
2.04446715736608 16.7106199781315 20.2567462453827 -0.246293692947399 0.0113791392845415 0.96912837926236 0.497134797002215 0.859851070080638 0.116245488934784 0.823899667231982 -0.058522114252357 -0.0436068434902536 0.139194214403785 -0.0834817735712407 -0.346470797086779
2.12328686106188 17.234444638769 20.435863086334 0.133623323897112 -0.517873541585365 0.844956617346495 0.556847473660355 0.744519527682524 0.368254593379943 0.659459866281377 0.00967323832071185 -0.456736661317725 0.325402752322879 0.0298988445741769 -0.20923509439218
2.1027891988588 17.5360642680544 20.8383656411687 0.77293837765187 -0.593989793698861 0.223029757708963 0.488789870125517 0.781575627443268 0.387587262542372 0.194697252661507 -0.251549968019776 0.259567086357076 0.398167114646163 -0.0266697726056608 0.00283062944122514
2.26969374455078 17.8213347725766 21.2211410486624 0.785095903762037 -0.466830325166984 -0.407054976545783 0.604244598683552 0.721654435089009 0.337791686748842 0.0116726265335292 -0.141694609968056 -0.417028974143845 0.469192760788741 -0.29571199911731 0.437571622504417
2.48425413339949 18.1111440304965 21.4755527039014 0.601789563896404 -0.135481527851443 -0.787079384931079 0.619076588539742 0.701753217084789 0.352542880620317 0.409920437911888 -0.280888888966292 -0.52425854320506 0.380382998818563 -0.25731990644342 -0.237879122985865
2.83581643458786 18.1972173404205 21.7556924650712 0.110567605034915 0.295688350878143 -0.948864103776655 0.765960878460791 0.583008370318975 0.270933684974382 -0.180390257359125 0.0258207822297727 -0.604361959626485 0.561496637662526 0.0236622718058687 0.241948833442282
3.28029134258247 18.3046143668395 21.7653998663899 -0.252715003473087 0.579014666783963 -0.775162578772344 0.790674058838691 0.58534564894049 0.179457216986205 0.0783914625627882 0.0893298673197431 -0.182530220364456 0.629705621818922 -0.122043403270662 0.0638169510176481
3.6921238196053 18.5356534226642 21.7141759696571 -0.603844620860183 0.63884580140554 -0.476704939149676 0.672433917009889 0.729402294900316 0.125717152776159 0.0603593635168267 0.305973167918155 0.261066028743281 0.369785844263414 -0.196932328353163 -0.108518898351908
3.99455115603079 18.872025449998 21.5570233750114 -0.794880357095889 0.576995398004039 0.187726955377191 0.606621670012059 0.762450105544312 0.225121893251674 -0.352358475974757 0.244558275560048 -0.136623116278106 0.445693485972354 0.00546011579646784 -0.325557215325405
4.17085808420478 19.3076765743064 21.4348107421718 -0.701571112320943 0.204885203185885 0.682510006561842 0.399363720327258 0.906276856918481 0.13845853133763 0.418963852063172 0.237649822105052 0.393158320175269 0.51082336806924 0.434908958941662 0.137924986272051
4.16130211954212 19.7723197564513 21.3583823933915 -0.204673558079411 -0.120852508015138 0.971340973480508 0.277024119487488 0.944624996464912 0.17590096333474 0.426626195114968 0.185197473090385 -0.133195117235323 0.518325520062971 -0.499507176532759 -0.125072018420036
4.0901148273485 20.1827130271605 21.5099715909369 0.438625207141809 -0.446559437860704 0.779866962048912 0.378115410003716 0.87895474757478 0.290632371704115 -0.270637341153515 -0.0643838483432538 0.625899209607602 0.468123974163399 -0.0857309354506166 0.26139395107992
4.26551478691447 20.5355444488651 21.8625136744382 0.646355793389937 -0.701149680165165 0.301020257505821 0.541904236555997 0.699540349085928 0.465814324709136 0.261901531935625 -0.435759553639927 0.308261700514712 0.474244077894445 0.244099493372511 0.0209339376589998
4.4329792682023 20.7234081608867 22.1246448656598 0.815821067774227 -0.54945727473355 -0.180367873210358 0.56528474672177 0.691867419403819 0.449190957214536 -0.184952966844822 -0.0902037264234935 -0.149427821626465 0.482547346900729 0.119439431122133 -0.0534008283950403
4.69593380410138 20.9110538629778 22.4574162064206 0.633266176575903 -0.274100590480525 -0.723769781621049 0.633833559951694 0.720314266321148 0.281784062092712 -0.173621599538087 -0.431599103108314 -0.383224162186913 0.436603564819928 -0.0168932026658698 -0.0932223671083631
5.12095340223339 21.0793273197571 22.6450245447762 0.110153963783548 0.0256086788394485 -0.9935845110645 0.741032852390409 0.664089945669844 0.0992710445531162 -0.254296981305284 0.138578565855419 -0.336857990909185 0.118218714857244 0.119484979013128 0.0477902174778843
5.56280105663657 21.2607596000934 22.6632325670527 -0.403157522355551 0.367825243298554 -0.837954941209555 0.587942045854071 0.805795313022104 0.0708374590798239 0.407920163024074 -0.240669549259674 -0.264020663590111 0.531228839749895 0.347851262378704 -0.128823947192609
5.88194720706787 21.4773397267743 22.388617155659 -0.725633587595629 0.614989069891351 -0.308616626288576 0.635121625054769 0.771189373562367 0.0434437192052403 -0.211475855147186 0.065046316752355 -0.693857020761825 0.653695323922808 0.0240251776823941 0.103477651379257
6.20736776985776 21.7204745301607 22.080264560924 -0.772219319810298 0.592323276359113 0.229848513565185 0.615454143124702 0.787202098979442 0.0391016383650343 -0.318266423866265 -0.208557909098108 -0.997632577179822 0.547212645886909 -0.620141432613618 0.487318292652112
6.42486322664049 22.2689030228942 22.1793441198393 -0.782590871704161 0.249113877454119 0.570520541404137 0.358255896443779 0.929702310425497 0.0854764197757593 0.021858107324382 -0.000345894208462014 -0.314471576794461 0.216610884796668 0.285032372200853 -0.420622531991631
6.42879373680909 22.7524060388838 22.1925391366871 -0.125661969781064 -0.1455583495191 0.981336699467691 0.55925290109345 0.806632677658369 0.191258456010417 -0.541077152414168 0.219207431802249 -0.018585751208778 0.555876461842101 0.0492435318012593 0.0457429651405789
6.58979284926483 23.1834565833094 22.4447155823821 0.223927243136204 -0.543164056724077 0.809215223569421 0.363320439233529 0.816972621852612 0.447832429195885 0.0919355185793773 -0.21480259006949 0.356859547257952 0.315081447263877 0.194237697375069 -0.179895696817146
6.61508360531643 23.5352008213605 22.7616244519089 0.719948745686033 -0.617685061232568 0.316447231397054 0.539283708320288 0.784895459498581 0.305142722732182 0.313488637127567 -0.322339351095755 0.518250196227552 0.623367266769857 -0.220425842139052 0.0458882469601786
6.72749135250781 23.8457602131604 23.1291798993666 0.834228555559211 -0.438077439347997 -0.334889172273697 0.528683502994614 0.808023172749329 0.259984974114364 0.26154242812284 -0.0457862881646782 0.0168730713981679 0.354162864459961 -0.388582655313969 0.257726308148461
7.02238531174629 24.2157163748128 23.3915530474479 0.565946895399181 -0.409906232303753 -0.715318721644386 0.724031480715537 0.662087784310846 0.193437491020999 0.674947231180371 0.207114024976288 -0.675225187596858 0.14340430001672 0.378449877424837 0.120472489969828
1.69311313740332 14.537099446036 14.0610263394362 -0.248532106265684 0.9681707161861 0.0296165295884085 0.720581559335778 0.164369551041352 0.673605781378665 -0.215124812489535 0.325995343233505 -0.431696636926413 0.140431102185 -0.301568957652783 -0.0611908838993631
2.07586870199778 14.7338196938471 14.381333173049 -0.602725846448847 0.740109953625076 0.298259436336331 0.624988714094839 0.205477604389628 0.753105532120161 0.0115448270317161 0.110028491824601 -0.157474479529096 0.484450462263295 0.404715451875191 -0.116021276730829
2.43477914642183 15.0393690926658 14.5999241394863 -0.769257426334736 0.253616641994284 0.586448200500845 0.638250844341098 0.262431899348892 0.723716272355543 0.169629578345156 0.271223760513532 0.394006553376839 0.512101120950885 0.407065278218695 0.216801290302512
2.60701566279405 15.4395662140414 14.8961601756924 -0.544790226453251 -0.440861315270629 0.713333576429336 0.678071225225482 0.268893385900046 0.684043598640684 -0.277256103823548 0.402513979604786 0.455353545460577 0.394618935876513 0.0199441494035976 0.241723059638365
2.80036829799818 15.5627374276239 15.4159501961072 -0.486534771476881 -0.763544440415067 0.424598265913222 0.55414840525895 0.106021575600604 0.825638452235964 0.0407322483123392 -0.0500422780311955 0.390623216842362 0.563247650632326 0.00230035834511948 -0.303759131184183
2.8945471234151 15.7824220519047 15.9422171521198 0.204379919616631 -0.974192978862823 0.0957954549314198 0.507542289722563 0.189139297860276 0.840611107990224 -0.0119724525646641 0.327851825310088 0.71516860609267 0.551155844542669 -0.16093947246295 0.11812355109129
2.96051723573524 15.837632353441 16.4941870528175 0.623987457531375 -0.642035705067299 -0.44545447578591 0.541543647358938 -0.0556711815576369 0.838827207114206 0.541653040052493 0.121935494402829 0.139247583666592 0.432659529613477 0.123563676494447 -0.130707389413682
3.05355921398735 15.4810195473929 16.8090797163036 0.771456182034961 -0.203593556835465 -0.602830742152085 0.621584836136214 0.0386856539331765 0.782390946198375 0.308900800558357 0.761331104927798 -0.339430800361266 0.519700012375818 -0.150543217324968 0.0189830351244047
3.36901756412417 15.2189036556502 17.1318058550366 0.59043678643495 0.331445835092164 -0.735885820360554 0.779133674786446 0.00379569467435542 0.626846226701714 0.117037167188889 0.78892593046301 0.0640189942284719 0.436696659233462 0.251647415389569 -0.075763920473949
3.7992262432229 15.0173185644861 17.2380392564485 0.32217506274593 0.849591657998013 -0.417608817437256 0.791605828932323 0.00016087889054982 0.611031971700528 0.222411194819872 0.613235236980953 0.490130290755065 0.500534842314783 -0.0742385479989475 0.109255848484768
4.16767701729821 14.9634407098022 17.2937125217807 -0.0615067004162325 0.993056256860609 0.100279995515609 0.724447336916145 -0.024694753066924 0.688887586236863 -0.316949612427289 0.384935643446105 -0.202565926033226 0.47268942837515 -0.260901191737416 -0.131707239357286
4.65301900042867 15.0171891266716 17.4554808709175 -0.462243947634118 0.812829791469645 0.354454714366051 0.687151031768 0.0756812007467954 0.722561897855417 -0.462933262519398 0.182618623952424 0.683553603748782 0.20833437512788 0.295963209506657 0.183430907219482
4.83188474571066 15.3737396162073 17.6082134917762 -0.647209630037416 0.159007438126353 0.745544238250269 0.760648825512006 0.0701357346385201 0.645363636948243 -0.833602561775091 0.832921539274645 -0.0635908963536486 0.261486536642705 -0.177173188408671 0.000879106081358757
5.21598401975585 15.5190869042949 17.8820851348819 -0.788813648069418 -0.160319250507527 0.593355419034179 0.588475585166135 0.0816341204404359 0.80438314078133 -0.477702728047082 -0.365237677512737 0.232776605667186 0.252616691607129 0.163495153287028 -0.452761704646269
5.33465634954667 15.8007495362183 18.188208700152 -0.407623598413697 -0.789277381296624 0.459221187715596 0.737367273326106 0.0121399891001201 0.675382859562092 -0.193443014714111 -0.220906330064637 -0.0424765230930124 0.326284836963812 0.0186630751704024 -0.204253500829308
5.39940279121329 15.8846663120831 18.5885260730922 0.159833383965565 -0.986837331836355 -0.0246018545775962 0.613345741716342 0.0797512766118631 0.785777714423394 0.345735822905682 -0.104772863544974 0.147291724610566 0.204562633905012 -0.0358877892788069 0.265312460590144
5.47753753146064 15.8045685281144 19.0015760000913 0.602491472914687 -0.712246855979146 -0.360150416640692 0.54589258621294 0.0385560640347997 0.83696750084353 0.212642347558285 -0.120194317254808 -0.0140324184393541 0.288571215676453 -0.335200277087543 0.0715691799312994
5.67431953318415 15.6366877325264 19.3775202028171 0.745112876004826 -0.269783441265649 -0.609937355541476 0.642980792095159 0.0476624675411856 0.764397717868798 0.211779998262344 0.116263817966793 -0.208848687629492 0.366120167359863 -0.0689249314615631 -0.00520947062952444
5.9194309832415 15.443005779047 19.7052217986409 0.651260742357624 0.287008080334073 -0.702485365523181 0.733703118794382 -0.00179753275742855 0.679467721248401 -0.0703243675097968 0.417525633644187 0.0668392717941451 0.48457501730339 0.185400053579692 -0.0944238176998547
6.31284108668514 15.208177484503 19.8130048935806 0.427086191815439 0.859004921699574 -0.282325716488077 0.755792102353531 -0.167736564227846 0.632963372163685 0.251163378221357 -0.059294155631952 -0.325281883710041 0.40544166745183 -0.204818766406419 0.144040798686822
6.76767768095078 15.1192388621773 19.9484992252365 0.00586679386642054 0.998356272781062 0.0570106496347129 0.784888960408889 -0.0399228764003195 0.618348904309786 -0.269135515948363 0.424160141259302 -0.519042795614516 0.432830065502672 -0.18959643692924 -0.111800838275192
7.21067612078768 15.2782680486045 20.1867350109364 -0.440975134278685 0.867688112438257 0.229473647875789 0.760595937521686 0.225545408341197 0.608788119985063 -0.0208025295795844 0.129202101230792 0.116458938956857 0.367856739281843 0.274885821317294 -0.269388908975894
7.65096821969543 15.4631101497192 20.3106589912781 -0.723300250003334 0.414642603984714 0.5521848816677 0.671730576782963 0.237155825508227 0.701808400417694 0.243105716114884 0.370383767856448 -0.233589821581201 0.565265756313659 -0.110385712978013 -0.480445594969949
7.9666660423147 15.770345587405 20.5461792199855 -0.68027612272396 -0.292570098784454 0.672032004783054 0.643555738909036 0.200405265370032 0.738697247471801 0.253034628629632 -0.415067239424564 -0.200701416751346 0.286175974186702 -0.281254308008437 0.0271645642777086
8.11708042413277 16.0224742129696 20.9295216877324 -0.266509480646758 -0.926484250276131 0.265705694176489 0.592045995602838 0.0601734053256884 0.803654516574524 -0.36192518421956 -0.326540845575472 0.398971120009653 0.132724891714609 0.0525096110267195 0.305485504977173
