
#id1 id2 FENE BEXC STCK NEXC HB CRSTCK CXSTCK total, t = 100
0 1 0.00612086 0 -1.30135 0 0 0 0 -1.29523
1 2 0.107742 0 -1.01829 0 0 0 0 -0.910549
2 3 0.217998 0 -1.29576 0 0 0 0 -1.07777
3 4 0.116812 0 -1.24118 0 0 0 0 -1.12436
4 5 0.0499523 0 -0.81015 0 0 0 0 -0.760198
5 6 1.79274 0 0 0 0 0 0 1.79274
6 7 1.85757 0 0 0 0 0 0 1.85757
7 8 0.00659387 0 -1.29452 0 0 0 0 -1.28793
8 9 0.00404774 0 -1.2066 0 0 0 0 -1.20255
9 10 0.0521791 0 -1.20604 0 0 0 0 -1.15386
10 11 0.00231064 0 -1.40559 0 0 0 0 -1.40328
11 12 0.0803936 0 -1.12478 0 0 0 0 -1.04439
12 13 0.00565725 0 -1.39102 0 0 0 0 -1.38536
13 14 0.104631 0 -0.833209 0 0 0 0 -0.728578
14 15 0.00763787 0 -1.1929 0 0 0 0 -1.18526
15 16 0.00466452 0 -0.33513 0 0 0 0 -0.330466
16 17 0.19466 0 -0.127861 0 0 0 0 0.0667988
17 18 0.483129 0 -0 0 0 0 0 0.483129
18 19 1.42187 0 0 0 0 0 0 1.42187
19 20 0.0431612 0 -1.36078 0 0 0 0 -1.31762
20 21 0.00476993 0 -1.0428 0 0 0 0 -1.03803
21 22 0.00313928 0 -1.40713 0 0 0 0 -1.40399
22 23 0.0529755 0 -1.2138 0 0 0 0 -1.16082
23 24 0.0340317 0 -1.14295 0 0 0 0 -1.10891
25 26 0.00186512 0 -1.37179 0 0 0 0 -1.36992
26 27 0.0827976 0 -0.763606 0 0 0 0 -0.680808
27 28 0.129408 0 -1.05836 0 0 0 0 -0.928955
28 29 0.0235545 0 -1.40902 0 0 0 0 -1.38547
29 30 0.00163003 0 -1.14245 0 0 0 0 -1.14082
30 31 1.44922 0 0 0 0 0 0 1.44922
31 32 1.55989 0 0 0 0 0 0 1.55989
32 33 0.00662573 0 -1.41213 0 0 0 0 -1.4055
33 34 0.0504696 0 -1.36148 0 0 0 0 -1.31101
34 35 0.602008 0 -0.331836 0 0 0 0 0.270172
35 36 0.0530628 0 -1.03856 0 0 0 0 -0.985501
36 37 1.43972 0 0 0 0 0 0 1.43972
37 38 1.3158 0 0 0 0 0 0 1.3158
38 39 0.000467489 0 -0.571938 0 0 0 0 -0.57147
39 40 0.0743626 0 -1.21451 0 0 0 0 -1.14015
40 41 0.6066 0 -0.853785 0 0 0 0 -0.247185
41 42 0.100166 0 -1.35583 0 0 0 0 -1.25567
42 43 0.00547894 0 -1.3041 0 0 0 0 -1.29862
43 44 0.0798082 0 -1.26898 0 0 0 0 -1.18917
44 45 0.471103 0 -1.34658 0 0 0 0 -0.875478
45 46 0.598062 0 -1.05609 0 0 0 0 -0.458031
46 47 0.01911 0 -1.42506 0 0 0 0 -1.40595
47 48 0.0167948 0 -1.09212 0 0 0 0 -1.07532
48 49 0.000382284 0 -1.34673 0 0 0 0 -1.34635
#Total energy per particle is  -0.586673 and should be -0.58667310

