t = 0
b =  30.0 30.0 30.0
E = 0. 0. 0.
-0.215689504893 16.1729595595 12.0176417089 0.951972226557 -0.305552642113 -0.0196586561431 0.251900771961 0.745082253875 0.617574640061 0.0 0.0 0.0 0.0 0.0 0.0
-0.0702432507642 16.2199554613 12.5327357532 0.873197743158 0.100129832557 -0.476969305067 0.251900771961 0.745082253875 0.617574640061 0.0 0.0 0.0 0.0 0.0 0.0
0.274248456392 16.2897759615 12.9391046294 0.462680838045 0.467771309757 -0.753071340495 0.251900771961 0.745082253875 0.617574640061 0.0 0.0 0.0 0.0 0.0 0.0
0.724208275139 16.4662249465 13.1738108699 -0.123616253052 0.657698645661 -0.743068982987 0.251900771961 0.745082253875 0.617574640061 0.0 0.0 0.0 0.0 0.0 0.0
1.14598976511 16.7925963586 13.2391345123 -0.662949462861 0.597755269944 -0.450762295392 0.251900771961 0.745082253875 0.617574640061 0.0 0.0 0.0 0.0 0.0 0.0
1.41665190417 17.2552261032 13.2017068753 -0.950417087805 0.31071467324 0.0127965245668 0.251900771961 0.745082253875 0.617574640061 0.0 0.0 0.0 0.0 0.0 0.0
1.47066643815 17.7886832673 13.1671962065 -0.876805370966 -0.0943716227004 0.471493730896 0.251900771961 0.745082253875 0.617574640061 0.0 0.0 0.0 0.0 0.0 0.0
1.32481316024 18.3006284171 13.2401625484 -0.470080634293 -0.463604561367 0.751062585903 0.251900771961 0.745082253875 0.617574640061 0.0 0.0 0.0 0.0 0.0 0.0
1.07180498695 18.7068948925 13.4843336305 0.115235594678 -0.656706376116 0.745290207428 0.251900771961 0.745082253875 0.617574640061 0.0 0.0 0.0 0.0 0.0 0.0
0.845064771085 18.9634651288 13.8983936388 0.656771894594 -0.600314459033 0.456369618564 0.251900771961 0.745082253875 0.617574640061 0.0 0.0 0.0 0.0 0.0 0.0
0.768035729263 19.0831936653 14.4164831159 0.948789571113 -0.315853042241 -0.00593341848557 0.251900771961 0.745082253875 0.617574640061 0.0 0.0 0.0 0.0 0.0 0.0
0.907283300029 19.1309234909 14.9332200702 0.880346226651 0.0886062260798 -0.465982250651 0.251900771961 0.745082253875 0.617574640061 0.0 0.0 0.0 0.0 0.0 0.0
1.24720582086 19.1988511085 15.3437363558 0.47744463208 0.459402507695 -0.748996634987 0.251900771961 0.745082253875 0.617574640061 0.0 0.0 0.0 0.0 0.0 0.0
1.6959618606 19.3714995422 15.5835188348 -0.106846160667 0.655664095837 -0.747454675135 0.251900771961 0.745082253875 0.617574640061 0.0 0.0 0.0 0.0 0.0 0.0
2.12036231465 19.6936066272 15.6529189972 -0.650544310603 0.602827931851 -0.461942187423 0.251900771961 0.745082253875 0.617574640061 0.0 0.0 0.0 0.0 0.0 0.0
2.39647117263 20.1531283582 15.6170194234 -0.947089800421 0.32096735781 -0.000930139448413 0.251900771961 0.745082253875 0.617574640061 0.0 0.0 0.0 0.0 0.0 0.0
2.4566908808 20.6858146085 15.5809078242 -0.883820040562 -0.0828340817521 0.460435284054 0.251900771961 0.745082253875 0.617574640061 0.0 0.0 0.0 0.0 0.0 0.0
2.31544378292 21.1996188273 15.6497524626 -0.48477227061 -0.455165468744 0.746873645077 0.251900771961 0.745082253875 0.617574640061 0.0 0.0 0.0 0.0 0.0 0.0
2.0636928307 21.6096680631 15.8888469718 0.0984485899067 -0.654571884199 0.749562221274 0.251900771961 0.745082253875 0.617574640061 0.0 0.0 0.0 0.0 0.0 0.0
1.83438323764 21.8705076174 16.298804213 0.644267185145 -0.605295496989 0.467479577597 0.251900771961 0.745082253875 0.617574640061 0.0 0.0 0.0 0.0 0.0 0.0
1.75193436971 21.993370044 16.8153234386 0.945317905174 -0.326057230472 0.00779362654868 0.251900771961 0.745082253875 0.617574640061 0.0 0.0 0.0 0.0 0.0 0.0
1.88497074801 22.0419077148 17.3336192216 0.887226548155 0.0770556292883 -0.454853253528 0.251900771961 0.745082253875 0.617574640061 0.0 0.0 0.0 0.0 0.0 0.0
2.22025044588 22.1080102186 17.7482311912 0.492062991855 0.45089376718 -0.744693777848 0.251900771961 0.745082253875 0.617574640061 0.0 0.0 0.0 0.0 0.0 0.0
2.66769591823 22.2768939709 17.9930901906 -0.0900435219056 0.653429824378 -0.751612685348 0.251900771961 0.745082253875 0.617574640061 0.0 0.0 0.0 0.0 0.0 0.0
3.09461596692 22.5947270721 18.0666190548 -0.637940996246 0.607716966531 -0.47298136739 0.251900771961 0.745082253875 0.617574640061 0.0 0.0 0.0 0.0 0.0 0.0
17.2718492779 27.1423983279 17.3482145902 0.765551491407 -0.269732138761 0.584102291833 0.298413407007 0.953175413356 0.0490517063014 0.0 0.0 0.0 0.0 0.0 0.0
17.2748802004 27.5312806516 17.718952306 0.954350723222 -0.298682060767 -0.00192967930081 0.298413407007 0.953175413356 0.0490517063014 0.0 0.0 0.0 0.0 0.0 0.0
17.4954554002 27.8520783903 18.0892501513 0.780576159391 -0.21415767419 -0.587228533005 0.298413407007 0.953175413356 0.0490517063014 0.0 0.0 0.0 0.0 0.0 0.0
17.8939629601 28.1240588803 18.3256892341 0.310247662071 -0.048271206663 -0.949429449083 0.298413407007 0.953175413356 0.0490517063014 0.0 0.0 0.0 0.0 0.0 0.0
18.3631914844 28.3850359472 18.345705844 -0.277949109135 0.135954299327 -0.950926243841 0.298413407007 0.953175413356 0.0490517063014 0.0 0.0 0.0 0.0 0.0 0.0
18.7690615004 28.677003801 18.1489587868 -0.760548366719 0.268528493968 -0.591150259924 0.298413407007 0.953175413356 0.0490517063014 0.0 0.0 0.0 0.0 0.0 0.0
19.0015644924 29.0301827334 17.8174590092 -0.954202584096 0.299084224194 -0.00678640875721 0.298413407007 0.953175413356 0.0490517063014 0.0 0.0 0.0 0.0 0.0 0.0
19.0165569753 29.4515379242 17.4844122695 -0.785339286358 0.216012857227 0.58015571256 0.298413407007 0.953175413356 0.0490517063014 0.0 0.0 0.0 0.0 0.0 0.0
18.8525313431 29.9221332525 17.2836120427 -0.31811246356 0.0508745942566 0.946686978989 0.298413407007 0.953175413356 0.0490517063014 0.0 0.0 0.0 0.0 0.0 0.0
18.6159919649 30.4043254462 17.2986091426 0.2699706027 -0.133591777649 0.953556034338 0.298413407007 0.953175413356 0.0490517063014 0.0 0.0 0.0 0.0 0.0 0.0
18.440992394 30.85606539 17.5309693705 0.755487323328 -0.267304399691 0.598153209635 0.298413407007 0.953175413356 0.0490517063014 0.0 0.0 0.0 0.0 0.0 0.0
18.4382061823 31.2468732874 17.8996786414 0.953981778748 -0.299463611199 0.0155019800039 0.298413407007 0.953175413356 0.0490517063014 0.0 0.0 0.0 0.0 0.0 0.0
18.6528801471 31.5694184453 18.2719215891 0.790042606698 -0.217851590047 -0.57303871101 0.298413407007 0.953175413356 0.0490517063014 0.0 0.0 0.0 0.0 0.0 0.0
19.0476443489 31.8423043263 18.5135403446 0.325953039555 -0.0534741075529 -0.943872415015 0.298413407007 0.953175413356 0.0490517063014 0.0 0.0 0.0 0.0 0.0 0.0
19.5167095563 32.1030007829 18.5400033534 -0.26197153696 0.13121908244 -0.956113207851 0.298413407007 0.953175413356 0.0490517063014 0.0 0.0 0.0 0.0 0.0 0.0
19.9260583436 32.3936086334 18.3485203264 -0.750368746652 0.266059949149 -0.605110607663 0.298413407007 0.953175413356 0.0490517063014 0.0 0.0 0.0 0.0 0.0 0.0
20.1643605516 32.7448648577 18.0191023173 -0.953688323995 0.29982019289 -0.0242163707149 0.298413407007 0.953175413356 0.0490517063014 0.0 0.0 0.0 0.0 0.0 0.0
20.185269476 33.1644651044 17.6841641858 -0.794685762234 0.219673732626 0.565878070344 0.298413407007 0.953175413356 0.0490517063014 0.0 0.0 0.0 0.0 0.0 0.0
20.025029756 33.6341399854 17.4782179782 -0.333768792963 0.0560695485888 0.940985971503 0.298413407007 0.953175413356 0.0490517063014 0.0 0.0 0.0 0.0 0.0 0.0
19.7887074291 34.1165959217 17.4867695524 0.253952521072 -0.12883639439 0.958597569641 0.298413407007 0.953175413356 0.0490517063014 0.0 0.0 0.0 0.0 0.0 0.0
19.6102735874 34.5696835979 17.7138334728 0.745193026491 -0.264795237111 0.612021924176 0.298413407007 0.953175413356 0.0490517063014 0.0 0.0 0.0 0.0 0.0 0.0
19.6017065195 34.9624111915 18.08040781 0.953322242184 -0.300153942113 0.0329289172554 0.298413407007 0.953175413356 0.0490517063014 0.0 0.0 0.0 0.0 0.0 0.0
19.8104492867 35.2867186845 18.454488295 0.799268399373 -0.2214791462 -0.558674335873 0.298413407007 0.953175413356 0.0490517063014 0.0 0.0 0.0 0.0 0.0 0.0
20.2013853107 35.5605399991 18.7012189475 0.341559128585 -0.0586607197115 -0.938027868266 0.298413407007 0.953175413356 0.0490517063014 0.0 0.0 0.0 0.0 0.0 0.0
20.6701797488 35.8209896009 18.734126118 -0.245914165716 0.12644389495 -0.961008930515 0.298413407007 0.953175413356 0.0490517063014 0.0 0.0 0.0 0.0 0.0 0.0
