
#id1 id2 FENE BEXC STCK NEXC HB CRSTCK CXSTCK total, t = 100
0 1 0.00660363 0 -1.36647 0 0 0 0 -1.35987
1 2 0.265621 0 -0.943835 0 0 0 0 -0.678213
2 3 0.0719147 0 -1.15166 0 0 0 0 -1.07975
3 4 0.152851 0 -0.803953 0 0 0 0 -0.651102
4 5 0.149395 0 -1.35677 0 0 0 0 -1.20737
5 6 0.0517767 0 -1.12648 0 0 0 0 -1.0747
6 7 0.0930894 0 -1.34218 0 0 0 0 -1.24909
7 8 0.177722 0 -1.12856 0 0 0 0 -0.950835
8 9 0.0957192 0 -1.41732 0 0 0 0 -1.3216
9 10 0.00472292 0 -1.08156 0 0 0 0 -1.07684
10 11 0.190846 0 -0.412824 0 0 0 0 -0.221978
11 12 0.521363 0 0 0 0 0 0 0.521363
12 13 0.00149756 0 -0.171794 0 0 0 0 -0.170296
13 14 0.93108 0 -0 0 0 0 0 0.93108
13 15 0 0 0 0 0 -0 -1.64922e-14 -1.64922e-14
14 15 0.0436138 0 -1.35068 0 0 0 0 -1.30707
15 16 0.0469265 0 -1.0968 0 0 0 0 -1.04987
16 17 0.0309354 0 -1.15429 0 0 0 0 -1.12335
17 18 1.39474 0 0 0 0 0 0 1.39474
17 19 0 0 0 0 0 0 -0.118153 -0.118153
18 19 1.72001 0 0 0 0 0 0 1.72001
19 20 0.000643757 0 -1.26829 0 0 0 0 -1.26765
20 21 0.0453732 0 -1.36802 0 0 0 0 -1.32265
21 22 0.510044 0 -1.23888 0 0 0 0 -0.728834
22 23 0.287594 0 -1.31139 0 0 0 0 -1.02379
23 24 0.0142693 0 -1.35411 0 0 0 0 -1.33984
25 26 0.0563264 0 -1.19002 0 0 0 0 -1.13369
26 27 0.021829 0 -1.02498 0 0 0 0 -1.00315
27 28 0.320134 0 -1.30245 0 0 0 0 -0.982316
28 29 0.187866 0 -1.18513 0 0 0 0 -0.997264
29 30 0.310239 0 -0.298144 0 0 0 0 0.0120945
30 31 1.07083 0 -0 0 0 0 0 1.07083
31 32 0.604185 0 -0.0037369 0 0 0 0 0.600448
32 33 0.0357771 0 -0.892052 0 0 0 0 -0.856275
33 34 0.0491054 0 -1.42866 0 0 0 0 -1.37956
34 35 0.203319 0 -1.29888 0 0 0 0 -1.09557
35 36 0.373307 0 -1.33577 0 0 0 0 -0.962463
36 37 0.127162 0 -1.43393 0 0 0 0 -1.30677
37 38 0.231968 0 -1.21075 0 0 0 0 -0.978783
38 39 0.436554 0 -1.40814 0 0 0 0 -0.971585
39 40 0.0130396 0 -1.3449 0 0 0 0 -1.33186
40 41 0.00217618 0 -1.07222 0 0 0 0 -1.07004
41 42 0.0861783 0 -1.34357 0 0 0 0 -1.25739
42 43 1.97026 0 0 0 0 0 0 1.97026
42 44 0 0 0 0 -0 -0 -0.0564554 -0.0564554
43 44 1.92641 0 0 0 0 0 0 1.92641
44 45 0.144971 0 -1.30075 0 0 0 0 -1.15578
45 46 0.153684 0 -1.32334 0 0 0 0 -1.16965
46 47 0.0391718 0 -0.830397 0 0 0 0 -0.791225
47 48 0.0387468 0 -1.28538 0 0 0 0 -1.24664
48 49 0.00253937 0 -1.25217 0 0 0 0 -1.24963
#Total energy per particle is  -0.623434 and should be -0.62343410

