t = 100
b = 30 30 30
E = -0.419522867967209 -0.623434217642057 0.203911349674848
0.0358941426000736 15.9196286258187 11.9794348356237 0.880777771145723 -0.431199315175392 0.195697616396925 0.20453936429038 0.719170733150074 0.664045921799446 0.38583524106252 -0.23333817601036 -0.388389474647083 0.15691099082294 -0.337859126804512 -0.670309189150401
0.132001039484817 16.0095957346298 12.4317410427107 0.864892155644215 0.272120253947124 -0.421796168897588 0.0978125843885038 0.7328284870683 0.673346112873494 0.284397600377843 -0.516521265195713 0.298976080739024 0.294287374149958 -0.147248953259557 0.141503844664793
0.343005639249397 16.2460693139341 12.7581343866282 0.368393720958735 0.532716694169432 -0.761904765981728 0.459822512632917 0.607868389988587 0.64734779330318 0.463323790399942 -0.322926376573226 -0.595608301833441 -0.0467882233407252 0.325044714711344 0.140581592438016
0.657438420519012 16.5468890088561 13.0217557386875 -0.200861065935945 0.521680267997538 -0.829158857593742 0.303741759947624 0.83786080712724 0.453574792875318 -0.138727964963036 -0.376502671787365 -0.866430135160036 0.551411254200995 0.163978639179012 -0.387445695480406
1.07631394897089 16.8006284788927 12.9767924917721 -0.629600037433438 0.662746699823456 -0.405426301009212 0.307978659407229 0.691988599230806 0.652917149932233 -0.0464654058688715 0.279640289706138 -0.284496418315784 0.550493162916254 -0.363821286659827 0.0828902436754741
1.32388527855364 17.2075857985298 13.1087075100004 -0.93987694759643 0.328914291417098 0.0919053500138068 0.311481169527986 0.715252065050973 0.625614773867531 -0.712932336114766 0.0610728786169685 0.274749596814268 0.23380760744816 0.0751838579735163 0.288820767149751
1.32512464904455 17.7009604344506 13.2699798467818 -0.872337592480809 -0.176867719077674 0.455790319928723 0.0857190355616444 0.862498428677041 0.498747024105088 -0.560726410634446 -0.322377253434692 0.35874073701701 0.428485244581321 0.322822202751976 0.0496826577342018
1.11077840389567 18.0854380240577 13.3270952363064 -0.216495719446151 -0.383117355100644 0.89797025660191 0.144733676481736 0.897025601201846 0.417608811854789 0.139849762032935 -0.549333664990163 0.229982642797929 0.566141715613743 -0.267760446765029 0.688514845636567
1.07283806268732 18.5118055894423 13.6595322934553 0.0805552910188096 -0.595937128748423 0.798980390751401 0.19487428418376 0.795532469750065 0.573717686691235 0.0633887756894417 0.161832457642871 0.22589829177908 0.344538375594066 -0.12625351245446 -0.224518647018685
0.928184163427205 18.8095493822778 14.0076135989204 0.677527873437089 -0.56510769328907 0.470753817321337 0.157157624561053 0.736499013423795 0.657928997803514 0.512600367972728 -0.0608588060703668 0.379966067361103 0.104014781356143 -0.0314667671462396 0.270243409360999
0.935777546239242 19.0792940053539 14.5180818913437 0.952143262267844 -0.304551739173981 -0.0259099814430338 0.249492182367377 0.725431564843745 0.641484665888632 0.497112991848448 -0.405605740980846 0.481861290890895 0.138361915564863 0.048089895982822 -0.0991790673786993
1.34004106416481 19.378350754313 15.0174621637568 0.833130037715446 0.0392164214932211 -0.551684958585564 0.312870953580289 0.789123835794277 0.528578489367308 1.46369268860209 0.575677224127541 0.0379306385781098 0.0991181532740952 0.632228673366968 0.451841123239769
2.1600467108986 19.8581050156998 15.006449130838 0.720657076371179 0.33739099794719 -0.605657150677638 0.315450398633478 0.618354736123546 0.719811329044117 2.96302927352944 2.25641574773102 -1.65195885284839 0.434040224337413 -0.319731812821639 -1.03835229865145
2.30313588628245 19.8245648140323 15.6529942215367 0.149481577006344 0.819052917289179 -0.55390203234354 0.352088745393673 0.479383633511271 0.803881041514302 2.31831590364065 2.03821482911576 0.471814271662818 0.149016722502225 -1.25375601080984 -0.519546536390205
2.28793977860832 19.8642729117119 15.8363053745853 -0.717036920943548 0.53993090562249 -0.440831660264507 0.326655339795569 0.81898225549177 0.471767144158019 0.76780689476566 0.0368381243227354 0.482589139341196 0.147386720197511 0.207638411620559 0.0875462465830095
2.47642710646296 20.3237798748539 15.8467688782992 -0.985086637159598 0.1670177357914 0.0413433918763593 0.162182162158635 0.821097174272015 0.547262513124028 0.79513682216842 1.06970625265102 0.297836526127324 0.545999092873357 -0.245676030282849 0.0300679932925866
2.5581175148002 20.8610042176601 15.8221694589316 -0.847074826852444 -0.154105753671787 0.508640871546022 0.118168230278702 0.878472527888704 0.462949429994464 0.494170340807298 0.48425494249335 0.886761055896994 0.422385329248063 -0.661039537804872 0.199060852558915
2.51120475195719 21.3470819151629 15.9000753048409 -0.203066248044858 -0.534966882816105 0.820106349331278 0.298614767584715 0.763822747195029 0.572192198724425 0.0636539010343188 1.14588688543203 1.13918417752596 0.178298812361265 -0.219824688640144 0.603640992315856
3.7254759840365 22.1219259105358 16.1936546428882 -0.0648113618962369 -0.841418697438799 0.536482939683288 0.318377400126821 0.492081301107343 0.810241757307005 6.18312295419877 2.19674467307679 0.980008582372428 -0.0955946542794775 0.617121704439546 0.0408599324232675
2.01405321451252 21.6191494059052 16.258441717049 0.514707908839116 -0.594645422682985 0.617634580278371 0.0237911040318567 0.730015151583597 0.683016652719776 0.770454911958787 -0.643377236199952 -0.616220545424785 0.377002561482631 -0.202989943910761 -0.55107017841216
1.92501975993232 21.8788071802054 16.7131667583688 0.919857949380905 -0.38843201187338 0.0546059212567651 0.237449092504124 0.662219895741645 0.710691649585176 0.555583213391528 0.0465039326900804 -0.188984217888929 0.217512764731007 -0.43461708615479 -0.249591556363316
2.01748454846761 22.0034553402756 17.1936719510635 0.877247241074817 0.143478415168025 -0.458095081284009 0.245611612920302 0.685764087189966 0.685129501537794 0.0203750591629554 -0.298239814372703 -0.275092170411074 0.490233032067769 -0.1134612151382 -0.128024630536807
2.2396090924478 22.1584569575331 17.5615251469178 0.489159956850091 0.626909055218759 -0.606388863879555 0.238990060939215 0.572295523494414 0.78444978613457 -0.419998874600274 -0.0312017820358369 -0.0868118075761079 0.352988068091337 -0.316173115999447 0.272461772986155
2.52123103252571 22.2925165751936 17.9331155624606 -0.0548083817431051 0.789657172879927 -0.611095304706488 0.322712991142766 0.593178086791586 0.737560820494827 -0.0131116758109296 -0.0836334837969184 0.0637399454869627 0.00687609957058997 -0.429683774130157 -0.00123917802185108
2.85432047579065 22.6489636750761 18.1300957340145 -0.668518002831622 0.632700758543463 -0.39086226647416 0.266773960152196 0.69460550739136 0.66809784030622 -0.0757758164887863 0.359502476346779 -0.122794190985296 -0.0638652272576403 0.114318576826941 0.375202964270017
17.2610180159317 27.0434867620966 17.5806802513794 0.677931656448424 -0.17064772720685 0.715043989278768 0.198609753660108 0.979028947698056 0.0453471774542678 -0.122141867494829 -1.16540198846061 0.204543231326548 0.169808148208941 0.38498288670005 -0.264410866128817
17.2669438120508 27.4096701162403 17.9028876519768 0.945534337423329 -0.205256722871467 -0.252654671431809 0.269523737407807 0.928880735406745 0.2540421622988 -0.125590606645936 -0.348567541563328 0.400181675139405 0.0886084742999709 -0.0991644421319135 0.22949274858842
17.5979818328591 27.8444694190567 18.0492508448078 0.701512592085424 -0.34854517057684 -0.62160777683239 0.497985428603461 0.863696342625278 0.077711158616933 -0.0869424607437773 -0.0595954828832679 -0.0368221725904369 0.4603259241455 0.183037744438954 -0.0841289397488667
17.950919041323 28.053786890157 18.2328214755639 0.267746783234181 -0.00215455060393844 -0.963486844305526 0.328923287138929 0.940124599845907 0.0893033535872005 -0.169165957238882 -0.411234727600259 0.327596713139104 0.578218080057345 -0.21283797967767 0.0505064198740527
18.303530781872 28.3662693931414 18.3607918082454 -0.285256627872043 0.0874826449212128 -0.954450273136354 0.337160723269199 0.941335574753453 -0.0144866690008425 -0.35679658614276 0.164980079104968 0.342397555321923 0.00741489082846934 -0.0185685098124887 0.236427018261363
18.3293103441727 28.7937948798306 18.2369021871604 -0.925839131728758 0.10052601272821 -0.364302499910158 0.1755494648143 0.968057818826342 -0.179014879445661 -1.41290101977056 1.10474521309825 0.0361697323124347 0.215496828623516 0.722876217907611 1.23106212335778
17.8785793087579 28.8313028939328 17.3754741724388 -0.829222460376853 0.511147830062571 0.226092665989142 0.532264923048789 0.845613606174757 0.0403925926749274 -3.63382529590921 -1.11621599352149 -1.94885994406942 0.134615345051285 -0.351399817576259 0.578086834310792
18.6276351446087 29.3392679182057 17.4903730262995 -0.839402542024276 0.276143452588861 0.46813251215826 0.242618138400797 0.961112136089249 -0.131908246114918 -0.934611353839121 -0.906332153400744 0.111771844983833 0.160215714309051 -0.447221585746832 -0.313894043375377
18.7275037351049 29.8770537909192 17.4013028337531 -0.499428586189944 -0.0282974633891262 0.86589273291189 0.135762147348571 0.984562146310653 0.110480325847316 -0.579956388566567 -0.114250198508471 0.307982372082029 0.270459687218513 0.0760525080975378 -0.555169725648723
18.5549943190813 30.3213151446969 17.4160826700625 0.266452211819873 -0.185725087608062 0.945785013341242 0.135581358126315 0.978724975595492 0.153996761137715 -0.619777930315754 -0.0834110605447866 0.671576225234957 0.415155656384457 0.00875022928175943 -0.239710465506917
18.4957071548527 30.7833668394304 17.6204001159491 0.688789777367023 -0.30937163753136 0.655635351410643 0.286918662414851 0.946861654771268 0.145363576902348 0.34371234263861 0.0953060384911644 -0.209143922116956 0.447051147390611 -0.0544053941746752 0.0412264539814361
18.5508294710554 31.2022626110308 17.8441562313265 0.941104312909864 -0.314539796897686 0.124045437672777 0.313819773807015 0.949131453898606 0.025816925523674 0.235851966640319 -0.273916402596599 -0.0787695985527856 0.188918605311891 -0.00280025116073677 -0.296952322244022
18.7469776029492 31.5609872301619 18.082018513322 0.782557543102191 -0.246602395521825 -0.571656217537111 0.282795555601251 0.9588143370318 -0.0264881526516642 0.438903039713349 0.156447494714167 -0.71130855122827 0.343613578275581 0.236898580547775 0.0640986942381066
19.0803080831376 31.8389950269192 18.2663727090333 0.346636344211706 -0.0593323496319882 -0.936121144944128 0.494704674656983 0.859477166333433 0.128709644236485 0.0744900269050166 0.139742214634019 -0.104269280896097 0.553940581724982 0.187651010294725 -0.011222079391966
19.4532591405909 32.0717034680572 18.3393155784283 -0.145951017176995 0.186367108628159 -0.97157886107863 0.547880488726374 0.832961292692486 0.077474792025723 0.0464327444512377 -0.221300497985797 -0.450691585523917 0.506463549039557 0.375866525160796 0.139350515593065
19.8791613239951 32.3790682262687 18.202912041269 -0.766880529014284 0.332822032515771 -0.548747328167791 0.436819731747587 0.897098005647105 -0.0663594374044342 -0.546282337109141 -0.228948863055861 -0.559866271094 0.16600428319846 -0.53430722702772 -0.237540210676049
20.1057906872691 32.8730606193024 17.9949944730133 -0.976763221099782 0.212084306829021 0.0308826474570787 0.213645913599996 0.974952947300038 0.0618227706420033 -0.109260828544673 0.334907251961639 -0.101156553104284 0.446836416857462 0.0782928058190044 0.22947338120502
20.0502402117371 33.3370473337189 17.8446804954046 -0.720683141130605 0.0792725101727841 0.688717332025349 0.150990604147673 0.987540620877035 0.0443310422836785 -0.469980141916426 0.682203124018131 0.446017435279097 0.247566719361737 0.214691948586456 0.688655529587036
17.9244149343515 32.1668616758727 17.390755304943 -0.34382420082808 0.129591934768691 0.930048778452417 0.158883964099337 0.984179651643737 -0.0783976004252819 -7.7805123657058 -5.62928992491234 -0.558798303913583 0.402166903677507 -0.0709297981087736 -0.159130270198041
19.698683756261 33.949127155619 17.5162351432967 0.0122948593649202 -0.169911076766485 0.98538264086228 0.122854086073323 0.97824758675219 0.167147893132975 -0.0431113902456771 -0.785409152483024 -0.134799717324615 0.402778111998738 -0.277220684768875 -0.705320933134155
19.5991489770901 34.3294739566595 17.7256053473953 0.708468701036145 -0.268705092353347 0.652586817308701 0.202854422318132 0.963193815600324 0.176373582876541 -0.310666870327093 -0.940308661008712 -0.000663622298088459 0.48805280485096 0.38649298217896 -0.0254779954584429
19.6571685828741 34.7517764757393 17.9658105550448 0.933417897522647 -0.352167159605256 0.0686236201859559 0.322115944237359 0.906775157671068 0.272029444413073 -0.0393256474527591 -0.642293487405722 0.154545915433859 0.432467774381229 0.178154965955231 -0.238440623777675
19.7662300302922 35.2045654223166 18.3220136882261 0.861661566448008 -0.177730382362495 -0.475343179086351 0.284616597727391 0.944734999557759 0.162693130263068 -0.437025280271259 0.563486521820563 -0.180026637292882 0.550472627603224 -0.357941069070065 0.00426087613086085
20.0640760534422 35.5766349760348 18.564855255909 0.43830686659715 -0.068958390826045 -0.896176161867763 0.426155840431075 0.893805777498511 0.13965069178494 -0.235062884854055 0.062645282023214 -0.270253439331229 0.0877584126531872 -0.482471695910305 -0.348075730939656
20.4580276664634 35.8329604685567 18.6631976302406 -0.363026495748883 0.17114842571582 -0.915925686201668 0.24680000124922 0.965539665710858 0.0826002090977131 -0.0668102176982976 -0.151158797985069 -0.338587413515123 0.0424365238026384 0.138494809180914 0.405642313326708
