
#id1 id2 FENE BEXC STCK NEXC HB CRSTCK CXSTCK total, t = 100
0 1 0.635987 0 -1.19653 0 0 0 0 -0.560539
1 2 0.0772793 0 -1.18435 0 0 0 0 -1.10707
2 3 0.109704 0 -1.28868 0 0 0 0 -1.17898
3 4 0.639316 0 -1.33481 0 0 0 0 -0.695491
4 5 0.0603239 0 -1.23495 0 0 0 0 -1.17462
5 6 0.112799 0 -1.24623 0 0 0 0 -1.13343
6 7 0.0337753 0 -1.29536 0 0 0 0 -1.26158
7 8 0.0846003 0 -1.31972 0 0 0 0 -1.23512
8 9 0.199153 0 -1.36191 0 0 0 0 -1.16276
9 10 0.237369 0 -1.20219 0 0 0 0 -0.964821
10 11 0.154423 0 -1.3699 0 0 0 0 -1.21548
11 12 0.0931027 0 -1.18989 0 0 0 0 -1.09679
12 13 0.0428381 0 -1.26458 0 0 0 0 -1.22174
13 14 0.0288028 0 -1.31259 0 0 0 0 -1.28379
14 15 0.0331285 0 -1.12979 0 0 0 0 -1.09666
15 16 0.112349 0 -1.28863 0 0 0 0 -1.17628
16 17 0.0078541 0 -0.955231 0 0 0 0 -0.947377
17 18 1.76615 0 0 0 0 0 0 1.76615
18 19 1.65743 0 0 0 0 0 0 1.65743
19 20 0.00361372 0 -0.613155 0 0 0 0 -0.609541
20 21 0.307922 0 -1.1978 0 0 0 0 -0.889878
21 22 0.0618165 0 -1.22828 0 0 0 0 -1.16646
22 23 0.074074 0 -1.37883 0 0 0 0 -1.30475
23 24 0.0535785 0 -0.772221 0 0 0 0 -0.718642
25 26 0.0602057 0 -1.17677 0 0 0 0 -1.11657
26 27 0.0857964 0 -1.11963 0 0 0 0 -1.03384
27 28 0.0216671 0 -1.36931 0 0 0 0 -1.34764
28 29 0.076889 0 -1.14927 0 0 0 0 -1.07239
29 30 0.122328 0 -0.678951 0 0 0 0 -0.556622
30 31 1.77178 0 0 0 0 0 0 1.77178
31 32 1.67076 0 0 0 0 0 0 1.67076
32 33 3.5655e-05 0 -1.25946 0 0 0 0 -1.25942
33 34 0.418429 0 -0.467553 0 0 0 0 -0.049124
34 35 0.000123984 0 -1.20536 0 0 0 0 -1.20524
35 36 0.0972247 0 -1.01243 0 0 0 0 -0.915207
36 37 0.0853721 0 -0.976769 0 0 0 0 -0.891397
37 38 0.00616842 0 -1.25742 0 0 0 0 -1.25125
38 39 0.0138356 0 -1.33067 0 0 0 0 -1.31683
39 40 0.0263716 0 -1.28402 0 0 0 0 -1.25765
40 41 0.419014 0 -1.27576 0 0 0 0 -0.856743
41 42 0.108801 0 -1.21033 0 0 0 0 -1.10153
42 43 0.0281198 0 -1.34399 0 0 0 0 -1.31587
43 44 0.0663584 0 -1.14595 0 0 0 0 -1.07959
44 45 0.00801403 0 -1.30224 0 0 0 0 -1.29423
45 46 0.569699 0 -1.11589 0 0 0 0 -0.546193
46 47 0.0670367 0 -0.841015 0 0 0 0 -0.773978
47 48 0.324284 0 -1.32638 0 0 0 0 -1.00209
48 49 0.0061399 0 -0.767873 0 0 0 0 -0.761733
#Total energy per particle is  -0.766817 and should be -0.76681710

