
#id1 id2 FENE BEXC STCK NEXC HB CRSTCK CXSTCK total, t = 100
0 1 2.1303 0 0 0 0 0 0 2.1303
1 2 0.00822222 0 -1.30273 0 0 0 0 -1.2945
2 3 0.150894 0 -1.34384 0 0 0 0 -1.19294
3 4 0.127225 0 -1.10486 0 0 0 0 -0.97763
4 5 0.131894 0 -1.35786 0 0 0 0 -1.22596
5 6 0.371835 0 -1.22598 0 0 0 0 -0.854142
6 7 0.0731545 0 -1.29216 0 0 0 0 -1.219
7 8 0.00301591 0 -1.22601 0 0 0 0 -1.22299
8 9 0.148534 0 -1.1707 0 0 0 0 -1.02217
9 10 0.0470362 0 -1.05213 0 0 0 0 -1.00509
10 11 0.154583 0 -0.925414 0 0 0 0 -0.770831
11 12 0.114471 0 -1.10889 0 0 0 0 -0.994416
12 13 0.18998 0 -1.02471 0 0 0 0 -0.834726
13 14 0.407591 0 -1.11802 0 0 0 0 -0.710431
14 15 0.0793815 0 -1.15272 0 0 0 0 -1.07334
15 16 0.178551 0 -1.14448 0 0 0 0 -0.965928
16 17 0.0677965 0 -0.554767 0 0 0 0 -0.48697
17 18 1.97193 0 0 0 0 0 0 1.97193
18 19 2.05681 0 0 0 0 0 0 2.05681
19 20 0.0265457 0 -0.966918 0 0 0 0 -0.940372
20 21 0.0757947 0 -1.39654 0 0 0 0 -1.32075
21 22 0.0138298 0 -1.06251 0 0 0 0 -1.04868
22 23 0.00964758 0 -0.997396 0 0 0 0 -0.987748
23 24 0.00134931 0 -1.13456 0 0 0 0 -1.13321
25 26 0.0590794 0 -1.29188 0 0 0 0 -1.2328
26 27 0.121806 0 -1.05543 0 0 0 0 -0.933624
27 28 0.0642058 0 -1.31084 0 0 0 0 -1.24664
28 29 0.00771752 0 -1.3459 0 0 0 0 -1.33818
29 30 0.0346647 0 -1.2249 0 0 0 0 -1.19024
30 31 1.99867 0 0 0 0 0 0 1.99867
31 32 1.72732 0 0 0 0 0 0 1.72732
32 33 0.0442905 0 -0.934137 0 0 0 0 -0.889847
33 34 0.131552 0 -1.20738 0 0 0 0 -1.07583
34 35 0.18249 0 -1.27436 0 0 0 0 -1.09187
35 36 0.289962 0 -1.16375 0 0 0 0 -0.873784
36 37 0.0981572 0 -1.23323 0 0 0 0 -1.13507
37 38 0.242774 0 -1.24343 0 0 0 0 -1.00065
38 39 0.131594 0 -0.515671 0 0 0 0 -0.384077
39 40 0.0842702 0 -1.3754 0 0 0 0 -1.29113
40 41 0.18346 0 -1.35852 0 0 0 0 -1.17506
41 42 0.0637307 0 -0.0570786 0 0 0 0 0.00665214
42 43 1.77537 0 0 0 0 0 0 1.77537
43 44 1.94394 0 0 0 0 0 0 1.94394
44 45 0.00543421 0 -0.855845 0 0 0 0 -0.850411
45 46 0.0313296 0 -1.34231 0 0 0 0 -1.31098
46 47 0.148711 0 -1.34903 0 0 0 0 -1.20032
47 48 0.249738 0 -1.29211 0 0 0 0 -1.04237
48 49 0.136563 0 -1.3074 0 0 0 0 -1.17084
#Total energy per particle is  -0.562091 and should be -0.56209110

