t = 100
b = 30 30 30
E = -0.358045664354994 -0.562091108646661 0.204045444291667
15.0621294888654 23.8095656326976 6.68353946298015 -0.654830788787816 0.313473166082459 0.687699859100261 0.612748971853601 0.752861905799971 0.240286348254162 5.10058358975655 -6.01359455198654 7.75260546645789 0.042545177134391 -0.0549009423220884 -0.293521790916131
13.7589754611294 25.7035881477366 4.88212519111936 -0.370553445889193 -0.0467307541001413 0.927634771627957 0.60415941071612 0.746447049256227 0.27894101508172 -0.0249702792218974 -0.449211506272103 0.430567450166051 0.14037476277776 -0.215695630217587 -0.77491026554302
13.8108051489975 26.191848910434 5.00838470180151 0.308854450060072 -0.509384784557129 0.80320355508291 0.519174262407043 0.797870927503182 0.306365712678942 -0.297725330547303 -0.194018796053965 0.29070416177045 0.157140942857382 -0.277259621296921 -0.283707420294321
13.8928624454812 26.5976818550055 5.2659170183099 0.678806618104031 -0.668793125155249 0.3032114967649 0.553670382315861 0.737383200247549 0.386930233723274 0.293036626130493 -0.105334811558476 0.0875492967538899 0.37397681080576 -0.246643084370963 -0.00379427400600873
14.1493059343302 26.8876038693666 5.62339779301247 0.812681147167413 -0.507960223938879 -0.285526959718363 0.577473350402298 0.636532836606541 0.511224378530337 0.327990277957557 -0.406122525495033 -0.185711481751322 0.403781713886313 0.0722313582435193 -0.115313380162574
14.4843132739645 27.0435967997426 5.96640042064221 0.645183493436342 -0.140686995353682 -0.75096292180701 0.651362043790758 0.615013010770026 0.44439438555913 0.110307386287011 -0.312593360435063 -0.246899290119787 0.425104477663168 -0.193297156850415 -0.123471375771965
14.8584412662986 27.2315967259486 6.23337328315282 0.321606578346853 0.194988158158636 -0.926579035820268 0.539239273500605 0.766660766492029 0.348499865446433 0.232289979559012 0.172935044076165 -0.16070163467132 0.343875428556847 0.015090750192377 -0.202405304006315
15.2991587882967 27.4589784492391 6.37617412260625 -0.201239173314357 0.338660684189933 -0.919136346571033 0.580372224749126 0.797120408237362 0.166634379698007 -0.405579716698571 0.418834220434642 -0.324075164837709 0.400477651942652 0.180080350880976 -0.49680881336176
15.7718810247885 27.5936920648397 6.27493332068153 -0.636846253992952 0.717764430007256 -0.281497695519702 0.713728607122994 0.686927547725467 0.136828011379001 -0.0296779379388053 0.494130409136049 0.0375664715932665 0.541779649666449 0.0455982552783836 0.104839998595439
16.1307910891916 27.8496508539833 6.11728982975028 -0.741115014587643 0.562928590510574 0.365868580728033 0.614801485249722 0.78799330551499 0.0329480302778945 -0.368609062194734 0.174631018549337 0.168591080684337 0.28421321157235 -0.396309306352791 -0.0905678626085707
16.3713669085569 28.3550181259619 6.12000183175908 -0.646073914295325 0.194475709595789 0.738083719238634 0.515439373976863 0.82436518989914 0.233974716854531 -0.103427685131941 -0.148682596987048 0.70201069391624 0.412605921730794 -0.242994189601327 -0.346769674290339
16.4432463851191 28.8008123183409 5.97402652780474 -0.220953216406006 -0.210744703770116 0.952242735273258 0.525999775392958 0.796449568853321 0.29831560843627 0.366499770202843 0.246261934961299 0.0900281818842352 0.643862024274953 -0.0396852655971017 -0.0762610468214843
16.3301240729308 29.2243105070878 6.15586789046802 0.323237673891827 -0.483222763029005 0.813641842786658 0.468674262015957 0.828690267465596 0.305968559845481 -0.0714512547350589 -0.453976615129028 0.0858081259588383 0.535823663996859 0.225154842315533 0.0898127641023679
16.3154208287021 29.6001713284192 6.42520638445186 0.651760579497451 -0.661477026874574 0.371020445876561 0.437527372244681 0.727519857426967 0.528473789035433 0.0622065363044416 0.188327609376434 0.182045947752827 0.3905381912232 -0.338578090524863 -0.236544156027376
16.4318037327954 29.8304271234593 6.75158101452259 0.818204743667906 -0.521555580313014 -0.241910427624311 0.573011968476517 0.705464424228034 0.417105637520232 0.265135526961405 -0.184079302997402 -0.231329047522216 0.63038352155502 -0.102199395642984 -0.142074264394113
16.7274263948717 29.9911563718567 7.10970315371172 0.595463003426373 -0.292759677962271 -0.748141339405686 0.769970211898819 0.473737307391036 0.427456115722805 0.501365392377347 0.139594788971029 -0.226518015810256 0.783577710029981 0.244681733010165 -0.192105185812735
17.1372350886032 29.9000913847147 7.35852960396205 0.365088123754077 0.149451148981473 -0.918898743194202 0.784120642424414 0.48271756260886 0.39004931148366 -0.396346586436197 0.0807662359285507 0.179694936454275 0.838529454159815 -0.538322152594381 -0.279410011923647
17.5312677102875 29.860635170257 7.69452960996614 -0.117257291113587 0.604974940209227 -0.787563287372823 0.587353089331454 0.681712536869906 0.436215825863854 0.197526395482939 -0.319358106822758 0.672956490649712 0.112523815934629 -0.75520851626779 -0.179807973509034
19.3397194644249 28.1939491837596 8.13809910034527 -0.463803828995088 0.814578428287478 -0.348350218763368 0.788207765588728 0.55892666812881 0.257544909243697 4.66225542315715 -8.10195650861962 3.37744352940511 0.264152248136554 -0.627117013631544 -0.43173519553709
18.3632695039016 30.5318021437307 6.98144076384405 -0.776301352840346 0.625276223498198 0.0799108252541217 0.6301256938401 0.766279884279366 0.125525426920364 -0.369914741355233 -0.20829041339166 0.0981646103397026 0.238403845008401 -0.00392813502864395 -0.459513321310829
18.5464309230183 31.0227157688448 7.00616640498075 -0.700047184556557 0.200992554521561 0.68522683399508 0.494459628280405 0.82875403143964 0.262061660617727 0.109475282118897 -0.0552340281100544 0.354168712846379 0.264081540553487 -0.254990889515843 -0.298024517613716
18.5737839692315 31.5077276849733 7.05940804203995 -0.188744146889077 -0.23506574082375 0.953477648085148 0.563044958508836 0.769588514186528 0.301187274821904 -0.354932762475255 -0.224331660992207 0.413767365231831 0.522655554832105 0.143546220787938 -0.0421801348343695
18.5358808299478 32.0317581507349 7.24889847967719 0.364663016707108 -0.488911922024755 0.792455612449479 0.511976683875098 0.816144819887502 0.267931688342954 0.205421945503393 -0.326367897401098 -0.110597482320368 0.504662398050441 0.00506760749010492 0.214175200846375
18.6238038907425 32.5332452278655 7.52551037971471 0.663613057822868 -0.659303815794797 0.353462966736757 0.511116966529901 0.744616476919448 0.429308318823644 0.179289637386028 -0.00975679260147937 -0.366923534754246 0.089883427268796 -0.147709217689768 0.0430109193897493
18.8235338619642 32.8071295023592 7.86744243046287 0.713137092494158 -0.461377301620612 -0.527793863866091 0.6655717822481 0.682010380564456 0.30311041621951 0.622052872154704 -0.37518228639759 -0.0668121781640396 0.0390825907842248 -0.0386237717245248 0.453677461946741
26.2757979898736 6.00339296157001 18.062738091478 0.750419804295552 0.185835896118118 -0.634298839605585 0.44644177143602 0.56515523715001 0.693750088691203 -0.0557066101848836 0.229569453397182 -0.374447310613605 0.169510037666364 0.189539506371194 -0.299408988029357
26.6676174489964 6.17678324001432 18.324714049183 0.218208109774812 0.530681246078025 -0.819000925989922 0.458532431220857 0.685067755738591 0.566065423339344 -0.157670186994953 -0.175566450802765 -0.277546606037551 0.664181142218517 0.527376489101092 -0.186794725005612
27.1170653766393 6.27511029625365 18.4221979483634 -0.31166953751228 0.876560486063633 -0.366747454387922 0.391268802086934 0.470124546613602 0.791133059051673 0.208787708142729 -0.246701141967017 -0.112927911242743 0.550714837111666 -0.0353137870589458 0.590723615790635
27.4144844471408 6.60686927956283 18.6857510425565 -0.769428381604947 0.589942614524681 -0.244841904021107 0.280046278861402 0.656096320962615 0.700793536283391 -0.449441462704906 -0.254315973203007 0.241380238296279 0.234589984352517 -0.452031688558933 -0.194342296338026
27.5881041235258 7.06989051717771 18.7732717168492 -0.953593946710159 0.0591485881505933 0.295228577706193 0.224654994735361 0.792602539650328 0.566843219159749 -0.329227284092077 0.434807177679132 -0.0591129417768388 0.245195092084073 0.17806622204262 0.397899969098941
27.5979246939761 7.53064505040238 18.9731142341235 -0.61115527217501 -0.515145922600265 0.600927451407995 0.0940218353898727 0.706590843254524 0.701348100900822 -0.580053193562717 0.34244369240272 0.204335585483527 0.407891537595234 0.124008899545829 0.742655677475384
26.6020810121741 9.76738495922211 17.8634602416455 -0.577325402522451 -0.566625542796305 0.587903703253074 0.263937605521001 0.55185539172554 0.791070444408699 -3.84238000278171 7.56259820018649 -4.59101738179751 -0.0651012159845363 0.212578921651319 -0.641665958498468
27.260382643845 8.3857857626898 19.3735375164433 0.0465966011899227 -0.901464944057333 0.430336607727631 0.10676747629558 0.432831252177429 0.895129989963705 0.154310135035684 0.234717913011853 -0.084164464962008 0.3343783948166 0.018023404691336 -0.538625769036965
27.1493098737935 8.46002132567554 19.8627391834407 0.809253495345848 -0.528128379760752 0.25727237658378 0.17251965736936 0.632282250631571 0.755285379490493 -0.172026700949447 -0.21171970395087 -0.559475533143333 0.395788689557441 -0.307826685008983 -0.233314937005752
27.2357041342282 8.58710777418327 20.371426630929 0.969072553755424 -0.208583739982514 -0.131875282340656 0.236256729677905 0.62982067517617 0.739938210659758 0.288156543954472 0.268140860718832 0.170477663516789 0.394075607875545 -0.026871565867687 -0.0606535021391463
27.3352852787444 8.56619334690758 20.8273681085355 0.827435786414705 0.326026639777282 -0.45722700094874 0.224906787808967 0.553658623480151 0.801797322709429 -0.136984052514012 -0.180218026030323 -0.323158111895018 0.495435114147927 0.5675517862943 0.253413433515036
27.6398829688396 8.65773997491806 21.1639898821933 0.417308989869951 0.631757197232725 -0.65325028337889 0.49763327075565 0.442619976541005 0.745954808051029 0.0804831078753538 0.171188482360132 0.0584228336747343 0.241123097980927 -0.197754897618034 -0.221561979476026
27.9914962777911 8.78280915441193 21.476346474657 -0.238796777987167 0.79143870222445 -0.562672871537287 0.316920453342068 0.611226840394989 0.725233105374839 -0.430147173176986 -0.10704228616608 -0.535654697727508 0.443174809764722 -0.210002154575155 -0.244586872861222
28.2942120612657 9.03438589809119 21.6744116365154 -0.803248335360195 0.549080344250555 -0.230873923199096 0.26746372159781 0.678818508443919 0.683862904118189 -0.835899247361103 -0.517177547755227 -0.313413368917247 0.445097444924443 0.0704871165552365 -0.190140612082277
28.5907104571245 9.46714407482881 21.6369706735652 -0.959574489898526 0.279321923787977 0.0345824393268307 0.229422461432734 0.705076603930141 0.670993441760099 -0.0224693400249044 0.393500133356161 0.0888068559146327 0.511695100039056 -0.033184250231681 -0.174671328780564
28.6933289001918 9.94258542432206 21.7515236520782 -0.862154297646426 -0.222896646170152 0.454980147365919 0.19704610654433 0.679804184127578 0.706426913956117 -0.144519894616578 0.089750349876358 0.20932634360997 0.546157072472565 -0.0539930627972087 -0.243528336281738
28.5556004179739 10.3525900543134 21.8673622871674 -0.291927705115889 -0.540818040492552 0.788856097693193 0.162096363170619 0.784875996281394 0.598075516212656 0.224950152676203 -0.236385797039767 -0.58518854467859 0.434534328949119 -0.539406072146642 0.235507600999749
28.458572256169 11.0552061716762 21.7979170191635 0.38683837568913 -0.598450077638409 0.701579259319361 0.0753256858859835 0.778774628605832 0.622764804084835 0.176790828246848 1.23498559098457 -0.628436608009168 0.214664900799397 -1.29203959888771 -0.00135318969652334
26.8333829002103 12.2871471164579 21.7389296311885 0.692366221303794 -0.636400168307422 0.340034886167594 0.312381270647544 0.689181309861067 0.653794269219318 -5.27595932959129 5.12383296345169 -4.63487195101096 -0.214470088550026 -0.292989098707718 -0.523387559365017
28.2959473126751 10.9653629841743 23.1996352482527 0.890153015353306 -0.447357804162914 -0.0865938361214529 0.229739864547125 0.27651002724964 0.933146129205002 0.353959731405559 -0.00603828504976687 -0.161533875237259 0.542225612108108 -0.219507175605117 -0.741445282256578
28.35819664649 10.8712312932586 23.6692149850867 0.841413063674447 0.264274455761701 -0.471362863916565 0.180429772323844 0.684814425519448 0.706027040384085 -0.0284988934609739 -0.256915083953988 -0.217599844659869 0.393222954835476 -0.484468613523413 -0.445286903994991
28.6112301978195 11.014094454115 24.097516563771 0.330768289541635 0.569095278066694 -0.752809925542981 0.248023356885117 0.717245488993821 0.651185998006228 0.0666996928959577 0.269861583328386 -0.223183553703893 0.20876415997964 0.0670005707973668 -0.134826827251107
28.9574749330159 11.2092525522485 24.3397508789365 -0.373615502563224 0.749453048788365 -0.546563323283758 0.368691570173734 0.660673050181158 0.653894127538736 -0.398868188444027 0.0821921483286828 -0.572692040680793 0.252032331242231 0.263799036252334 0.189143465358605
29.2597234954047 11.532236155535 24.5365743542941 -0.83280863476451 0.537906064099102 -0.130716210697921 0.346733284132886 0.690968232130806 0.634301833164893 -0.0844254839428274 0.451205779535432 -0.0381208177375883 0.449256935679884 -0.430760633944776 0.0297663027469939
29.4467960890944 11.9715887365505 24.7379694643817 -0.986836705174305 0.122777251529768 0.10525656595154 0.161650807601032 0.729917954952033 0.664145073069925 -0.681394462182143 0.232644933357005 0.752699698654033 0.383974531744949 0.343937431678152 0.534700631011788
