t = 100
b = 30 30 30
E = -0.596632049915613 -0.816790215578065 0.220158165662452
20.4025805234258 16.2956784912455 9.50570115191037 -0.548782731662534 0.760526372551117 -0.347040402088407 0.724266688480705 0.639861421922865 0.256933858753947 -0.399588661189902 -0.0906949026119903 0.260062270399853 0.230557511816819 0.0715485543473834 -0.49410125122883
20.741295934762 16.650329135242 9.3387465469951 -0.661904003095095 0.496261847857788 0.561789240204642 0.695956075781878 0.685249304425905 0.214658837000506 -0.0965608641525664 -0.153208405289294 -0.335526149529238 0.059208328630579 -0.408590770875588 -0.0621657980051188
20.9847904831498 17.1119131495585 9.53251894723797 -0.60128412785134 -0.00646817848497828 0.799009036920343 0.616048442571992 0.633073213159609 0.468724337024428 -0.0172258304948415 0.104508473413382 0.275328058702553 0.614030854579361 0.217545189705772 -0.101303923148027
20.9420660359181 17.5238925905129 9.68597311270216 0.257081457030132 -0.339749100174407 0.904698601504854 0.496171295491936 0.849756526781246 0.178122933869773 -0.175110887940189 -0.172913061383536 0.587026280608221 0.397918076448882 -0.225569278482351 0.703100642069764
21.2210610873148 17.9809283923206 9.93390310934565 0.400377160527854 -0.654181660488605 0.641673098390676 0.624257658394488 0.707340902012259 0.331618915656862 0.0557168439543051 -0.0210151326831736 0.485998432397084 0.323148060353746 -0.0879735556931983 0.106078247815462
21.3520957287149 18.3087707595756 10.3320186730221 0.729815960244553 -0.670423188347809 -0.133795741817902 0.640411778139058 0.601951905839826 0.476997420805396 0.487816327097061 -0.138231331709787 0.234856422149349 0.122967282202138 0.0930578704628333 0.546136584490084
21.6611303638685 19.2292209537899 10.9736825890685 0.462443005925444 -0.724502014467039 -0.51111953486578 0.877823243961216 0.292978205994919 0.378932723141315 1.45239896403365 2.7369653838521 1.11264400678836 0.422734051973967 0.85586451021308 -0.0367319951661009
21.837767334861 18.5724308939029 11.0222673759791 0.503910838789693 -0.0871291821374394 -0.8593499013658 0.779006094461509 0.475621316867122 0.408575269941517 -0.244269603312943 0.613124981509638 -0.252751629739683 0.643276703394052 0.0245076108424492 -0.698304693765262
22.3912397020408 18.5312183166849 11.2662663601829 0.0985647106325093 0.328090951876494 -0.939489864847642 0.894105224223221 0.385269856622101 0.228348152513361 -0.270433265033646 0.487632008085235 -0.396062894686671 0.723733932909985 -0.16569963720539 -0.258808251906777
22.8285868962762 18.4081076356589 11.2103707403071 -0.21452230258242 0.819639722007092 -0.531197504349255 0.808285500757259 0.454294342429472 0.374554512018168 -0.228921128309719 0.0289591772392206 -0.0104572524995771 0.606330503489086 -0.173115627369252 0.276351604663775
23.1408023404352 18.709418988522 11.1853432286589 -0.628119522406081 0.772857160650073 -0.0903191873533085 0.761055036956233 0.634367967104864 0.135544833837294 -0.110011658722809 -0.0688873115638006 0.0651633250398326 0.443091770264562 0.25750938165425 -0.157449192038036
23.3569036398335 19.0629116101628 10.9864490787132 -0.586661630005077 0.576586966552921 0.568661131928683 0.780170322488962 0.590699052020745 0.205933922999198 -0.220870664459817 0.132183181930497 -0.0452334717215005 0.783427054527394 -0.0862281835955804 0.326818906849032
23.6310269702581 19.477752946698 11.0419838648944 -0.646939735572954 0.128592203604343 0.751620187993746 0.495027233157983 0.820564399382429 0.285695636888991 0.549617235731806 0.151063342415505 0.31165476665542 0.411057721449905 -0.0782436617913614 -0.242657396081878
23.7104503601932 19.9457749250683 11.0473572779523 -0.345194248411275 -0.354906320708223 0.868839639376282 0.406589474425136 0.777812153574368 0.479263129812997 -0.14498512090122 0.145946328632392 0.232023088390452 0.670500035670117 -0.169697429492043 -0.467000706911957
23.6948012646417 20.3004621471889 11.3772316215813 0.235783116164561 -0.734109520359814 0.636780508079742 0.495368557541215 0.654525460572258 0.571144730582493 -0.0317302817432893 -0.44458657694642 0.19463609503205 0.51727221583964 -0.0600233692067209 -0.0353000170937411
23.7418297138612 20.6246660683517 11.7704216685375 0.684811635873979 -0.727267952411365 0.0459807581504125 0.620352137165063 0.614918888202592 0.486865350162325 -0.510585031878451 0.0351537425155249 0.119285939167815 0.648011507276389 -0.315087261519401 -0.0434506866181158
23.9855392311317 20.7504603625837 12.1342671534827 0.813614191717772 -0.316643902587927 -0.487615082700472 0.575094118651857 0.561535836052078 0.594932050028749 -0.115491738058653 0.249440856884794 -0.10345274473448 0.527268192854778 -0.279568137833509 0.433302419417182
24.358327637022 20.8525848068827 12.4884123247999 0.561525056321294 0.060719195725979 -0.825228860375996 0.773847153472695 0.314608266976528 0.549710937628694 0.367753876854003 0.286581304780734 -0.178040170752914 0.283139591944877 -0.412926787148446 0.290124703438917
24.8022647362653 21.1233553984527 12.8079941652435 0.210929885566991 0.277783840780277 -0.937200407777946 0.826572587770315 0.461125914884635 0.322708124268716 -0.42231263264301 0.79234249872163 0.398375273071838 0.397675066862682 0.778054277557098 -0.43047692595405
25.2724869762685 21.0806433972256 12.8511187307462 -0.272159745252497 0.76195714026581 -0.587665100444058 0.701254778732425 0.575253791521518 0.421099384283984 -0.930784902320286 0.583018337554264 0.223697789902017 0.472186735746178 -0.535603048372786 -0.323457676098156
25.7089017698766 21.3044418894369 12.7410542211102 -0.655015889679299 0.745792799662107 -0.121437906086978 0.705437380956595 0.661158757676072 0.255395931256448 -0.863155297576892 1.02430499918221 0.241916320299395 0.317799472116073 -0.214879826891203 -0.229495438538942
26.1156815447388 21.5548188082672 12.5878745849872 -0.731287996496029 0.525730221300676 0.434540540607963 0.671936903573538 0.664697497693626 0.326615853701272 -0.0300558479386646 0.184849646692816 0.117137794391503 0.770913166567499 0.197594644823332 0.219560333261731
26.2761661738776 21.9774563367024 12.4944634551538 -0.339969326854267 0.107698082463492 0.934249357466666 0.613837931158371 0.778030606066332 0.133683432024241 0.0388692417618762 0.570556240524735 -0.189726379086356 0.373309292093342 -0.433984061699936 0.279928279184462
26.4957573858669 22.4325694539723 12.5314610591288 -0.0566727284310636 -0.405443242521875 0.912361693787388 0.538103645682501 0.757338051181035 0.369977605930969 0.153064981868549 0.177988034653244 0.185520201609764 0.126702395101694 -0.275673999094953 0.241646502686576
26.6494306030188 22.8375624220167 12.850948667918 0.3370784114011 -0.844700804104773 0.41576265122287 0.668548124614635 0.525690295208558 0.526016159695867 0.0281010253108015 0.232819374178466 0.485287376998511 0.144342800300924 0.117523867376374 0.433792031074872
22.9955901856189 25.5504943125447 15.9203496799884 -0.430340497093925 0.332451251834211 0.839215767583334 0.68616394928644 0.724552326655226 0.064829340776934 -0.435814352519859 -0.0207001756591981 0.709315248110857 -0.0785798714742371 0.0101793063600714 -0.321983960204495
23.0109646712482 26.0295989530043 15.9716995254985 0.181610837158766 -0.202537411982335 0.962286850294669 0.388202241878556 0.913848690451053 0.119077604054811 0.0221598878947322 -0.00429966261029565 0.088090564921656 0.287693338065428 0.200157079629462 0.211268911324353
23.1284094357272 26.5038516158065 16.2316401306165 0.638567199860408 -0.395650207409416 0.660070242990768 0.360056794458216 0.911650569526166 0.198121757539633 -0.148183007875517 -0.530860755842292 0.151610299526734 0.533757285038082 0.123406409832476 0.0489000611479018
23.227517297093 26.8623537175681 16.5146627642625 0.785671559962836 -0.586833559788963 0.19582250699264 0.53298473324919 0.802783545697972 0.267330763896675 0.560368989247245 -0.445028581908002 0.170513892297777 0.567789927129526 -0.0215555310042184 -0.170783270498776
23.4675854964562 27.0554677703137 16.8857849525054 0.779066949652829 -0.359116927002632 -0.513896489574961 0.537605289085119 0.804376190495591 0.252901918376402 0.219118165044951 -0.456770632577325 -0.177129618623078 0.436716425038495 -0.0127140080387581 0.298570971025302
23.8823658634635 27.2627729798328 17.0690468524081 0.309197024911351 -0.0245512777324635 -0.950680976558948 0.529057920535058 0.835132738820774 0.150502179600658 0.607374048145248 -0.670654546740934 -0.230214083801993 0.505223132973721 0.246063068672176 0.356978759494224
24.3759685129954 27.3678406857149 17.0230303494496 -0.186287575626178 0.354487131518371 -0.916316374298833 0.706799675416843 0.696169296969335 0.12562807614545 0.127158651875445 -0.326449121467356 -0.573281825884999 0.356945400573186 -0.649266001408134 0.639477256975521
24.7905866889633 27.6782876641334 16.9689465301718 -0.657752281793067 0.359779749225423 -0.6617555054325 0.586096435145556 0.796307139461035 -0.14961882834499 -0.222824353027283 -0.468304872267586 -0.316807340939568 0.485779875678795 0.315496483432703 -0.109507765203642
25.1173566949007 27.9912464377285 16.7672391417764 -0.892331339755068 0.43497688801499 -0.120580960095335 0.451323240368233 0.855525169768276 -0.253739846886376 0.185078115580628 0.203973651589687 -0.179434215603318 0.348271589244332 0.412368333094262 0.212019903067633
25.2953628641396 28.4964228512111 16.6541952132342 -0.84684466964651 0.245108677666932 0.471991231630772 0.350910849466667 0.924387882839306 0.149561020838755 -0.561971461675747 0.652822061284707 0.097792191799989 0.50739638964483 0.0681845188176548 -0.388682291663487
25.2305091973179 28.8682553812067 16.3677361345209 -0.504064830474896 0.241195820330381 0.829302782760619 0.477659875757835 0.877846699885361 0.0350156682251085 -0.0125450053792415 -0.271352179078651 0.626531369716168 0.529153240719889 -0.0222178842736281 -0.121573506661198
25.2179989782931 29.3578676896386 16.3415867980787 0.0516821970961293 -0.118232767880364 0.991639977129447 0.505898952696515 0.859231090619456 0.076079326024922 -0.205214996994861 0.10187147314813 0.214516932250597 0.240474655986821 0.100739864244046 -0.0383894520844298
25.3105410318173 29.8298649043686 16.4843098053801 0.408429657207948 -0.529091511336117 0.743805935415574 0.541092105976787 0.796601276460473 0.26952851785991 -0.0854341509068656 -0.208596337269179 0.0286416690110142 0.655106385298639 0.734091682589508 -0.0675179825478916
25.3534081332663 30.0384429706635 16.8521761745425 0.854743791831531 -0.500010019788172 0.139294333265254 0.380053100342475 0.785670706454329 0.488140434401062 -0.0223912742622923 -0.419131365579806 -0.182877209968513 0.600967050299419 0.131331053387517 0.154747861498599
25.5809735434943 30.3303290491348 17.1334144060545 0.775584822914948 -0.498709123520288 -0.386984849874035 0.620144111378071 0.71642794712434 0.31961252495571 0.193964189551598 0.0619974313078854 0.0881806571313482 0.774243984179528 -0.116743001613825 -0.195335248850663
25.9227215699433 30.5724266299608 17.4467686288929 0.50667918396394 -0.390881284479443 -0.768432113275169 0.783925073249612 0.579826324108264 0.221952266077978 -0.298892496044357 0.115794365327531 -0.105683854786913 0.492147788920762 -0.00342994826423841 -0.465288319126044
26.4149413674462 30.6699544237394 17.5220611348718 -0.0236379985967943 0.0706820251349674 -0.997218721352489 0.668747788665286 0.742578888439014 0.0367814181529536 0.127903350388925 0.13885203457539 -0.135087271035664 0.422736400164317 0.231862677768336 0.170000431539026
26.8521312804611 30.8063055304047 17.3402879594354 -0.718722323838982 0.563057031813633 -0.407927562321225 0.618835494466543 0.785496793517001 -0.00610742394243088 0.508052084250179 -0.175837247172027 -0.635053249087562 0.289646698656815 -0.0493280663186146 0.918752165970594
26.8874125168215 30.4059150042465 16.4974589938116 -0.671769426778402 0.726942389615613 -0.142409551008011 0.704938221477441 0.686419332943989 0.178579070434438 -1.74563960447921 -2.96798925589884 -1.97641600563128 -0.0495859324565217 -0.622446826412425 -0.323137255972165
27.3627461033011 31.3221421242856 16.700521122714 -0.84547778024788 0.466081719709147 0.260643508952274 0.508223767796746 0.85213523616514 0.124795921097665 -0.342843295895002 -0.681324826807403 -0.165646663216985 0.093795430127498 -0.0716757544793939 -0.419796251284368
27.5313116581753 31.8406594227518 16.621955294872 -0.358633883298995 0.1787720883584 0.916199846965513 0.473556927320474 0.88065921670163 0.0135300954483071 -0.491994541084829 -0.2755858792506 0.0111370398355169 0.383580394718274 0.238640706208931 -0.0614727050545416
27.6045643458236 32.3590854279982 16.7556457704448 0.105466460715371 -0.233875759002086 0.966529273468571 0.254181540508423 0.946002703176692 0.201172871946001 0.276482704898158 -0.640944128250343 0.575524308321049 0.634019939144743 0.134268199496611 0.0336265842991902
27.5017181367709 32.8575999056458 16.9278356828972 0.668032710884271 -0.363761486608443 0.649160812072542 0.260552607733932 0.931491969182433 0.253840391589274 -0.0414168836533413 0.272664874517702 0.307862179394945 0.827855110476131 0.0471261494301058 0.39251912511819
27.5734375254685 33.3374563632217 17.1652509287329 0.828143577895445 -0.537576419614988 0.158712596480882 0.453731352261921 0.809187465089051 0.373287285362679 0.257774933885772 0.116508220703277 -0.0360508818292906 0.372703927999579 -0.236499895344834 0.140420074064093
27.8551126172532 33.6688015185988 17.4401549125424 0.599455158895459 -0.5813029263568 -0.550218413665264 0.744552787976919 0.657270216347777 0.116777101385224 0.626823725123313 -0.550000464979034 -0.30744028972721 0.270434346399103 0.057335489373831 0.0941503960058
