
#id1 id2 FENE BEXC STCK NEXC HB CRSTCK CXSTCK total, t = 100
0 1 0.49298 0 -1.39602 0 0 0 0 -0.903042
1 2 0.0352438 0 -1.24697 0 0 0 0 -1.21173
2 3 0.0574256 0 -1.17456 0 0 0 0 -1.11713
3 4 0.12589 0 -1.25613 0 0 0 0 -1.13024
4 5 0.0279365 0 -0.104828 0 0 0 0 -0.0768912
5 6 1.38835 0 0 0 0 0 0 1.38835
5 7 0 0 0 0 0 -0 -0.00237068 -0.00237068
6 7 1.49906 0 0 0 0 0 0 1.49906
7 8 0.00799898 0 -1.00835 0 0 0 0 -1.00036
8 9 0.0954847 0 -1.18365 0 0 0 0 -1.08816
9 10 0.11084 0 -1.14379 0 0 0 0 -1.03295
10 11 0.035659 0 -1.32386 0 0 0 0 -1.2882
11 12 0.196865 0 -1.15666 0 0 0 0 -0.959798
12 13 0.00166033 0 -1.41251 0 0 0 0 -1.41085
13 14 0.0254803 0 -1.12188 0 0 0 0 -1.0964
14 15 0.386181 0 -1.3102 0 0 0 0 -0.924022
15 16 0.121684 0 -1.15298 0 0 0 0 -1.0313
16 17 0.0860544 0 -1.06491 0 0 0 0 -0.978854
17 18 0.341806 0 -0.000577007 0 0 0 0 0.341229
18 19 1.04939 0 0 0 0 0 0 1.04939
19 20 0.0468579 0 -0.776618 0 0 0 0 -0.72976
20 21 0.0733151 0 -0.996994 0 0 0 0 -0.923679
21 22 0.177197 0 -1.12504 0 0 0 0 -0.947844
22 23 0.201279 0 -1.2747 0 0 0 0 -1.07343
23 24 0.0648859 0 -1.24896 0 0 0 0 -1.18408
25 26 0.00928319 0 -1.31281 0 0 0 0 -1.30353
26 27 0.0708752 0 -1.29449 0 0 0 0 -1.22361
27 28 0.0855597 0 -1.28214 0 0 0 0 -1.19658
28 29 0.172891 0 -1.2604 0 0 0 0 -1.0875
29 30 0.131754 0 -1.00886 0 0 0 0 -0.877105
30 31 0.0104924 0 -1.10555 0 0 0 0 -1.09506
31 32 0.131267 0 -1.1343 0 0 0 0 -1.00303
32 33 0.0533223 0 -1.37223 0 0 0 0 -1.31891
33 34 0.03174 0 -0.921534 0 0 0 0 -0.889794
34 35 0.328821 0 -1.2654 0 0 0 0 -0.936575
35 36 0.190358 0 -0.468313 0 0 0 0 -0.277955
36 37 0.841736 0 -0.0143036 0 0 0 0 0.827432
37 38 0.857056 0 -0.0114137 0 0 0 0 0.845642
38 39 0.00208823 0 -1.32346 0 0 0 0 -1.32137
39 40 0.0690867 0 -1.02133 0 0 0 0 -0.952248
40 41 0.129558 0 -1.34908 0 0 0 0 -1.21952
41 42 0.261048 0 -1.30894 0 0 0 0 -1.04789
42 43 0.13177 0 -1.3392 0 0 0 0 -1.20743
43 44 0.13764 0 -1.39043 0 0 0 0 -1.25279
44 45 0.274083 0 -1.03174 0 0 0 0 -0.757653
45 46 0.169252 0 -1.305 0 0 0 0 -1.13574
46 47 0.411857 0 -1.2525 0 0 0 0 -0.840641
47 48 0.503179 0 -1.05122 0 0 0 0 -0.548042
48 49 0.562319 0 -0.561717 0 0 0 0 0.000602685
49 50 1.25367 0 -0 0 0 0 0 1.25367
#Total energy per particle is  -0.674484 and should be -0.67448410

