t = 100
b = 30 30 30
E = -0.458536577663933 -0.674483592213258 0.215947014549324
28.3837167672374 11.9978491816881 5.31335021474601 0.00989281552126301 -0.541020446291472 0.840951182531294 -0.0173278380428729 0.840773306704915 0.541109854839831 -0.0345129370834591 -0.207264800756877 -0.208014067451703 0.303296066011085 0.117805758893112 -0.638233203111892
28.215642697393 12.3272355495439 5.5426313548231 0.566465849300512 -0.474790005718996 0.673565716862734 0.028577229030879 0.828175544766193 0.559739668475819 0.00912253848816094 -0.0126126558467456 -0.196104982927484 0.518617728337279 0.662177537966918 -0.117973941134052
28.1071387646886 12.6267244307566 5.97467002182384 0.95649992167671 -0.218610543251338 0.193176633730706 0.08555362845596 0.843253052341888 0.530664447728889 0.125175589929467 -0.318507245774168 0.121856420417514 0.430689510740302 0.116485285242624 -0.248254297234044
28.2395746947454 12.8902574870291 6.3658924587499 0.849859892321531 0.197607729659777 -0.488558318344125 -0.00342635040106715 0.929092687102562 0.369830934711987 0.0867874189832712 -0.196747045556195 0.0426364015296164 0.286935225916908 -0.208500083262825 0.267123188330669
28.3803735476545 13.332811028485 6.57258898328451 0.447734747374755 0.131420498478724 -0.884455838003568 -0.0232858722945285 0.990518335672359 0.135392310117503 0.341384575998963 0.119986270546595 -0.14486682980696 0.146609790752499 0.0899580198008497 0.076828311741901
28.8153532215445 13.6873943381427 7.0090126857473 -0.085100445931921 0.541455801308339 -0.836411029507521 0.0350458776162618 0.840563452178402 0.540578163164008 1.8841726893825e-05 0.623491251975487 0.219601714545459 -0.0019948606259367 -0.456527351571804 0.139618249086251
28.9082198114582 14.1734873440063 8.41901204900888 -0.640217271698303 0.292494131679492 -0.710330141063884 0.0718938298759837 0.943430872891099 0.323680932659274 -0.849853285383437 0.74296796155756 5.94141313773125 0.00494700377847291 -0.0724688886664456 -0.0576772242399663
29.1253113256665 14.3475227790242 7.03933359166699 -0.975767147205929 0.165617141300081 -0.143001110982198 0.17539599140996 0.982750043534332 -0.0586386614176691 -0.452278914450867 -0.5234888519302 0.4251654501798 0.779193469642619 -0.103814735185992 -0.437438996067806
29.1805362894521 14.8323450579463 6.80200815622526 -0.951080836439984 -0.136317725467161 0.27724105652505 -0.114859256515489 0.989084414425341 0.0922998351055404 -0.431185126221763 -0.749138763645843 0.89782954282453 0.963722703506388 -0.0894769889722549 -0.486753069123177
28.9790810236513 15.2074337336416 6.54114458414012 -0.618123383023546 -0.112986152781181 0.777918695822584 -0.0986003015086563 0.992944587322267 0.0658704336117197 -0.2415006111033 -0.669730729394077 0.846344001848822 0.650855819351362 -0.407112447953655 -0.393152572504111
28.7850035711477 15.6840528547171 6.50950715505939 -0.134776017951301 -0.268785603988503 0.953724076088949 0.11885767513497 0.951170909687686 0.284862484212566 0.38090517220489 -0.1351817986665 0.935612796032095 0.321896160128849 0.121863011356562 -0.116285186622894
28.5917842319554 16.0383056132728 6.77232556004647 0.590377459181307 -0.327071447606959 0.737887936172919 0.0453400125518329 0.926210624137716 0.374270015575181 0.271152118194199 -0.205453459404828 0.395032352382272 0.347560451332294 0.321772424841357 -0.389734826237279
28.417800226383 16.233368464554 7.1375077224069 0.964175168421366 -0.0298279203213415 0.263583803318894 -0.0631744144909671 0.939247526527017 0.337376583426085 0.263137232772469 0.156022676548195 0.0764698874365239 0.558453156995414 -0.115465420377551 0.226701648191404
28.4730078655089 16.4977148971923 7.54823556907258 0.798383283289671 0.242120763430012 -0.55132708473156 -0.0100522289490134 0.920829864694841 0.389834830022675 0.433252068524795 -0.246612482718491 0.130516722951137 0.101383464303269 -0.274404054485629 0.285989489088623
28.6100042303098 16.9225702604259 7.85490716856035 0.434216189187583 0.102665722347148 -0.89493906579502 0.263711712356122 0.935470974954634 0.235265960607178 0.262704639265511 -0.207565624929089 -0.0585023977536833 0.380434373155671 -0.426024786849963 -0.301519163387546
28.8936951453125 17.2973296238292 8.02568702279295 0.0239728420369585 0.164572483880173 -0.986073569269436 0.278524178907625 0.946203725003934 0.164689648010188 -0.571022471453108 -0.572101922100584 -0.0905364770480729 0.538183365324638 0.237810430596921 -0.240197083022508
29.2163894658253 17.6017292260683 8.10123476781105 -0.725553509854252 0.358099326938294 -0.587653688835436 0.191357544268567 0.925249866204049 0.327558935962576 -0.195465270303433 -0.283903001571581 0.459226515149104 0.330308641623854 -0.34406875587157 0.245096603863566
29.318001816695 18.0812645260193 8.09130914917605 -0.980544283110176 0.124250883783536 0.151968806627899 0.157482472589632 0.960089559336914 0.231143224097681 -0.470448651170976 0.0812282172974771 0.427437729836165 -0.0342786879163649 0.0834398538755131 0.691161188148353
28.9472059896329 18.5538756166995 8.69875167603951 -0.813830692448618 -0.253752891741295 0.522770464501923 -0.170086933430841 0.964239135623135 0.203256507729725 -1.68789944341166 -0.708735029413629 4.31430367955318 0.352623117639216 0.585632659430959 0.566080748309265
29.1698067829411 19.0194152029953 7.73007374857841 -0.472108625194208 -0.210570158464545 0.856021924489406 0.126863705015119 0.94471534197484 0.302354766144149 -0.278906199098641 -0.365950232059275 0.774791044882669 0.203953385905659 -0.336977004844181 -0.487418389470709
28.8542900139522 19.5192218895842 7.66816458440875 0.226556357919607 -0.301580372973763 0.926132483848258 -0.067785098584909 0.943669114768897 0.323872914727078 -0.06628913034608 -0.379817049063658 1.00533730769868 0.316281268993434 -0.190791301339533 0.0221348459339034
28.719525396157 20.0297783072178 7.84585393315057 0.516722090595412 -0.478504085353203 0.70995211475222 -0.0235356150779821 0.820982553700778 0.570467887921735 0.646344792813622 0.341714749221807 0.337451735358427 0.513414796558374 0.136081090204616 -0.295042098408168
28.562565708014 20.3376768361816 8.16624073296801 0.980590446448489 -0.0849942143470044 0.176686843473567 0.00100201345013991 0.903316161738518 0.42897411621799 -0.143642023962301 0.0855308101367409 0.19652835318697 0.591058417990791 0.0392660838946284 -0.00397364272916078
28.5446232542508 20.6334888892974 8.50914743420345 0.840758365700354 0.186648824997235 -0.508219903136835 0.0621762731442037 0.899199089186296 0.433099287737914 -0.0133028160967832 0.12416202690176 0.00928960435549035 0.162142129375085 -0.33469085298514 0.237974650368681
28.7583421464539 20.9688511492585 8.76934946570501 0.301598098402732 0.206329752174582 -0.930841826699848 0.0664845332219723 0.969375486146852 0.236412466871586 0.443204826591168 0.659938745614349 -0.0982442227027523 0.0885292710511951 0.152891579388766 0.656638658231239
25.01322071211 10.8885158900345 18.5376481795867 -0.219075195884444 -0.62590736523661 0.748495771846415 0.290634872038201 0.690446778512056 0.662430749585711 -0.0957344213358179 -0.399051920015548 -0.0651522261543489 0.0690575060011706 0.0413292661255666 -0.789421425141222
24.8752104516687 11.2442553028055 18.9120107168828 0.464438510243389 -0.783191998439561 0.413409055381847 0.252377161179596 0.564501571671137 0.785903064617091 0.164289108297992 0.113194619922958 0.143798184075245 0.135833848455016 0.23338037174523 -0.231541248107925
24.9176318757998 11.3417913984269 19.3945997825021 0.909292112388283 -0.411910029069592 -0.0593115764006201 0.285993985784603 0.51497410908097 0.808089718595809 0.190830740822429 0.107705389637353 0.0427423345507541 0.548768424521838 0.0238089231441619 -0.153597673302975
25.1213747887558 11.3371562993166 19.8314356536429 0.865405737529163 0.281578241092487 -0.414471333877315 0.266198027125557 0.442427595220829 0.856385616259276 0.485606717815739 -0.588836983305547 -0.273182424056231 0.465578641734246 -0.0855787146201995 0.252631673677995
25.3669474926688 11.4428531799264 20.2150783974403 0.403035084286513 0.611775424659327 -0.680656619789793 0.233489895270518 0.65038837819525 0.722825917571538 0.369074867560172 0.30099915823012 0.0274043120393172 0.62600563698272 -0.0805928604056805 0.450728613840255
25.7109447542952 11.7392796883953 20.4595751154252 -0.0271628679114351 0.601281352080857 -0.798575479039554 0.560932393471476 0.670410103807009 0.485700561194074 0.174199960878027 0.296088986503451 -0.356944570394158 0.303684108479488 0.163656583038658 -0.27908059612653
26.1675043595087 11.9082752298559 20.5373877022993 -0.651352754711419 0.664733054447138 -0.365881724804811 0.343887234585077 0.688449389460697 0.638575672327675 0.0560983662654842 0.517758046249423 -0.16090298343288 0.762728581682362 -0.260091626560745 0.00510916228234731
26.3572061834736 12.3437598723947 20.7117179845454 -0.94084333099481 0.296063229672804 -0.164803738401072 0.212937115578287 0.894941035982485 0.392094656494402 -0.386320896435302 -0.0220060130149796 0.52819633691711 0.607774758478718 0.311098085716895 -0.128290862969064
26.4435354752575 12.8248638394885 20.664686723787 -0.880908493537603 -0.0613748670415079 0.46929013682434 0.110840072352506 0.937228369763457 0.330631766720972 -0.689820168987703 0.160620518571396 -0.363108192486738 0.712078907318807 0.262336593696784 -0.0801909270229981
26.2639034415185 13.29707784352 20.7381188653239 -0.5710326261578 -0.480679496299458 0.665483916278141 0.0677074607061481 0.780310305693179 0.621716506063328 -0.0205054683141274 -0.28269394336852 -0.364584972874636 0.677500664062727 -0.0968397009256415 -0.171073723886941
26.1678320997573 13.6941997779946 20.9672010461272 -0.0699026804618254 -0.726098612499884 0.684027998323405 0.263278222565756 0.647964030376085 0.714721675703389 0.298553151114349 0.509520819005706 -0.551217529264409 0.573769997062157 -0.126045602365388 -0.209221907727326
25.9968012063601 14.0928497155767 21.1314833437432 0.659827350138477 -0.632031250091557 0.406404045503362 0.157577852290006 0.645210100180057 0.747578110122831 0.216770566876261 0.383635817548843 -0.965624639768815 -0.0115445822662335 -0.288091769064343 0.331926524382649
26.144610842335 14.4387800653883 21.2585834642429 0.911377214545592 -0.365937054734177 -0.188365410335543 0.379427197483987 0.569718083409884 0.729010417723704 1.26138131212032 1.19046203430195 -2.21718412112206 0.199256375265334 0.466615652037576 0.246092874368541
26.1345394571664 14.2803813007163 22.1973288091344 0.896732185048633 -0.0735226038640439 -0.436423758537015 0.437413077555102 0.297379988179487 0.848666510834492 0.2194486774047 0.894483007597447 -0.730242837032572 0.893554106633101 -0.341236617554879 -0.314811430410527
26.3925062753195 14.1710838815231 22.6160559582325 0.455892814815853 0.664849727918753 -0.591723299848892 0.428388131979985 0.418844602817835 0.800657666094119 0.118575826638394 0.21109643807616 -0.937310574344275 0.599685176884204 -0.808870396220485 0.00204311126131984
26.6984654415368 14.2771621084483 23.0377123556319 -0.0503618177852179 0.732449150345577 -0.678956412650498 0.395969200479688 0.63874908518789 0.659702873193315 -0.466974026447946 0.134204908409079 -0.634761521368422 0.542185434100132 0.00177081524305825 0.0527830688676918
27.0537206797402 14.5729350724194 23.1605602121101 -0.631302714820243 0.692030956049788 -0.350071306295643 0.494598026706881 0.706944109110698 0.505571664007725 -0.347079667939994 -0.0421962036826653 -0.411104221439693 0.493098892164206 -0.0137803873091939 -0.00727597410013716
27.3328441060438 14.9612609755321 23.2781241513011 -0.907798655199973 0.419052014008764 0.0172305539918769 0.386061736241911 0.818866409085514 0.424751728030903 -0.465802588520703 -0.0236816057146699 -0.01810741189553 0.561856462952857 0.122117018928735 0.0790119550672644
27.4070268657916 15.4223519397748 23.3042007821451 -0.753688914853988 0.012988577612901 0.657102883409593 0.424155661990847 0.773335672075954 0.471215232722389 -0.500013394502106 -0.0711299509840399 0.286772028538454 0.448428333387835 -0.478350586765633 0.30423025225603
27.4035726232957 15.8757428427267 23.4628664887748 -0.364130833413479 -0.44478109902246 0.818277699457178 0.315729038268474 0.767618192901334 0.55774309976161 -0.414668988941779 -0.351043232110209 -0.126418355143229 0.361113295197229 -0.160150851740289 0.0899858921523808
27.2443514049607 16.2602051739495 23.656907830642 0.114648799025396 -0.664046936701714 0.738848563601802 0.219092441523969 0.742341098852382 0.633188815668178 -0.145205430472074 -0.536505917387135 -0.613446897279278 0.168460391582783 0.232013636373535 0.34832104113641
27.1244164307696 16.526122631995 24.0152222163342 0.647304111752619 -0.654898529624581 0.390006646461718 0.331292812442236 0.702532331801151 0.629835912321261 0.123322361963043 -0.142889986764854 -0.20190684180472 0.201281633067273 -0.381751740979389 -0.0917949940718387
27.0762009480447 16.6998974962751 24.3923121106148 0.958924521578139 -0.265797994040783 -0.0990710461446421 0.254296732786049 0.650771207686103 0.715422873739895 0.295312479626119 -0.19348657603889 -0.100169260271316 0.423812767667687 -0.0919285749702877 0.188612324815901
27.1583057948802 16.7694000870341 24.8151010357107 0.89463984984574 0.00034960802333687 -0.446787754639775 0.385571157509754 0.504625581714302 0.772455689302619 -0.0848449428785589 0.305018241937803 -0.681923008889622 0.331989544512839 0.142402030046014 0.227814504477892
27.337987225118 17.0187054062696 25.0935291963491 0.398276478089059 0.513963668627889 -0.759748035774669 0.259927483980773 0.73108587939196 0.630833592258011 -0.0107384484730345 1.39327211744095 -0.867132420855478 0.165246486726382 0.154892384870104 1.10787804870041
28.160043012974 16.9844992983862 24.3870851624593 -0.364231089158711 0.697639931429536 -0.616955536710963 0.552617057382831 0.6951306097805 0.459790947015111 1.31809242983321 -0.625754597611998 -5.40442254731576 0.642225487478179 0.252801899541978 0.750364691535635
