t = 100
b = 30 30 30
E = -0.770726748695854 -0.995251539423973 0.224524790728119
4.15202376593477 10.8184551703969 11.7667089676423 0.543218162511793 -0.823322610894625 0.164480413300777 0.719955564704572 0.557575049342326 0.413248024807051 0.360806835869728 -0.550114814461629 -0.24761249756271 0.115985076845396 0.357163459337293 -0.99118811398944
4.41160984911904 10.9166472206459 12.1443360507675 0.688100837602601 -0.418853901352429 -0.592518801015658 0.725579101095333 0.405302163555357 0.556116008022349 0.104070838465608 -0.30095934134032 0.185394749709436 0.155961604522172 0.356741971469483 -0.216522317600513
4.78473415725321 10.9791986908984 12.4682072661995 0.392670084914195 0.217502989470265 -0.893589690411099 0.708627851700279 0.547783141016518 0.444724725456359 0.230756237981834 -0.365398160673103 0.0112449100181686 0.539579012966859 -0.376316040518687 -0.205397293307087
5.21659838902364 11.1798875786798 12.6380166028459 -0.147487365582023 0.457867751905518 -0.876700906605901 0.763405390647937 0.616276574694326 0.193430299634008 -0.283468793640282 -0.00391761224417947 -0.0327687898745392 0.337615966560919 0.421081744866693 -0.0417695660125844
5.66521497221768 11.3417979984473 12.6193925713297 -0.628831884943888 0.687517941076068 -0.363165834426908 0.663250646212984 0.718056811686069 0.210933359417848 0.354955997591752 0.273616927843276 0.0523971113419397 0.620661368968916 -0.0418011840932566 0.07990843950153
5.98350414181064 11.7149838633888 12.5203738609403 -0.805263112883658 0.545181577114016 0.233084211608403 0.576731743385808 0.811444555123403 0.0945416717365203 -0.360890368199562 -0.139742409025955 -0.272101363223352 0.780429658242672 0.354670341721061 0.20727981040276
6.08846450056693 12.193934897231 12.4003013742597 -0.522822654535119 0.209764151227509 0.826229604505405 0.551320311616001 0.822453071616884 0.140059819803713 -0.249370095112356 0.158851439014456 0.0544515704127146 0.519707324581701 -0.205543236611309 0.70978929455548
6.3668194218847 12.632329381336 12.5550852877386 -0.438910530702745 -0.293105461026881 0.849380136196754 0.446373541986738 0.749275154951142 0.489221102938644 -0.1750698234703 0.302046944804435 0.507581417426738 0.599880939447127 -0.119643331173926 -0.0737693438181052
6.28270055336117 12.9929252011881 12.846249652525 0.39827284344474 -0.564108498651666 0.723298164439986 0.341625987643101 0.823028891958806 0.453778600799354 0.028126238272379 -0.311609952074403 0.380585538815587 0.51534057622551 -0.443143289450543 0.639262629137025
6.41225436883522 13.4017031700027 13.0904377152651 0.544961617108256 -0.728408537150145 0.415256209753206 0.468862472136115 0.675329480900643 0.569296020666368 -0.152549386100636 -0.0699281999454978 -0.301898464285812 0.542476306772151 -0.0981256236174739 -0.160982704962454
6.46024814954808 13.6133359348885 13.509836662107 0.822255330968991 -0.536209769686796 -0.190722666944107 0.535585879960586 0.615730203545056 0.577948064179271 0.0688961411510629 -0.340388946699969 0.39921056804097 0.245733324441835 0.678430601060914 0.532502738829727
6.76445308822238 13.8334786098985 13.9153797571418 0.553418908633726 -0.552963730584905 -0.622863153388161 0.832894176119495 0.363968840579263 0.416909897553032 -0.105528457352946 -0.250557162042952 -0.252851680536616 0.34317475137037 -0.0278690399323034 -0.676980887068792
7.13155258550089 13.7300503119281 14.108392970237 0.362740275055466 0.283976381575825 -0.887567907027047 0.611114383858919 0.646556880376272 0.456621606010313 0.351202029371699 -0.0995598907667649 -0.352544816905536 0.667584272416266 -0.0112643973547949 0.0987065248802568
7.54693958734588 13.9375871561432 14.2689130764549 -0.107135732003943 0.351841288299142 -0.929908342313631 0.742844458990402 0.649978598556678 0.160342813195874 0.000498725939832621 0.846707022155521 -0.428531059986091 0.612940302330106 0.330878706554484 -0.216150984252976
8.02134365078938 13.9201268167999 14.1601865490455 -0.423324802253147 0.86012107625901 -0.284583427569206 0.817475249637253 0.49804796429664 0.289278983506879 -0.365079924510654 0.282046273233505 -0.0403050999211074 0.708426698231857 -0.179103694319575 0.258784318986817
8.38427468455213 14.2884798825975 14.2015904154331 -0.800100474073287 0.598745761848106 0.0366418502459277 0.587181716464871 0.769224896526699 0.252013049093169 0.366439787382505 0.802611968544547 0.160100599206864 0.154758123898586 -0.148030710951847 -0.0900952355877827
8.57792437094687 14.7497420561558 14.1323551534076 -0.795271030108068 0.175843274009608 0.580192220322322 0.475166862042039 0.775138401820258 0.416385391876057 0.0495237423504974 0.65294490137582 -0.188215121335448 0.6765876155885 -0.200640073032466 -0.174240511543994
8.56287736825897 15.2848463039239 14.163243886743 -0.263220519752467 -0.297586056818047 0.917691332596344 0.51405702781874 0.761682586442203 0.394442509351174 -0.480800049884465 0.781846843242273 -0.0838207933169731 0.568909612080661 0.276763261416824 0.804281861966502
8.57133915745665 15.9620769877168 13.9870136029765 -0.0576665835005514 -0.590530248995426 0.804952465441639 0.430206254221644 0.71289158287886 0.553812293061411 -0.863338076866567 0.485665929474023 -1.11773961774175 0.450378722403319 0.170411412639709 -0.119204112119192
8.7919406119199 15.9735994932569 14.7194717346699 0.484978854563957 -0.673523185849459 0.557818887278395 0.637044297247367 0.709077458768694 0.302297210759458 -0.483024722195923 0.0459902937151861 -0.294806953286377 0.182519780121379 0.494354300664632 -0.216917625739842
8.91551915511886 16.161468314291 15.239975255983 0.802817041061486 -0.595201070742145 -0.0349337228686245 0.523043253921308 0.67494239973603 0.520459789969873 0.755684495983066 0.493533400451627 0.0856272843996937 0.328978433672593 -0.694778646105556 -0.308699796146742
9.1410463509232 16.2634865833388 15.6642170175082 0.813798181041337 -0.18846940854024 -0.549737831488818 0.528943537927858 0.632056288427539 0.566324521186849 0.888376560534006 -0.131420800578575 -0.0660680892550547 0.169652279605849 0.0270155892541976 0.218675655339741
9.48960719801714 16.4181818557749 16.0388143711577 0.372255901316705 0.205065512771133 -0.90519255443178 0.644110165828664 0.64511493621915 0.41103368985173 0.632184016445089 0.301798944356315 -0.086695433527924 0.417072201834452 -0.289338443266181 -0.103358465533557
9.93019223289706 16.4177448728517 16.1189747533379 -0.0256016730009262 0.743409921595184 -0.668345812785097 0.768350253360673 0.44233228906112 0.462579637355566 -0.640820938978163 0.218454055921753 0.0279754055631914 0.509614357330313 -0.264504388781962 0.303419488313933
10.4130398346034 16.5571963801627 16.2879542620948 -0.483305325094163 0.765626247795209 -0.424537739448281 0.676744620915945 0.634369599575725 0.373619875317245 -0.0743998757848502 0.835550821991356 0.101673613999453 0.22432954118568 -0.109327658653605 0.198154153322111
2.41374960480106 22.5224028035809 2.42276303332228 0.0158177773435265 0.930878977002287 -0.364984947354681 0.438114935666632 0.321670572364082 0.839394560138207 0.126268016921465 0.2386859273404 -0.134688956274821 -0.0205013182192749 0.19079845002073 -0.514876779351847
2.83213828274712 22.7363464415656 2.56572454291634 -0.649184394114539 0.742038206717568 0.167149049807835 0.541942922264256 0.297037208574058 0.786172149846109 0.282047452278798 -0.0795287413619238 -0.486778838752278 0.496332766449228 0.532850927813003 0.28952718773118
3.15666877022494 22.9915589336805 2.87271895512373 -0.891124938884805 0.401652796764823 0.211119056025505 0.397263428383535 0.465759979989717 0.790727072259685 -0.328091557040828 0.477185149122111 -0.128882730949419 0.608397079744216 0.172172963013234 -0.337276456428982
3.33722570071139 23.379504933205 3.26090316427663 -0.930476098497771 -0.1090664252373 0.349740802476586 0.294671213531671 0.344419561076047 0.891371938897627 -0.597663125988467 -0.251108920567501 0.33267501069694 0.844058083890682 -0.0874686700309049 -0.414859968565839
3.45782625382228 23.7280697950344 3.54011238489704 -0.463376406804363 -0.736882880029089 0.492225362645066 0.525840484181999 0.21845142359419 0.822052700280504 -0.260048741053244 -0.28423369638554 0.133033261525042 0.284499905288916 -0.100420028292408 0.138991635156543
3.60171028874914 23.8713201109113 4.05863770533346 0.000679813543983091 -0.996841507259397 0.0794130221777638 0.623947288004471 0.0624814419544441 0.778964526652187 -0.101856878132806 -0.383372074454625 -0.0963326354905885 0.115688691821873 -0.0591560708868457 -0.276850189754692
3.6362741090245 23.8041694572928 4.54138078325718 0.365491130609195 -0.887944357464603 -0.279232758034602 0.535182488767201 -0.0449791774031396 0.843538059984054 0.742646120689378 -0.0785008551903224 -0.422346055054978 0.490055598521185 0.371017588255494 -0.0854683768022348
3.61433429781145 23.6020613253075 4.96005078358908 0.842803854444586 -0.326324002019033 -0.428011903577462 0.433706930275303 -0.0591443684578601 0.899110742403073 0.24309633122163 0.0230312327290777 -0.472012682515479 0.578520429181166 -0.00832494021439736 0.0277552776911289
3.73967187785466 23.3666378625359 5.37410349586675 0.838972710748196 0.257108721656462 -0.47960377048556 0.525943536089153 -0.156903283248592 0.835921434459474 0.555415761046796 -0.147453381162575 -0.627269105533085 0.599915955152866 -0.121050224014336 -0.23321892637877
4.08464591447043 23.1412359119393 5.67889256055574 0.524846274374524 0.751220412915112 -0.400255119067647 0.686821417269805 -0.0959876196758589 0.720459997325366 0.467263074484999 0.647048682881008 -0.171113862774037 0.745124820593656 -0.0344141095740417 0.0275659742887516
4.52046641465391 23.0337919940262 5.86941908447855 0.0825863882804944 0.984467311784349 -0.154930571938965 0.743474407301908 0.042662795907419 0.667402114116089 0.337496146356327 0.228079730793903 -0.16342834930585 0.447619768569155 0.0945085767710606 -0.150653664585132
4.94931235563647 23.1488371365766 6.07415804122408 -0.455576079778729 0.885003724672605 0.0960141911406196 0.511098032728059 0.171729951644639 0.842192083532459 0.0574211272843818 0.0897382901508628 0.490570570025578 0.482156411133047 -0.0650599189572044 -0.0684507736968015
5.24818320546897 23.4209354886728 6.28875241999617 -0.837052913847163 0.268097948310432 0.476933739455345 0.528352822190518 0.169731959359271 0.831885952916373 0.0845559329565699 -0.219330922662038 0.370864543744136 0.166042936436556 -0.318340486717117 0.197727505123775
5.47355069882446 23.6795030217828 6.5838235417717 -0.741468186009365 -0.475429443549447 0.473488818953056 0.526780395739564 0.0246226493175929 0.849644644071394 -0.0877723521677333 0.332487077779501 0.126702340266907 0.293646508979621 -0.00320616056782651 0.390157706207921
5.58942161852985 23.8802828929263 7.03446867563667 -0.558478889900066 -0.807505572576843 0.189831402122971 0.208476694251434 0.0848664935415518 0.974338254681461 -0.224761025317786 -0.229466902730448 0.750220102478962 0.635382311644724 0.182193780812248 -0.0980275077026987
5.35873780803198 24.0717835992524 7.48678829351754 0.2325954507636 -0.950038557654144 0.208148935210693 0.16677638565745 0.249809784752346 0.95382420071667 -0.202604252405153 -0.670806381530623 0.142450682592741 0.654967188469597 -0.0904454498543968 0.534981498862736
5.56288332832709 24.1433052534649 8.01329097091424 0.236211458442546 -0.955582494946713 -0.17625586564567 0.456737886297271 -0.0509152263196667 0.888143021270108 0.570113565748154 -0.49887738414546 0.0513070843553592 0.554472998616716 0.0344641409728887 -0.513762130800828
5.66594093526412 23.9853990606022 8.47505299325012 0.669455165081936 -0.580036013135213 -0.464099010725219 0.423948450343576 -0.214698083943856 0.879870636809091 0.881223877847659 -1.03360219307684 0.521585891768609 0.609712381475711 0.367261649462709 -0.377857375932384
5.84243410476273 23.5755823511565 8.88825435684835 0.896976810018253 0.128503830830339 -0.422988475071148 0.439342856987562 -0.152861582822739 0.885218095776812 0.348409435759349 -0.013633538912344 -0.156543874067935 0.884963845783337 -0.199041230252094 -0.448100670924826
6.11778865312705 23.2089095604612 9.22581449051284 0.671693633691997 0.636931328834984 -0.378346440518014 0.587988530720694 -0.147675092924756 0.795274443990991 0.548899020213978 -0.371404777718563 0.724238082597795 0.379806134654227 0.0601527559062041 -0.107414754923434
6.59488363959407 23.2678910990799 9.3327960396535 0.140202555231804 0.968638538138715 -0.205140218266373 0.49633038932851 0.11051934122095 0.861069974368363 0.483497915275699 -0.348917666166894 0.336599813409854 0.160280764698299 0.340690731494255 -0.187544079249451
6.95358949167087 23.5269548218677 9.51850973839315 -0.500882812641018 0.864965605303892 0.0308349009104155 0.421756965588728 0.212810212239825 0.881381164106653 -0.249777314095513 -0.386035198420522 0.195068167859388 0.442106642110426 0.386875447544532 -0.184691477553597
7.3220944007704 23.8017018888298 9.67848330868839 -0.798062716030941 0.378409638312394 0.468937018940315 0.581263863717441 0.278316706650271 0.76463848800413 0.0798800268623689 0.248599010242883 0.313246240856087 0.453502686342623 -0.165404184479917 -0.0166128078184239
7.59310938824919 24.1325928871811 9.89907413751278 -0.812447235710391 -0.22292577998747 0.538733205396361 0.497213164267384 0.217635874253189 0.839889027253222 -0.00789770302905636 0.0247327959531521 0.575899279445164 0.64253321761283 -0.512605758643762 -0.240731716202328
7.70701315720532 24.4636520170858 10.2396045087684 -0.476408899909235 -0.761654387242563 0.439223218176682 0.359638326720661 0.287042024790398 0.887844039311585 0.558928217192833 -0.0943376652903873 0.359741260338896 0.214920921111404 -0.00314300768492641 0.467989522296508
7.82624003738355 24.6061897506708 10.6817638673048 -0.0244563834163426 -0.999692596500499 0.00405945946535509 0.525966458382707 -0.00941375121702003 0.850453142005324 0.283591364043282 -0.194279207737314 0.275417462439633 0.0606301875699031 0.110086036565316 0.16780428083512
