t = 0
b =  30.0 30.0 30.0
E = 0. 0. 0.
10.1336246262 14.8064253904 21.3649142239 0.429083962539 -0.125643509167 0.894483460829 0.273359767572 0.961903619829 0.00398291769911 0.0 0.0 0.0 0.0 0.0 0.0
9.98618761329 15.2524445827 21.6257097558 0.852388123209 -0.244151660935 0.462411563302 0.273359767572 0.961903619829 0.00398291769911 0.0 0.0 0.0 0.0 0.0 0.0
10.0330524999 15.6428093962 21.9919120181 0.951855784702 -0.269902514716 -0.145338218232 0.273359767572 0.961903619829 0.00398291769911 0.0 0.0 0.0 0.0 0.0 0.0
10.2968929425 15.971649923 22.3249844289 0.689697519407 -0.193112890627 -0.697871580735 0.273359767572 0.961903619829 0.00398291769911 0.0 0.0 0.0 0.0 0.0 0.0
10.7179499565 16.2564703603 22.498976991 0.165511635362 -0.0429564507129 -0.985271861925 0.273359767572 0.961903619829 0.00398291769911 0.0 0.0 0.0 0.0 0.0 0.0
11.1767353529 16.5314988733 22.4483768012 -0.421554886164 0.12351986302 -0.898350889904 0.273359767572 0.961903619829 0.00398291769911 0.0 0.0 0.0 0.0 0.0 0.0
11.5394272997 16.8346837429 22.1929974977 -0.848465658415 0.24306891565 -0.470131395182 0.273359767572 0.961903619829 0.00398291769911 0.0 0.0 0.0 0.0 0.0 0.0
11.708711473 17.1932761795 21.8304517279 -0.953030141444 0.270272023329 0.136698876748 0.273359767572 0.961903619829 0.00398291769911 0.0 0.0 0.0 0.0 0.0 0.0
11.6607523956 17.6134771324 21.4990664714 -0.695522539925 0.194794270638 0.691594959917 0.273359767572 0.961903619829 0.00398291769911 0.0 0.0 0.0 0.0 0.0 0.0
11.4542489333 18.0780814453 21.3253303078 -0.173774296971 0.0453109177448 0.983742554963 0.273359767572 0.961903619829 0.00398291769911 0.0 0.0 0.0 0.0 0.0 0.0
11.2081336145 18.5530143834 21.3758382905 0.413993706753 -0.121386810357 0.90214990608 0.273359767572 0.961903619829 0.00398291769911 0.0 0.0 0.0 0.0 0.0 0.0
11.0563881743 19.0002771942 21.6319913726 0.844478579676 -0.241967659726 0.477815424735 0.273359767572 0.961903619829 0.00398291769911 0.0 0.0 0.0 0.0 0.0 0.0
11.0971416528 19.3923834694 21.9970624959 0.954131921252 -0.270620949681 -0.128049125115 0.273359767572 0.961903619829 0.00398291769911 0.0 0.0 0.0 0.0 0.0 0.0
11.3553895328 19.7228016906 22.3329448171 0.701294593708 -0.196460816311 -0.685265671466 0.273359767572 0.961903619829 0.00398291769911 0.0 0.0 0.0 0.0 0.0 0.0
11.7734975375 20.0084366626 22.5126208069 0.182023724995 -0.0476619341749 -0.982138332196 0.273359767572 0.961903619829 0.00398291769911 0.0 0.0 0.0 0.0 0.0 0.0
12.2330978561 20.2832070951 22.468418333 -0.406401000118 0.119244513619 -0.905880220048 0.273359767572 0.961903619829 0.00398291769911 0.0 0.0 0.0 0.0 0.0 0.0
12.6000590539 20.5851593183 22.2177204344 -0.840427190624 0.240847977027 -0.485463066794 0.273359767572 0.961903619829 0.00398291769911 0.0 0.0 0.0 0.0 0.0 0.0
12.7754448471 20.9420128454 21.8563612145 -0.955161040219 0.270949267199 0.119389622045 0.273359767572 0.961903619829 0.00398291769911 0.0 0.0 0.0 0.0 0.0 0.0
12.7331016512 21.3606292665 21.5222168627 -0.707013241193 0.198112400732 0.678884197381 0.273359767572 0.961903619829 0.00398291769911 0.0 0.0 0.0 0.0 0.0 0.0
12.5295947647 21.8244054156 21.342824185 -0.190259291207 0.0500093209642 0.980459315793 0.273359767572 0.961903619829 0.00398291769911 0.0 0.0 0.0 0.0 0.0 0.0
12.2827182668 22.299581191 21.3869272392 0.398777344474 -0.117093135949 0.90954154773 0.273359767572 0.961903619829 0.00398291769911 0.0 0.0 0.0 0.0 0.0 0.0
12.1267430771 22.7480655824 21.6383603179 0.836311799788 -0.239709952823 0.493073738961 0.273359767572 0.961903619829 0.00398291769911 0.0 0.0 0.0 0.0 0.0 0.0
12.1614051885 23.1419080824 22.0021895708 0.956117419975 -0.271256950882 -0.110721026993 0.273359767572 0.961903619829 0.00398291769911 0.0 0.0 0.0 0.0 0.0 0.0
12.4140142958 23.473917552 22.3407799622 0.712678046883 -0.199748898127 -0.672451023636 0.273359767572 0.961903619829 0.00398291769911 0.0 0.0 0.0 0.0 0.0 0.0
12.8290783863 23.7603942539 22.5260851215 0.198480368438 -0.0523528993501 -0.978705633617 0.273359767572 0.961903619829 0.00398291769911 0.0 0.0 0.0 0.0 0.0 0.0
13.2893860831 24.0349371108 22.4882943009 -0.391123320391 0.114932841184 -0.913133610302 0.273359767572 0.961903619829 0.00398291769911 0.0 0.0 0.0 0.0 0.0 0.0
13.6605372067 24.3356789125 22.2423546451 -0.83213272057 0.238553673778 -0.500646861654 0.273359767572 0.961903619829 0.00398291769911 0.0 0.0 0.0 0.0 0.0 0.0
13.8420036505 24.6907990316 21.8822925214 -0.957000987688 0.271543977298 0.102044000107 0.273359767572 0.961903619829 0.00398291769911 0.0 0.0 0.0 0.0 0.0 0.0
