
#id1 id2 FENE BEXC STCK NEXC HB CRSTCK CXSTCK total, t = 100
0 1 0.114831 0 -1.31817 0 0 0 0 -1.20334
1 2 0.323297 0 -1.04855 0 0 0 0 -0.725252
2 3 0.152706 0 -1.31049 0 0 0 0 -1.15779
3 4 0.0734418 0 -1.43267 0 0 0 0 -1.35923
4 5 0.0275011 0 -1.1233 0 0 0 0 -1.0958
5 6 0.128652 0 -1.28659 0 0 0 0 -1.15794
6 7 0.219529 0 -1.25088 0 0 0 0 -1.03135
7 8 0.0296381 0 -1.31562 0 0 0 0 -1.28598
8 9 0.105158 0 -1.2425 0 0 0 0 -1.13734
9 10 0.623386 0 -1.35545 0 0 0 0 -0.73206
10 11 0.0737524 0 -1.3589 0 0 0 0 -1.28514
11 12 0.0099755 0 -1.15242 0 0 0 0 -1.14244
12 13 0.192255 0 -1.39713 0 0 0 0 -1.20487
13 14 0.30698 0 -1.15338 0 0 0 0 -0.846401
14 15 0.124002 0 -1.34243 0 0 0 0 -1.21843
15 16 0.00825115 0 -1.23126 0 0 0 0 -1.22301
16 17 0.148477 0 -1.15691 0 0 0 0 -1.00843
17 18 0.375274 0 -1.2116 0 0 0 0 -0.836329
18 19 0.0830343 0 -0.961411 0 0 0 0 -0.878377
19 20 0.24766 0 -0.713749 0 0 0 0 -0.466089
20 21 0.0179082 0 -1.18674 0 0 0 0 -1.16883
21 22 0.0263373 0 -1.19732 0 0 0 0 -1.17098
22 23 0.0876053 0 -1.18196 0 0 0 0 -1.09436
23 24 0.0493887 0 -1.19635 0 0 0 0 -1.14696
24 25 0.0814633 0 -1.13522 0 0 0 0 -1.05376
25 26 0.223573 0 -1.30678 0 0 0 0 -1.08321
26 27 0.0140045 0 -1.19829 0 0 0 0 -1.18429
#Total energy per particle is  -1.03207 and should be -1.0320710

