t = 0
b =  30.0 30.0 30.0
E = 0. 0. 0.
25.5467755232 7.00863885931 28.3316368326 0.312668208739 -0.536598809416 0.783773123408 0.165957062635 0.84331290848 0.511157110634 0.0 0.0 0.0 0.0 0.0 0.0
25.3180521324 7.26570533968 28.744295938 0.801680357731 -0.417222865068 0.428058039165 0.165957062635 0.84331290848 0.511157110634 0.0 0.0 0.0 0.0 0.0 0.0
25.2720718043 7.42766585482 29.2545308869 0.986120735439 -0.139336978685 -0.0902834509059 0.165957062635 0.84331290848 0.511157110634 0.0 0.0 0.0 0.0 0.0 0.0
25.4508777289 7.5578645013 29.7441857203 0.795917358695 0.191485355489 -0.574324748519 0.165957062635 0.84331290848 0.511157110634 0.0 0.0 0.0 0.0 0.0 0.0
25.8111130405 7.73171224058 30.1029232093 0.303331670354 0.449559201649 -0.840170471971 0.165957062635 0.84331290848 0.511157110634 0.0 0.0 0.0 0.0 0.0 0.0
26.2404928159 8.00803701402 30.2701438127 -0.30449479099 0.536837990874 -0.786821386221 0.165957062635 0.84331290848 0.511157110634 0.0 0.0 0.0 0.0 0.0 0.0
26.6004629941 8.40673402437 30.2580084563 -0.796638590355 0.420163051913 -0.434545700893 0.165957062635 0.84331290848 0.511157110634 0.0 0.0 0.0 0.0 0.0 0.0
26.7788393805 8.90120721563 30.1468183938 -0.986126070157 0.143861144778 0.0828211614206 0.165957062635 0.84331290848 0.511157110634 0.0 0.0 0.0 0.0 0.0 0.0
26.7324282982 9.42847355937 30.0545074176 -0.800967768758 -0.187096016487 0.568722879815 0.165957062635 0.84331290848 0.511157110634 0.0 0.0 0.0 0.0 0.0 0.0
26.5034365879 9.91309136026 30.0918368398 -0.311508420541 -0.446972273011 0.838557267628 0.165957062635 0.84331290848 0.511157110634 0.0 0.0 0.0 0.0 0.0 0.0
26.2034365232 10.2958218175 30.3203154175 0.296298184783 -0.53703629004 0.789809729539 0.165957062635 0.84331290848 0.511157110634 0.0 0.0 0.0 0.0 0.0 0.0
25.9709776391 10.5561348354 30.7288311479 0.791536155866 -0.423071241714 0.441000270284 0.165957062635 0.84331290848 0.511157110634 0.0 0.0 0.0 0.0 0.0 0.0
25.9189494467 10.7200087506 31.2378729038 0.986056307557 -0.148374355288 -0.0753525647832 0.165957062635 0.84331290848 0.511157110634 0.0 0.0 0.0 0.0 0.0 0.0
26.0916928206 10.8500607267 31.7297380402 0.805957182025 0.182692429399 -0.563077700662 0.165957062635 0.84331290848 0.511157110634 0.0 0.0 0.0 0.0 0.0 0.0
26.4481541594 11.0217574479 32.093249597 0.319661448156 0.444351305703 -0.836880203902 0.165957062635 0.84331290848 0.511157110634 0.0 0.0 0.0 0.0 0.0 0.0
26.8774823355 11.2947440632 32.265994285 -0.288079014322 0.537193691813 -0.792737925789 0.165957062635 0.84331290848 0.511157110634 0.0 0.0 0.0 0.0 0.0 0.0
27.2411428912 11.6901839975 32.2580343379 -0.786373442835 0.425947213003 -0.447421255797 0.165957062635 0.84331290848 0.511157110634 0.0 0.0 0.0 0.0 0.0 0.0
27.4255495958 12.1827186124 32.1480847014 -0.985911452952 0.152876266516 0.0678782297562 0.165957062635 0.84331290848 0.511157110634 0.0 0.0 0.0 0.0 0.0 0.0
27.3852177537 12.710101377 32.0536079095 -0.810885218532 -0.178274929576 0.557389640962 0.165957062635 0.84331290848 0.511157110634 0.0 0.0 0.0 0.0 0.0 0.0
27.1600446005 13.1968463658 32.0861881039 -0.327790132314 -0.441696499324 0.835139408508 0.165957062635 0.84331290848 0.511157110634 0.0 0.0 0.0 0.0 0.0 0.0
26.8601516764 13.5829066237 32.3091383527 0.279837905529 -0.537310184207 0.795605751976 0.165957062635 0.84331290848 0.511157110634 0.0 0.0 0.0 0.0 0.0 0.0
26.6240478116 13.8464870082 32.7134469576 0.781150844421 -0.428790746763 0.453808168449 0.165957062635 0.84331290848 0.511157110634 0.0 0.0 0.0 0.0 0.0 0.0
26.5660073064 14.0123245285 33.2212011489 0.985691517372 -0.157366535624 -0.0603987255392 0.165957062635 0.84331290848 0.511157110634 0.0 0.0 0.0 0.0 0.0 0.0
26.7326552136 14.1422903421 33.7151874488 0.81575150299 0.173843853426 -0.551659133882 0.165957062635 0.84331290848 0.511157110634 0.0 0.0 0.0 0.0 0.0 0.0
27.0852537016 14.3118838675 34.0834230317 0.335893853984 0.439008056045 -0.833335014015 0.165957062635 0.84331290848 0.511157110634 0.0 0.0 0.0 0.0 0.0 0.0
27.5144192041 14.5815492931 34.261699872 -0.271575485996 0.53738575835 -0.798412989705 0.165957062635 0.84331290848 0.511157110634 0.0 0.0 0.0 0.0 0.0 0.0
