
#id1 id2 FENE BEXC STCK NEXC HB CRSTCK CXSTCK total, t = 100
0 1 1.61281 0 0 0 0 0 0 1.61281
1 2 0.0810308 0 -1.20762 0 0 0 0 -1.12659
2 3 0.0528446 0 -1.36555 0 0 0 0 -1.3127
3 4 0.0621386 0 -1.2499 0 0 0 0 -1.18777
4 5 0.00606825 0 -1.30513 0 0 0 0 -1.29906
5 6 0.0120618 0 -1.25412 0 0 0 0 -1.24206
6 7 0.871935 0 -0 0 0 0 0 0.871935
7 8 0.729301 0 -0.000183073 0 0 0 0 0.729118
8 9 0.115723 0 -1.28587 0 0 0 0 -1.17015
9 10 0.0452493 0 -1.04598 0 0 0 0 -1.00073
10 11 0.214662 0 -1.24555 0 0 0 0 -1.03089
11 12 0.335892 0 -1.34599 0 0 0 0 -1.0101
12 13 0.40903 0 -1.38166 0 0 0 0 -0.972625
13 14 0.150643 0 -1.2566 0 0 0 0 -1.10595
14 15 0.386778 0 -1.3245 0 0 0 0 -0.937718
15 16 0.112207 0 -1.26923 0 0 0 0 -1.15702
16 17 0.0851966 0 -1.1762 0 0 0 0 -1.091
17 18 0.144571 0 -1.37576 0 0 0 0 -1.23119
18 19 0.202516 0 -1.24889 0 0 0 0 -1.04637
19 20 0.137668 0 -1.43448 0 0 0 0 -1.29681
20 21 0.0664764 0 -1.3513 0 0 0 0 -1.28483
21 22 0.262936 0 -1.25884 0 0 0 0 -0.995904
22 23 0.053346 0 -1.01618 0 0 0 0 -0.96283
23 24 0.00253541 0 -1.00526 0 0 0 0 -1.00273
24 25 0.077509 0 -1.1301 0 0 0 0 -1.0526
25 26 0.0286302 0 -1.16451 0 0 0 0 -1.13588
27 28 0.000109477 0 -1.24765 0 0 0 0 -1.24754
28 29 0.234097 0 -1.13016 0 0 0 0 -0.896061
29 30 0.0666426 0 -1.03449 0 0 0 0 -0.967843
30 31 0.0234334 0 -1.38292 0 0 0 0 -1.35949
31 32 0.000840708 0 -1.31985 0 0 0 0 -1.31901
32 33 1.13732 0 0 0 0 0 0 1.13732
33 34 0.966057 0 0 0 0 0 0 0.966057
34 35 0.32496 0 -0.968316 0 0 0 0 -0.643356
35 36 0.343744 0 -1.16397 0 0 0 0 -0.82023
36 37 0.154388 0 -1.20662 0 0 0 0 -1.05223
37 38 0.168446 0 -1.37945 0 0 0 0 -1.211
38 39 0.0740285 0 -0.542023 0 0 0 0 -0.467995
39 40 1.125 0 0 0 0 0 0 1.125
40 41 0.290126 0 0 0 0 0 0 0.290126
41 42 0.663342 0 -1.21017 0 0 0 0 -0.546824
42 43 0.389438 0 -1.21783 0 0 0 0 -0.828387
43 44 0.0999103 0 -1.13265 0 0 0 0 -1.03274
44 45 0.0357294 0 -1.20523 0 0 0 0 -1.1695
45 46 0.491898 0 -1.15275 0 0 0 0 -0.660852
46 47 1.59068 0 0 0 0 0 0 1.59068
47 48 2.03295 0 0 0 0 0 0 2.03295
48 49 0.00697539 0 -1.43655 0 0 0 0 -1.42957
49 50 0.0904794 0 -1.38774 0 0 0 0 -1.29727
50 51 0.294578 0 -1.28182 0 0 0 0 -0.98724
51 52 0.185208 0 -1.05635 0 0 0 0 -0.871145
52 53 0.0371123 0 -1.2623 0 0 0 0 -1.22518
54 55 0.0459356 0 -1.35235 0 0 0 0 -1.30642
55 56 0.166051 0 -0.936895 0 0 0 0 -0.770844
56 57 0.274984 0 -1.1575 0 0 0 0 -0.882514
57 58 0.10883 0 -1.06577 0 0 0 0 -0.956939
58 59 0.0112408 0 -1.33003 0 0 0 0 -1.31878
59 60 0.0338918 0 -1.30377 0 0 0 0 -1.26988
60 61 0.215757 0 -0.512157 0 0 0 0 -0.2964
61 62 0.0240315 0 -1.12814 0 0 0 0 -1.10411
62 63 0.12647 0 -1.38873 0 0 0 0 -1.26226
63 64 0.0893951 0 -1.28428 0 0 0 0 -1.19488
64 65 0.00963107 0 -1.07431 0 0 0 0 -1.06468
65 66 2.05387 0 0 0 0 0 0 2.05387
66 67 1.94736 0 0 0 0 0 0 1.94736
67 68 0.036928 0 -1.36236 0 0 0 0 -1.32543
68 69 0.0329572 0 -0.896684 0 0 0 0 -0.863727
69 70 0.501077 0 -1.35615 0 0 0 0 -0.855077
70 71 0.0309188 0 -1.31261 0 0 0 0 -1.2817
71 72 0.226525 0 -0.827269 0 0 0 0 -0.600744
72 73 0.0527398 0 -1.39199 0 0 0 0 -1.33925
73 74 0.068699 0 -1.21395 0 0 0 0 -1.14525
74 75 0.329243 0 -1.24792 0 0 0 0 -0.918676
75 76 0.0203372 0 -1.33187 0 0 0 0 -1.31153
76 77 0.026279 0 -1.2894 0 0 0 0 -1.26312
77 78 0.096269 0 -1.0056 0 0 0 0 -0.909331
#Total energy per particle is  -0.690776 and should be -0.69077610

