t = 100
b = 30 30 30
E = -0.779082434647776 -0.987826432692307 0.208743998044531
12.8185790418338 4.08171049654123 8.2687304308393 0.207412368387173 0.66510307493164 -0.717368728945421 0.867788396094021 0.213417690394015 0.448771734676008 0.534602797773173 0.62633733670806 0.937615240667977 0.181857097829644 1.09931040223013 -0.486804411953
13.2319113884392 3.97126955147683 8.08070037278996 -0.00593943531172292 0.996402026683057 0.0845435154497915 0.950406925318914 -0.0206651574240061 0.310321637575833 0.460891221215176 0.200272486699776 0.345800056894508 0.560943352855339 0.0219477658686247 0.122865187788398
13.6622472407576 4.06873357956271 7.94122073167826 -0.264425202774111 0.738823341561364 0.619854228400827 0.924744253642445 0.0118157219163844 0.380405492657209 0.869684869550451 -0.0833503800015926 -0.101365543555162 0.586336360784229 -0.421815172874177 0.31975064164689
14.005120124278 4.29953867389746 8.15336916599108 -0.536974274101871 0.227808043549339 0.812257352239104 0.842851108782281 0.185400383849162 0.505201535174537 0.417162378159833 0.121626564844982 0.160004210857356 0.347495260565784 0.117128676908395 0.226685408541596
14.328023614336 4.57522053554346 8.33447214326731 -0.549743981914274 -0.358913592316686 0.754296008874479 0.698001501321568 0.298677968041754 0.650834286168928 0.639484523859755 0.535889772486792 0.339815128065844 0.611065387894379 -0.206387530965264 -0.028722213854581
14.4719365910785 4.75879442277422 8.70700983979711 -0.408054984716959 -0.73694893392519 0.538885219740804 0.63897260314978 0.191058814050532 0.745124441651742 0.528710307723616 -0.214282015064858 0.633093255339009 0.535778419981957 -0.401556439618636 -0.0880734972957095
14.6464321550623 4.84611426898539 9.12372708482401 -0.182543351412394 -0.980557419341325 0.0720066346095206 0.812622871348536 -0.109241948856262 0.572459733399079 -0.00573583435220643 -0.497383444253934 0.196898783890657 0.561327824890341 0.39545108706087 -0.13404903970664
14.7395147456736 4.77001222711357 9.55121372654377 0.291508092139667 -0.835504002039218 -0.465785332150904 0.754439392039646 -0.0985472990232091 0.648929515995369 -0.0740430480940424 0.170152605466423 0.0787493580288181 0.4545814579319 0.261603302465084 -0.0475984572576641
14.9478781686093 4.53396282174055 9.92300600381081 0.515924807850077 -0.334129210957843 -0.788783331352715 0.788963226348564 -0.173358852628806 0.58947741300493 0.367616658311103 -0.0237956543630058 0.0572876903051384 0.447577743940434 0.0935864751926979 0.257089766159003
15.2859618993501 4.20154000422346 10.0390006176466 0.566161937360686 0.490989258614285 -0.662110334789917 0.820567782969273 -0.25941975037152 0.509283611054116 0.439138587356251 -0.248110481974339 -0.939890844995024 0.343447380951469 -0.512707254712624 0.0754807100897117
15.6817103809375 4.10191762329186 10.1971521436354 0.370765406337117 0.781656325574882 -0.501543899348095 0.852194798307623 -0.0716650888581282 0.518293375288048 0.410948420413535 0.594222165230969 0.162016228838056 0.495288257643896 -0.116060645784193 0.125794893330555
16.1441729999295 3.97833556823027 10.2575076564931 0.0548486944617357 0.997595408988643 -0.0423662792541025 0.81933946044778 -0.0207164253439237 0.572934166434576 -0.160602172073596 0.0703678847374674 0.119037881100646 0.406971883671322 -0.0432315868148925 -0.131557686616026
16.6359527232513 3.98792193788048 10.3368165711999 -0.284458086140627 0.922323147980387 0.261540615832395 0.878484168870076 0.141538775296863 0.456324692482439 -0.137481153623406 -0.332783849176329 0.218681242123586 0.2837892107742 0.228462748720737 -0.377539578777144
17.0596606594771 4.18758158496168 10.371804783266 -0.52958704457453 0.479590522167863 0.699664474432151 0.834495355700226 0.146598435382259 0.531155611203309 -0.230348228434627 -0.250034674537359 0.399313928984588 0.235388990821056 0.0765001309983407 -0.0986383618493247
17.3596527982692 4.5126726379089 10.6148101539698 -0.543682798899268 -0.284412027950864 0.789631998682611 0.797503805496763 0.118102467709039 0.591641250723443 -0.0793302597990459 0.679062161470924 0.370403124668545 0.444389932686256 -0.0712298016600171 -0.338015246566846
17.6161145501214 4.75691143711336 10.935209023628 -0.388454174907483 -0.718928364585794 0.57640718473423 0.729836870156543 0.141826038036373 0.668747637397893 -0.274039815633803 0.0126240595518418 -0.315914682741208 0.562653445308979 0.232085323434475 -0.00837206919535348
17.8175296855807 4.86756124285077 11.3363001364234 -0.188446624123397 -0.96870950732541 0.161522895962003 0.74244025648694 -0.0328627708932926 0.669105661494674 0.225858056407087 -0.850349147345786 0.33448794722043 0.468830438810118 0.115443139187819 -0.329082553411889
17.963469932288 4.89181416633218 11.8091714202766 0.101649940577454 -0.899685237898883 -0.424539333991871 0.67386005632571 -0.251665887821352 0.694677476594618 0.15876269588037 -0.12756540684582 -0.487508443228078 0.392904460328318 0.158561263617795 -0.42943083653351
18.1871082801995 4.58784869872687 12.0677010274783 0.452579934922305 -0.468269975873122 -0.758877140908932 0.811203594763053 -0.137193100448059 0.568442313762463 0.425192377031075 -0.567426769518517 -0.00450624956301617 0.830229251799005 0.0698096174853634 -0.224857320774432
18.3592157539579 4.23154412002755 12.3090438753214 0.656724000365396 0.289244544923859 -0.69645607287475 0.746403095521839 -0.117431398351236 0.655051270942129 0.66554193811973 0.0175327323421026 -0.371924108631056 0.554568960861787 -0.10372163089927 0.127212766473896
18.8390963350751 4.06566083403644 12.4645118700424 0.322465950481806 0.660761337165399 -0.677797941915658 0.91008210821887 -0.0194974926836351 0.413968945821784 -0.127042193739231 0.703372879813802 -0.293653540699191 0.330987187474886 0.141237002733494 -0.309411688927359
19.2841044315351 4.00152374417623 12.4194443607609 -0.00322466339601382 0.992209569835266 -0.124537754033614 0.909788419284207 0.0546020759140762 0.411465102251623 -0.441998558205879 0.287150290927172 -0.47717347329931 0.504365992442802 0.212030926527668 -0.221304602422226
19.7542963021581 4.06021777473277 12.4529287150235 -0.362335693494265 0.913103768238114 0.186960528091029 0.781735916908304 0.188493343243118 0.594440154356001 -0.490161806754196 -0.316409553007518 0.147749267135777 0.371751576364655 0.468113816889953 -0.147625843354188
20.1478433620296 4.24970151773463 12.4837141482739 -0.633566470045094 0.402273771499547 0.660885180587859 0.760654845376077 0.167740319163794 0.627110256689311 0.0346163686262243 -0.00785678861506314 -0.181982002368961 0.535406811363866 -0.128792902085184 -0.499272271570648
20.449832882228 4.62031379443508 12.5783863179528 -0.58207925308494 -0.249777564712783 0.773818319821607 0.728927494685498 0.261443763625183 0.63270194819951 -0.353913228761236 0.0278544733937582 -0.261964089922295 0.537743322623332 -0.0225637394325599 0.0834134981079962
20.6904089476334 4.87017418695854 12.8721352781535 -0.488467619781191 -0.710207977527704 0.506955515669858 0.67723051070877 0.0577935506211272 0.733497529666773 -0.430479250922909 -0.19005653407532 -0.784913682341241 0.500197581211363 0.278267887818853 -0.155941213997029
20.7383774490368 4.96279781906747 13.2858877222495 0.223450530171467 -0.96917170530587 0.103807264566032 0.722855338895246 0.236213936021166 0.64937124832405 -1.24140654147206 -0.00852694688800665 -0.326403312198659 0.363121740710428 -0.711797207494768 0.531396688383655
