
#id1 id2 FENE BEXC STCK NEXC HB CRSTCK CXSTCK total, t = 100
0 1 0.00381675 0 -1.29766 0 0 0 0 -1.29384
1 2 0.124898 0 -1.16371 0 0 0 0 -1.03881
2 3 0.115762 0 -1.1779 0 0 0 0 -1.06214
3 4 0.117248 0 -1.15501 0 0 0 0 -1.03777
4 5 0.105285 0 -1.29747 0 0 0 0 -1.19219
5 6 0.279038 0 -1.31392 0 0 0 0 -1.03488
6 7 0.0605802 0 -1.25673 0 0 0 0 -1.19615
7 8 0.171856 0 -0.774572 0 0 0 0 -0.602716
8 9 0.116526 0 -0.866979 0 0 0 0 -0.750454
9 10 0.263958 0 -1.12427 0 0 0 0 -0.86031
10 11 0.606547 0 -1.30803 0 0 0 0 -0.701485
11 12 0.216005 0 -1.05687 0 0 0 0 -0.840867
12 13 0.00309023 0 -1.41259 0 0 0 0 -1.4095
13 14 0.0334433 0 -1.27231 0 0 0 0 -1.23886
14 15 0.117613 0 -1.19627 0 0 0 0 -1.07866
15 16 0.0384493 0 -1.17412 0 0 0 0 -1.13567
16 17 0.0863487 0 -1.18074 0 0 0 0 -1.09439
17 18 0.160458 0 -1.15631 0 0 0 0 -0.995855
18 19 0.109233 0 -0.933665 0 0 0 0 -0.824432
19 20 0.0243772 0 -1.24936 0 0 0 0 -1.22498
20 21 0.0116581 0 -1.23251 0 0 0 0 -1.22085
21 22 0.595094 0 -1.35454 0 0 0 0 -0.759443
22 23 0.0806079 0 -1.18781 0 0 0 0 -1.1072
23 24 0.0190276 0 -1.1057 0 0 0 0 -1.08668
24 25 0.380269 0 -0.98238 0 0 0 0 -0.602111
25 26 0.381483 0 -0.901703 0 0 0 0 -0.52022
#Total energy per particle is  -0.959647 and should be -0.95964710

