
#id1 id2 FENE BEXC STCK NEXC HB CRSTCK CXSTCK total, t = 100
0 1 0.0659601 0 -1.16019 0 0 0 0 -1.09423
1 2 0.193881 0 -1.12842 0 0 0 0 -0.934538
2 3 0.0767429 0 -1.27765 0 0 0 0 -1.20091
3 4 0.0690926 0 -1.02539 0 0 0 0 -0.956295
4 5 0.00595871 0 -1.39676 0 0 0 0 -1.3908
5 6 1.68789 0 0 0 0 0 0 1.68789
6 7 1.76376 0 0 0 0 0 0 1.76376
7 8 0.0162073 0 -1.22946 0 0 0 0 -1.21325
8 9 0.0328092 0 -1.16793 0 0 0 0 -1.13512
9 10 0.0634195 0 -1.09507 0 0 0 0 -1.03165
10 11 0.0313104 0 -1.4069 0 0 0 0 -1.37559
11 12 0.0607048 0 -1.38566 0 0 0 0 -1.32495
12 13 0.148611 0 -1.34529 0 0 0 0 -1.19668
13 14 0.0833454 0 -1.35346 0 0 0 0 -1.27012
14 15 0.167088 0 -1.15929 0 0 0 0 -0.992204
15 16 0.169491 0 -0.33209 0 0 0 0 -0.162598
16 17 0.0128556 0 -1.40479 0 0 0 0 -1.39194
17 18 0.0137296 0 -1.14586 0 0 0 0 -1.13213
18 19 0.0937454 0 -1.37052 0 0 0 0 -1.27677
19 20 0.177238 0 -1.42751 0 0 0 0 -1.25027
20 21 0.11084 0 -1.05824 0 0 0 0 -0.947403
21 22 0.141917 0 -1.22644 0 0 0 0 -1.08452
22 23 0.190227 0 -1.25353 0 0 0 0 -1.06331
23 24 0.0545756 0 -1.00277 0 0 0 0 -0.948196
25 26 0.067726 0 -1.29932 0 0 0 0 -1.2316
26 27 0.239081 0 -1.3995 0 0 0 0 -1.16042
27 28 0.41298 0 -1.38301 0 0 0 0 -0.97003
28 29 0.135271 0 -0.989401 0 0 0 0 -0.85413
29 30 0.0664755 0 -0.551917 0 0 0 0 -0.485441
30 31 1.29783 0 0 0 0 0 0 1.29783
31 32 0.0532393 0 -0.0411802 0 0 0 0 0.012059
32 33 1.73628 0 0 0 0 0 0 1.73628
33 34 0.0374162 0 -0.91504 0 0 0 0 -0.877623
34 35 0.166455 0 -1.12806 0 0 0 0 -0.961606
35 36 0.196435 0 -1.3431 0 0 0 0 -1.14666
36 37 0.040182 0 -1.2231 0 0 0 0 -1.18292
37 38 0.272706 0 -1.34375 0 0 0 0 -1.07104
38 39 0.286132 0.078576 -0.901516 0 0 0 0 -0.536808
39 40 0.0301546 0 -1.25313 0 0 0 0 -1.22297
40 41 0.129445 0 -1.30619 0 0 0 0 -1.17675
41 42 0.000268151 0 -1.11652 0 0 0 0 -1.11625
42 43 0.000136097 0 -1.22217 0 0 0 0 -1.22204
43 44 0.0658015 0 -1.15331 0 0 0 0 -1.08751
44 45 1.57695 0 0 0 0 0 0 1.57695
45 46 0.560091 0 0 0 0 0 0 0.560091
46 47 0.375969 0 -1.14238 0 0 0 0 -0.766408
47 48 0.0919999 0 -1.14081 0 0 0 0 -1.04881
48 49 0.0110434 0 -1.34718 0 0 0 0 -1.33614
49 50 0.378826 0 -1.20006 0 0 0 0 -0.821236
50 51 0.00307183 0 -1.13994 0 0 0 0 -1.13686
52 53 0.152748 0 -1.31227 0 0 0 0 -1.15953
53 54 0.0737824 0 -1.20259 0 0 0 0 -1.12881
54 55 0.122472 0 -1.01791 0 0 0 0 -0.895437
55 56 0.00395091 0 -1.14927 0 0 0 0 -1.14532
56 57 0.137375 0 -0.351094 0 0 0 0 -0.213719
57 58 1.43616 0 0 0 0 0 0 1.43616
58 59 0.424354 0 -0 0 0 0 0 0.424354
59 60 0.634586 0 -0.53453 0 0 0 0 0.100056
60 61 0.157907 0 -0.851266 0 0 0 0 -0.693359
61 62 0.336781 0 -0.958718 0 0 0 0 -0.621937
62 63 0.0525171 0 -1.23752 0 0 0 0 -1.18501
63 64 0.217344 0.00232851 -1.03878 0 0 0 0 -0.819107
64 65 0.0374472 0 -1.28701 0 0 0 0 -1.24956
65 66 0.107118 0 -1.21394 0 0 0 0 -1.10682
66 67 0.320426 0 -1.30953 0 0 0 0 -0.989106
67 68 0.274241 0 -1.23086 0 0 0 0 -0.956621
68 69 0.137533 0 -1.37614 0 0 0 0 -1.23861
69 70 0.0849133 0 -1.16237 0 0 0 0 -1.07746
70 71 0.0548402 0 -1.38926 0 0 0 0 -1.33442
71 72 0.351117 0 -1.20501 0 0 0 0 -0.853891
72 73 0.448428 0 -1.05449 0 0 0 0 -0.60606
73 74 0.0383245 0 -0.930224 0 0 0 0 -0.8919
74 75 0.0882497 0 -1.2571 0 0 0 0 -1.16885
75 76 0.186723 0 -1.14631 0 0 0 0 -0.959586
76 77 0.00701876 0 -0.506529 0 0 0 0 -0.49951
77 78 0.000328457 0 -1.19554 0 0 0 0 -1.19522
79 80 0.00181753 0 -1.03372 0 0 0 0 -1.03191
80 81 0.0688675 0 -0.595907 0 0 0 0 -0.52704
81 82 0.0411094 0 -1.13203 0 0 0 0 -1.09092
82 83 0.0152286 0 -0.961903 0 0 0 0 -0.946674
83 84 0.00419791 0 -1.1334 0 0 0 0 -1.1292
84 85 1.88297 0 0 0 0 0 0 1.88297
85 86 1.65396 0 0 0 0 0 0 1.65396
86 87 0.00701734 0 -1.23607 0 0 0 0 -1.22905
87 88 0.280285 0 -1.21352 0 0 0 0 -0.933234
88 89 0.0829709 0 -1.14847 0 0 0 0 -1.0655
89 90 0.054528 0 -1.16788 0 0 0 0 -1.11335
90 91 0.391053 0 -1.27547 0 0 0 0 -0.88442
91 92 0.0213127 0 -1.09505 0 0 0 0 -1.07374
92 93 0.0919892 0 -1.11033 0 0 0 0 -1.01834
93 94 0.192355 0 -1.29532 0 0 0 0 -1.10297
94 95 0.305442 0 -1.17863 0 0 0 0 -0.873188
95 96 0.153681 0 -1.12364 0 0 0 0 -0.969957
96 97 0.0348711 0 -1.07204 0 0 0 0 -1.03717
97 98 0.141286 0 -1.2498 0 0 0 0 -1.10851
98 99 0.0880576 0 -1.06504 0 0 0 0 -0.976984
99 100 0.095598 0 -1.20155 0 0 0 0 -1.10595
100 101 0.468952 1.36646e-05 -1.05354 0 0 0 0 -0.58457
101 102 0.150575 0 -1.03912 0 0 0 0 -0.888545
102 103 0.00792563 0 -1.11435 0 0 0 0 -1.10643
103 104 0.567034 0 -1.14108 0 0 0 0 -0.574046
104 105 0.0197357 0 -1.18478 0 0 0 0 -1.16504
#Total energy per particle is  -0.728122 and should be -0.72812210

