
#id1 id2 FENE BEXC STCK NEXC HB CRSTCK CXSTCK total, t = 100
0 1 4.21177e-07 0 -1.15346 0 0 0 0 -1.15346
1 2 0.321648 0 -1.13708 0 0 0 0 -0.815427
2 3 0.101289 0 -1.23641 0 0 0 0 -1.13512
3 4 0.116846 0 -1.13664 0 0 0 0 -1.0198
4 5 0.0151234 0 -0.841932 0 0 0 0 -0.826809
5 6 0.37513 0 -0.230575 0 0 0 0 0.144555
6 7 0.200987 0 -0.414174 0 0 0 0 -0.213187
7 8 0.0261225 0 -0.877387 0 0 0 0 -0.851264
8 9 0.0219919 0 -1.16777 0 0 0 0 -1.14578
9 10 0.00306159 0 -1.0382 0 0 0 0 -1.03514
10 11 0.396791 0 -0.978276 0 0 0 0 -0.581484
11 12 0.0121268 0 -1.06084 0 0 0 0 -1.04871
12 13 0.0449986 0 -1.30391 0 0 0 0 -1.25891
13 14 0.325152 0 -1.36637 0 0 0 0 -1.04122
14 15 0.242079 0 -1.38611 0 0 0 0 -1.14403
15 16 0.431427 0 -1.3012 0 0 0 0 -0.869775
16 17 0.292458 0 -1.32392 0 0 0 0 -1.03146
17 18 0.18251 0 -0.938695 0 0 0 0 -0.756185
18 19 0.050928 0 -1.12499 0 0 0 0 -1.07407
19 20 0.0296121 0 -1.15191 0 0 0 0 -1.1223
20 21 0.206054 0 -1.33146 0 0 0 0 -1.12541
21 22 0.100214 0 -1.3875 0 0 0 0 -1.28729
22 23 0.132616 0 -1.1659 0 0 0 0 -1.03329
23 24 0.00819709 0 -1.11685 0 0 0 0 -1.10865
25 26 0.0177238 0 -1.19744 0 0 0 0 -1.17971
26 27 0.0637431 0 -1.33998 0 0 0 0 -1.27623
27 28 0.0857884 0 -1.32579 0 0 0 0 -1.24
28 29 0.0719599 0 -1.228 0 0 0 0 -1.15604
29 30 0.554285 0 -0.377352 0 0 0 0 0.176933
30 31 0.000211255 0 -0.0177055 0 0 0 0 -0.0174943
31 32 0.0730505 0 -0.000443503 0 0 0 0 0.072607
32 33 0.282783 0 -0.277539 0 0 0 0 0.00524458
33 34 0.168786 0 -0.194046 0 0 0 0 -0.02526
34 35 0.190635 0 -1.14558 0 0 0 0 -0.954942
35 36 0.395185 0 -1.21901 0 0 0 0 -0.823825
36 37 0.0958586 0 -1.15564 0 0 0 0 -1.05978
37 38 0.0695551 0 -1.3424 0 0 0 0 -1.27285
38 39 0.0422886 0 -0.967421 0 0 0 0 -0.925133
39 40 0.00361452 0 -0.942217 0 0 0 0 -0.938602
40 41 0.00775085 0 -1.40458 0 0 0 0 -1.39683
41 42 0.118802 0 -1.20073 0 0 0 0 -1.08193
42 43 0.393756 0 -1.39115 0 0 0 0 -0.997397
43 44 0.00451142 0 -0.913979 0 0 0 0 -0.909467
44 45 0.0156347 0 -1.3664 0 0 0 0 -1.35076
45 46 0.0314948 0 -1.14572 0 0 0 0 -1.11423
46 47 0.186459 0 -1.05237 0 0 0 0 -0.86591
47 48 0.236172 0 -1.33774 0 0 0 0 -1.10157
48 49 0.151203 0 -0.721229 0 0 0 0 -0.570026
49 50 0.302554 0 -1.32496 0 0 0 0 -1.02241
50 51 0.000615279 0 -1.24098 0 0 0 0 -1.24037
52 53 0.0608458 0 -1.137 0 0 0 0 -1.07616
53 54 0.220275 0 -1.28524 0 0 0 0 -1.06497
54 55 0.121974 0 -1.37255 0 0 0 0 -1.25058
55 56 0.210606 0 -1.2007 0 0 0 0 -0.990089
56 57 0.0329515 0 -1.12797 0 0 0 0 -1.09502
57 58 0.00687664 0 -1.0352 0 0 0 0 -1.02832
58 59 0.0101676 0 -1.10312 0 0 0 0 -1.09295
59 60 0.068689 0 -1.10407 0 0 0 0 -1.03538
60 61 0.0592878 0 -0.750102 0 0 0 0 -0.690814
61 62 0.110627 0 -1.1724 0 0 0 0 -1.06177
62 63 0.0812064 0 -1.20042 0 0 0 0 -1.11922
63 64 0.112896 0 -0.942814 0 0 0 0 -0.829918
64 65 0.000542474 0 -0.603316 0 0 0 0 -0.602774
65 66 0.0233777 0 -0.197258 0 0 0 0 -0.17388
66 67 0.0162732 0 -0.587347 0 0 0 0 -0.571074
67 68 0.0703959 0 -1.25202 0 0 0 0 -1.18162
68 69 0.019316 0 -1.33528 0 0 0 0 -1.31596
69 70 0.0525451 0 -1.19443 0 0 0 0 -1.14189
70 71 0.477424 0 -0.739346 0 0 0 0 -0.261922
71 72 1.52703 0 0 0 0 0 0 1.52703
72 73 1.57564 0 0 0 0 0 0 1.57564
73 74 0.00101662 0 -1.32948 0 0 0 0 -1.32847
74 75 2.45915e-05 0 -0.93712 0 0 0 0 -0.937095
75 76 0.21898 0 -1.12455 0 0 0 0 -0.905574
76 77 0.193826 0 -1.08326 0 0 0 0 -0.889437
77 78 0.00292692 0 -1.33144 0 0 0 0 -1.32851
79 80 0.205145 0 -0.958111 0 0 0 0 -0.752965
80 81 0.218052 0 -1.08539 0 0 0 0 -0.867343
81 82 0.164727 0 -1.30675 0 0 0 0 -1.14202
82 83 0.15636 0 -1.08275 0 0 0 0 -0.926393
83 84 0.0885769 0 -1.34326 0 0 0 0 -1.25469
84 85 0.838871 0 0 0 0 0 0 0.838871
85 86 1.38192 0 0 0 0 0 0 1.38192
86 87 0.309502 0 -0.112616 0 0 0 0 0.196886
86 88 0 0 0 0 0 -0 -2.1847e-15 -2.1847e-15
87 88 0.0367117 0 -1.14806 0 0 0 0 -1.11135
88 89 0.264471 0 -1.14469 0 0 0 0 -0.880221
89 90 0.280649 0 -1.17512 0 0 0 0 -0.894471
90 91 0.344863 0 -1.15896 0 0 0 0 -0.814098
91 92 0.283459 0 -1.36555 0 0 0 0 -1.08209
92 93 0.449483 0 -1.18214 0 0 0 0 -0.732661
93 94 0.0811177 0 -1.3287 0 0 0 0 -1.24758
94 95 0.15203 0 -1.37396 0 0 0 0 -1.22193
95 96 0.153693 0 -1.30253 0 0 0 0 -1.14883
96 97 0.306207 0 -1.09767 0 0 0 0 -0.791459
97 98 0.438159 0 -1.21681 0 0 0 0 -0.778654
98 99 0.0446745 0 -1.19521 0 0 0 0 -1.15054
99 100 0.0242114 0 -1.32168 0 0 0 0 -1.29747
100 101 0.138016 0 -1.30009 0 0 0 0 -1.16207
101 102 0.0870343 0 -1.18289 0 0 0 0 -1.09585
102 103 0.753856 0 -0.468361 0 0 0 0 0.285496
103 104 0.122054 0 -1.25573 0 0 0 0 -1.13367
104 105 0.000978913 0 -1.01142 0 0 0 0 -1.01045
#Total energy per particle is  -0.796835 and should be -0.79683510

