t = 0
b =  30.0 30.0 30.0
E = 0. 0. 0.
8.24227912654 5.63033904107 7.38778285525 0.208655747358 0.970035138007 -0.124477347841 0.274866752509 0.0639821709385 0.95935110891 0.0 0.0 0.0 0.0 0.0 0.0
8.70340393375 5.68337321453 7.65840508408 -0.381330847606 0.923207971617 0.0476846495888 0.274866752509 0.0639821709385 0.95935110891 0.0 0.0 0.0 0.0 0.0 0.0
9.07760436226 5.94685267416 7.93989703027 -0.826443478053 0.525638661596 0.201730451395 0.274866752509 0.0639821709385 0.95935110891 0.0 0.0 0.0 0.0 0.0 0.0
9.26341697394 6.33015148325 8.26737343921 -0.957576413789 -0.0716295641757 0.279135481962 0.274866752509 0.0639821709385 0.95935110891 0.0 0.0 0.0 0.0 0.0 0.0
9.23095001197 6.69712233092 8.65847879005 -0.724910060104 -0.641684520934 0.250492276036 0.274866752509 0.0639821709385 0.95935110891 0.0 0.0 0.0 0.0 0.0 0.0
9.03323977898 6.91782117186 9.10668386309 -0.216838254735 -0.967952799797 0.126682866436 0.274866752509 0.0639821709385 0.95935110891 0.0 0.0 0.0 0.0 0.0 0.0
8.78610125901 6.91787514163 9.58376629952 0.37361402895 -0.926479626709 -0.0452554821472 0.274866752509 0.0639821709385 0.95935110891 0.0 0.0 0.0 0.0 0.0 0.0
8.62412806869 6.70673805134 10.0505327474 0.822124096544 -0.533021353521 -0.200000516432 0.274866752509 0.0639821709385 0.95935110891 0.0 0.0 0.0 0.0 0.0 0.0
8.64955809205 6.37409872675 10.4717090712 0.958295474678 0.0629406435116 -0.278762010693 0.274866752509 0.0639821709385 0.95935110891 0.0 0.0 0.0 0.0 0.0 0.0
8.89343159901 6.05580672382 10.8293415859 0.730394380136 0.634990437763 -0.251617156441 0.274866752509 0.0639821709385 0.95935110891 0.0 0.0 0.0 0.0 0.0 0.0
9.30379852791 5.88226081116 11.1296179619 0.225004249038 0.965796748234 -0.128878737641 0.274866752509 0.0639821709385 0.95935110891 0.0 0.0 0.0 0.0 0.0 0.0
9.76545518246 5.92886829765 11.4005164256 -0.36586875814 0.92968072679 0.0428228683254 0.274866752509 0.0639821709385 0.95935110891 0.0 0.0 0.0 0.0 0.0 0.0
10.1437120421 6.18739653506 11.6811763635 -0.817742107102 0.540363453806 0.198255350655 0.274866752509 0.0639821709385 0.95935110891 0.0 0.0 0.0 0.0 0.0 0.0
10.3355645626 6.56910063877 12.0070286148 -0.958941557656 -0.0542469296738 0.278367310618 0.274866752509 0.0639821709385 0.95935110891 0.0 0.0 0.0 0.0 0.0 0.0
10.308826325 6.93843915315 12.3963347034 -0.735823077809 -0.628247997611 0.252722875224 0.274866752509 0.0639821709385 0.95935110891 0.0 0.0 0.0 0.0 0.0 0.0
10.1143571936 7.16456851672 12.8432489792 -0.233153108397 -0.963567147509 0.131064794231 0.274866752509 0.0639821709385 0.95935110891 0.0 0.0 0.0 0.0 0.0 0.0
9.86674080376 7.17105271868 13.3200394791 0.358095625008 -0.932811028085 -0.0403869933764 0.274866752509 0.0639821709385 0.95935110891 0.0 0.0 0.0 0.0 0.0 0.0
9.70075232294 6.96490261745 13.7876237625 0.813297843432 -0.547664403323 -0.196495086966 0.274866752509 0.0639821709385 0.95935110891 0.0 0.0 0.0 0.0 0.0 0.0
9.72015511113 6.63391239824 14.2104169847 0.959514613522 0.0455490847223 -0.277951411795 0.274866752509 0.0639821709385 0.95935110891 0.0 0.0 0.0 0.0 0.0 0.0
9.95827928565 6.31330509434 14.5698511738 0.741195739706 0.621457713941 -0.253809348183 0.274866752509 0.0639821709385 0.95935110891 0.0 0.0 0.0 0.0 0.0 0.0
10.3653590524 6.13435909587 14.871429514 0.241284212244 0.961264167415 -0.13324086973 0.274866752509 0.0639821709385 0.95935110891 0.0 0.0 0.0 0.0 0.0 0.0
10.8274395629 6.17453329462 15.1426355938 -0.350295221507 0.935870292208 0.0379480428015 0.274866752509 0.0639821709385 0.95935110891 0.0 0.0 0.0 0.0 0.0 0.0
11.2096702666 6.42803915592 15.4224919311 -0.808791643983 0.554923646074 0.194719859415 0.274866752509 0.0639821709385 0.95935110891 0.0 0.0 0.0 0.0 0.0 0.0
11.4075368896 6.80803987981 15.7467346665 -0.960014598635 -0.0368477710316 0.277514345895 0.274866752509 0.0639821709385 0.95935110891 0.0 0.0 0.0 0.0 0.0 0.0
11.3865681547 7.17964115313 16.1342368058 -0.746511956677 -0.614620103861 0.254876492576 0.274866752509 0.0639821709385 0.95935110891 0.0 0.0 0.0 0.0 0.0 0.0
17.9965196172 10.6344884648 2.11098314327 0.972250019206 -0.138588670577 0.188475676262 0.0764773474371 0.949663739024 0.303792689366 0.0 0.0 0.0 0.0 0.0 0.0
18.0593549586 10.8899922692 2.57944298992 0.917204498972 0.0524777393215 -0.394945558199 0.0764773474371 0.949663739024 0.303792689366 0.0 0.0 0.0 0.0 0.0 0.0
18.3312670944 11.1574583759 2.95787498416 0.513697654738 0.22360697867 -0.828320371962 0.0764773474371 0.949663739024 0.303792689366 0.0 0.0 0.0 0.0 0.0 0.0
18.7202766268 11.4758957004 3.14749132354 -0.0849715170984 0.309784188313 -0.947002427639 0.0764773474371 0.949663739024 0.303792689366 0.0 0.0 0.0 0.0 0.0 0.0
19.0899168992 11.8649483405 3.12123842974 -0.651358588941 0.2782692055 -0.705902428019 0.0764773474371 0.949663739024 0.303792689366 0.0 0.0 0.0 0.0 0.0 0.0
19.3110799608 12.3174324546 2.93407505527 -0.97028364271 0.141035099105 -0.196618293936 0.0764773474371 0.949663739024 0.303792689366 0.0 0.0 0.0 0.0 0.0 0.0
19.3110668354 12.8020655241 2.7020925345 -0.920581718336 -0.0497805994216 0.387364417296 0.0764773474371 0.949663739024 0.303792689366 0.0 0.0 0.0 0.0 0.0 0.0
19.1012070784 13.2753511043 2.55840974485 -0.521135407861 -0.22168381594 0.824180910009 0.0764773474371 0.949663739024 0.303792689366 0.0 0.0 0.0 0.0 0.0 0.0
18.7725544888 13.6981038518 2.60259901957 0.0762989569802 -0.309365644428 0.94787729544 0.0764773474371 0.949663739024 0.303792689366 0.0 0.0 0.0 0.0 0.0 0.0
18.4612942488 14.0503366908 2.8628569536 0.644746072414 -0.279514292279 0.71145924867 0.0764773474371 0.949663739024 0.303792689366 0.0 0.0 0.0 0.0 0.0 0.0
18.2970038964 14.3388542381 3.28529204576 0.968243375358 -0.143470787264 0.204745938366 0.0764773474371 0.949663739024 0.303792689366 0.0 0.0 0.0 0.0 0.0 0.0
18.3534246518 14.594667615 3.75439898101 0.923888831838 0.0470796685364 -0.379753777093 0.0764773474371 0.949663739024 0.303792689366 0.0 0.0 0.0 0.0 0.0 0.0
18.6204458955 14.8612128038 4.13694103082 0.528533474505 0.21974377113 -0.81997868349 0.0764773474371 0.949663739024 0.303792689366 0.0 0.0 0.0 0.0 0.0 0.0
19.0079463613 15.1778485921 4.33256891393 -0.0676205864011 0.308923541151 -0.948679978716 0.0764773474371 0.949663739024 0.303792689366 0.0 0.0 0.0 0.0 0.0 0.0
19.3800327123 15.5649035113 4.31194516605 -0.638084455977 0.280738092963 -0.716961888945 0.0764773474371 0.949663739024 0.303792689366 0.0 0.0 0.0 0.0 0.0 0.0
19.6066676915 16.0159526877 4.12788993301 -0.966129372524 0.145895549567 -0.2128579906 0.0764773474371 0.949663739024 0.303792689366 0.0 0.0 0.0 0.0 0.0 0.0
19.6130734499 16.5002587592 3.89531371433 -0.927125587628 -0.0443751523521 0.37211421717 0.0764773474371 0.949663739024 0.303792689366 0.0 0.0 0.0 0.0 0.0 0.0
19.4081409014 16.9744495133 3.74756094315 -0.535891291278 -0.21778699198 0.815714012419 0.0764773474371 0.949663739024 0.303792689366 0.0 0.0 0.0 0.0 0.0 0.0
19.0810519161 17.3989957158 3.78575020678 0.0589370662525 -0.308457912151 0.949410416339 0.0764773474371 0.949663739024 0.303792689366 0.0 0.0 0.0 0.0 0.0 0.0
18.767397637 17.7532289274 4.04035760468 0.631374246939 -0.281940514354 0.722409929797 0.0764773474371 0.949663739024 0.303792689366 0.0 0.0 0.0 0.0 0.0 0.0
18.5976651374 18.04319379 4.4596383688 0.963941795198 -0.14830920136 0.220953832874 0.0764773474371 0.949663739024 0.303792689366 0.0 0.0 0.0 0.0 0.0 0.0
18.6476632002 18.2993515654 4.92928556609 0.930291739215 0.0416672568282 -0.364446319308 0.0764773474371 0.949663739024 0.303792689366 0.0 0.0 0.0 0.0 0.0 0.0
18.9097212943 18.5650073933 5.31585721342 0.543208297855 0.215813627508 -0.811387221568 0.0764773474371 0.949663739024 0.303792689366 0.0 0.0 0.0 0.0 0.0 0.0
19.295603737 18.8798579444 5.51747311806 -0.0502490578182 0.307968792886 -0.950068552683 0.0764773474371 0.949663739024 0.303792689366 0.0 0.0 0.0 0.0 0.0 0.0
19.6700319054 19.2649099916 5.50252086623 -0.624615956307 0.283121464883 -0.727802956335 0.0764773474371 0.949663739024 0.303792689366 0.0 0.0 0.0 0.0 0.0 0.0
19.9020788469 19.7144995855 5.3216659076 -0.961680809973 0.150711558832 -0.229032848658 0.0764773474371 0.949663739024 0.303792689366 0.0 0.0 0.0 0.0 0.0 0.0
19.9149106175 20.1984438841 5.08860290391 -0.933387045484 -0.0389561881813 0.356750667448 0.0764773474371 0.949663739024 0.303792689366 0.0 0.0 0.0 0.0 0.0 0.0
14.6187008535 13.4092767955 9.94049049048 0.00675651291907 0.695696824272 -0.718303750673 0.495098380207 0.62177112949 0.606859338272 0.0 0.0 0.0 0.0 0.0 0.0
15.118109814 13.6043502568 9.9754495658 -0.503973490879 0.774479873129 -0.382350162299 0.495098380207 0.62177112949 0.606859338272 0.0 0.0 0.0 0.0 0.0 0.0
15.5026380014 13.9759664296 9.9232519096 -0.823235539505 0.559025069571 0.0988646452866 0.495098380207 0.62177112949 0.606859338272 0.0 0.0 0.0 0.0 0.0 0.0
15.6995096217 14.4750123846 9.8935904524 -0.829736642908 0.131187295683 0.542519121199 0.495098380207 0.62177112949 0.606859338272 0.0 0.0 0.0 0.0 0.0 0.0
15.7072427481 15.0039624878 9.98759624595 -0.521006923214 -0.34649072517 0.780061512532 0.495098380207 0.62177112949 0.606859338272 0.0 0.0 0.0 0.0 0.0 0.0
15.59621233 15.4539300193 10.2594170858 -0.0143379626198 -0.692531126515 0.721245493321 0.495098380207 0.62177112949 0.606859338272 0.0 0.0 0.0 0.0 0.0 0.0
15.4819135728 15.7460350587 10.6956458586 0.497778229692 -0.775467374393 0.388416252616 0.495098380207 0.62177112949 0.606859338272 0.0 0.0 0.0 0.0 0.0 0.0
15.4810833788 15.8613722857 11.2204141284 0.820780150135 -0.563790601617 -0.0919788164316 0.495098380207 0.62177112949 0.606859338272 0.0 0.0 0.0 0.0 0.0 0.0
15.6673500458 15.8481934273 11.724215824 0.83195396883 -0.13792035321 -0.537429595313 0.495098380207 0.62177112949 0.606859338272 0.0 0.0 0.0 0.0 0.0 0.0
16.0432606462 15.8035756201 12.1055104266 0.527054565238 0.340348143287 -0.778701885591 0.495098380207 0.62177112949 0.606859338272 0.0 0.0 0.0 0.0 0.0 0.0
16.5393133514 15.8365401828 12.3092999098 0.0219183204291 0.689312689831 -0.724132310332 0.495098380207 0.62177112949 0.606859338272 0.0 0.0 0.0 0.0 0.0 0.0
17.0403623383 16.0266335949 12.34802341 -0.491545060765 0.776395820816 -0.394452763531 0.495098380207 0.62177112949 0.606859338272 0.0 0.0 0.0 0.0 0.0 0.0
17.4293636132 16.3937064588 12.2968313904 -0.81826225518 0.568513198826 0.0850859830336 0.495098380207 0.62177112949 0.606859338272 0.0 0.0 0.0 0.0 0.0 0.0
17.6318419813 16.8903719242 12.2650347233 -0.834107938236 0.144642907568 0.532299142082 0.495098380207 0.62177112949 0.606859338272 0.0 0.0 0.0 0.0 0.0 0.0
17.6441854186 17.4200087449 12.3545756625 -0.533062070016 -0.334179642575 0.777282957487 0.495098380207 0.62177112949 0.606859338272 0.0 0.0 0.0 0.0 0.0 0.0
17.5350173403 17.8734693057 12.6212982762 -0.0294970090735 -0.686041759318 0.726963981864 0.495098380207 0.62177112949 0.606859338272 0.0 0.0 0.0 0.0 0.0 0.0
17.4191254178 18.1705466257 13.0537323524 0.485274458779 -0.77726514169 0.400459235342 0.495098380207 0.62177112949 0.606859338272 0.0 0.0 0.0 0.0 0.0 0.0
17.4138518235 18.2904463323 13.577451124 0.815682046386 -0.573192501554 -0.0781866700086 0.495098380207 0.62177112949 0.606859338272 0.0 0.0 0.0 0.0 0.0 0.0
17.5945129773 18.2796867902 14.0833472417 0.836198387093 -0.15135444681 -0.527128152211 0.495098380207 0.62177112949 0.606859338272 0.0 0.0 0.0 0.0 0.0 0.0
17.9657855797 18.2344259971 14.4690844804 0.539028980053 0.327985692789 -0.775804836276 0.495098380207 0.62177112949 0.606859338272 0.0 0.0 0.0 0.0 0.0 0.0
18.4599298552 18.263929553 14.6779769824 0.0370734514065 0.682718584068 -0.729740292274 0.495098380207 0.62177112949 0.606859338272 0.0 0.0 0.0 0.0 0.0 0.0
18.962525025 18.4490588316 14.7205251618 -0.478966901264 0.778075270814 -0.406435210631 0.495098380207 0.62177112949 0.606859338272 0.0 0.0 0.0 0.0 0.0 0.0
19.3559396746 18.8115503927 14.6704264221 -0.813039720245 0.577828153453 0.0712814027659 0.495098380207 0.62177112949 0.606859338272 0.0 0.0 0.0 0.0 0.0 0.0
19.5640218945 19.3057578995 14.6365762804 -0.838225156206 0.158054459824 0.52191701949 0.495098380207 0.62177112949 0.606859338272 0.0 0.0 0.0 0.0 0.0 0.0
19.5810306635 19.8359939255 14.7216971397 -0.544954840947 -0.321766765623 0.774267634523 0.495098380207 0.62177112949 0.606859338272 0.0 0.0 0.0 0.0 0.0 0.0
19.4738169595 20.292883207 14.9833123307 -0.0446470704526 -0.679343417155 0.732461030136 0.495098380207 0.62177112949 0.606859338272 0.0 0.0 0.0 0.0 0.0 0.0
19.3564259543 20.5949161353 15.4118920365 0.472622868566 -0.778826146495 0.412380234305 0.495098380207 0.62177112949 0.606859338272 0.0 0.0 0.0 0.0 0.0 0.0
8.02608107747 6.38521641274 27.9350837203 -0.610711846383 0.700822945095 0.368616657676 0.789442844367 0.502568737155 0.352426814975 0.0 0.0 0.0 0.0 0.0 0.0
8.28589000464 6.83907997197 27.8118266999 -0.530900896693 0.270854722862 0.80298316109 0.789442844367 0.502568737155 0.352426814975 0.0 0.0 0.0 0.0 0.0 0.0
8.4246800557 7.3546848738 27.8716097163 -0.24939182016 -0.262015737036 0.932282936443 0.789442844367 0.502568737155 0.352426814975 0.0 0.0 0.0 0.0 0.0 0.0
8.50662123351 7.81056328013 28.1439066574 0.126865378461 -0.695342037764 0.707392837302 0.789442844367 0.502568737155 0.352426814975 0.0 0.0 0.0 0.0 0.0 0.0
8.61748137833 8.10793844707 28.5774538181 0.454924298728 -0.864496272847 0.213752372292 0.789442844367 0.502568737155 0.352426814975 0.0 0.0 0.0 0.0 0.0 0.0
8.83204153136 8.20825166142 29.0597258387 0.61014987198 -0.705213920268 -0.3610961927 0.789442844367 0.502568737155 0.352426814975 0.0 0.0 0.0 0.0 0.0 0.0
9.18568536691 8.14781134045 29.4596859708 0.533569307705 -0.278009008832 -0.79875827688 0.789442844367 0.502568737155 0.352426814975 0.0 0.0 0.0 0.0 0.0 0.0
9.66095634294 8.02399885717 29.6775691286 0.25427684263 0.254816173123 -0.932958737146 0.789442844367 0.502568737155 0.352426814975 0.0 0.0 0.0 0.0 0.0 0.0
10.1941897332 7.95827172857 29.6827843129 -0.121619646243 0.690832430609 -0.712712574933 0.789442844367 0.502568737155 0.352426814975 0.0 0.0 0.0 0.0 0.0 0.0
10.6996999214 8.05001987427 29.5255366433 -0.451310798135 0.864389897604 -0.221694989583 0.789442844367 0.502568737155 0.352426814975 0.0 0.0 0.0 0.0 0.0 0.0
11.1023337988 8.33880572432 29.3177535939 -0.609541432302 0.709551190671 0.353548228851 0.789442844367 0.502568737155 0.352426814975 0.0 0.0 0.0 0.0 0.0 0.0
11.3660226877 8.78933379061 29.1905618744 -0.536197085348 0.285142123339 0.794472564134 0.789442844367 0.502568737155 0.352426814975 0.0 0.0 0.0 0.0 0.0 0.0
11.507485434 9.30486001289 29.2444702008 -0.259142500933 -0.247597203972 0.933563489429 0.789442844367 0.502568737155 0.352426814975 0.0 0.0 0.0 0.0 0.0 0.0
11.5898766391 9.76394644473 29.5111843541 0.116364652218 -0.686270213889 0.717978036741 0.789442844367 0.502568737155 0.352426814975 0.0 0.0 0.0 0.0 0.0 0.0
11.6987931703 10.0665975597 29.9415616234 0.447662928478 -0.864217695724 0.229620723943 0.789442844367 0.502568737155 0.352426814975 0.0 0.0 0.0 0.0 0.0 0.0
11.9097544802 10.1722502238 30.4242809439 0.608886573685 -0.713834426004 -0.345973340936 0.789442844367 0.502568737155 0.352426814975 0.0 0.0 0.0 0.0 0.0 0.0
12.2595115037 10.115184308 30.8281356305 0.538784029508 -0.29225352317 -0.790126349227 0.789442844367 0.502568737155 0.352426814975 0.0 0.0 0.0 0.0 0.0 0.0
12.7320843636 9.99149919237 31.051880991 0.263988424532 0.240359379335 -0.934097147238 0.789442844367 0.502568737155 0.352426814975 0.0 0.0 0.0 0.0 0.0 0.0
13.2648333933 9.92260400484 31.0626988773 -0.111100796574 0.681655735036 -0.723188821743 0.789442844367 0.502568737155 0.352426814975 0.0 0.0 0.0 0.0 0.0 0.0
13.7722569928 10.0090922636 30.908665849 -0.443980967556 0.86397968032 -0.237528971795 0.789442844367 0.502568737155 0.352426814975 0.0 0.0 0.0 0.0 0.0 0.0
14.1784751169 10.2925247176 30.700488084 -0.608185345997 0.718063300081 0.338372105811 0.789442844367 0.502568737155 0.352426814975 0.0 0.0 0.0 0.0 0.0 0.0
14.4460573722 10.7396397235 30.5694422513 -0.541329943177 0.299342666763 0.785719963139 0.789442844367 0.502568737155 0.352426814975 0.0 0.0 0.0 0.0 0.0 0.0
14.5902434499 11.2549898997 30.6175013088 -0.26881424439 -0.233103250401 0.934559669933 0.789442844367 0.502568737155 0.352426814975 0.0 0.0 0.0 0.0 0.0 0.0
14.6731533121 11.7172041826 30.8785932725 0.105828480175 -0.676989345459 0.728344533115 0.789442844367 0.502568737155 0.352426814975 0.0 0.0 0.0 0.0 0.0 0.0
14.7801867798 12.0250987229 31.3057113955 0.440265195764 -0.863675869519 0.245419130896 0.789442844367 0.502568737155 0.352426814975 0.0 0.0 0.0 0.0 0.0 0.0
14.9875787126 12.1361183216 31.7887728171 0.607437802641 -0.722237490858 -0.33074510234 0.789442844367 0.502568737155 0.352426814975 0.0 0.0 0.0 0.0 0.0 0.0
15.3334361117 12.0825038616 32.1964408821 0.543834632476 -0.306409014254 -0.781253741434 0.789442844367 0.502568737155 0.352426814975 0.0 0.0 0.0 0.0 0.0 0.0
