t = 0
b =  30.0 30.0 30.0
E = 0. 0. 0.
27.4733579801 19.3621057741 1.57525957044 0.0503351043644 0.842597213809 -0.536186826162 0.433394250718 0.465257217613 0.771819373237 0.0 0.0 0.0 0.0 0.0 0.0
27.9645857842 19.5440557582 1.69473571854 -0.48684293477 0.84158054292 -0.233936202077 0.433394250718 0.465257217613 0.771819373237 0.0 0.0 0.0 0.0 0.0 0.0
28.3448377259 19.9178440535 1.76088610203 -0.839061203406 0.5208333533 0.157190696382 0.433394250718 0.465257217613 0.771819373237 0.0 0.0 0.0 0.0 0.0 0.0
28.5338256399 20.410356328 1.86286810969 -0.872506092513 0.00221286489141 0.488598221197 0.433394250718 0.465257217613 0.771819373237 0.0 0.0 0.0 0.0 0.0 0.0
28.5239257627 20.9033730252 2.07622609726 -0.57447132955 -0.517248327886 0.634379112853 0.433394250718 0.465257217613 0.771819373237 0.0 0.0 0.0 0.0 0.0 0.0
28.3830751278 21.2784829497 2.43419082356 -0.0581853038423 -0.840198232969 0.539148773283 0.433394250718 0.465257217613 0.771819373237 0.0 0.0 0.0 0.0 0.0 0.0
28.2289611511 21.4620696607 2.91505452969 0.480206291601 -0.843942781982 0.239086800655 0.433394250718 0.465257217613 0.771819373237 0.0 0.0 0.0 0.0 0.0 0.0
28.1843102137 21.4532795879 3.45041807956 0.836159488244 -0.527059358149 -0.151808244859 0.433394250718 0.465257217613 0.771819373237 0.0 0.0 0.0 0.0 0.0 0.0
28.3302618579 21.3243463178 3.95117693523 0.874441715462 -0.00993727219215 -0.485028800053 0.433394250718 0.465257217613 0.771819373237 0.0 0.0 0.0 0.0 0.0 0.0
28.6755425187 21.1931478462 4.34137346067 0.58050891509 0.510960149612 -0.633978804858 0.433394250718 0.465257217613 0.771819373237 0.0 0.0 0.0 0.0 0.0 0.0
29.153150205 21.1784227568 4.5870544976 0.0660310722841 0.837735267781 -0.542069662137 0.433394250718 0.465257217613 0.771819373237 0.0 0.0 0.0 0.0 0.0 0.0
29.6458096762 21.3546594481 4.70917073798 -0.473533078864 0.846240751533 -0.244219191848 0.433394250718 0.465257217613 0.771819373237 0.0 0.0 0.0 0.0 0.0 0.0
30.0305272672 21.7237967453 4.7756172059 -0.8331940963 0.533245225387 0.14641423255 0.433394250718 0.465257217613 0.771819373237 0.0 0.0 0.0 0.0 0.0 0.0
30.2253182378 22.2144873084 4.87543880274 -0.87631074629 0.0176609227312 0.481422442088 0.433394250718 0.465257217613 0.771819373237 0.0 0.0 0.0 0.0 0.0 0.0
30.2203541461 22.7092036794 5.08500066039 -0.58650229263 -0.504633059745 0.633530216922 0.433394250718 0.465257217613 0.771819373237 0.0 0.0 0.0 0.0 0.0 0.0
30.0816968384 23.0888889285 5.43897575093 -0.073871812204 -0.835208505809 0.544949270287 0.433394250718 0.465257217613 0.771819373237 0.0 0.0 0.0 0.0 0.0 0.0
29.9262004488 23.2781883725 5.91717204478 0.466823804749 -0.848474276574 0.249332984804 0.433394250718 0.465257217613 0.771819373237 0.0 0.0 0.0 0.0 0.0 0.0
29.8771165602 23.2740780784 6.45220380036 0.8301652534 -0.539390483936 -0.141009070231 0.433394250718 0.465257217613 0.771819373237 0.0 0.0 0.0 0.0 0.0 0.0
30.0172688672 23.1470137065 6.95509253394 0.878113042661 -0.0253832283225 -0.477779421939 0.433394250718 0.465257217613 0.771819373237 0.0 0.0 0.0 0.0 0.0 0.0
30.3575870699 23.014163227 7.34907143326 0.592451005748 0.498267540116 -0.633033383207 0.433394250718 0.465257217613 0.771819373237 0.0 0.0 0.0 0.0 0.0 0.0
30.832954498 22.9948928489 7.59875035296 0.0817069264995 0.832618139475 -0.547787378441 0.433394250718 0.465257217613 0.771819373237 0.0 0.0 0.0 0.0 0.0 0.0
31.3269470226 23.1654178019 7.7235611225 -0.460078980194 0.850643187015 -0.254427790088 0.433394250718 0.465257217613 0.771819373237 0.0 0.0 0.0 0.0 0.0 0.0
31.7160645291 23.5298468961 7.79037506929 -0.827073190201 0.545494665812 0.135593169524 0.433394250718 0.465257217613 0.771819373237 0.0 0.0 0.0 0.0 0.0 0.0
31.916650676 24.0186215166 7.88809748334 -0.879848467324 0.0331036008827 0.474100017038 0.433394250718 0.465257217613 0.771819373237 0.0 0.0 0.0 0.0 0.0 0.0
31.916675337 24.5149421039 8.09389101119 -0.59835460143 -0.491864075485 0.632488341549 0.433394250718 0.465257217613 0.771819373237 0.0 0.0 0.0 0.0 0.0 0.0
31.7803050478 24.8991422597 8.4438602764 -0.0895358184961 -0.829964366046 0.550583770465 0.433394250718 0.465257217613 0.771819373237 0.0 0.0 0.0 0.0 0.0 0.0
31.6235250659 25.0941520122 8.91933512941 0.453299118843 -0.852747317683 0.259503219711 0.433394250718 0.465257217613 0.771819373237 0.0 0.0 0.0 0.0 0.0 0.0
25.4146278184 29.4618750873 18.4492567236 0.750409184034 0.357673555492 -0.555837821868 0.167441722817 0.710639444505 0.683340946654 0.0 0.0 0.0 0.0 0.0 0.0
25.7903788394 29.5664675517 18.8187924981 0.232928422159 0.644987546222 -0.727829248773 0.167441722817 0.710639444505 0.683340946654 0.0 0.0 0.0 0.0 0.0 0.0
26.2192259017 29.8180849476 19.0224195725 -0.37304574165 0.687259984525 -0.623306175413 0.167441722817 0.710639444505 0.683340946654 0.0 0.0 0.0 0.0 0.0 0.0
26.5630371754 30.2263632785 19.0839639846 -0.837293591214 0.468430864333 -0.28197866489 0.167441722817 0.710639444505 0.683340946654 0.0 0.0 0.0 0.0 0.0 0.0
26.7159873486 30.7414204398 19.0812313511 -0.983439606673 0.0716370270346 0.166477254857 0.167441722817 0.710639444505 0.683340946654 0.0 0.0 0.0 0.0 0.0 0.0
26.6447624325 31.2728072636 19.1164472132 -0.755960473324 -0.352372914542 0.551685682132 0.167441722817 0.710639444505 0.683340946654 0.0 0.0 0.0 0.0 0.0 0.0
26.4012163028 31.7238706704 19.2774198438 -0.241279317174 -0.642510494522 0.727299495072 0.167441722817 0.710639444505 0.683340946654 0.0 0.0 0.0 0.0 0.0 0.0
26.1026705451 32.0284737898 19.6041804172 0.365067885545 -0.688547595432 0.626600070036 0.167441722817 0.710639444505 0.683340946654 0.0 0.0 0.0 0.0 0.0 0.0
25.8873420235 32.1761224632 20.0737744963 0.832719694936 -0.472993952934 0.287844802198 0.167441722817 0.710639444505 0.683340946654 0.0 0.0 0.0 0.0 0.0 0.0
25.8618319824 32.2159521501 20.6089828071 0.98400736989 -0.0777419996803 -0.160267518503 0.167441722817 0.710639444505 0.683340946654 0.0 0.0 0.0 0.0 0.0 0.0
26.0606264523 32.2380605457 21.107658132 0.761454193297 0.347045439029 -0.547491529395 0.167441722817 0.710639444505 0.683340946654 0.0 0.0 0.0 0.0 0.0 0.0
26.4329944296 32.3392779601 21.4815327456 0.249611837835 0.639984513161 -0.7267143547 0.167441722817 0.710639444505 0.683340946654 0.0 0.0 0.0 0.0 0.0 0.0
26.8622614331 32.5863798644 21.6897527992 -0.357062228108 0.689782770773 -0.629846246638 0.167441722817 0.710639444505 0.683340946654 0.0 0.0 0.0 0.0 0.0 0.0
27.2101360905 32.990717773 21.754399381 -0.828082383831 0.477521021215 -0.29368901901 0.167441722817 0.710639444505 0.683340946654 0.0 0.0 0.0 0.0 0.0 0.0
27.3692493424 33.5039066134 21.7520995417 -0.984500197137 0.0838410519717 0.154045577158 0.167441722817 0.710639444505 0.683340946654 0.0 0.0 0.0 0.0 0.0 0.0
27.3039457434 34.0362070242 21.7849143966 -0.766889925585 -0.341691534663 0.543255683059 0.167441722817 0.710639444505 0.683340946654 0.0 0.0 0.0 0.0 0.0 0.0
27.0638295618 34.490618839 21.9415644015 -0.257925349588 -0.637409794502 0.726073872215 0.167441722817 0.710639444505 0.683340946654 0.0 0.0 0.0 0.0 0.0 0.0
26.7649192886 34.799733071 22.2637229684 0.349029379 -0.690965416486 0.633044458009 0.167441722817 0.710639444505 0.683340946654 0.0 0.0 0.0 0.0 0.0 0.0
26.5455702733 34.9513417147 22.7301840394 0.823382011045 -0.482011724421 0.299510870267 0.167441722817 0.710639444505 0.683340946654 0.0 0.0 0.0 0.0 0.0 0.0
26.5139112134 34.9930757705 23.2649186228 0.984918050882 -0.0899337194424 -0.147811904645 0.167441722817 0.710639444505 0.683340946654 0.0 0.0 0.0 0.0 0.0 0.0
26.7067642541 35.0143094322 23.7659594778 0.772267256236 0.336311609164 -0.538978465698 0.167441722817 0.710639444505 0.683340946654 0.0 0.0 0.0 0.0 0.0 0.0
27.0756556402 35.1122053358 24.1441401746 0.266219219327 0.634786534619 -0.725378096394 0.167441722817 0.710639444505 0.683340946654 0.0 0.0 0.0 0.0 0.0 0.0
27.5052317057 35.3548008499 24.3569709115 -0.340969949953 0.692095442507 -0.636194460594 0.167441722817 0.710639444505 0.683340946654 0.0 0.0 0.0 0.0 0.0 0.0
27.8570836604 35.755159542 24.4247811011 -0.818618934532 0.486465720568 -0.305309912611 0.167441722817 0.710639444505 0.683340946654 0.0 0.0 0.0 0.0 0.0 0.0
28.0223314032 36.2664081103 24.4229958865 -0.985260899304 0.0960195381122 0.141566975683 0.167441722817 0.710639444505 0.683340946654 0.0 0.0 0.0 0.0 0.0 0.0
4.67318064188 16.526898497 17.5706102537 -0.604761050754 -0.0473293541621 0.794999373412 0.757786338002 0.272887981302 0.592698924917 0.0 0.0 0.0 0.0 0.0 0.0
4.81341398479 16.9659261265 17.8467885515 -0.346221677793 -0.601772738822 0.719722252426 0.757786338002 0.272887981302 0.592698924917 0.0 0.0 0.0 0.0 0.0 0.0
4.87472608534 17.2677796413 18.2870275594 0.0438530990796 -0.9275925989 0.371010614629 0.757786338002 0.272887981302 0.592698924917 0.0 0.0 0.0 0.0 0.0 0.0
4.94603450121 17.358188394 18.8118384486 0.417267350427 -0.901004522134 -0.118654158632 0.757786338002 0.272887981302 0.592698924917 0.0 0.0 0.0 0.0 0.0 0.0
5.11245902274 17.2432131375 19.3096021185 0.632154759009 -0.532109763418 -0.563240233237 0.757786338002 0.272887981302 0.592698924917 0.0 0.0 0.0 0.0 0.0 0.0
5.42298324148 17.0069434436 19.6789751596 0.60687600558 0.0389423908221 -0.793841926361 0.757786338002 0.272887981302 0.592698924917 0.0 0.0 0.0 0.0 0.0 0.0
5.87184486478 16.779550669 19.8673919086 0.351034911205 0.595199679707 -0.722849799331 0.757786338002 0.272887981302 0.592698924917 0.0 0.0 0.0 0.0 0.0 0.0
6.40072490714 16.6878336801 19.8910350231 -0.0381702149275 0.925330659063 -0.377234948131 0.757786338002 0.272887981302 0.592698924917 0.0 0.0 0.0 0.0 0.0 0.0
6.9209040478 16.8070458441 19.8286874193 -0.412873838237 0.903913050337 0.111697766896 0.757786338002 0.272887981302 0.592698924917 0.0 0.0 0.0 0.0 0.0 0.0
7.34696858405 17.1323050163 19.791801325 -0.630719787518 0.539083761168 0.558194632792 0.757786338002 0.272887981302 0.592698924917 0.0 0.0 0.0 0.0 0.0 0.0
7.62926052488 17.5804483489 19.8821557147 -0.608944744448 -0.0305524618682 0.792624025174 0.757786338002 0.272887981302 0.592698924917 0.0 0.0 0.0 0.0 0.0 0.0
7.77274349206 18.0216272468 20.153188776 -0.355821411949 -0.588581293831 0.725922298425 0.757786338002 0.272887981302 0.592698924917 0.0 0.0 0.0 0.0 0.0 0.0
7.83511695719 18.3286390202 20.589695848 0.0324844239657 -0.922998251713 0.383430553731 0.757786338002 0.272887981302 0.592698924917 0.0 0.0 0.0 0.0 0.0 0.0
7.90489524779 18.4252533132 21.1136059268 0.408448884106 -0.906752742061 -0.104732868943 0.757786338002 0.272887981302 0.592698924917 0.0 0.0 0.0 0.0 0.0 0.0
8.06777947437 18.31517329 21.6136421449 0.629236784273 -0.546016705603 -0.553106523665 0.757786338002 0.272887981302 0.592698924917 0.0 0.0 0.0 0.0 0.0 0.0
8.37409824572 18.0806287416 21.9875977134 0.610967109816 0.0221602062261 -0.791345762598 0.757786338002 0.272887981302 0.592698924917 0.0 0.0 0.0 0.0 0.0 0.0
8.81968698898 17.851135613 22.1811659905 0.360580815516 0.581918085211 -0.728939515726 0.757786338002 0.272887981302 0.592698924917 0.0 0.0 0.0 0.0 0.0 0.0
9.34747014048 17.7542907301 22.2085724821 -0.0267961591893 0.920595554473 -0.38959695961 0.757786338002 0.272887981302 0.592698924917 0.0 0.0 0.0 0.0 0.0 0.0
9.86914510665 17.8672956329 22.1471703344 -0.40399282501 0.909523381054 0.0977599951757 0.757786338002 0.272887981302 0.592698924917 0.0 0.0 0.0 0.0 0.0 0.0
10.2987298956 18.187626419 22.1080525807 -0.62770586221 0.552908068752 0.547976293334 0.757786338002 0.272887981302 0.592698924917 0.0 0.0 0.0 0.0 0.0 0.0
10.5852291136 18.6339926168 22.1938460403 -0.612942947674 -0.0137662629985 0.790007235979 0.757786338002 0.272887981302 0.592698924917 0.0 0.0 0.0 0.0 0.0 0.0
10.7320079674 19.0772207945 22.4597216743 -0.365312759457 -0.575210561276 0.73190122146 0.757786338002 0.272887981302 0.592698924917 0.0 0.0 0.0 0.0 0.0 0.0
10.7955137661 19.3893297066 22.8924342146 0.0211058537815 -0.918122750317 0.395733696172 0.757786338002 0.272887981302 0.592698924917 0.0 0.0 0.0 0.0 0.0 0.0
10.8638306449 19.4921525089 23.4153542635 0.399506000297 -0.912224756319 -0.0907796766066 0.757786338002 0.272887981302 0.592698924917 0.0 0.0 0.0 0.0 0.0 0.0
11.023214929 19.3870336494 23.9175810822 0.626127137916 -0.559757325811 -0.542804332487 0.757786338002 0.272887981302 0.592698924917 0.0 0.0 0.0 0.0 0.0 0.0
11.3253249139 19.1543180898 24.2960756363 0.614872107553 0.0053712714166 -0.788608547251 0.757786338002 0.272887981302 0.592698924917 0.0 0.0 0.0 0.0 0.0 0.0
11.767595015 18.9228269116 24.4948068472 0.370016883417 0.56845923283 -0.734807190082 0.757786338002 0.272887981302 0.592698924917 0.0 0.0 0.0 0.0 0.0 0.0
16.5226182055 6.68495325184 27.6643759034 -0.183414734653 0.88572527898 -0.426438466005 0.725839324927 0.414574727336 0.548894406825 0.0 0.0 0.0 0.0 0.0 0.0
17.0178636588 6.87401114272 27.5767736373 -0.537315144017 0.83993850983 0.0761297294986 0.725839324927 0.414574727336 0.548894406825 0.0 0.0 0.0 0.0 0.0 0.0
17.3906281081 7.25453304334 27.5065251454 -0.687080546739 0.475045057774 0.549774967944 0.725839324927 0.414574727336 0.548894406825 0.0 0.0 0.0 0.0 0.0 0.0
17.6067725251 7.74334147984 27.5615978747 -0.57581256238 -0.0703259540613 0.81455150432 0.725839324927 0.414574727336 0.548894406825 0.0 0.0 0.0 0.0 0.0 0.0
17.6916604504 8.21611911289 27.8023476451 -0.245783758501 -0.588978960161 0.76986630563 0.725839324927 0.414574727336 0.548894406825 0.0 0.0 0.0 0.0 0.0 0.0
17.7205219603 8.55463897344 28.2185884641 0.177622404518 -0.883869012093 0.432696025953 0.725839324927 0.414574727336 0.548894406825 0.0 0.0 0.0 0.0 0.0 0.0
17.7898725028 8.69168086487 28.7334623558 0.533546846373 -0.842962448828 -0.0688627082753 0.725839324927 0.414574727336 0.548894406825 0.0 0.0 0.0 0.0 0.0 0.0
17.9808450658 8.63656943957 29.232638991 0.686767920863 -0.481800357673 -0.544259348307 0.725839324927 0.414574727336 0.548894406825 0.0 0.0 0.0 0.0 0.0 0.0
18.3283663979 8.47163160757 29.6077516906 0.57907438007 0.0624057446338 -0.812882762386 0.725839324927 0.414574727336 0.548894406825 0.0 0.0 0.0 0.0 0.0 0.0
18.8078877532 8.32091916703 29.7975677389 0.251380800681 0.582902861186 -0.772678424359 0.725839324927 0.414574727336 0.548894406825 0.0 0.0 0.0 0.0 0.0 0.0
19.3447113699 8.30307945204 29.8112517161 -0.17181654775 0.881945435158 -0.438920634424 0.725839324927 0.414574727336 0.548894406825 0.0 0.0 0.0 0.0 0.0 0.0
19.8423693991 8.48627922675 29.7248837209 -0.529737917071 0.845922192972 0.0615904428902 0.725839324927 0.414574727336 0.548894406825 0.0 0.0 0.0 0.0 0.0 0.0
20.2192736535 8.86230699195 29.6525552691 -0.686402994951 0.488518966611 0.538702281213 0.725839324927 0.414574727336 0.548894406825 0.0 0.0 0.0 0.0 0.0 0.0
20.4397123236 9.34969267097 29.7030240192 -0.582292099003 -0.0544807827672 0.811152116282 0.725839324927 0.414574727336 0.548894406825 0.0 0.0 0.0 0.0 0.0 0.0
20.5274174914 9.82465945384 29.9383949198 -0.256958699239 -0.576782371902 0.775431700634 0.725839324927 0.414574727336 0.548894406825 0.0 0.0 0.0 0.0 0.0 0.0
20.5565489156 10.1681486769 30.3505255009 0.165997606486 -0.879954694664 0.445111817389 0.725839324927 0.414574727336 0.548894406825 0.0 0.0 0.0 0.0 0.0 0.0
20.6235194994 10.3110521996 30.8641193348 0.525888646175 -0.848817516865 -0.0543134871544 0.725839324927 0.414574727336 0.548894406825 0.0 0.0 0.0 0.0 0.0 0.0
20.8103664167 10.2604677426 31.3653324076 0.685985796793 -0.495200372937 -0.533104189855 0.725839324927 0.414574727336 0.548894406825 0.0 0.0 0.0 0.0 0.0 0.0
21.1535838179 10.0970023451 31.7450243635 0.585465474138 0.0465516719781 -0.809359697803 0.725839324927 0.414574727336 0.548894406825 0.0 0.0 0.0 0.0 0.0 0.0
21.6302580924 9.94414840261 31.9402227509 0.262517029398 0.570617958407 -0.778125924783 0.725839324927 0.414574727336 0.548894406825 0.0 0.0 0.0 0.0 0.0 0.0
22.166773132 9.92136684172 31.9580473092 -0.160166023862 0.877896942213 -0.451269103367 0.725839324927 0.414574727336 0.548894406825 0.0 0.0 0.0 0.0 0.0 0.0
22.6667783215 10.0987019164 31.8730050612 -0.521999326823 0.851648200019 0.0470323952363 0.725839324927 0.414574727336 0.548894406825 0.0 0.0 0.0 0.0 0.0 0.0
23.0477937479 10.4701702251 31.7986838492 -0.685516358161 0.501844067838 0.527465500549 0.725839324927 0.414574727336 0.548894406825 0.0 0.0 0.0 0.0 0.0 0.0
23.272545699 10.9560339049 31.8445984146 -0.588594263811 -0.0386190160989 0.807505643451 0.725839324927 0.414574727336 0.548894406825 0.0 0.0 0.0 0.0 0.0 0.0
23.363127569 11.4330943787 32.0745839169 -0.268055367868 -0.564410090145 0.780760891631 0.725839324927 0.414574727336 0.548894406825 0.0 0.0 0.0 0.0 0.0 0.0
