
#id1 id2 FENE BEXC STCK NEXC HB CRSTCK CXSTCK total, t = 100
0 1 2.22505 0 0 0 0 0 0 2.22505
1 2 0.00531995 0 -1.17238 0 0 0 0 -1.16706
2 3 0.165541 0 -1.27727 0 0 0 0 -1.11172
3 4 0.0758766 0 -1.29781 0 0 0 0 -1.22194
4 5 0.0809685 0 -1.35821 0 0 0 0 -1.27724
5 6 0.630833 0 -1.31866 0 0 0 0 -0.687832
6 7 0.0130908 0 -0.869453 0 0 0 0 -0.856362
7 8 0.0131916 0 -1.2354 0 0 0 0 -1.22221
8 9 0.214758 0 -1.2602 0 0 0 0 -1.04545
9 10 0.0861169 0 -1.18569 0 0 0 0 -1.09957
10 11 0.371057 0 -1.40983 0 0 0 0 -1.03877
11 12 0.184676 0 -1.12681 0 0 0 0 -0.942132
12 13 0.111344 0 -1.35191 0 0 0 0 -1.24056
13 14 0.0404284 0 -1.1671 0 0 0 0 -1.12667
14 15 0.181418 0 -1.24765 0 0 0 0 -1.06623
15 16 0.0558805 0 -1.35218 0 0 0 0 -1.2963
16 17 0.589658 0 -1.26854 0 0 0 0 -0.678879
17 18 0.118699 0 -1.33412 0 0 0 0 -1.21542
18 19 0.274692 0 -1.28202 0 0 0 0 -1.00733
19 20 0.117146 0 -1.41511 0 0 0 0 -1.29796
20 21 0.660308 0 -1.21969 0 0 0 0 -0.559381
21 22 0.153842 0 -1.20008 0 0 0 0 -1.04624
22 23 0.0234085 0 -0.953955 0 0 0 0 -0.930546
23 24 0.0313086 0 -1.07362 0 0 0 0 -1.04231
24 25 0.0146711 0 -1.18191 0 0 0 0 -1.16724
25 26 0.0586294 0 -1.32202 0 0 0 0 -1.2634
27 28 0.000340294 0 -1.2428 0 0 0 0 -1.24246
28 29 0.0731047 0 -1.35227 0 0 0 0 -1.27916
29 30 0.157486 0 -1.24818 0 0 0 0 -1.09069
30 31 0.0217912 0 -1.33296 0 0 0 0 -1.31117
31 32 0.0626978 0 -1.0511 0 0 0 0 -0.988401
32 33 1.88049 0 0 0 0 0 0 1.88049
33 34 1.71509 0 0 0 0 0 0 1.71509
34 35 0.179592 0 -1.11003 0 0 0 0 -0.930441
35 36 0.477406 0 -0.906741 0 0 0 0 -0.429334
36 37 0.284544 0 -1.39986 0 0 0 0 -1.11532
37 38 0.12189 0 -1.41121 0 0 0 0 -1.28932
38 39 0.028464 0 -0.974515 0 0 0 0 -0.946051
39 40 0.0436488 0 -1.29705 0 0 0 0 -1.2534
40 41 0.151633 0 -1.39834 0 0 0 0 -1.2467
41 42 0.314305 0 -1.2974 0 0 0 0 -0.983092
42 43 0.136407 0 -1.05026 0 0 0 0 -0.913854
43 44 0.201722 0 -1.0586 0 0 0 0 -0.856874
44 45 0.214888 0 -1.26083 0 0 0 0 -1.04595
45 46 0.121687 0 -1.28951 0 0 0 0 -1.16782
46 47 0.0761831 0 -1.13819 0 0 0 0 -1.06201
47 48 0.0730476 0 -1.2423 0 0 0 0 -1.16925
48 49 0.142984 0 -1.18637 0 0 0 0 -1.04339
49 50 0.301984 0 -0.917674 0 0 0 0 -0.61569
50 51 0.0340194 0 -1.31987 0 0 0 0 -1.28585
52 53 0.00102203 0 -1.31665 0 0 0 0 -1.31562
53 54 0.00598202 0 -0.666938 0 0 0 0 -0.660956
54 55 0.0352957 0 -1.09869 0 0 0 0 -1.0634
55 56 0.0419821 0 -1.17976 0 0 0 0 -1.13778
56 57 0.00513755 0 -0.693452 0 0 0 0 -0.688315
57 58 1.48346 0 0 0 0 0 0 1.48346
58 59 1.20282 0 0 0 0 0 0 1.20282
59 60 0.704843 0 -0.0151732 0 0 0 0 0.68967
60 61 0.477956 0 -1.23024 0 0 0 0 -0.752286
61 62 0.00609707 0 -0.917826 0 0 0 0 -0.911729
62 63 0.276421 0 -1.13601 0 0 0 0 -0.859592
63 64 0.00604629 0 -0.73414 0 0 0 0 -0.728094
64 65 1.77667 0 0 0 0 0 0 1.77667
65 66 2.02115 0 0 0 0 0 0 2.02115
66 67 0.0171715 0 -1.10681 0 0 0 0 -1.08964
67 68 0.054714 0 -1.2299 0 0 0 0 -1.17519
68 69 0.111559 0 -1.24943 0 0 0 0 -1.13787
69 70 0.105259 0 -1.205 0 0 0 0 -1.09974
70 71 0.343417 0 -0.767121 0 0 0 0 -0.423704
71 72 0.778048 0 0 0 0 0 0 0.778048
71 73 0 0 0 0.430339 0 0 -0.197269 0.23307
72 73 1.26731 0 0 0 0 0 0 1.26731
73 74 2.20838e-05 0 -1.29933 0 0 0 0 -1.29931
74 75 0.0380078 0 -1.26104 0 0 0 0 -1.22304
75 76 0.0275643 0 -1.15196 0 0 0 0 -1.1244
76 77 0.0284379 0 -1.30374 0 0 0 0 -1.2753
77 78 0.334207 0 -1.22865 0 0 0 0 -0.894448
79 80 4.83124e-05 0 -1.40383 0 0 0 0 -1.40378
80 81 0.0823122 0 -1.10279 0 0 0 0 -1.02048
81 82 0.0390427 0 -1.04197 0 0 0 0 -1.00293
82 83 0.118801 0 -1.25455 0 0 0 0 -1.13574
83 84 0.202028 0 -1.38953 0 0 0 0 -1.18751
84 85 0.158458 0 -1.1676 0 0 0 0 -1.00915
85 86 0.0688013 0 -1.22123 0 0 0 0 -1.15243
86 87 0.183337 0 -1.18389 0 0 0 0 -1.00056
87 88 0.0576009 0 -1.06815 0 0 0 0 -1.01055
88 89 0.148361 0 -1.27835 0 0 0 0 -1.12999
89 90 0.00306537 0 -0.936476 0 0 0 0 -0.933411
90 91 1.02015 0 -0 0 0 0 0 1.02015
90 92 0 0 0 0 0 -0 -5.50424e-14 -5.50424e-14
91 92 0.713173 0 0 0 0 0 0 0.713173
92 93 0.0478516 0 -0.935137 0 0 0 0 -0.887286
93 94 0.478217 0 -1.21574 0 0 0 0 -0.737521
94 95 0.199391 0 -1.31384 0 0 0 0 -1.11445
95 96 0.162054 0 -1.35563 0 0 0 0 -1.19358
96 97 0.261654 0 -1.31308 0 0 0 0 -1.05143
97 98 0.216366 0 -1.28769 0 0 0 0 -1.07133
98 99 0.0957977 0 -1.36251 0 0 0 0 -1.26671
99 100 0.0863467 0 -1.38749 0 0 0 0 -1.30115
100 101 0.169414 0 -1.39091 0 0 0 0 -1.2215
101 102 0.0947218 0 -0.997964 0 0 0 0 -0.903242
102 103 0.0872918 0 -1.13452 0 0 0 0 -1.04723
#Total energy per particle is  -0.726069 and should be -0.72606910

