t = 0
b =  30.0 30.0 30.0
E = 0. 0. 0.
25.1018590968 23.9294421514 13.07645735 0.985833907899 -0.0747043687165 -0.150169115771 0.162683711677 0.643745579778 0.747747041767 0.0 0.0 0.0 0.0 0.0 0.0
25.2919857716 23.903892591 13.5783379828 0.774636229814 0.386058423778 -0.500896800639 0.162683711677 0.643745579778 0.747747041767 0.0 0.0 0.0 0.0 0.0 0.0
25.6586907993 23.9663450605 13.9660391742 0.269141296795 0.700151166526 -0.661325416396 0.162683711677 0.643745579778 0.747747041767 0.0 0.0 0.0 0.0 0.0 0.0
26.0867465941 24.1883970105 14.2029912161 -0.338604914678 0.748244775208 -0.570505449693 0.162683711677 0.643745579778 0.747747041767 0.0 0.0 0.0 0.0 0.0 0.0
26.437617388 24.5810113805 14.3098965227 -0.817709457893 0.512067683803 -0.262940924309 0.162683711677 0.643745579778 0.747747041767 0.0 0.0 0.0 0.0 0.0 0.0
26.6020912852 25.0903515951 14.3568644375 -0.986152506681 0.0813475180059 0.144519254358 0.162683711677 0.643745579778 0.747747041767 0.0 0.0 0.0 0.0 0.0 0.0
26.5417716875 25.618234979 14.4367755208 -0.779939730591 -0.380277929939 0.497074152061 0.162683711677 0.643745579778 0.747747041767 0.0 0.0 0.0 0.0 0.0 0.0
26.3036648037 26.0594339968 14.6299946727 -0.277414810952 -0.697429434393 0.66078226876 0.162683711677 0.643745579778 0.747747041767 0.0 0.0 0.0 0.0 0.0 0.0
26.002321205 26.3416539532 14.9738391635 0.330504633496 -0.749615836322 0.573448153866 0.162683711677 0.643745579778 0.747747041767 0.0 0.0 0.0 0.0 0.0 0.0
25.7763161478 26.452998956 15.4484011791 0.812859841936 -0.517010649124 0.268251497777 0.162683711677 0.643745579778 0.747747041767 0.0 0.0 0.0 0.0 0.0 0.0
25.7356025173 26.4464913651 15.984111132 0.986396006133 -0.0879844723668 -0.138858387243 0.162683711677 0.643745579778 0.747747041767 0.0 0.0 0.0 0.0 0.0 0.0
25.9197378873 26.4199277109 16.4881683112 0.785183835938 0.374468476465 -0.493213649362 0.162683711677 0.643745579778 0.747747041767 0.0 0.0 0.0 0.0 0.0 0.0
26.2828559375 26.4787241578 16.8797974235 0.285667198896 0.694654590308 -0.660188799995 0.162683711677 0.643745579778 0.747747041767 0.0 0.0 0.0 0.0 0.0 0.0
26.7110918347 26.6958671403 17.120936478 -0.322379183107 0.750929811288 -0.576347187742 0.162683711677 0.643745579778 0.747747041767 0.0 0.0 0.0 0.0 0.0 0.0
27.0658413869 27.084184597 17.230697173 -0.807948323555 0.521914242083 -0.273541642855 0.162683711677 0.643745579778 0.747747041767 0.0 0.0 0.0 0.0 0.0 0.0
27.2364190933 27.5914724216 17.2781040419 -0.986564387709 0.0946147263695 0.133186945525 0.162683711677 0.643745579778 0.747747041767 0.0 0.0 0.0 0.0 0.0 0.0
27.1821094165 28.120327676 17.3558708792 -0.790368146495 -0.368630505765 0.489315586533 0.162683711677 0.643745579778 0.747747041767 0.0 0.0 0.0 0.0 0.0 0.0
26.9476352959 28.5651535951 17.5451772199 -0.293897832177 -0.691826845587 0.659545055297 0.162683711677 0.643745579778 0.747747041767 0.0 0.0 0.0 0.0 0.0 0.0
26.6461671552 28.8522775629 17.8848268766 0.314229182294 -0.752186600042 0.579202330548 0.162683711677 0.643745579778 0.747747041767 0.0 0.0 0.0 0.0 0.0 0.0
26.4163275664 28.9679405716 18.3565057229 0.802975276781 -0.526778089251 0.278810956677 0.162683711677 0.643745579778 0.747747041767 0.0 0.0 0.0 0.0 0.0 0.0
26.3695262173 28.9635244982 18.8917395355 0.986657638588 -0.101237775095 -0.127505361106 0.162683711677 0.643745579778 0.747747041767 0.0 0.0 0.0 0.0 0.0 0.0
26.5476335079 28.9360312709 19.397908497 0.795492267459 0.362764462426 -0.485380260429 0.162683711677 0.643745579778 0.747747041767 0.0 0.0 0.0 0.0 0.0 0.0
26.9070732859 28.9912302141 19.7934350128 0.302106084001 0.688946415573 -0.65885108369 0.162683711677 0.643745579778 0.747747041767 0.0 0.0 0.0 0.0 0.0 0.0
27.3353781553 29.2034745145 20.0387764034 -0.306055251713 0.753386106873 -0.582013364854 0.162683711677 0.643745579778 0.747747041767 0.0 0.0 0.0 0.0 0.0 0.0
27.6939177204 29.5874532017 20.1514478292 -0.797941080331 0.531601820229 -0.284059037966 0.162683711677 0.643745579778 0.747747041767 0.0 0.0 0.0 0.0 0.0 0.0
27.8705665912 30.0926105404 20.1993679884 -0.986675751667 0.107853114171 0.121814066659 0.162683711677 0.643745579778 0.747747041767 0.0 0.0 0.0 0.0 0.0 0.0
27.8223026933 30.622353 20.2750556678 -0.800555808606 -0.356870793168 0.481407970738 0.162683711677 0.643745579778 0.747747041767 0.0 0.0 0.0 0.0 0.0 0.0
15.9868333879 23.8550141932 19.6566206897 -0.411189544216 0.911433616336 -0.0145575321007 0.545032956983 0.258627603526 0.797527954681 0.0 0.0 0.0 0.0 0.0 0.0
16.4094645166 24.1722820686 19.753621341 -0.761518756402 0.550659545922 0.341852670215 0.545032956983 0.258627603526 0.797527954681 0.0 0.0 0.0 0.0 0.0 0.0
16.6585074209 24.6150728049 19.9285473192 -0.822534261116 -0.0193192925241 0.568387327645 0.545032956983 0.258627603526 0.797527954681 0.0 0.0 0.0 0.0 0.0 0.0
16.7200536145 25.0534597078 20.2330372067 -0.571055247992 -0.581958408739 0.578982136373 0.545032956983 0.258627603526 0.797527954681 0.0 0.0 0.0 0.0 0.0 0.0
16.6514277463 25.3591891731 20.6695060903 -0.102622798622 -0.923501795648 0.369611951427 0.545032956983 0.258627603526 0.797527954681 0.0 0.0 0.0 0.0 0.0 0.0
16.559409008 25.454406375 21.1902280299 0.404797767706 -0.914191410264 0.0198200065526 0.545032956983 0.258627603526 0.797527954681 0.0 0.0 0.0 0.0 0.0 0.0
16.5596639335 25.3412336162 21.7154679406 0.758428894225 -0.557564423655 -0.337501890184 0.545032956983 0.258627603526 0.797527954681 0.0 0.0 0.0 0.0 0.0 0.0
16.7328027494 25.1009640295 22.1637742848 0.823920203573 0.0108906094801 -0.56660117611 0.545032956983 0.258627603526 0.797527954681 0.0 0.0 0.0 0.0 0.0 0.0
17.0937542015 24.8631769575 22.4829238731 0.576390452373 0.575208117993 -0.580439202164 0.545032956983 0.258627603526 0.797527954681 0.0 0.0 0.0 0.0 0.0 0.0
17.5860938755 24.7565085942 22.669762327 0.109880331581 0.920994445513 -0.373758670891 0.545032956983 0.258627603526 0.797527954681 0.0 0.0 0.0 0.0 0.0 0.0
18.1034807744 24.8597809437 22.7714024801 -0.398375164279 0.916879584977 -0.0250809716342 0.545032956983 0.258627603526 0.797527954681 0.0 0.0 0.0 0.0 0.0 0.0
18.5300580422 25.1720560234 22.8673254249 -0.755281274753 0.564426840699 0.333125408078 0.545032956983 0.258627603526 0.797527954681 0.0 0.0 0.0 0.0 0.0 0.0
18.7844689196 25.6129922193 23.039184317 -0.825243401318 -0.00246109707416 0.564771875701 0.545032956983 0.258627603526 0.797527954681 0.0 0.0 0.0 0.0 0.0 0.0
18.8507655377 26.0533674079 23.3397829759 -0.581681762388 -0.568414022921 0.581852065263 0.545032956983 0.258627603526 0.797527954681 0.0 0.0 0.0 0.0 0.0 0.0
18.7844677797 26.3641726022 23.7730148315 -0.117129496727 -0.918416958085 0.377876927184 0.545032956983 0.258627603526 0.797527954681 0.0 0.0 0.0 0.0 0.0 0.0
18.6914703493 26.465624622 24.2923837444 0.391922223041 -0.91949793576 0.0303400267027 0.545032956983 0.258627603526 0.797527954681 0.0 0.0 0.0 0.0 0.0 0.0
18.687811602 26.3574770583 24.8186686674 0.752076137686 -0.571246274453 -0.328723557182 0.545032956983 0.258627603526 0.797527954681 0.0 0.0 0.0 0.0 0.0 0.0
18.8555886339 26.1191138885 25.2700210452 0.826503753582 -0.0059686027539 -0.562899565728 0.545032956983 0.258627603526 0.797527954681 0.0 0.0 0.0 0.0 0.0 0.0
19.2117672225 25.8793901754 25.5930604493 0.586928775086 0.561576640921 -0.583220618075 0.545032956983 0.258627603526 0.797527954681 0.0 0.0 0.0 0.0 0.0 0.0
19.7017362438 25.7676778754 25.7831546951 0.124369742009 0.91576952965 -0.381966406687 0.545032956983 0.258627603526 0.797527954681 0.0 0.0 0.0 0.0 0.0 0.0
20.2200553517 25.8647152684 25.8861796865 -0.385439435409 0.922046263214 -0.0355967712608 0.545032956983 0.258627603526 0.797527954681 0.0 0.0 0.0 0.0 0.0 0.0
20.6505135281 26.1719331361 25.9810903928 -0.74881372711 0.578022205592 0.324296672714 0.545032956983 0.258627603526 0.797527954681 0.0 0.0 0.0 0.0 0.0 0.0
20.910279592 26.6109111838 26.1499245358 -0.827701164385 0.0143978480498 0.560984388773 0.545032956983 0.258627603526 0.797527954681 0.0 0.0 0.0 0.0 0.0 0.0
20.9813711493 27.0531712214 26.4466350879 -0.592131090884 -0.554696492686 0.584544756379 0.545032956983 0.258627603526 0.797527954681 0.0 0.0 0.0 0.0 0.0 0.0
20.9174864059 27.3689881761 26.8765926356 -0.131600516053 -0.91305236182 0.386026797969 0.545032956983 0.258627603526 0.797527954681 0.0 0.0 0.0 0.0 0.0 0.0
18.0575255592 4.20454885547 28.4563814805 0.156599974838 -0.549439350081 0.820727024329 0.64435478882 0.68661106864 0.336707805889 0.0 0.0 0.0 0.0 0.0 0.0
18.0631724706 4.57704896885 28.843546665 0.565764392745 -0.724247054929 0.394178709888 0.64435478882 0.68661106864 0.336707805889 0.0 0.0 0.0 0.0 0.0 0.0
18.1977853932 4.78445694328 29.3205648987 0.759985458773 -0.623901194844 -0.182124686756 0.64435478882 0.68661106864 0.336707805889 0.0 0.0 0.0 0.0 0.0 0.0
18.505637025 4.84964662071 29.7560678044 0.665475342733 -0.286524839767 -0.689235869939 0.64435478882 0.68661106864 0.336707805889 0.0 0.0 0.0 0.0 0.0 0.0
18.9651837822 4.8495229519 30.0344593718 0.318140017835 0.159707092378 -0.934494822723 0.64435478882 0.68661106864 0.336707805889 0.0 0.0 0.0 0.0 0.0 0.0
19.4972505664 4.88580451982 30.099832815 -0.150062018856 0.545263629968 -0.824723568434 0.64435478882 0.68661106864 0.336707805889 0.0 0.0 0.0 0.0 0.0 0.0
19.9951107087 5.04637894935 29.9772104949 -0.561252985681 0.723665398212 -0.401626041854 0.64435478882 0.68661106864 0.336707805889 0.0 0.0 0.0 0.0 0.0 0.0
20.3650332153 5.37191292918 29.7630375058 -0.759214559595 0.627134582634 0.174055932855 0.64435478882 0.68661106864 0.336707805889 0.0 0.0 0.0 0.0 0.0 0.0
20.5618927391 5.84040225685 29.5885405721 -0.668737828929 0.292344853983 0.683611148613 0.64435478882 0.68661106864 0.336707805889 0.0 0.0 0.0 0.0 0.0 0.0
20.6063134537 6.37553160318 29.5698728213 -0.324196416353 -0.153511572441 0.933451059644 0.64435478882 0.68661106864 0.336707805889 0.0 0.0 0.0 0.0 0.0 0.0
20.5768335851 6.87566798174 29.7639852688 0.143512635071 -0.541046385919 0.828657306647 0.64435478882 0.68661106864 0.336707805889 0.0 0.0 0.0 0.0 0.0 0.0
20.5800674261 7.25247281961 30.1469901755 0.556698837029 -0.723028631573 0.409042788443 0.64435478882 0.68661106864 0.336707805889 0.0 0.0 0.0 0.0 0.0 0.0
20.7102007846 7.46446325816 30.6232363987 0.75838584329 -0.630320211698 -0.165973923921 0.64435478882 0.68661106864 0.336707805889 0.0 0.0 0.0 0.0 0.0 0.0
21.0132082199 7.53277218462 31.0616488607 0.671949388151 -0.298142605007 -0.677934367651 0.64435478882 0.68661106864 0.336707805889 0.0 0.0 0.0 0.0 0.0 0.0
21.4693865393 7.53311949489 31.3455261623 0.330228126058 0.147304362004 -0.932336210653 0.64435478882 0.68661106864 0.336707805889 0.0 0.0 0.0 0.0 0.0 0.0
22.0008403705 7.56704483912 31.4168773953 -0.136952322244 0.536787939093 -0.832527939397 0.64435478882 0.68661106864 0.336707805889 0.0 0.0 0.0 0.0 0.0 0.0
22.5010759155 7.72333101095 31.2984538583 -0.552102293605 0.722336803504 -0.416428384839 0.64435478882 0.68661106864 0.336707805889 0.0 0.0 0.0 0.0 0.0 0.0
22.8754597254 8.04427387987 31.0851054579 -0.757499372967 0.633457839437 0.15787927543 0.64435478882 0.68661106864 0.336707805889 0.0 0.0 0.0 0.0 0.0 0.0
23.0771715293 8.50961348321 30.9077456433 -0.675109775825 0.303917651317 0.672205959363 0.64435478882 0.68661106864 0.336707805889 0.0 0.0 0.0 0.0 0.0 0.0
23.1249920386 9.04423112474 30.8836151983 -0.336234687614 -0.14108593377 0.931150360649 0.64435478882 0.68661106864 0.336707805889 0.0 0.0 0.0 0.0 0.0 0.0
23.0961678402 9.54668822323 31.0717405073 0.130381579966 -0.532488613787 0.836335171921 0.64435478882 0.68661106864 0.336707805889 0.0 0.0 0.0 0.0 0.0 0.0
23.0970641271 9.92776452545 31.4505084451 0.547463705453 -0.721589966691 0.423782268602 0.64435478882 0.68661106864 0.336707805889 0.0 0.0 0.0 0.0 0.0 0.0
23.2227547829 10.1443543721 31.9258775643 0.756555216134 -0.636547226909 -0.149772603821 0.64435478882 0.68661106864 0.336707805889 0.0 0.0 0.0 0.0 0.0 0.0
23.5209022241 10.2158432583 32.3671060138 0.678218751276 -0.309669553122 -0.666426359988 0.64435478882 0.68661106864 0.336707805889 0.0 0.0 0.0 0.0 0.0 0.0
23.9736496509 10.2167429601 32.6564225535 0.342215643596 0.134856761295 -0.929893599941 0.64435478882 0.68661106864 0.336707805889 0.0 0.0 0.0 0.0 0.0 0.0
24.5044051444 10.2483832649 32.7337698179 -0.123800908627 0.528148737411 -0.840078714285 0.64435478882 0.68661106864 0.336707805889 0.0 0.0 0.0 0.0 0.0 0.0
25.0069402169 10.400415091 32.6196211129 -0.542783425821 0.720788178009 -0.431103879704 0.64435478882 0.68661106864 0.336707805889 0.0 0.0 0.0 0.0 0.0 0.0
8.50551113618 13.9633630351 14.0137861278 0.871252829235 0.232971024113 -0.432022001145 0.116086488978 0.757403169257 0.642545225082 0.0 0.0 0.0 0.0 0.0 0.0
8.8178462337 14.0705213609 14.4376363162 0.426104669002 0.546386517305 -0.721038545961 0.116086488978 0.757403169257 0.642545225082 0.0 0.0 0.0 0.0 0.0 0.0
9.22731190394 14.3022285106 14.6971257453 -0.180927779074 0.652220637477 -0.736120492045 0.116086488978 0.757403169257 0.642545225082 0.0 0.0 0.0 0.0 0.0 0.0
9.59553508123 14.682609375 14.7888164851 -0.71922273893 0.510265232924 -0.471537955922 0.116086488978 0.757403169257 0.642545225082 0.0 0.0 0.0 0.0 0.0 0.0
9.79981141256 15.1793052154 14.773020133 -0.984272955503 0.174451535204 -0.0278102666506 0.116086488978 0.757403169257 0.642545225082 0.0 0.0 0.0 0.0 0.0 0.0
9.77972269272 15.7157672887 14.7508844298 -0.875381420114 -0.227639217415 0.426483007884 0.116086488978 0.757403169257 0.642545225082 0.0 0.0 0.0 0.0 0.0 0.0
9.56009075061 16.2003389952 14.8259655416 -0.433917847627 -0.543246025413 0.718748257308 0.116086488978 0.757403169257 0.642545225082 0.0 0.0 0.0 0.0 0.0 0.0
9.24154722149 16.5610777532 15.0648853413 0.172398369893 -0.652464585767 0.737949026951 0.116086488978 0.757403169257 0.642545225082 0.0 0.0 0.0 0.0 0.0 0.0
8.9623019062 16.7730871883 15.4720206449 0.713217564343 -0.513800941362 0.476790623405 0.116086488978 0.757403169257 0.642545225082 0.0 0.0 0.0 0.0 0.0 0.0
8.84563455715 16.8679756826 15.9878403861 0.983073481738 -0.179935729041 0.0344914905135 0.116086488978 0.757403169257 0.642545225082 0.0 0.0 0.0 0.0 0.0 0.0
8.95305883919 16.9218478219 16.5115224637 0.879443347308 0.222290075109 -0.420911536291 0.116086488978 0.757403169257 0.642545225082 0.0 0.0 0.0 0.0 0.0 0.0
9.26095225993 17.0263909907 16.9392577433 0.441697981728 0.540064163233 -0.716403233193 0.116086488978 0.757403169257 0.642545225082 0.0 0.0 0.0 0.0 0.0 0.0
9.6695307495 17.2540418026 17.2036888834 -0.163855831908 0.652658846353 -0.739721364182 0.116086488978 0.757403169257 0.642545225082 0.0 0.0 0.0 0.0 0.0 0.0
10.040758297 17.630466219 17.2995005152 -0.707158075478 0.51729752187 -0.482006981436 0.116086488978 0.757403169257 0.642545225082 0.0 0.0 0.0 0.0 0.0 0.0
10.250789139 18.1248086218 17.2854386404 -0.981799143122 0.185406220075 -0.0411700877158 0.116086488978 0.757403169257 0.642545225082 0.0 0.0 0.0 0.0 0.0 0.0
10.2370188354 18.6614143783 17.2619920429 -0.883438301487 -0.216924004553 0.415308010655 0.116086488978 0.757403169257 0.642545225082 0.0 0.0 0.0 0.0 0.0 0.0
10.0218687432 19.1485723012 17.3332149195 -0.449444478817 -0.536841173075 0.714003652198 0.116086488978 0.757403169257 0.642545225082 0.0 0.0 0.0 0.0 0.0 0.0
9.70426776788 19.5133572617 17.567194951 0.155300815667 -0.652803404441 0.741437368767 0.116086488978 0.757403169257 0.642545225082 0.0 0.0 0.0 0.0 0.0 0.0
9.4220676184 19.7293356657 17.9701856541 0.701044733788 -0.520754708168 0.487186632769 0.116086488978 0.757403169257 0.642545225082 0.0 0.0 0.0 0.0 0.0 0.0
9.29967063804 19.8266080176 18.4842305654 0.9804500367 -0.190862591708 0.0478455496565 0.116086488978 0.757403169257 0.642545225082 0.0 0.0 0.0 0.0 0.0 0.0
9.40076727439 19.8803732356 19.0091818713 0.887365978419 0.211541414394 -0.409672857706 0.116086488978 0.757403169257 0.642545225082 0.0 0.0 0.0 0.0 0.0 0.0
9.70413901345 19.9823593258 19.4407482364 0.457156748969 0.533577300384 -0.711549697061 0.116086488978 0.757403169257 0.642545225082 0.0 0.0 0.0 0.0 0.0 0.0
10.1117196478 20.2059743783 19.7101168257 -0.146733972668 0.652898249022 -0.743096910026 0.116086488978 0.757403169257 0.642545225082 0.0 0.0 0.0 0.0 0.0 0.0
10.4858522685 20.5784176073 19.8100964509 -0.694878004827 0.524172236979 -0.492329182954 0.116086488978 0.757403169257 0.642545225082 0.0 0.0 0.0 0.0 0.0 0.0
10.7015874261 21.0703459142 19.7978496234 -0.979026265211 0.196304428416 -0.0545173679734 0.116086488978 0.757403169257 0.642545225082 0.0 0.0 0.0 0.0 0.0 0.0
