
#id1 id2 FENE BEXC STCK NEXC HB CRSTCK CXSTCK total, t = 100
0 1 2.03505 0 0 0 0 0 0 2.03505
1 2 0.0348299 0 -1.31188 0 0 0 0 -1.27705
2 3 0.399722 0 -1.16986 0 0 0 0 -0.770136
3 4 0.0331696 0 -0.841888 0 0 0 0 -0.808718
4 5 0.063716 0 -1.36198 0 0 0 0 -1.29826
5 6 0.576423 0 -1.33275 0 0 0 0 -0.756325
6 7 0.0388386 0 -1.08168 0 0 0 0 -1.04284
7 8 0.514401 0 -1.31887 0 0 0 0 -0.804471
8 9 0.0927886 0 -1.34192 0 0 0 0 -1.24913
9 10 0.0678037 0 -1.20495 0 0 0 0 -1.13715
10 11 0.275529 0 -1.0897 0 0 0 0 -0.81417
11 12 0.127332 0 -1.37377 0 0 0 0 -1.24643
12 13 0.114966 0 -1.21824 0 0 0 0 -1.10328
13 14 0.200034 0 -1.26245 0 0 0 0 -1.06242
14 15 0.245923 0 -1.19622 0 0 0 0 -0.950301
15 16 0.0498037 0 -1.22125 0 0 0 0 -1.17144
16 17 0.139375 0 -1.21066 0 0 0 0 -1.07129
17 18 0.234462 0 -1.40435 0 0 0 0 -1.16989
18 19 0.208543 0 -1.27371 0 0 0 0 -1.06517
19 20 0.103215 0 -1.31836 0 0 0 0 -1.21515
20 21 0.500819 0 -1.14235 0 0 0 0 -0.641529
21 22 0.0118808 0 -1.11355 0 0 0 0 -1.10167
22 23 0.100048 0 -1.16095 0 0 0 0 -1.0609
23 24 0.108942 0 -1.3117 0 0 0 0 -1.20276
24 25 0.225072 0 -1.21519 0 0 0 0 -0.990121
25 26 0.0481954 0 -0.357571 0 0 0 0 -0.309375
27 28 0.0042671 0 -0.880162 0 0 0 0 -0.875895
28 29 0.0265333 0 -0.685947 0 0 0 0 -0.659413
29 30 0.0561227 0 -1.16542 0 0 0 0 -1.1093
30 31 0.410091 0 -0.561 0 0 0 0 -0.150909
31 32 0.068118 0.006915 -0.281506 0 0 0 0 -0.206473
32 33 1.94149 0 0 0 0 0 0 1.94149
33 34 0.217287 0 -0.455015 0 0 0 0 -0.237728
34 35 2.0416 0 0 0 0 0 0 2.0416
35 36 0.0222836 0 -1.22437 0 0 0 0 -1.20209
36 37 0.018566 0 -1.00272 0 0 0 0 -0.984157
37 38 0.00995577 0 -1.35789 0 0 0 0 -1.34794
38 39 0.169044 0 -1.06146 0 0 0 0 -0.892411
39 40 0.310479 0 -1.37794 0 0 0 0 -1.06746
40 41 0.202324 0 -1.15607 0 0 0 0 -0.953743
41 42 0.214914 0 -1.35434 0 0 0 0 -1.13943
42 43 0.0377093 0 -1.37355 0 0 0 0 -1.33584
43 44 0.048525 0 -1.07615 0 0 0 0 -1.02763
44 45 0.039426 0 -1.2135 0 0 0 0 -1.17408
45 46 0.00115212 0 -1.15066 0 0 0 0 -1.14951
46 47 2.32573 0 0 0 0 0 0 2.32573
46 48 0 0 0 0 0 -0 -0.155117 -0.155117
47 48 2.18933 0 0 0 0 0 0 2.18933
48 49 0.571388 0 -1.12263 0 0 0 0 -0.551244
49 50 0.0305997 0 -1.29551 0 0 0 0 -1.26491
50 51 0.0258088 0 -1.24363 0 0 0 0 -1.21782
51 52 0.131085 0 -1.27044 0 0 0 0 -1.13935
52 53 0.033416 0 -1.21465 0 0 0 0 -1.18123
54 55 0.00563245 0 -0.826971 0 0 0 0 -0.821338
55 56 0.192033 0 -1.25334 0 0 0 0 -1.06131
56 57 0.129761 0 -1.42998 0 0 0 0 -1.30022
57 58 0.084293 0 -1.09703 0 0 0 0 -1.01274
58 59 0.321918 0 -1.29947 0 0 0 0 -0.977557
59 60 2.15808 0 0 0 0 0 0 2.15808
60 61 2.10008 0 0 0 0 0 0 2.10008
61 62 0.166187 0 -0 0 0 0 0 0.166187
62 63 0.0995476 0 -1.36041 0 0 0 0 -1.26087
63 64 0.00203167 0 -0.689721 0 0 0 0 -0.687689
64 65 0.00836407 0 -1.06798 0 0 0 0 -1.05962
65 66 0.169409 0 -1.27575 0 0 0 0 -1.10634
66 67 2.16128 0 0 0 0 0 0 2.16128
67 68 2.24022 0 0 0 0 0 0 2.24022
68 69 0.180155 0 -1.16049 0 0 0 0 -0.980332
69 70 0.063973 0 -1.208 0 0 0 0 -1.14402
70 71 0.0091223 0 -1.29725 0 0 0 0 -1.28813
71 72 0.0332778 0 -1.16908 0 0 0 0 -1.1358
72 73 0.0050115 0 -1.18859 0 0 0 0 -1.18358
73 74 1.90899 0 0 0 0 0 0 1.90899
74 75 1.74199 0 0 0 0 0 0 1.74199
75 76 0.677659 0 -1.06979 0 0 0 0 -0.392135
76 77 0.097907 0 -1.23393 0 0 0 0 -1.13602
77 78 0.0359263 0 -1.3079 0 0 0 0 -1.27198
78 79 0.226514 0 -1.08648 0 0 0 0 -0.859962
79 80 0.0120132 0 -0.869368 0 0 0 0 -0.857355
81 82 0.00623474 0 -1.35315 0 0 0 0 -1.34691
82 83 0.0974036 0 -1.181 0 0 0 0 -1.0836
83 84 0.207711 0 -1.24453 0 0 0 0 -1.03682
84 85 0.066892 0 -0.942793 0 0 0 0 -0.875901
85 86 0.0188646 0 -0.996633 0 0 0 0 -0.977768
86 87 1.79089 0 0 0 0 0 0 1.79089
87 88 1.83644 0 0 0 0 0 0 1.83644
88 89 0.0664889 0 -0 0 0 0 0 0.0664889
88 90 0 0 0 0 0 -0 -3.31312e-15 -3.31312e-15
89 90 0.0241473 0 -1.31568 0 0 0 0 -1.29154
90 91 0.0308078 0 -1.1913 0 0 0 0 -1.16049
91 92 0.0689314 0 -1.25292 0 0 0 0 -1.18399
92 93 0.113714 0 -1.38679 0 0 0 0 -1.27307
93 94 0.362562 0 -1.40524 0 0 0 0 -1.04267
94 95 0.0474134 0 -1.39649 0 0 0 0 -1.34907
95 96 0.196556 0 -1.13782 0 0 0 0 -0.941266
96 97 0.247995 0 -1.02685 0 0 0 0 -0.778853
97 98 0.0327388 0 -1.27449 0 0 0 0 -1.24175
98 99 0.0818706 0 -1.37883 0 0 0 0 -1.29696
99 100 0.240408 0 -1.21136 0 0 0 0 -0.970952
100 101 0.107414 0 -1.12537 0 0 0 0 -1.01796
101 102 0.0255249 0 -1.02031 0 0 0 0 -0.994788
102 103 0.0725071 0 -1.11091 0 0 0 0 -1.03841
103 104 0.00438808 0 -1.18305 0 0 0 0 -1.17866
104 105 0.0725626 0 -1.21503 0 0 0 0 -1.14247
105 106 0.13803 0 -1.38672 0 0 0 0 -1.24869
106 107 0.0640003 0 -1.37806 0 0 0 0 -1.31406
#Total energy per particle is  -0.601513 and should be -0.60151310

