t = 100
b = 30 30 30
E = -0.388607765221203 -0.601513283268074 0.212905518046871
7.60714652461814 26.9462105289462 26.4532599015007 0.835442825602713 0.447847861171645 -0.318539575299466 -0.0495925991363508 0.638677358555548 0.767874785765057 10.9666726112711 -0.554594901951944 -6.47317930219432 -0.0295682427547427 -0.154103955427115 -0.249237153643884
5.29267335421769 27.3712033725898 28.2305813574072 0.195305583602937 0.758976558589348 -0.621136211744647 0.017849427858421 0.63047696595108 0.77600262507626 0.190439950178188 0.0328891254519711 -0.38265928955342 0.137024462156421 -0.475322216557973 -0.202655989088034
5.54752675546794 27.6802980158879 28.5516763039304 -0.507608524060742 0.654007839102014 -0.56089857905226 0.137322170435429 0.704095848070316 0.696700467190011 0.145471745477156 -0.189989669712627 -0.392853696913325 0.226155666651426 0.214813957289568 0.302186936186186
5.62219727208741 28.0974184697666 28.7833014063155 -0.889304367512104 0.342047977665928 -0.303547038337162 0.091853656447472 0.783830134264053 0.61414421045824 -0.0502068552414531 0.146440122349588 -0.126852939288092 0.208588229873356 0.148505266693775 0.195075583106343
5.72617215281821 28.5575586802861 29.1052595256334 -0.985129368616391 -0.125578752867809 -0.117260330233041 -0.170903621912439 0.786375534137802 0.593637395216959 -0.154854368522868 0.377416597841981 0.474604480108635 0.443335810727724 0.306267935098823 -0.151876967511869
5.55054171100497 28.9556021563987 29.1235016381465 -0.613271989424249 -0.487118354703065 0.621782165328562 -0.091190176135632 0.825594031690243 0.556847138298366 -0.0610327427371276 -0.476308783390986 -0.0111166759539308 0.469850214760911 -0.231883965377886 0.409460255968523
5.38137172315066 29.2815105742494 29.3185917057589 -0.0896460391934431 -0.615469256264991 0.783046017623763 -0.135708508993096 0.786427251096344 0.602590461933593 -0.289298326319081 0.0494599610607133 0.188703877366019 0.159945060944723 -0.336076202727417 0.362496571531199
5.25103412845598 29.6549579448901 29.6668983347887 0.400725674024261 -0.753052145265909 0.521853697557885 0.0418296604241116 0.584029741537313 0.810653700020581 0.000773483375256994 -0.0164873303680878 0.423664634407836 0.451979885770174 0.617145700054671 -0.21625094861362
5.04749051232685 29.7520629736685 30.0523357403745 0.787627198369775 -0.486904268923486 0.377581131933152 -0.0610641018543365 0.548103967182777 0.834178099019079 0.679526474404997 -0.0240706041146336 0.345947075520074 0.404783330789602 0.411313984218108 0.0358569763108448
4.99961022194293 29.7540722310121 30.5388382124042 0.999254651340648 -0.0377121034491058 -0.00823532940017921 0.0272157306469364 0.53701489480386 0.843133554494715 -0.0740988591813617 0.0338706155111082 0.154134837141544 0.570340029744153 -0.0983690498296065 -0.273799496477795
5.10764617572757 29.679148994618 30.995130271724 0.764256494326102 0.565040365433039 -0.310871801718888 -0.09843662186529 0.578594461484543 0.809653358797734 0.451145532341865 -0.466322447758296 0.395818208238519 0.204458266982713 -0.41521723304358 0.0260802666868569
5.18860291580069 29.8833693454773 31.3937885754313 0.374835359922006 0.611082718181694 -0.697191686226082 0.0269437103844446 0.744522325232434 0.667053539501416 -0.120067644117225 0.222653358098697 0.711532229859561 0.263279429118283 -0.187078896781455 -0.422160421267378
5.49941222024763 30.1292402199656 31.6579375219111 -0.303842505818422 0.697569612034687 -0.648903882918735 0.151082577495224 0.707765514449566 0.690102828984151 -0.441391608073576 -0.1590517342364 -0.0421408238556367 0.394045527455447 0.138131410767711 -0.0487312440440774
5.6629666376674 30.5912639524624 31.7813956479315 -0.78181834018047 0.435314970161499 -0.446386426377262 0.103029231935435 0.796283807058152 0.596084693562182 -0.252640765025365 0.399494987663184 0.288644090228182 0.387958531057947 -0.0351492100941694 -0.243260450176746
5.81917508971185 31.0162100180471 31.8450465225414 -0.999481302044244 0.030998638607763 0.00872310929234418 0.0281272576496533 0.708456500574913 0.705193679312185 -0.0789688579316873 0.765925850829613 0.0419470614565379 0.591808183906902 -0.11513280336945 -0.128998221612297
5.72175999165429 31.4474213058628 31.9585729017553 -0.844688732244946 -0.429436867501192 0.319507127948329 -0.137891773441776 0.751359704344902 0.645324987212932 -0.398970252859505 -0.203229513315359 0.844329095355653 0.519978146968328 0.0565455121664529 0.0255361686534895
5.50639239316534 31.8493034396508 32.2193464851843 -0.352330055001893 -0.763466589878638 0.541278283620452 -0.292259364125041 0.639198393096545 0.711343637170526 -0.217610518227207 -0.709406358088478 0.361540766559827 0.474303824647424 -0.138042850606374 -0.384928037161158
5.22842942991084 32.1504700187015 32.4508895034795 0.395521577587131 -0.662878141343724 0.635731965863442 -0.146081491576896 0.637960311394194 0.756086452126576 -0.148694548587043 -0.285721467389607 0.261974788237565 0.623840578168694 -0.227937775793092 0.0349096910215457
5.02601628720311 32.313807675852 32.8277555840405 0.884541153556932 -0.32687185346694 0.332778636643154 -0.0544311634602134 0.636207490958516 0.76959545111341 0.194403466797508 -0.263681374374911 -0.211400210394455 0.189483698490215 -0.196817203446364 0.199026333952578
4.97470397812648 32.5021821763726 33.2568045259843 0.983426344544741 -0.0124082078659079 -0.180882676285058 0.143376686334749 0.663872839256527 0.733972656100888 0.202715549381833 0.135261143998383 -0.507381720619331 0.232404119551636 0.157723028435644 0.0822226903710507
5.12822973760823 32.5048176365606 33.6602766114284 0.571306205894973 0.644603067416562 -0.508031490415631 0.108123058241385 0.554487926735144 0.825137823188538 0.365373092569006 -0.61661656426751 -0.567507259136356 0.598797127855206 0.32719479019592 0.510213425877432
5.28733099685909 32.7482450372572 34.0091718310655 0.3054407861295 0.608246567625035 -0.732626726337552 0.358011915099761 0.639586834337437 0.680261745798367 -0.301861171798627 0.328150499242943 -0.559240197241823 0.647385620433004 0.320528140102826 -0.238371955393784
5.71209300745098 32.9000231677661 34.2829745590215 -0.393581618342469 0.806525664672419 -0.441145943219471 0.233350372878933 0.551810460795912 0.800657668726987 0.272296611522872 0.436447968651091 -0.448589950977434 0.647575495916444 -0.101835789273766 0.401704554127786
5.94422565038482 33.2515518091536 34.5361879192549 -0.83141872437036 0.444912658304333 -0.332859598088954 0.182562116968357 0.784522463955253 0.592617469358246 0.158637063682615 -0.12036640446511 -0.380153391280934 0.395213317518033 -0.0785478003950119 -0.173672321937515
6.06450116118829 33.6923026762169 34.5367367312351 -0.973528658524119 0.0250364163115077 0.227189372209294 0.167026089171276 0.756452977408451 0.632361495906149 0.169682454465686 -0.431788584867866 -0.159017192926216 0.649796476887474 -0.395138973789489 0.263851502385448
6.05177542092191 34.1232583923908 34.6032907556608 -0.601272024416457 -0.419694802122429 0.679947139815912 0.0275185807161646 0.839569129970077 0.542555333117793 0.106001222677597 0.0853306666787551 -0.380644238722472 0.39436489842795 -0.527402159319031 0.288273203515991
5.74150075740133 34.540611109867 34.5739686512337 -0.144388553194072 -0.59920430085839 0.787468116365676 0.0704140517943853 0.787568088369398 0.612191349403643 -0.0317795108230739 0.0722767936131755 -0.595168535751846 0.203108971898897 -0.868835644780728 0.660354758748023
28.8396983939835 25.8042570650683 10.1499971319611 0.2165288478603 -0.776345624113076 0.591948152763489 0.502963561114213 0.6083825587446 0.61392035333599 -0.971107074992153 -1.36290223480633 -0.699735199081247 0.380943993970682 0.0787768407195829 -0.582927685385824
28.8994182460611 25.9997480784553 10.5710530131036 0.842745692154895 -0.525435746294392 -0.117033587558984 0.380812941272113 0.428252948454516 0.81950033865673 -0.387142792946621 -0.258081044053283 0.425272550073175 0.0839100219752596 0.0059901558485181 0.590418524172858
29.1915537157807 26.2199370052976 10.9744600150257 0.714722064946332 -0.292368154872972 -0.635368486577463 0.697372554168275 0.22863527400104 0.679262333989373 -0.206057906730377 0.137394377322948 -0.172739278826587 0.178467328082766 -0.0422274954032359 -0.0066746626184996
29.6481084415356 26.1631100523302 11.233440911637 0.506261260373813 0.272321713851155 -0.818254424135597 0.76799659563824 0.289231341744389 0.571424837932772 -0.104773914847879 0.144989982646618 0.308933608051082 0.863565845847403 0.0218997090690083 0.0550042135484699
29.9173795831817 25.848653408571 11.4244325586395 0.487587819145617 0.81394919941032 -0.315823843608237 0.597562300424384 -0.0473888554901172 0.800420813850096 0.142426941648633 -0.0617452359834037 -0.10110456928432 0.631053012420986 -1.53099091287747 0.433652844400135
30.399928978916 26.0370710962278 11.6289574176249 -0.202233662115888 0.87471726971254 -0.440421531926683 0.837944970727839 0.387321642029318 0.384486754902462 -0.747355243632165 -0.248790738180764 0.00839449969802415 0.423174464484248 -0.103278044306113 -0.138092381918934
28.3540348325703 26.511597761098 13.4427560198064 -0.797779069347932 0.584734337006488 -0.147085664168021 0.392171793558181 0.688509884796975 0.610045329233332 -10.4651931896147 0.271660258216981 7.49506962101324 0.250108536839894 1.38817476465077 -0.248812222808422
28.7115510053598 26.8188788076691 13.4020036738043 -0.575146895859179 0.3010701059298 0.760633107162294 0.755086460189059 0.553101656782081 0.352026820729825 -10.1079232671618 0.581309774827208 6.72212881960113 0.427309963608793 -0.455332193755404 0.781830401816211
31.0493492360019 27.0285637448122 11.8128785014579 -0.482890436330969 0.100397653136874 0.869906329862411 0.759893491880756 0.541724265387103 0.359300128721845 -0.776200666030884 -0.283233405654664 0.442139619278024 0.277748534375151 -0.997236187392508 -0.621669340381782
31.3214449815235 27.4598668157034 11.9836441568481 -0.304595124114809 -0.472408834013764 0.827074114312662 0.621859023406636 0.559096318134544 0.548363513640962 -0.392858876639944 -0.530570469718406 0.0951584061281841 0.112926119631062 -0.574062671374843 -0.610485459874232
31.4777166682564 27.8813466325893 12.3103762541123 0.278742937133566 -0.80718090540327 0.520347232770634 0.661321869895716 0.554219701783547 0.505463933887987 -0.464214708152801 -0.16599263538927 -0.177376536009394 -0.138911218896289 0.332237650341247 0.134971949071532
31.6729678856819 28.0795523023286 12.7500050171625 0.62007877135715 -0.773008377191514 -0.134015845899126 0.689427516884271 0.455371408315901 0.563317371446801 -0.0498786048924302 0.218915315297704 -0.223723190252622 0.17117453584317 -0.243627714455859 -0.477414537450174
31.8699831914603 28.1233364109985 13.2123374283063 0.719871005751069 -0.426873018488548 -0.547325353194757 0.655444555318509 0.15855802922734 0.738411591138614 0.261291924780228 0.510062493859387 -0.248625864023507 0.453993155902715 0.15622275989705 -0.0914260712221849
32.1783357037765 27.9811678310508 13.5138811386727 0.712142796797857 0.253723582191621 -0.654581440016507 0.62378840678653 0.199089900060622 0.755811565507352 0.63799113742761 -0.014054678661456 -0.87823144219465 0.586696534243874 -0.451524720891804 -0.218017860811318
32.5106584588577 27.9637480228907 13.8851142797187 0.328379939754214 0.632451041804951 -0.701549839125817 0.741849270342665 0.287050697227139 0.606020991514068 -0.294075259248655 0.628158285559368 -0.40343171676267 0.585232718550802 0.243743898034773 -0.030226258867356
32.974490682904 27.9954944654023 14.0313172210518 -0.104792237853982 0.911328696732192 -0.39811867044639 0.828929277246421 0.30121679731388 0.471322165164276 -0.00863691597310383 0.474769914384871 0.0762359627948554 0.487387426916909 -0.0158502892852858 -0.117464395335724
33.398134808618 28.2046953686156 13.9807800332496 -0.483820532246144 0.825861247823313 0.28960451175777 0.818593187841094 0.310002486746582 0.483532350420902 -0.0534496754776236 0.659243938184857 -0.217779942025357 0.15727867516464 -0.487096710026917 0.109502244044048
33.7978361949921 28.4481380518789 14.2063064648122 -0.822896890827898 0.416115671378821 0.3868957711903 0.546679254561805 0.394245467950002 0.738723348628222 0.0605885389744484 -0.0781340108709043 0.737254365099676 0.332473540174202 -0.0996966692081033 -0.12225198548269
33.8976360248555 28.8588009317306 14.3266441300983 -0.418757770938231 -0.300589078974536 0.856906074629146 0.650117015073755 0.559598525811576 0.514001205013546 -0.238389727724772 0.226903325330937 0.491434500120685 0.217947974333501 0.0489841955571 0.362426052997441
34.1128110159343 29.2439217014009 14.6855024126804 -0.190205425692579 -0.770301251041047 0.608652414247873 0.550388129085226 0.429712417414172 0.715835195534072 0.142067747424812 -0.448007647792448 0.846573963237918 0.185157998173726 0.130355151878444 0.505012697078048
30.6461192742789 28.6468439877291 15.868908145765 0.23733074741661 -0.834251959820913 0.497692340180672 0.488544092398174 0.545328138031876 0.681132714760062 -13.0580532848662 -4.11047025762403 4.05369906221351 0.31786372708079 -0.173034443456319 -0.246121795155746
33.934455640164 29.540714931919 15.3978175037252 0.462677169358961 -0.882582875662178 -0.0835295578864298 0.566545775050317 0.221893451408601 0.793592508632347 -0.0861004424769537 -0.583629990478089 -0.309050030429951 0.358489355961164 -0.128331774953867 -0.419780525327823
34.1794923448748 29.5934429771906 15.7558116858975 0.683182501219841 -0.537711676708861 -0.494092811475655 0.708442221368269 0.323924857146842 0.627042413180798 -0.316884008111765 -0.0963346749499786 -0.394889172543647 0.406118372735963 0.639658469136662 -0.028618650656089
34.5711969363386 29.5281415884343 16.0728315492299 0.570832261957355 0.153337302028111 -0.806621398993887 0.737241012711589 0.336720630432464 0.585742937921318 -0.0251263256225469 -0.17089216544816 -0.480351167682603 0.121904594979678 0.198322147154957 -0.0337126654223435
35.0457460422327 29.52404885259 16.2871204645861 0.123572377863099 0.728230750754201 -0.674099194595596 0.623648602787705 0.471397504301957 0.623575732376412 0.232970792801436 -0.172521220425889 0.0769759166031998 0.510174750976624 -0.160148773450611 0.164566159216091
35.4830477543608 29.632720961234 16.2947239955019 -0.320294239095949 0.946994203402796 -0.0247683610813452 0.695806571090244 0.25291888927693 0.672224019232964 0.316227356846579 0.17900557489252 -0.0663059658238319 0.102052218435072 -0.341119724447924 0.895734680056528
35.8846033653414 29.8678883919477 16.5564869196681 -0.756870561927817 0.640849457204483 0.128291892526304 0.523563497525386 0.477032756704889 0.705918476179641 -0.256738285195679 0.542554557492715 -0.0929123854458046 -0.225665210395624 0.250530110114703 0.447877694862598
0.441227432711887 18.2531564187944 22.6934524869251 -0.326195953841596 0.894937765054548 -0.304437969346955 0.752653114207264 0.440732647908605 0.489150190398214 -0.364230019364233 0.0681549959150764 -0.530613276945996 0.161506515559585 -0.151517910995969 -0.0973957300672463
0.782510160437176 18.6492679489369 22.9355679728224 -0.750211921039473 0.645551437773614 -0.142987057502507 0.440193047478812 0.64899957533612 0.620507464200466 -0.0371659661791118 0.37861649919371 -0.110968555038255 0.462421055401402 0.349355620416134 -0.590830000786921
1.00207285094631 19.066228659162 22.9256990464012 -0.7815328661749 0.341765484237678 0.521922038732493 0.611460208752845 0.585621648480498 0.532131169118709 -0.0605967276771635 0.0759678143899394 -0.144249980211651 0.630092532401369 0.180717983855774 -0.0152891572259038
1.18087303230609 19.5016858467844 23.0447595435803 -0.557347381775205 -0.217717452656306 0.801225865639316 0.560528681580956 0.61323757723181 0.556549327701803 0.30906269932279 0.203887200378023 0.513289004801571 0.384408026281152 0.0655236265730198 0.306396228761898
1.30965379308482 19.877302052168 23.380550519628 -0.147629545936064 -0.697218884006519 0.701492142336697 0.358196759745543 0.62342394741153 0.695009031272142 0.322351822086558 -0.257581480643965 -0.199689547161251 0.213045533459298 -0.514495350417533 -0.275680116849153
1.36190207152665 20.1586437872966 23.7469951476696 0.390258866113498 -0.837297706206419 0.38292355556871 0.524430035783185 0.543993041885688 0.655014953499266 0.293141146211174 0.194539517488109 0.00134265529293206 0.347533585461621 0.28473128733576 0.333481569678631
4.53296085879314 20.9869200818588 23.2303450396157 0.570044448660859 -0.814093537263484 -0.110909519734425 0.61628268154156 0.334395939921142 0.713004133639284 13.0626229925825 3.228615448739 -4.20161806756862 0.291151887967308 0.334792285493871 -0.147677347212678
2.08053254549867 20.492666131311 24.5317343882476 0.819684063941642 -0.281828129291858 -0.498689103410482 0.567182770629798 0.277529613116701 0.775423049914692 1.53167658538083 0.324304974480233 -0.58677995219025 0.586244963050709 -0.0986734993846221 -0.00012018944027576
1.87963351343336 20.1204438978263 25.0927192837549 0.60580521971066 0.0327211051597745 -0.794939778184756 0.715322881980419 0.415005064365744 0.562213352063058 0.418145900844033 0.771497405505476 -0.813670278140722 0.287071413900976 0.142276843599904 -0.551879389953873
2.31568904815189 20.1106966957534 25.2771702589625 0.193215280568891 0.685495496502358 -0.701971267693058 0.764429786765175 0.343333645587725 0.545682138230501 0.343267257438613 -0.0880408064376867 -0.38669513033732 0.723236215110064 0.151506636581436 -0.370335267266252
2.86782226161985 20.3684388171782 25.2800917505037 -0.204587699547635 0.862044737342354 -0.463705324791501 0.818574706180889 0.410430589314461 0.401848322886219 0.0253116240346144 0.743825555460236 -0.408222437013771 0.612783885333087 0.251271575523451 -0.0959100005318154
3.33342512703983 20.5194160157873 25.1864069531806 -0.594875556785637 0.790638637740491 0.144960331412799 0.671427866917909 0.389601596098516 0.630392811399152 0.45419954403195 0.0340303000678315 -0.307450105234291 0.659410423802253 -0.243539843417133 -0.0462307443417563
3.60419437142938 20.8417796384984 25.2277555060817 -0.632151078690156 0.212766355554062 0.745060652639759 0.727390888897846 0.494288523226327 0.476005496038365 0.616308192899961 0.501743895416647 0.0299977712095508 0.0444409938236313 -0.372186612149552 0.513290137663293
6.40558552439304 21.8382088989351 24.0275332935787 -0.436915224272058 -0.38753209771036 0.811741242737047 0.689287937113431 0.435554175612759 0.578942640826136 11.0752944508782 2.14206939359101 -5.61205781562455 -0.147822842074964 -0.19883660745763 0.416770068371566
3.48985503204292 21.6710497362051 25.767075875551 -0.0931078816441876 -0.664195013677096 0.741738354816495 0.48918328885588 0.61834174189857 0.615104124268729 -0.599764550828922 -0.486169018093829 0.303254660442034 0.392789806938003 0.007064228971087 -0.181486098607003
3.59657317836596 21.859759933572 26.1969441536818 0.391745133738845 -0.852920695769785 0.345053500329598 0.526894826504827 0.515409184379725 0.675821793124953 0.189290250305402 -0.474484660848908 -0.335195313584399 0.550037142235214 -0.108400420857174 0.0351249997640869
3.63703127706955 22.0572792258923 26.6667567690111 0.679329726527768 -0.71654874920057 -0.15833159371258 0.552821012909405 0.357816106152358 0.752566572574728 0.42089759748513 -0.219070190774858 -0.399631854644406 0.545435296498537 0.00362291498053181 0.0928212188344162
3.76409936950052 21.9949986068175 27.1673930374108 0.791935949699483 -0.18580908454627 -0.5816462135469 0.610528242285448 0.255971208274393 0.749489088756769 0.488888657928568 0.0493957429946293 -0.136699914806331 0.54192185265702 -0.186021633152985 0.215910417862418
4.14750939033928 22.008313909571 27.5660357501598 0.533754325425739 0.144172794948646 -0.833258907192292 0.79733155863264 0.242470770480859 0.552693587861338 0.238337151108136 0.144812274548274 -0.486005364944852 0.35317185134075 0.165595847773 -0.00110326928074203
4.60977639036777 21.9744446695246 27.7034915926961 -0.0729430237226068 0.832725512997786 -0.548860116482772 0.632518325200429 0.464117226820182 0.620093258323003 0.228852622868084 0.0395534752388474 -0.736198252590752 0.339437486010511 -0.0352686177927654 0.767970861128665
5.43769693106947 21.8538208193557 25.5196023913879 -0.271954499806653 0.915168085571861 -0.297502951230018 0.739357960998598 0.396592101376113 0.544117996983043 1.97801141755962 -0.331801951550411 -9.64906785620863 0.341386677315713 -0.249424344187461 -0.09536023506481
5.43300369031653 22.4164971438334 27.5783638602095 -0.678230266033487 0.730284144110896 -0.081784220162814 0.600734484110697 0.615102618138029 0.510653241140595 -0.336864064636708 -0.0437614304767995 -0.628259708660509 0.206609335556436 0.0123137965418779 -0.295868491883453
5.66736294937033 22.6902008423264 27.7852742052982 -0.868399672691623 0.403000105936081 0.288916615204837 0.492578422871722 0.634119854098926 0.596035562430042 -0.0799744768525121 -0.0988673057111177 -0.59818783841615 0.0997866418942417 0.26849303386071 -0.607750419157859
5.81905740580887 23.1164639849912 28.0064785880783 -0.780518412367768 -0.178615375463415 0.599072149374008 0.470705184251484 0.462701930827552 0.75122795055038 -0.542864114167616 -0.319139642979247 -0.0977417283837344 0.439816303003685 0.289274588216473 -0.529092832411537
5.77085299791955 23.5180523424621 28.2530314367172 -0.0972213856448949 -0.669750402247925 0.736194459231884 0.558753280015499 0.575397231049798 0.597254284175811 -0.222068638590329 0.237569073943994 0.0413288638171723 0.563970257913423 0.0675667044656463 0.267496567981618
5.88149125698342 23.9001900587812 28.6174532846171 0.227508597068399 -0.832957648099733 0.504401901660685 0.429278012680999 0.550727661928525 0.715834698092918 -0.0725227772668861 0.253526907330472 -0.469798477506658 0.0265661754230498 -0.255514403854112 -0.198497681898159
6.00520602962683 24.1348670303616 29.0970261543862 0.681287246633614 -0.708207348713132 -0.185175376913353 0.714823501699952 0.589144413302563 0.376744094945319 0.538276388543792 -0.199329339376568 -0.206767498652314 -0.30287953548134 -0.130108219889416 0.219870013793075
9.67633433255103 19.8533775755627 1.12276375412247 0.349808516712809 -0.929605674486339 0.116048148643707 0.463788998307804 0.279473593143025 0.840710513964319 0.304223560776574 -0.424199972893773 -0.254633962597361 0.443478950840549 0.211013806284106 -0.253271415883978
9.78167423008997 19.8212499352073 1.60665107963632 0.755961071709016 -0.496253497412929 -0.426913582996789 0.610508039090018 0.299127726112213 0.733350137386793 -0.00607034722843343 -0.142031057053289 0.0618550639562905 0.648446729488967 0.132410308559054 0.286817412781703
10.1717777262388 19.8025657674129 1.96344638650253 0.666279760435069 -0.0324800663794291 -0.744994099179539 0.723476954948601 0.270247024875928 0.6352539084535 0.158788747527258 -0.318966897397227 -0.124744761975446 0.462661850877316 0.150147539930298 0.133556502629416
10.6199409762706 19.864817367932 2.21593947946354 0.379971337198773 0.27473569210471 -0.883256454524832 0.821455194452383 0.33875602070306 0.458754411898203 0.256812023364145 0.299612287611005 -0.0575021660146185 0.580087910056481 -0.0173218450804103 -0.227167554699219
11.022268256942 19.7262010665595 2.42250169289829 -0.0358406934528065 0.897706981752675 -0.439132670064183 0.652633624392991 0.353799374664115 0.669996444607991 0.127814880538235 -0.213601337462874 0.0854786903395261 0.405396113779275 -0.36631859333205 0.321883187562882
11.4374811923384 20.0089878537712 2.67580851540015 -0.542720855767575 0.802653352565208 -0.247389468516453 0.651357955997868 0.58816841542458 0.479364799839942 0.136889803139 0.388741364217702 0.150049795898337 0.0529828848673779 0.457936854170382 -0.0542790666796684
11.3595267144178 20.557688608272 4.89819847991068 -0.829248210233281 0.549542098507369 0.101738734530821 0.469051242111499 0.585355764918828 0.661324006478214 -2.42172373937449 1.09816677080049 9.59568536985882 0.0453704256287597 0.441640340713686 -0.0950675281261216
12.3152559870133 20.7078164293608 3.05538267952625 -0.697260347953227 0.191267177488969 0.6908290348692 0.596902469620946 0.688556871307224 0.41182127889869 0.903949577374524 0.241753876412463 2.17681544149826 0.630568568973619 -0.188057528697024 -0.380153895927894
12.0965135417742 21.1886826268395 2.67943355342996 -0.604966741033706 -0.265739617157203 0.750598152015986 0.442902409834091 0.671074515963203 0.594555580108235 -0.258185413338486 -0.888420776991746 -0.0051651634126381 0.499511036343584 0.294951384463091 -0.264489641630462
12.0474097823739 21.5330998537685 2.96060525623623 0.180016796396852 -0.72406331882813 0.665827413460608 0.484449392352518 0.654363294993489 0.580618074043163 -0.427971891343281 -0.0828965706262657 0.0261428022775901 0.569976038628932 -0.186810055352052 -0.170955336652301
12.0984301376228 21.7701838160023 3.44226289632158 0.479642075852102 -0.839761065940884 0.254449822787685 0.47486043306656 0.492266349798065 0.729507569965227 0.316049563978566 0.0874388068415974 -0.235767973401609 0.482692144723159 0.0355622413588463 0.159196044215999
12.1730550214538 21.7888996461589 3.89057351259427 0.827401650785912 -0.470582641067741 -0.306526292672618 0.530537371370313 0.475902368698689 0.70146055832507 0.151831499410105 -0.0473344661932266 -0.269900771726692 0.296921138318368 -0.379502740494399 0.111347134673968
12.4633321736873 21.7991310120499 4.27485145471373 0.701557616258675 0.0217121459594847 -0.712281809769824 0.644821584623478 0.406149149597831 0.647493532096023 0.201687076815383 0.201724693689323 -0.0196216671423797 0.412334982675662 -0.273944656464214 0.127463502761042
12.8282238741071 21.7708832797505 4.54742898313059 0.396227188514616 0.501255226153863 -0.769250996039675 0.727703962740372 0.339438641537818 0.596010265028165 0.0266157190990726 0.131094901390681 -0.431693097918972 0.529819722168816 0.179440476459936 0.239821446474299
13.3179499053728 21.770252817777 4.61652470320249 -0.0636517403356296 0.916655558235464 -0.394576897722981 0.761133068584491 0.300311855975564 0.574881836920115 -0.129841802776137 0.235357691807071 -0.714129258942303 0.755020857057743 -0.0388594154546259 0.391546280056785
13.7740452441411 21.9251745477693 4.67313889882767 -0.474213480879051 0.8760316002372 -0.0876931661826331 0.830870313740407 0.478245234393094 0.284492381890654 -0.113637111578891 0.210344434985795 -0.450208986774673 0.329615238758647 -0.102573655434954 0.275000274970221
14.138142927432 22.243169639459 4.83191650855695 -0.755321993905064 0.627405236680057 0.189344227360683 0.616560579966162 0.582378128378318 0.529800575021852 -0.256722834371383 0.161252432865281 0.142936461319412 0.588979229146808 -0.136371876800826 -0.227040572336138
14.4199358750569 22.6667238459755 4.97328343312056 -0.84949504998648 0.10796581357221 0.516431433087456 0.438103244602046 0.689763418131798 0.576447622583051 -0.424715836120115 0.028679135356951 0.323181577169052 0.424436103528045 0.248219487691242 -0.244087500579623
14.4287986688123 23.0962148278002 5.07233329452461 -0.289850538706851 -0.435025924848771 0.852489877946481 0.557700706872618 0.647100925718768 0.519836702480926 -0.245609490932238 -0.362552139114624 0.162797800625733 0.719591588264522 0.00901743882566069 0.289080655654137
14.492989946974 23.4012495076005 5.43431112791207 0.0489397931285892 -0.778421957528188 0.625830674777898 0.401455426267736 0.589070665207488 0.701305340512082 -0.132513130304424 -0.0861599516194623 0.0726914361353747 0.295176460171869 0.261932142262717 0.138715756385339
14.6979264614498 23.6408924566659 5.8598562204906 0.140380406653835 -0.955764129969307 0.258472742577652 0.564116875570324 0.291749855471214 0.772433853285652 -0.0300868406564167 -0.525364964436435 -0.74242400744544 0.556627598314843 0.651032177915686 -0.518699717850858
14.6684734503088 23.6868706743161 6.28588192980748 0.740619189338854 -0.597138458109288 -0.308072652220151 0.591876420082313 0.36274115330323 0.719792361146119 -0.290280262473894 -0.172316807305974 -0.398762586518539 0.198979237395358 -0.158243941523855 -0.0930833804540021
14.9523252455567 23.7584643084627 6.69003517216707 0.579395048071474 -0.270486628138999 -0.768855151104994 0.789884201547943 0.418932387298312 0.447859893203555 0.121173628162055 -0.37387024615851 -0.238795918357447 0.485315118822749 0.488716553839963 -0.182385927499443
15.3247896675784 23.5404701688419 6.89021490341719 0.373838776774057 0.54984507485453 -0.746936976018372 0.709850360178669 0.348710882394976 0.611974730392814 -0.139525244698978 -0.0748889352359152 -0.624195853106674 0.348008160747983 -0.0155748677825374 0.346169629481162
15.7700501362895 23.6734563739412 7.12500424245296 -0.119834920972246 0.677210027321814 -0.725965599336173 0.676800495964671 0.590710789261831 0.439319626093209 0.287370162949701 -0.0361015083077168 -0.367962552122852 0.513359531601225 0.324340326289673 -0.060525610677783
16.203108120942 23.8085838018886 7.08026397744159 -0.497768750894067 0.864459004506626 -0.0702622425369661 0.737793841845041 0.464632806136591 0.489669772710258 -0.408224525550195 0.0970875678120623 -0.552858302452359 0.567090896625237 -0.200927255427593 0.120349025303371
16.5727234463917 24.1105919344885 7.0291136958966 -0.698245397700984 0.512292570180567 0.500009573043338 0.715763770388679 0.488265261149814 0.499278621458853 -0.104701165976356 0.361844909144232 -0.358297461246709 0.317484663978109 -0.663488093777171 0.773228191975278
