t = 100
b = 30 30 30
E = -0.458672072156335 -0.694965908900683 0.236293836744348
27.754080615089 27.2883031309626 27.6632382080351 0.282275023513843 0.62089553833572 -0.731306654614196 0.33213909655428 0.651909617920929 0.681687140652309 0.294481507597782 -5.88899872383618 -2.51688740941722 0.46379540416395 -0.0385812865545861 -0.0970969026302626
27.9839014243869 28.8816055176952 28.3338766927291 -0.502507583878696 0.431675478578329 -0.749094313854839 0.142043801802818 0.895880432263479 0.420977067960941 -0.139303701992903 -0.60824123910017 0.0128669109621989 0.229975004907861 0.199221162481498 0.129356342581822
28.031268782495 29.4308082781872 28.3446433209204 -0.962202545911715 0.12663119671427 -0.2411030657153 0.0398382936016577 0.941244248511124 0.335368547892532 -0.321399362519108 -0.574299205510333 -0.644689635974232 0.572217767695622 0.0936349150335389 0.0726459286507006
28.1242052834379 30.0738834902829 28.3734094682829 -0.988454124853722 -0.0777403208017255 0.130056782285782 -0.014066576124551 0.901721701330952 0.432087945348923 -0.7239231268953 -0.196615376486475 0.0288752087956683 0.687716432742083 0.189828293259629 0.125431667165688
28.0302467424523 30.5961833665247 28.4602301682561 -0.790483499600985 -0.3537435379907 0.500001227610621 -0.0412837484286464 0.845267413412827 0.532746222279957 -0.564501789141227 -0.206948992399086 0.198140902240393 0.371008729359729 0.0218715810605041 -0.0109679152026215
27.8938025037647 31.0575615746569 28.6511022984536 -0.179101242411774 -0.627765958372917 0.75751734462726 0.163315263875109 0.740313919421525 0.652122155984698 -0.442475837921001 -0.107251645917285 0.309680367157658 0.31619645424917 -0.0403934664855211 0.11887837086542
27.6992038264209 31.4022697500148 28.9893805921501 0.613160584836712 -0.58958932800484 0.525755085778415 0.117581388597654 0.726250867734156 0.67729917698011 -0.268120664754167 -0.20453497075394 0.689077086533765 0.0229237098535589 -0.0433550115908896 0.367994397316024
27.6989268073433 31.7878878175874 29.4281563383536 0.779321225136597 -0.611876231970711 0.135150973347472 0.383693235253245 0.636480770323136 0.669082663882833 0.630817392526306 0.00233090428799654 0.237370665447671 0.375357961782207 0.804281797898741 -0.257519816733442
27.6774461122245 31.7895682535912 29.8851971095135 0.961896734197065 -0.0258029212452423 -0.272192512729548 0.198527929949784 0.750423657354494 0.630437051892686 0.656765013763468 0.278405385340276 0.0921728203285377 0.632827295098587 0.0709238118635331 0.279657542268574
27.794074265157 31.8616837591256 30.3365974423557 0.677887188134511 0.392955995775686 -0.621332783151701 0.298460246562027 0.625276133248542 0.721076366498728 0.0430050575630558 -0.119165104970297 -0.0353457064962053 0.633804346450109 -0.0459839402214224 0.0884869373691044
28.1372127111059 31.919289818757 30.6641367548603 0.157319541895717 0.678707600403837 -0.717360743502603 0.288848833830815 0.663014914704956 0.690635547223028 0.260854247119551 0.303128497654131 0.28551213142486 0.552891771118786 -0.278911875610737 0.403991839890875
28.4197596010547 32.2015161602209 30.9077650797481 -0.443450825871476 0.578799601353831 -0.684355366480471 0.345151224118796 0.814927097586381 0.46557958203912 0.447977016540851 0.679260562498742 0.128276824814479 0.196584182392873 -0.282015808368113 -0.0440163333166461
28.6085692084344 32.6223306226504 30.9092085018148 -0.896789387186284 0.34436894569045 -0.277810557846554 0.117940640304052 0.791215393827696 0.60005673629115 -0.350055062612184 -0.242770625730551 -0.362035146640313 0.664407091807819 0.0719424456276631 -0.016814171815553
28.6138042344544 33.1131297311713 30.9992996388327 -0.991063519964657 -0.0198988367336624 -0.131897764049683 -0.0851223550462467 0.8556474224942 0.51051107406424 -0.299805348541789 -0.482391874207602 0.745635931523506 0.552748188031533 0.585517931990834 -0.158291836134502
28.6223974770767 33.5978146009663 30.9714622841876 -0.818438691223622 -0.340306909624304 0.462978615024719 -0.0629287041899316 0.853989104307923 0.516471175054695 -0.273227680144687 0.0699400061573772 0.192910099347709 0.430496633977548 0.230788070466899 -0.058107194824294
28.4537880129499 34.0644579940875 31.1094172343161 -0.201035491979877 -0.654068182223896 0.729232078902848 -0.111235091781963 0.754857783871956 0.646387165132691 -0.084064715029013 -0.018608077570898 0.778893698133326 0.432701257857613 -0.521900548794862 -0.172897652337457
28.1314921756698 34.2834760939622 31.3808930328519 0.592820402635394 -0.466303192237675 0.656601241226852 -0.0610544397591207 0.786945437223854 0.613994396037569 -0.427012232473472 -0.458789835741607 0.145051400671607 0.686666273689964 -0.27572425790772 0.303728568159836
27.9899304061975 34.531436346881 31.8054555606162 0.894970275453562 -0.314986242889254 0.315929983567184 -0.0365175920037413 0.654063737178138 0.755557397346351 0.0348779742357094 -0.330162252007318 0.439942597628507 0.504682680274984 0.189550229011191 0.307577347922254
28.0803337008859 34.6471953737273 32.290960852254 0.99167636780897 0.0478255999034491 -0.119543191132594 0.0625532261923116 0.632559767219602 0.77198129533417 0.315459826280835 -0.112200086387231 -0.248746302094575 0.353872899675239 -0.198343104509235 0.208484789816095
28.1545454445594 34.8775575327992 32.6992093341281 0.731032671334115 0.406836428996857 -0.547791232611954 0.0786409909532014 0.747225866515516 0.659900734765891 0.0449812434186357 -0.0319360226922334 0.269914901832666 0.425332969088904 0.0422958395133867 0.026205830589795
28.4104673157509 35.0672410031304 33.0378249337057 0.116542725918887 0.65763905166396 -0.744263766070905 0.288229866133162 0.694725146034089 0.658999544994795 -0.292556289733628 0.399551928808619 -0.147271374304996 0.397038895808705 -0.216276980954798 0.31177002223154
28.8066263430694 35.295070571964 33.1416588178226 -0.61547652265593 0.695445311975373 -0.370869736763118 0.362758145497044 0.66770865972096 0.65005504282077 -0.209386371258605 0.0896013637588361 -0.57816612105532 0.548277027152827 -0.355214462008345 0.489244754678686
29.0502836700235 35.6905820188242 33.2908252309318 -0.917272246684647 0.348238840028488 -0.193238764931564 0.206940960079097 0.831322988549836 0.515826919615633 -0.326034863921056 -0.352359777171086 -0.361533970390705 0.354753292481325 0.114309051364787 0.353674874266228
29.0988978465412 36.1783033600624 33.4039602373413 -0.997427116413025 -0.0570585269624992 0.0433976121024172 -0.0285689765774844 0.871610243686735 0.489366203489427 -0.581958924779523 -0.220185896446137 -0.179358782305518 0.643489593022118 0.310890416764668 -0.119110719354063
29.0436886802499 36.6169012245099 33.2408661614812 -0.706239893424055 -0.290518663548815 0.645619082971509 0.0366146572204527 0.895718147929909 0.443112009550351 -0.718627222905455 -0.454882595409303 -0.237130608961628 0.802471946246477 -0.100869171726781 0.121424671684833
28.8334499826164 37.1136366315603 33.2614152933834 -0.377068996145816 -0.593505413865919 0.711034583406266 -0.0689994036535953 0.783570005328464 0.617460131698627 -0.104580272515261 -0.110469256433215 -0.207442124405783 0.459202833392094 -0.303868902456197 -0.205135533267108
28.6268194234143 37.3892640532622 33.4173215072503 0.55514950199869 -0.501752652795272 0.663365051395491 0.152660418122282 0.845470775236127 0.511736110105069 -0.607586118773657 -0.239707044464283 -0.209861288495878 0.0491127425661608 -0.752418537551349 0.490560474170309
25.6011779743448 11.8621644928346 19.6980179782298 -0.403757718010274 0.912440513553306 -0.0665725947297895 0.602418767737856 0.319925524813553 0.731258618858618 -0.705851858651282 0.0573796754208436 0.282553964675836 0.118321236436697 0.176676224359827 -0.705761694218616
25.9181690299263 12.1890218588747 19.7403834844753 -0.691174686818026 0.244544404135887 0.680055489295302 0.709503342238705 0.408539670742875 0.574195288691595 -0.424039921133801 -0.180195769040708 -0.0448741551225229 0.274478873568841 0.219832574588633 0.124832919273423
26.0953258514089 12.5086216212913 20.0519221794927 -0.633569860317461 -0.293665850994673 0.715785918317494 0.57647779381904 0.43784924281058 0.689899469849954 -0.369163585384338 -0.21202939890644 -0.132941883812601 0.239507933523019 -0.150907897198726 -0.128985527091582
26.2262455963064 12.8555965844073 20.3899618970478 -0.266307959382255 -0.79815209960964 0.540400941596605 0.693522442893481 0.230698491612381 0.682498870680222 -0.206942699597096 -0.0895488533506941 0.0678461868859424 0.451342919602484 -0.0553345970538023 0.182750744099812
26.2788748967684 13.1602466380326 20.7507316090924 0.214570532149961 -0.970501814693764 0.109934509263625 0.578237922541983 0.21693534228351 0.786498470615897 -1.09136323280759 0.891991624656264 -0.878307535022706 0.189003699519049 -0.383519371809552 0.207350106225924
26.2457020652387 13.4258870415169 20.8650973795973 0.80857982527043 -0.581513135891598 -0.0896717462567577 0.371633294110871 0.386589477697604 0.844059923504508 -0.492611191063415 1.12208742419485 -3.15138669212815 0.22274997380701 -2.11466041370998 -0.884050529085696
26.1147350748647 14.7826057109666 21.7051033464797 0.388369535602139 -0.243097950033192 -0.888860154729096 0.921480935774968 0.0956784313743464 0.376455048536484 -0.951314578850651 6.36895767377265 0.699885123767966 0.142612116635221 1.21378892151879 0.528042500788625
25.8050380498854 13.298141789101 21.6262953333958 0.740338524903012 0.378318697754729 -0.555674106507545 0.57478812903398 0.0723954382398392 0.815093485965566 -4.07847106014451 0.114697911336897 0.0470310091288348 0.369990404488832 -0.7663930716844 -0.0215471753632531
27.2365853002003 12.8575112975514 22.2198139896195 0.490283554402711 0.526616947430995 -0.694475716224861 0.68170957683541 0.264759796512743 0.682036790771048 -0.221300537703242 0.356806068956451 -0.435461816092244 0.276202147769475 -0.0791531381170292 -0.976326509718124
27.6720132289247 12.8584070893656 22.4159648331629 -0.0492800686631826 0.835013801384413 -0.548017626383876 0.806377055258499 0.357020497674902 0.471478842299289 -0.352428720384073 0.827256350469443 -0.0417730889913368 0.231228479071103 0.153093410166401 -0.587005291433653
28.1445892926108 12.9497240555124 22.4485522206977 -0.596979473327898 0.791209121794598 0.132678238745123 0.670257820830279 0.401003862981516 0.624459957519189 -0.253593863748452 0.390716105098043 -0.668954523309535 0.476878849207322 0.178763207703387 -0.369419075701884
28.5053320785029 13.2691885295155 22.6560259719366 -0.8760433373873 0.372946630113333 0.305710264004267 0.467341441617953 0.50026732553644 0.728920067533221 -0.441735434395229 0.323184176643041 0.15529180454883 0.697826507195956 0.190642945980696 -0.474091582362521
28.6446298605746 13.7247285427374 22.7554521111786 -0.699232697178513 -0.177373294080303 0.692540418919445 0.604250339889148 0.371054813614709 0.705123914103249 -0.561487532775297 -0.69316022580411 0.379391013825136 0.537977601187831 -0.130308653998509 -0.124773696220485
28.9275362478264 14.0087565539101 23.0895528848831 -0.579197648978215 -0.659825817678475 0.478706444406474 0.44184870228232 0.239385538861392 0.864560103832884 0.228601079254264 -0.359065669349943 0.478560719373071 0.361684373888432 0.461387240764966 -0.328268719190292
28.9014357551793 14.1881134455258 23.5354710597901 -0.00141541045383549 -0.979248016997606 0.202660306894962 0.425954695943529 0.182765543875202 0.886092118925852 0.148603324859702 -0.117541642633748 -0.656862219250064 0.574822399680725 0.195339001732896 -0.439640629463114
28.8174224315634 14.2248922879855 23.9831347390232 0.575599153884229 -0.801933951902455 -0.159960719424958 0.529764016797525 0.216681191451812 0.819999531592359 -0.389336150541831 0.137891993269903 -0.257995727167486 0.444014937162692 0.0536764718261275 0.148930039686867
29.0359941453711 14.1298110757829 24.3548678671398 0.719450731591231 -0.362698815643238 -0.592317562458992 0.678730136550644 0.186207370286313 0.710388695337699 -0.294074153452117 0.0362971045184053 -0.350754982141314 0.119181538168407 -0.212431268085423 -0.161246142706663
29.0369249854407 14.0964837877713 24.8830977592019 0.634501647640329 0.275354957434172 -0.7222099330492 0.677276894244129 0.252161018641771 0.691166195708385 -2.76348682995423 0.248274716654117 1.30048749900035 0.21992662740302 -0.242941317942491 -0.452981182555349
29.3673193510744 13.687643498107 25.0350898266024 0.370676518495717 0.643727419845914 -0.669487722764767 0.745520481992331 0.223664558056374 0.62783219028524 0.738284681670348 -0.224048237408294 -0.350003078461736 0.298483241227005 0.231372474832061 -0.137636160112226
29.9684399383058 13.7539158642954 25.1887620586898 -0.164685797032506 0.913508327917528 -0.371995974245864 0.689485561618811 0.37631296982638 0.618868395327014 -1.59832070016434 0.129300361250449 -0.541943067317182 0.257115422287548 0.268523347146148 -0.0842793692340797
29.5921726463624 14.5626813974789 23.8810923644127 -0.377830872690199 0.794698843913794 0.475076268484646 0.795745497394424 0.0164111520459077 0.605408670457224 -4.74979665188489 1.37540116648523 -5.97974646821621 0.0698273356797268 -0.155360122169769 0.618232898305595
30.8592294507699 14.480784030417 25.229045938804 -0.536844005836234 0.572734811312474 0.619494338342509 0.790790509386298 0.085696997508144 0.606057981690414 -0.777768993690518 0.335029041309211 -0.244994946526854 -0.0765302202588588 -0.621342659945277 -0.535142168867954
31.1596765624789 14.7723586709056 25.4558392016211 -0.599170533782414 -0.238473005066272 0.764280824107936 0.736693176481008 0.209570202862896 0.642933414550431 -0.782710477030167 -0.127854671372509 -0.0284111079029898 -0.122094807168891 -0.385068285283753 -0.344865889023115
31.3387274716438 15.0492387487743 25.8942054129283 -0.161344112038853 -0.78181570016049 0.602272505516211 0.729158625680157 0.316813425938026 0.606594455222149 -0.851176587126982 -0.290875840814073 0.217426528485711 0.265240963024071 0.221337007263186 0.173797529753152
31.3646995765652 15.3731315593814 26.3393529725003 0.2282647908895 -0.888089242369146 0.398989428389673 0.57003965751882 0.454131715448696 0.684703625654328 0.153744097874281 0.206611410085989 -0.218477705187848 0.562274238025681 -0.157490621131632 0.116292005745128
31.4052617987378 15.5141634683074 26.8324292813757 0.649673023328795 -0.75728134863634 -0.0667068406809372 0.405082841512035 0.270592955558534 0.873319661664593 0.0923582273448752 0.468141589002822 0.176504823329345 0.22330302319104 -0.534065015001326 0.0194198714180418
31.5164826455265 15.4866666764229 27.3464613977134 0.809394030526098 -0.203317032884849 -0.550947701910839 0.581749161449383 0.149298312517951 0.799548504279162 0.321205014233549 -0.0301616512361259 -0.0431173428475123 0.215971262805213 -0.276662751105176 0.289122250768679
4.91159949585591 13.9534687740767 6.91159692240501 -0.546023374846194 0.0894044647682937 0.832985712460901 0.630934627819333 0.698019153557398 0.338660097107299 -0.349576231903006 -0.193220292402779 0.0303507857195491 0.815520438887768 0.577977149624814 -0.190612575233378
5.09105592367242 14.3028002654525 7.14358670442894 -0.160416605557668 -0.412379441223807 0.896777335910491 0.72859719688079 0.563458357700248 0.389436391331654 -0.00511373592729705 0.300920262611869 0.41584900494591 0.980637879272095 0.256149214234748 0.199190184275524
5.36936758629301 14.6043756337884 7.42649418161123 -0.0181709616821575 -0.834970750950298 0.549994129063431 0.721495100880914 0.369870948812278 0.585354764699391 0.292327756132209 -0.435531818201647 0.504216035930575 0.636652968678691 -0.0466412893490953 0.0385744639546304
5.66558202677205 14.7010786251092 7.83913292517 0.314724181043701 -0.945729012102861 -0.0809024561302632 0.898665421454417 0.269453777961499 0.346114148603143 0.107668004314464 -0.210775711898416 0.216757809319187 0.607408037933477 -0.0629900268143161 0.2332038806931
6.05593319268969 14.7270130267576 8.19917278712093 0.259655894230683 -0.68435465929478 -0.681349689611358 0.96400099768621 0.141836227313553 0.224909853335355 0.173127726313046 -0.318317402429958 0.0119411379977967 0.237682020260931 0.465809558055053 0.512177017089502
6.54250277747281 14.4962622873259 8.33955371578029 0.0890095120670514 0.0609043017218865 -0.99416692146393 0.993560220661718 0.0648275430544897 0.0929266406202482 0.411342820657443 -0.17456383508147 -0.361158558202441 0.281506691215654 0.282175025354353 0.669641922024001
8.95843239510974 14.3233013022313 10.2933980989928 -0.000928348078330581 0.247353801061297 -0.968924721789924 0.969384564746894 0.23813791058058 0.0598647028139401 9.00182704116823 -0.00441415514870354 6.63445108387909 0.156579771627047 0.345465508977114 -0.169954654518772
7.55979378960874 14.1507207615787 8.54726192848349 -0.0484632464774723 0.660855785639693 -0.748946480668804 0.922432009018289 0.317214048207633 0.220214252924276 0.392196167738051 0.112226896050691 0.319460750919081 0.147469092306028 0.737646237792636 -0.653752204245757
7.96054555292796 14.1103728249973 8.31229014747653 -0.231265106994327 0.972837212131549 0.0102024405041186 0.953809444585643 0.224650103508832 0.199448628745334 0.430958163570039 -0.0779322132892322 0.0175652245995724 0.368846828014987 0.334324567542932 0.112087042422254
8.33728989184618 14.4616026421242 8.10960731715017 -0.470357434667934 0.813333937060936 0.342420320955012 0.882475685787203 0.433216917221533 0.183192932550523 0.533374261501534 -0.210805925874769 0.656254652448091 0.417361467526583 0.438071120858517 -0.287763611386319
8.62171543265756 14.8814665737256 8.06252456327578 -0.45357028797034 0.247873620479881 0.856056390152222 0.785616100283671 0.564745472100159 0.252724727042847 0.12438219537744 0.516263769235139 0.035452928894106 0.921943406324608 0.0832828416733661 -0.284445273637728
8.64819549739468 15.3398690892952 8.05931775429633 0.16412897105635 -0.309695647855483 0.936562954563672 0.831629851150477 0.554064415266002 0.0374740258041922 0.116393493944583 -0.334678005680649 0.836495911674775 0.538968597655428 -0.495230525176594 0.317043800588902
9.07058849678931 15.5693853550256 8.26527187787919 0.0122292277493748 -0.772902016199826 0.634407440710212 0.914115892693623 0.265785261164517 0.306186562266236 0.0742579317337129 -0.0117499038433647 -0.363475411728135 0.266496308454931 0.0705521869324338 -0.233392958741609
9.35116888701947 15.604682968879 8.65067259151824 0.287492426932933 -0.957769377278313 -0.00507989353410407 0.872194400311817 0.259606582411832 0.414585618321057 -0.156651727938184 -0.216030195116488 -0.421320336924759 0.566158115154007 0.00616321273973957 -0.0064052398697539
9.58227495898427 15.7320213030112 9.04800577719788 0.415069048467821 -0.766030634967897 -0.49083055365154 0.871587211173384 0.180113299484936 0.455954842832528 -0.0804419242266284 0.0984337977714523 0.174598788928548 0.323197011149669 0.00938178637203839 0.00146412877656587
10.0152144414936 15.5500356660633 9.22653323774596 0.277620483942412 -0.333734047632858 -0.900859774710486 0.960631187154832 0.106879883266665 0.256445502807452 1.1896163272584 -0.0445209317864142 -0.425277911980886 0.456964674278924 -0.54523766925045 -0.312894211996815
10.4476881150924 15.3850303069743 9.3629526677434 0.154205346088563 0.266496174409706 -0.951420191942241 0.981206060039394 0.071744978259194 0.179129034826002 0.516923856287428 -0.279204215024553 -0.131883377336641 0.4663221558598 0.304825010734454 0.174086557702095
10.947576674588 15.2579601396898 9.26904543866302 -0.0342568503878255 0.858844789661707 -0.51108901088265 0.958498861003284 0.17305719429968 0.226563506011914 -0.535263813080135 0.212452652921926 -0.344155054663121 0.336977226362593 -0.0942982289489767 0.0296219037281931
11.4449229171795 15.3470697679549 9.20221869330684 -0.379186221427393 0.920254730192437 -0.09668982347763 0.914241727924727 0.388716516611428 0.114286549650791 -0.0375057453385491 0.650171114038015 0.106126560001314 0.207722892683854 -0.231309082138002 -0.309023152682205
11.8116824306883 15.5527602240434 9.06864365780795 -0.453738387430817 0.734904421404118 0.504020682094286 0.891044742710275 0.382196707085271 0.244877163369681 -0.649700499528259 0.342685104193999 0.0378101657027031 0.566121138983416 0.401620650744822 -0.051878185972863
12.0816286221706 15.8849006301124 8.96041130767533 -0.218107481028444 0.279984163633276 0.934899928141856 0.955330815193343 0.257011555017264 0.145903992735598 -0.024667277972915 0.179151268705651 0.438986031398475 0.609020619165663 -0.104722827898494 0.185101830290561
12.4161046465362 16.1931745844903 9.02922251067309 -0.179844302798519 -0.225088173334179 0.957596586862098 0.854949693565352 0.445711921969782 0.26533335656307 -0.637025909805738 -0.405565309620295 0.0753399472858289 0.325317502254726 0.257082370210405 -0.174095500614186
12.5914528350644 16.6056278955908 9.13822357447136 0.136176047249099 -0.768594471326295 0.625074798410228 0.920651593694775 0.331193357504139 0.206667568341783 -0.442143737721075 0.0745247624037119 -0.469350073719708 0.33816730409522 -0.315357210304439 -0.0813401808179961
12.9589562325209 16.7701623733776 9.45570295344711 0.114141210116127 -0.986563538067513 0.116893335186223 0.938284998242196 0.145720477567666 0.313666520039397 -0.147626323524488 -0.0120040875070414 -0.41919798154256 0.384199130948075 0.165830802067238 -0.385193872785286
13.1314085568736 16.8051331166117 9.87052305844123 0.385806978685113 -0.798038297282952 -0.462912230084044 0.8961676973331 0.20497211779861 0.393534969824522 -0.647867259869357 0.108847652170391 -0.371343269651217 0.435435883226735 -0.143165968822963 -0.0561746448070531
13.4503372079483 16.79459900425 10.2469140737047 0.358209459818221 -0.254889828751963 -0.898174280914144 0.916891939520411 0.277442930657855 0.286939840899935 -0.0473954850482895 0.058223462790437 -0.252269183112975 0.3964489136245 -0.199916560110624 0.032455938069233
13.6824081370043 16.395042651298 10.4212124319499 0.426643261581937 0.366927451774099 -0.826643607180078 0.856731139624689 0.128912139562745 0.499392926969195 -0.699788110811812 0.0785992250757473 -0.211962492094366 0.250867081019839 -1.08680171926121 0.214030918114612
4.28708529669971 18.4830901540412 6.10991805845911 -0.115248428861565 -0.409696997744743 0.904912187847335 0.0372668142910067 0.908557682629029 0.416093743245437 0.133560744494899 -0.119611992336044 0.324159675618916 0.1190040145944 -0.0675162787778144 -0.758108983779905
3.98266868206236 18.7544710218813 6.42168087731174 0.781842269490368 -0.241962276337098 0.574610131536394 -0.015069975987589 0.914019938243973 0.405389108842593 -0.251081302738025 -0.288376184590903 0.264027248984065 0.298255302127118 -0.342464507337822 -0.428134899727162
4.00033163248294 19.105475093053 6.79631678700971 0.958977050648965 -0.268099211814309 0.0921179274740541 0.165662258665394 0.793685146808183 0.58533732935731 0.0341009255042632 0.130032162161228 -0.0588246256070287 0.251785765363939 0.643771762230906 -0.0503522249862337
4.21349089428395 19.3724647064509 7.17075725582791 0.866522939745817 0.0260012525506928 -0.498459438379227 0.269306060885642 0.816460117733862 0.510751414077061 0.539641126998663 0.0104485464652586 -0.282503848334189 0.610725269402504 0.015922357108512 -0.389140123622305
4.51936429847939 19.609153447423 7.45724183888956 0.35039057106443 0.411977313909527 -0.841130799180357 0.266048021033563 0.817291579348207 0.511128956562346 0.567456671975319 0.378389857905322 -0.469737253279144 0.777511253692462 0.00123294255536037 -0.0165173918370725
4.86708845503578 19.8390876317368 7.73690421565176 -0.294766612977845 0.480858047398491 -0.825765137994378 0.280465269535968 0.86963655091018 0.406289781054424 -0.206611325856148 0.53334853181747 0.0397183663113495 0.508802137681737 -0.175826555206975 0.482761062227637
7.21334961826359 19.5875446553937 8.989975062066 -0.713931879054544 0.287605627422921 -0.638423180285421 0.0619410643938288 0.934118595599452 0.351547485831156 8.30275308975222 -2.51224749870329 5.11915450665042 0.0687044706907775 0.133914392173909 -0.167811463471231
5.33303967266084 20.7263510610115 7.70872148170031 -0.988644393503681 0.0800627500954422 0.127169580310156 0.103453833512584 0.976405068148473 0.189552986588229 0.140463357637324 -0.0956122865958228 0.374798770191551 0.633916091536869 0.368293945161403 -0.236601942868392
5.17874382210078 21.1700788493158 7.60355670588651 -0.84705604756312 -0.206741745107511 0.489646590846716 -0.0322272660481757 0.939531045981202 0.340943837395423 -0.0389177671560592 0.381399657442194 0.968770297481985 0.690645478320991 -0.124624577540559 0.0885510259863578
4.96671740423673 21.5747966700755 7.5360610517999 -0.268585785435754 -0.383980473419917 0.883414146252605 -0.149207299965867 0.922627871956474 0.355661187420583 -0.139404818598396 0.0424500499109854 0.473829213272161 0.505738481558471 0.1196565705382 0.232077660089369
4.6640175624588 21.8716153443903 7.87266441677167 0.24421438238756 -0.434884846620569 0.866737784115733 -0.0723382986964268 0.88314064545265 0.463497201373166 0.0983537532430879 0.0786017867755242 0.757957833085422 0.448581482755276 -0.0118151959147124 0.147827480598296
4.55100462911187 22.1583097768978 8.15795747289072 0.794254044331281 -0.321151738326172 0.515773162364688 0.0980127394130455 0.905494709197658 0.412883416134137 0.149847152060286 -0.240572928424951 0.0914345815659053 0.245805178962582 0.252575929156543 0.353804822636675
4.56780418721591 22.4802156914154 8.53045006024533 0.981161466077674 -0.145292973090375 -0.12732639874986 0.183581651848897 0.906467764248353 0.380281278085149 0.292613840794869 -0.225857669558592 0.435019234768782 0.119552898472824 0.108909605755112 0.0304931668462527
4.68995042884153 22.7231814977003 8.9262382596611 0.748954143910848 0.0465637731655938 -0.660983651531661 0.268521032348379 0.890622090328466 0.366999493948653 -0.0214814314268962 -0.770276492112134 -0.378976469789129 0.108757708861522 0.241706343149634 0.146007363186513
4.97156451686114 23.0590364572989 9.1687144511922 0.379246382770782 0.12148835421951 -0.917285474670798 0.1294577896774 0.974625830245726 0.182606278594023 0.350124491168329 0.201303790872899 -0.0596558140774068 0.365551011540946 0.261071805119178 -0.0863029358806484
5.21054333842858 23.3407803623817 9.3359969565894 -0.236801099564074 0.344327635467491 -0.908495239130783 0.149109790051169 0.936892758672938 0.316224778651689 0.1461527005757 0.0965527009513088 -0.14819643649435 0.447696505305561 0.303227241154563 0.0140967615247246
5.47558423178184 23.7739205467614 9.33508199982008 -0.717003744750909 0.273859809565108 -0.641019747162163 0.258424304128077 0.958494603797022 0.120436153690657 0.00195714110840778 0.246119872025649 -0.399301268850364 0.552307422466064 0.0621153464191522 -0.429321051192393
5.63093832902473 24.1810672313445 9.21279517080699 -0.976973679666894 0.182422931566103 -0.110653447603455 0.16020677050921 0.969739825822549 0.184223637808015 -0.392224920281228 0.086114885692234 0.324970262563724 0.779615370484917 0.273347051086819 0.301306875361104
5.6000630534419 24.6488151933042 9.15899240270542 -0.926760450114992 -0.166902856870834 0.336538836733225 -0.112947787485203 0.978227853195458 0.174106168885848 -0.192338455743049 0.458729912779043 0.148866676410634 0.272687743409819 -0.0973626085482368 -0.395928820424748
5.34206455601972 25.0770449314901 9.15648661752949 -0.383472275040766 -0.292700658211534 0.875942475155966 0.147230712362101 0.916945015893531 0.370856894250135 -0.0701393437441748 0.283723185476593 0.187936571402608 0.590437777367165 -0.440150678815042 -0.167701826499696
5.22417632679174 25.499732634822 9.36788508416602 0.0982959720222769 -0.474063982886799 0.8749863570096 -0.0319719714726363 0.877286068776445 0.478901691347445 0.45320026714517 -0.318214124774505 0.257028185234501 0.233855102952943 0.561692611749946 0.0280881282751361
4.95866660103294 25.7326809485499 9.64194668475172 0.820757157902514 -0.196920928108284 0.536264596650709 -0.106124502485634 0.869815601640498 0.481828075405067 0.164265427754211 -0.683456853523009 0.22896038986538 0.423566235745736 -0.458161653743421 -0.229172337458547
4.90981552211921 26.0532223310026 9.98933955471159 0.963192286224468 -0.199827274220776 0.179804239376965 0.0696642110858725 0.831586666402694 0.551008527664046 0.151708533162181 -0.697524835632545 -0.562261695298935 0.440905305887488 0.620382237144105 -0.145650717010316
4.9662432033777 26.2708565112335 10.4426514683134 0.908399553867314 0.0654294516819702 -0.412951716688284 0.135531781515577 0.888265949009421 0.438878822678335 0.00690997871699576 -0.223612750712915 -0.335529147658211 0.312543830791638 -0.0442393251899295 -0.242438319812372
5.14354602099395 26.5377327239828 10.7712586174521 0.397063892024043 0.325660629120258 -0.85807068538661 0.124451125903867 0.907190713328841 0.401891537258899 -0.161358808852567 -0.235073196391701 -0.158820132919629 0.557920426417707 0.100539711357257 -0.182900925955662
5.54113035667255 26.7908748944826 10.9938233975419 -0.0896384234299518 0.390081494029007 -0.916406713378424 0.408141734610362 0.853692731889776 0.32346396517825 0.127722771163552 0.297722592157895 -0.164233568110607 0.68386210596299 -0.21049067016128 -0.317904667374265
6.00840885395379 26.9873407912202 10.9797315352654 -0.68963725261668 0.528339619872025 -0.495234880495601 0.292077291962736 0.828726146441565 0.477392617186335 -0.159333945973933 -0.607948594745423 -0.451454090401648 0.457974413213561 -0.761714317910006 0.274404918761629
