t = 0
b =  30.0 30.0 30.0
E = 0. 0. 0.
6.4993773714 27.5206161631 5.42462825847 -0.751855921798 0.091625718898 0.652929858786 0.314359994037 0.920305492732 0.232842423531 0.0 0.0 0.0 0.0 0.0 0.0
6.33230744746 28.0235652248 5.33622586041 -0.269196300542 -0.148787889846 0.951522735204 0.314359994037 0.920305492732 0.232842423531 0.0 0.0 0.0 0.0 0.0 0.0
6.10387421834 28.4925980823 5.46472309978 0.315735496013 -0.332674491636 0.888616215907 0.314359994037 0.920305492732 0.232842423531 0.0 0.0 0.0 0.0 0.0 0.0
5.94741290547 28.885797779 5.79578043353 0.780714098816 -0.390172492033 0.488109539316 0.314359994037 0.920305492732 0.232842423531 0.0 0.0 0.0 0.0 0.0 0.0
5.968915396 29.1900576438 6.23810235212 0.949086362635 -0.29943743937 -0.0978381120178 0.314359994037 0.920305492732 0.232842423531 0.0 0.0 0.0 0.0 0.0 0.0
6.20676215274 29.426060735 6.65812207 0.756884849412 -0.0949410971641 -0.64661542883 0.314359994037 0.920305492732 0.232842423531 0.0 0.0 0.0 0.0 0.0 0.0
6.61714083473 29.640422 6.93074578053 0.277130127457 0.145624955185 -0.949732733396 0.314359994037 0.920305492732 0.232842423531 0.0 0.0 0.0 0.0 0.0 0.0
7.09069133799 29.8879784781 6.9868778846 -0.307910963288 0.330865652341 -0.89203069386 0.314359994037 0.920305492732 0.232842423531 0.0 0.0 0.0 0.0 0.0 0.0
7.49405352748 30.2109557921 6.83967156394 -0.775971531082 0.390404956393 -0.495431279769 0.314359994037 0.920305492732 0.232842423531 0.0 0.0 0.0 0.0 0.0 0.0
7.72053298205 30.6229259282 6.57953166746 -0.949227540667 0.301622890289 0.0893907606752 0.314359994037 0.920305492732 0.232842423531 0.0 0.0 0.0 0.0 0.0 0.0
7.73063598885 31.1036510117 6.33976839769 -0.761856137313 0.098249245298 0.640251756605 0.314359994037 0.920305492732 0.232842423531 0.0 0.0 0.0 0.0 0.0 0.0
7.56707386518 31.6067720137 6.24595053599 -0.28504284984 -0.142450930621 0.947870405763 0.314359994037 0.920305492732 0.232842423531 0.0 0.0 0.0 0.0 0.0 0.0
7.33853621492 32.0774213215 6.3681997631 0.300062981951 -0.329031616345 0.895377240223 0.314359994037 0.920305492732 0.232842423531 0.0 0.0 0.0 0.0 0.0 0.0
7.17839793084 32.4730678621 6.6945502603 0.771169870112 -0.390607689904 0.502715291213 0.314359994037 0.920305492732 0.232842423531 0.0 0.0 0.0 0.0 0.0 0.0
7.19404784291 32.7796753675 7.13549472395 0.949296431346 -0.303785371456 -0.0809366018801 0.314359994037 0.920305492732 0.232842423531 0.0 0.0 0.0 0.0 0.0 0.0
7.42608990638 33.0170349879 7.55798968665 0.766769406921 -0.101549911372 -0.633839326731 0.314359994037 0.920305492732 0.232842423531 0.0 0.0 0.0 0.0 0.0 0.0
7.83291708029 33.2312463028 7.83600095488 0.292933865106 0.139266057867 -0.945935894128 0.314359994037 0.920305492732 0.232842423531 0.0 0.0 0.0 0.0 0.0 0.0
8.30651853796 33.4772033199 7.89838610628 -0.292192149656 0.327172523317 -0.898655600142 0.314359994037 0.920305492732 0.232842423531 0.0 0.0 0.0 0.0 0.0 0.0
8.71351478592 33.7977393241 7.75592268535 -0.766309481571 0.390780677127 -0.509961018941 0.314359994037 0.920305492732 0.232842423531 0.0 0.0 0.0 0.0 0.0 0.0
8.94583076345 34.2073537959 7.4972136341 -0.949293029426 0.305924718191 0.0724762794494 0.314359994037 0.920305492732 0.232842423531 0.0 0.0 0.0 0.0 0.0 0.0
8.96175536505 34.6867038168 7.25502555304 -0.771624284069 0.104842844026 0.627378627538 0.314359994037 0.920305492732 0.232842423531 0.0 0.0 0.0 0.0 0.0 0.0
8.80178818682 35.1899527674 7.15584844987 -0.300802572324 -0.136070579463 0.943929345813 0.314359994037 0.920305492732 0.232842423531 0.0 0.0 0.0 0.0 0.0 0.0
8.57325305276 35.662184425 7.27184007077 0.284299065797 -0.325288514836 0.901865523957 0.314359994037 0.920305492732 0.232842423531 0.0 0.0 0.0 0.0 0.0 0.0
8.40952389969 36.0602665555 7.59341196624 0.761390735596 -0.390923904888 0.517167911162 0.314359994037 0.920305492732 0.232842423531 0.0 0.0 0.0 0.0 0.0 0.0
8.41935378877 36.3692375696 8.03287230333 0.949217335167 -0.308040767575 -0.0640104376695 0.314359994037 0.920305492732 0.232842423531 0.0 0.0 0.0 0.0 0.0 0.0
8.64555779926 36.6079906809 8.45774145914 0.776420399041 -0.108127792492 -0.620870151033 0.314359994037 0.920305492732 0.232842423531 0.0 0.0 0.0 0.0 0.0 0.0
9.04874686414 36.8220960586 8.74108324449 0.308648372262 0.132864738758 -0.941850913624 0.314359994037 0.920305492732 0.232842423531 0.0 0.0 0.0 0.0 0.0 0.0
25.7020797271 3.93746671589 8.88525138843 -0.159020273602 0.114838044518 0.980573697442 0.817893841724 0.571606269954 0.0656957823574 0.0 0.0 0.0 0.0 0.0 0.0
25.8081965626 4.45918596469 8.95759324892 0.195426065511 -0.383375883834 0.902680222789 0.817893841724 0.571606269954 0.0656957823574 0.0 0.0 0.0 0.0 0.0 0.0
25.9588607759 4.8935146687 9.2357010946 0.475626774987 -0.735938904215 0.481843439489 0.817893841724 0.571606269954 0.0656957823574 0.0 0.0 0.0 0.0 0.0 0.0
26.2179441275 5.16008607635 9.62364516747 0.57512892059 -0.808906430642 -0.122053722464 0.817893841724 0.571606269954 0.0656957823574 0.0 0.0 0.0 0.0 0.0 0.0
26.6081281346 5.24226723767 9.98376709047 0.456129973618 -0.574556879874 -0.679580634625 0.817893841724 0.571606269954 0.0656957823574 0.0 0.0 0.0 0.0 0.0 0.0
27.1022869836 5.19347814016 10.1889785864 0.163839623582 -0.121923564363 -0.978923501709 0.817893841724 0.571606269954 0.0656957823574 0.0 0.0 0.0 0.0 0.0 0.0
27.6337930799 5.1168965623 10.1710444394 -0.190696138705 0.377030551702 -0.906356963765 0.817893841724 0.571606269954 0.0656957823574 0.0 0.0 0.0 0.0 0.0 0.0
28.1218299854 5.12625911058 9.94650619389 -0.472783249629 0.732744457562 -0.489450261807 0.817893841724 0.571606269954 0.0656957823574 0.0 0.0 0.0 0.0 0.0 0.0
28.5020959342 5.302650781 9.61039774583 -0.575252099504 0.810076493159 0.113406777783 0.817893841724 0.571606269954 0.0656957823574 0.0 0.0 0.0 0.0 0.0 0.0
28.7512331489 5.66369941354 9.30014037634 -0.459173059075 0.579646925249 0.673178686434 0.817893841724 0.571606269954 0.0656957823574 0.0 0.0 0.0 0.0 0.0 0.0
28.8957018503 6.15687858092 9.14333410961 -0.16864649654 0.128999799257 0.977198757161 0.817893841724 0.571606269954 0.0656957823574 0.0 0.0 0.0 0.0 0.0 0.0
29.0017275776 6.6794632566 9.20928033032 0.18595168965 -0.370656507235 0.90996468215 0.817893841724 0.571606269954 0.0656957823574 0.0 0.0 0.0 0.0 0.0 0.0
29.1501409983 7.1175567698 9.48265302895 0.469903719996 -0.729494209581 0.497019810593 0.817893841724 0.571606269954 0.0656957823574 0.0 0.0 0.0 0.0 0.0 0.0
29.4056689868 7.38936205497 9.86932140905 0.575331470743 -0.811184865215 -0.104751196737 0.817893841724 0.571606269954 0.0656957823574 0.0 0.0 0.0 0.0 0.0 0.0
29.7923438022 7.47625772458 10.2321117506 0.462181176727 -0.584692828266 -0.66672547308 0.817893841724 0.571606269954 0.0656957823574 0.0 0.0 0.0 0.0 0.0 0.0
30.2843728313 7.4298726456 10.4429219995 0.173440526414 -0.136066210316 -0.975399595144 0.817893841724 0.571606269954 0.0656957823574 0.0 0.0 0.0 0.0 0.0 0.0
30.8159376339 7.3524712697 10.43138988 -0.181193079654 0.364254235839 -0.913503103202 0.817893841724 0.571606269954 0.0656957823574 0.0 0.0 0.0 0.0 0.0 0.0
31.3061994683 7.35810165831 10.2116246995 -0.466988405375 0.726188407793 -0.504551509395 0.817893841724 0.571606269954 0.0656957823574 0.0 0.0 0.0 0.0 0.0 0.0
31.6900112809 7.52926671733 9.87684698643 -0.575367028264 0.812231462403 0.0960876384815 0.817893841724 0.571606269954 0.0656957823574 0.0 0.0 0.0 0.0 0.0 0.0
31.9426681614 7.88557996377 9.56397245362 -0.465154097492 0.589694204661 0.660221486 0.817893841724 0.571606269954 0.0656957823574 0.0 0.0 0.0 0.0 0.0 0.0
32.0892931507 8.37631402271 9.40159542932 -0.178221348121 0.143122259407 0.973526152672 0.817893841724 0.571606269954 0.0656957823574 0.0 0.0 0.0 0.0 0.0 0.0
32.1952925781 8.89967280518 9.46113372215 0.176420671103 -0.357824225073 0.916971957455 0.817893841724 0.571606269954 0.0656957823574 0.0 0.0 0.0 0.0 0.0 0.0
32.3415071031 9.34146554429 9.72969580154 0.464037527779 -0.722827303945 0.512044784647 0.817893841724 0.571606269954 0.0656957823574 0.0 0.0 0.0 0.0 0.0 0.0
32.5934989971 9.61848977672 10.1149785057 0.575358769358 -0.813216205021 -0.0874167627803 0.817893841724 0.571606269954 0.0656957823574 0.0 0.0 0.0 0.0 0.0 0.0
32.9766439407 9.71014134964 10.480334556 0.468091594972 -0.594650673559 -0.653667220497 0.817893841724 0.571606269954 0.0656957823574 0.0 0.0 0.0 0.0 0.0 0.0
33.466490378 9.6662422828 10.6966871429 0.182988597582 -0.150167409183 -0.971578572414 0.817893841724 0.571606269954 0.0656957823574 0.0 0.0 0.0 0.0 0.0 0.0
33.998049072 9.58811255031 10.6915683636 -0.171634827435 0.351366964607 -0.920370980743 0.817893841724 0.571606269954 0.0656957823574 0.0 0.0 0.0 0.0 0.0 0.0
