t = 100
b = 30 30 30
E = -0.708704482480722 -0.919558592912594 0.210854110431872
10.3123505432919 16.9509561297769 3.82692034066811 -0.212417963789948 0.920397038486711 0.32824957204644 0.964381940317329 0.143269062156222 0.222354065739644 0.0542118747866494 0.234937793606293 0.0254072047174219 -0.125877041428871 -0.0681441154535603 -0.231304637039903
10.6442786076029 17.3010794165745 3.76189792318026 -0.173598072656905 0.286767952564725 0.942139977387035 0.976736533534504 0.172430586870913 0.127488500110644 -0.384459182314722 0.572500277631624 -0.0766862192023237 0.152570572317728 -0.250982114592504 0.115110802490616
11.1374399966304 17.5128871513326 3.88192873474546 -0.255419027867851 -0.015655679731264 0.966703626885036 0.946465851839643 0.200087883407309 0.253312280773639 -0.154225781997992 -0.359411486097957 0.409101086035379 0.385367618223898 0.525723133363018 -0.148714398927588
11.5386224162795 17.7512103323718 4.08618678431576 -0.205708622534623 -0.511646777011345 0.834207063217668 0.917394888331303 0.195942532027471 0.346400098040481 0.212571826025014 -0.151160324438185 0.434397277592442 0.57662526348384 0.526777411872207 -0.400730721953194
11.7458397756893 18.081381317539 4.35276550908008 0.198360663925588 -0.929206739829764 0.311813667513561 0.874133063844083 0.311617074544714 0.372540032134968 0.1999791363127 -0.410718558908348 0.486902338246117 0.578961476245202 -0.183036396924948 -0.142434151733702
12.1302334652193 18.1578238580222 4.68601345976526 0.172957559753092 -0.955430505543904 -0.239244885729578 0.960646941790642 0.110036586242301 0.255047614185423 -0.211966267613908 0.00744871984157367 -0.290487223325172 0.371592508171219 -0.0884313766001224 -0.2865590124541
12.5300571505623 18.0883930055811 4.99562827576166 0.146717542505413 -0.524443863438421 -0.838708815808364 0.989173000543688 0.0805796626257113 0.122652248390053 0.0634582746009752 -0.229802899267144 -0.0981794112697971 0.480015606721223 0.0207227980102404 -0.16537821776569
12.8795729397575 17.8049271325242 4.99537035068236 0.250809163265098 0.319366105601378 -0.913838027066538 0.967981533434422 -0.0726811195057084 0.240268790195509 -0.0248067920591871 0.263013603941256 -0.338296792414877 0.733703932794897 -0.258532478068178 0.377834169957645
13.28114351938 17.5718747107511 5.07802229888627 0.150054118735197 0.681016557112229 -0.716728743102463 0.981654373811069 -0.18888097398868 0.0260492018177049 0.190916458904586 -0.00212745577282116 -0.0926856000121685 0.486260867034479 -0.193378394215887 0.0699218221230281
13.7620779364599 17.4016147677174 4.91024471650604 -0.125275556621224 0.919499025905053 -0.372595571092402 0.990316791046207 0.138538671143053 0.00892035221937165 0.115192382771012 0.277429749032629 0.467993809724795 0.69570014710011 -0.36216455520445 -0.381723564280244
14.1711683420681 17.3820198240958 4.63827437831488 -0.17420885327161 0.922499531463191 0.344449954082077 0.963950349951254 0.23120820540341 -0.131690465416639 -0.0775113018622339 -0.0601340415516999 0.0838803365168174 0.54596481202716 -0.01228078496285 0.0436161463098436
14.4663659342493 17.6369639945175 4.37040479477868 0.105776375372514 0.386218693549092 0.916322193712043 0.944254097185811 0.249894854297195 -0.214328373002168 -0.292436495103277 0.495398543625634 0.0334932254659156 0.594900153134436 -0.905093328662276 -0.115584378103589
14.9062906705372 17.9421279134684 4.34054535686173 0.0071216502786414 -0.0775667323583365 0.996961666725724 0.942475949162661 0.333720091089246 0.0192320261198609 -0.0716608380579555 -0.518531351796994 0.681881759178674 0.739603749215775 0.00944701828870804 0.185211499399198
15.254184112384 18.2697254018511 4.38106911670893 0.026777106845468 -0.592842014411208 0.804873414807153 0.840437377325813 0.449298791925699 0.30297773279137 0.316038955643841 -0.36413837695589 -0.0526712224285059 0.567873832461075 0.0424596220040453 0.00467902551652561
15.50808048676 18.5067287368168 4.72414115685136 0.29413924193462 -0.928848705425451 0.225215607181925 0.8511425118063 0.361760659035039 0.380375527409775 -0.200922164336495 -0.379517630635546 -0.0792093540412974 0.726341813725275 -0.453089909481421 0.0350665296042713
15.8282720161434 18.6590279275805 5.07185298695822 0.280196594077174 -0.852514222736374 -0.441258711552451 0.914769960611326 0.0977794144457241 0.391963000705078 0.14655688846654 -0.28876977345772 -0.347621040567379 0.273379974634742 -0.317144039404041 0.289840389155777
16.2712740157571 18.5797098931704 5.32113911943166 0.165413691061887 -0.441157445362035 -0.882053456873018 0.984576206854982 0.0221865962263605 0.173543454077316 -0.109992834348574 -0.264092673435777 -0.302158242909277 0.497787826302365 -0.356956808965497 -0.20236853120393
16.7679227637153 18.3939168052015 5.4856584841419 0.145394937483607 0.185368374269209 -0.971853260458461 0.989369071890606 -0.024256611930143 0.143388774034954 0.470757911825922 0.404975929720168 -0.481438261596339 0.545992472747812 -0.0824893166726147 0.306796136516307
17.2994236619979 18.2428387515176 5.41010019975018 0.0116685395757629 0.637479550425367 -0.770378834590078 0.999912137314288 -0.00259958301491762 0.0129940395329412 0.468564864185711 0.782042535187049 -0.852964503158038 0.4448692031186 0.101277939382987 0.0633376665033308
17.7026869757503 18.2683592554984 5.13702339837928 -0.0726808944889317 0.996857726339632 -0.0314967765331258 0.996533952186861 0.0738661227878638 0.0382591216138222 0.193870022946836 1.3992450064057 -0.566056860278069 0.387917916552256 0.56679303228795 0.658712625587168
18.1521498263098 18.6648222583592 5.04183548885634 -0.284775379037685 0.880208190504335 0.379653007096188 0.958538617039812 0.257208161879978 0.122668505559747 0.250348992772741 1.97934859716888 -0.578401452985054 0.305329336443336 0.280372477663539 -0.257548584655491
18.5089334409611 18.6691355531432 4.94324855063772 -0.279080502836072 0.596813177155989 0.752281853380903 0.9583962167644 0.221998231295057 0.179425076319188 0.174487410281225 0.952165704580188 0.239984206723333 0.244982352363602 -0.0774463557588983 -0.384279465117376
18.8219238666434 18.9267735766332 4.85999086652909 -0.073646325551016 -0.0365227059658062 0.996615367931798 0.997086051040655 0.0172316201056511 0.0743125895722393 0.352942627338112 0.563021393701615 0.235594102919233 0.376505590693425 -0.0480497785002295 -0.0312166004010282
19.1025516373064 19.1892662498091 5.058491068324 0.159043338994449 -0.711410894209018 0.684543379940332 0.941168231307695 0.318661865038676 0.112502705473064 0.211555965362137 0.134182029011189 0.00523383420616299 0.276882707158948 0.149725911485539 0.483986549349522
19.4717997491402 19.3549690583915 5.31103879560991 0.194309173494321 -0.956786641574523 0.216340353819829 0.902755533424327 0.260700574033109 0.342151348098464 0.416412985682224 0.471283678424542 0.000921453919739679 0.369001662358619 -0.23340331291508 -0.038383192878432
19.772729976063 19.3666666519365 5.65995506403206 0.299062269056853 -0.896776871271775 -0.326117897675932 0.930422776829866 0.198172292548215 0.308287336763957 0.798731540417711 0.532773671767016 0.129292902698498 0.562328733266748 -0.634704554719972 0.0109365412986803
20.1797950154911 19.3003259231173 5.92129375792776 0.185835772997291 -0.596176544985484 -0.781049597904919 0.976172955990916 0.021386665085897 0.215937152626825 0.505322231227534 0.024243494654341 -0.18136247760153 0.293993622932532 0.31591298733451 0.207042168813267
25.0144591556499 25.9256939315355 0.853510550286171 0.574509274947182 0.0941881988418551 -0.813060612041753 0.639989150958646 0.567561114018149 0.51796539476126 0.0332995606432608 -0.137162529510855 -0.136978639322795 -0.0261653541256828 -0.0945798634988751 -0.199467544711457
25.444242501444 26.07857060031 1.00555391358258 -0.0502589374915392 0.54480900524043 -0.837052607658907 0.566344965750354 0.705878692948145 0.425427469032824 0.346032743463045 -0.792138881827637 -0.132054256885297 -0.0725581761898523 -0.0569862836550252 -0.19969809384643
25.7726569360633 26.3734415853042 1.07786650955484 -0.553792528337171 0.642216166520124 -0.529973689820011 0.403932495498616 0.763784799723894 0.503459233988522 -0.00905412576308445 -0.429755524418868 -0.326640298552853 0.403387148305497 0.586533383092557 0.0433930103195629
26.0193177342242 26.661829499656 1.03393671161859 -0.755944759463924 0.644255456334738 0.116113344279593 0.603220813055548 0.616625116814561 0.505863615125023 -0.457796341340039 -0.485665627707263 -0.23396752464292 0.170910173091151 0.362169953250736 0.313900844137329
26.2592045124232 27.0541789283611 1.07736101610822 -0.826772877226632 0.125885494543346 0.548269398987083 0.490194319671939 0.639353881680101 0.592398534547199 -0.678102579539044 -0.413132686610619 -0.147575948775974 0.28718957304666 0.300484264390385 0.199654337916106
26.3359898134298 27.4197600680727 1.21666064821234 -0.440318466040283 -0.235283245257608 0.866464843264888 0.561503555823382 0.680878354949861 0.470232180705895 0.102741205892875 -1.14579309858504 1.66624623153664 0.323286202918 -0.305959566837886 0.637912947237232
25.7860428985935 27.7404486937983 1.74084961988204 -0.30381850271866 -0.535058987503936 0.78829314639157 0.514479159031426 0.604255592333957 0.608429334503736 -2.32199229678398 -0.612696123693901 1.69216145630356 0.0877740664038041 0.497024663469185 0.0812903890636258
26.4972213284724 28.4119383752189 1.65263001109656 0.161376560012222 -0.850339193200356 0.500879974563658 0.649057957600055 0.473771917422034 0.595200654315627 0.125510287277972 -0.48242354463654 0.0796907530495041 0.280672046325554 0.406741593461054 -0.876013983393011
26.5087162146884 28.5753406780021 2.11497443019427 0.603039770652747 -0.797700644365621 -0.00407437683608213 0.482783302079484 0.360895412278925 0.797918968103974 0.786594494574775 0.0400213663490424 0.27060184742749 0.426281229072048 0.0644003443777839 -0.165570043008132
26.6246594892712 28.5991285177046 2.52800620940958 0.841689682417205 -0.289582741040162 -0.455741369604555 0.536250424594881 0.547082441245135 0.64275669334882 0.0709573510831034 -0.67582736870727 -0.229526199469064 0.644737066981864 -0.061789172115194 -0.355954466483956
26.9499713365603 28.7152844739418 2.90408264873569 0.560082595724852 0.152586552918792 -0.814263293400757 0.647038104915417 0.533231890136617 0.54498194892135 -0.246581856187348 0.297457377141723 -0.512585012287172 0.41299264787096 0.322420809228482 0.192294460223148
27.4123186786421 28.7353235798565 3.03986447848716 0.0313781949736274 0.720051131971667 -0.693211121244324 0.739170051551541 0.450126207192892 0.501012894606256 0.610578707436701 0.493798967712142 -0.213728226463967 0.539099452009745 -0.490647907335186 -0.0640523735841393
27.8503789508007 28.8634966821572 3.05150666643824 -0.421580314971188 0.832926879313127 -0.358472778875867 0.699207557545052 0.55030843230138 0.456365319710657 -0.27858174196919 0.294870248046865 -0.287247612414337 0.452375906037101 0.137543242330765 0.496036514490535
28.2088092303278 29.2144243438607 3.05250186397152 -0.783046415399271 0.616232221063191 0.084238009936361 0.558942635200979 0.637814338132507 0.529882894135838 -0.265877748971276 0.0447528984939493 -0.220276198863045 0.61986847713442 -0.225065021817687 -0.0894410673620847
28.4907313975004 29.615493331643 3.07124687200685 -0.834031545527278 0.300512331867858 0.462691690786755 0.465453287417041 0.83352207245571 0.297647587579772 -0.286247765430362 0.0997324230913748 0.184942511999364 0.453047803023098 0.159634340837623 0.127961164907003
28.4868519881487 30.0963503471296 3.11058642660392 -0.330574617056042 -0.173568644933664 0.927682182153994 0.602317474150699 0.717942263465875 0.348959092793395 -0.811987905439795 -0.0292740481508736 0.453457600039628 0.397023899249136 -0.371304166203507 0.185057249937177
28.7032038249349 30.4416249420742 3.46912804280887 -0.354702428989404 -0.577166431120789 0.735571196031558 0.51429603807574 0.536571697560502 0.669021882664485 0.482809136683133 -0.292847329491593 0.00556019262409317 0.371492997669368 0.706319782094813 -0.145139931423721
28.6675663092916 30.7494460690713 3.81618108540518 0.407461130976096 -0.772135117486711 0.487629642166075 0.326565827680751 0.621853962839761 0.711795124359892 0.262467408734033 -0.272897080671276 -0.285816685790381 0.336566299202203 0.0965432184424956 -0.0462981743334197
28.7400729577707 30.8573700686385 4.29716831461744 0.843109320153877 -0.536450661969273 -0.037245714506577 0.410058127775071 0.596565619921885 0.689899759011306 0.369140603330736 -0.409535650742646 -0.159210012327851 0.623666833950938 -0.450462594471167 -0.00667010403391369
28.8597611758896 31.0035051050465 4.76578776544839 0.829738894849295 -0.210713303553506 -0.516849253791455 0.552336698110004 0.443297509464044 0.705982561545663 0.0934683027203048 0.0187693656829878 -0.18419936488678 0.313607377429465 0.0948379384240948 0.276832345060386
29.2230256077375 31.1100725870126 5.10406444572868 0.550919916760124 0.160333507738667 -0.819011777983495 0.680008135280229 0.482684673755694 0.551909708485176 0.16885015985586 0.067122780472192 0.334897828893773 0.306712129065862 0.0738218587776384 0.024322175552551
29.6555238357 31.1094376638568 5.28888462025051 0.0223480681243191 0.754025336680589 -0.656464956895087 0.660606432138727 0.481719781881854 0.575799511044503 0.141771532697099 -0.454299204782723 -0.253228028963149 0.300283368529829 -0.504944043464562 -0.0415261860813734
30.019984253205 31.2999286360136 5.45502805477668 -0.410486199596424 0.805292454276668 -0.427790864745701 0.591773139024157 0.592184940455889 0.54691994763356 -0.320422003971495 -0.224181251071115 0.145832585625879 0.26303872185017 0.166017372129551 0.275272667975875
30.4223796104962 31.5150529537612 5.47686816001469 -0.790003999931551 0.580562856625104 0.197079513887947 0.595117877843759 0.648849847562819 0.474160804508997 0.0211345387732437 -0.154780849586757 -0.183787881905303 0.287383467214564 -0.160730085714861 0.00951195109452628
30.5695469957718 31.9014011760252 5.37392159947884 -0.576871235859215 0.167234620612187 0.799532395603682 0.662769004868004 0.667957776525478 0.33848122364094 -0.634254053248819 0.0675977159695356 -0.139645639321304 0.358805630967742 -0.679444506130006 0.437698103457905
30.8090112744844 32.3803255294272 5.36429790210174 -0.373166916060134 -0.302231403156638 0.877155925663291 0.641446043509431 0.599024076639716 0.479288024018115 -0.123420600994397 0.205924221958935 0.314491370567588 0.467764725487394 -0.422365493862041 0.515463863869955
30.7230684549628 32.7220859185885 5.35296376061806 0.346817803204985 -0.435892095437258 0.830491048898085 0.439235649793488 0.857834986874236 0.266816532977387 -0.490392920047436 -1.04672262644915 -0.335070940901612 0.121980036496728 -0.926903487717445 0.81961372489134
