t = 0
b =  30.0 30.0 30.0
E = 0. 0. 0.
9.824562882 12.8994111636 28.4084726907 -0.283690487427 -0.174425074821 0.942918660658 0.705740986613 0.627732727701 0.328452861745 0.0 0.0 0.0 0.0 0.0 0.0
9.83890017035 13.3911036239 28.6246163209 0.1508667352 -0.586134341517 0.796043819085 0.705740986613 0.627732727701 0.328452861745 0.0 0.0 0.0 0.0 0.0 0.0
9.88762753573 13.7491867425 29.0222181646 0.528107162767 -0.775161372228 0.346738621499 0.705740986613 0.627732727701 0.328452861745 0.0 0.0 0.0 0.0 0.0 0.0
10.0567369455 13.9305718019 29.498859088 0.704710849718 -0.669691637623 -0.234298375555 0.705740986613 0.627732727701 0.328452861745 0.0 0.0 0.0 0.0 0.0 0.0
10.3864852156 13.9593006315 29.9220916893 0.613583102724 -0.309794853237 -0.726321502476 0.705740986613 0.627732727701 0.328452861745 0.0 0.0 0.0 0.0 0.0 0.0
10.8560997733 13.9174117146 30.1797592813 0.289344876443 0.167798175387 -0.942402947159 0.705740986613 0.627732727701 0.328452861745 0.0 0.0 0.0 0.0 0.0 0.0
11.3916705047 13.9137723969 30.2226060918 -0.144820305988 0.581641871746 -0.800449756078 0.705740986613 0.627732727701 0.328452861745 0.0 0.0 0.0 0.0 0.0 0.0
11.8942294428 14.0427183623 30.0829903552 -0.523965832907 0.774510096495 -0.354392319858 0.705740986613 0.627732727701 0.328452861745 0.0 0.0 0.0 0.0 0.0 0.0
12.2773503527 14.3482139285 29.8625908782 -0.704047979663 0.673128986467 0.226304683801 0.705740986613 0.627732727701 0.328452861745 0.0 0.0 0.0 0.0 0.0 0.0
12.4999835036 14.8071492684 29.693777561 -0.616650527891 0.316014920364 0.72102475447 0.705740986613 0.627732727701 0.328452861745 0.0 0.0 0.0 0.0 0.0 0.0
12.5820511472 15.3381202193 29.6893218592 -0.294977230726 -0.161158497473 0.941815466026 0.705740986613 0.627732727701 0.328452861745 0.0 0.0 0.0 0.0 0.0 0.0
12.5968787218 15.8323550856 29.8995530226 0.138762848148 -0.577105107694 0.804794735723 0.705740986613 0.627732727701 0.328452861745 0.0 0.0 0.0 0.0 0.0 0.0
12.643337292 16.1950388245 30.2932371712 0.51978460102 -0.773799838819 0.362019029869 0.705740986613 0.627732727701 0.328452861745 0.0 0.0 0.0 0.0 0.0 0.0
12.8082807784 16.3813348658 30.7694435692 0.703331493629 -0.676515073933 -0.218293758068 0.705740986613 0.627732727701 0.328452861745 0.0 0.0 0.0 0.0 0.0 0.0
13.1335487008 16.4134192747 31.1958898981 0.619670992733 -0.322210921731 -0.715673097638 0.705740986613 0.627732727701 0.328452861745 0.0 0.0 0.0 0.0 0.0 0.0
13.6000706456 16.3720556938 31.4591985219 0.300587121351 0.154506546715 -0.941156261999 0.705740986613 0.627732727701 0.328452861745 0.0 0.0 0.0 0.0 0.0 0.0
14.1351114341 16.3659118852 31.5079705461 -0.132694822981 0.572524394853 -0.809078427133 0.705740986613 0.627732727701 0.328452861745 0.0 0.0 0.0 0.0 0.0 0.0
14.6399044336 16.4902750303 31.3723131175 -0.515563785523 0.773030653289 -0.369618170729 0.705740986613 0.627732727701 0.328452861745 0.0 0.0 0.0 0.0 0.0 0.0
15.0271746519 16.7908505372 31.1524012151 -0.702561446178 0.679849642157 0.210266208421 0.705740986613 0.627732727701 0.328452861745 0.0 0.0 0.0 0.0 0.0 0.0
15.2542959664 17.2463977914 30.9804195016 -0.622644267229 0.32838238549 0.710266939528 0.705740986613 0.627732727701 0.328452861745 0.0 0.0 0.0 0.0 0.0 0.0
15.3394855007 17.7767998207 30.9703431594 -0.306174121103 -0.147842829686 0.940425385279 0.705740986613 0.627732727701 0.328452861745 0.0 0.0 0.0 0.0 0.0 0.0
15.3548826344 18.2735010723 31.1746368132 0.126616692588 -0.567900082063 0.813300504088 0.705740986613 0.627732727701 0.328452861745 0.0 0.0 0.0 0.0 0.0 0.0
15.3991420472 18.6407494824 31.5643223426 0.511303707847 -0.772202598482 0.377189163735 0.705740986613 0.627732727701 0.328452861745 0.0 0.0 0.0 0.0 0.0 0.0
15.5599531562 18.8319742858 32.0399881537 0.701737895953 -0.683132437198 -0.202222646187 0.705740986613 0.627732727701 0.328452861745 0.0 0.0 0.0 0.0 0.0 0.0
15.8807254408 18.8674790287 32.4695573063 0.625570124954 -0.334528841658 -0.704806691841 0.705740986613 0.627732727701 0.328452861745 0.0 0.0 0.0 0.0 0.0 0.0
16.344096455 18.8267279116 32.7384657513 0.31173780451 0.141167853853 -0.939622891525 0.705740986613 0.627732727701 0.328452861745 0.0 0.0 0.0 0.0 0.0 0.0
16.8785281115 18.8181560113 32.7931871286 -0.120528919845 0.563232521484 -0.817460645061 0.705740986613 0.627732727701 0.328452861745 0.0 0.0 0.0 0.0 0.0 0.0
26.8237804543 11.4244655237 9.31622974958 -0.242186033339 0.919579955414 -0.309384277002 0.771218356492 0.375942823149 0.513701508984 0.0 0.0 0.0 0.0 0.0 0.0
27.3038881537 11.6356279673 9.19964449547 -0.541378418129 0.811856796252 0.218627424547 0.771218356492 0.375942823149 0.513701508984 0.0 0.0 0.0 0.0 0.0 0.0
27.6605886257 12.0318531931 9.13289536967 -0.634892090507 0.395695666672 0.663578912254 0.771218356492 0.375942823149 0.513701508984 0.0 0.0 0.0 0.0 0.0 0.0
27.8725654257 12.5182772587 9.2174090778 -0.487199642872 -0.170796862356 0.856425676749 0.771218356492 0.375942823149 0.513701508984 0.0 0.0 0.0 0.0 0.0 0.0
27.9734850517 12.9657681741 9.4971450459 -0.154411905366 -0.672400807803 0.723902007973 0.771218356492 0.375942823149 0.513701508984 0.0 0.0 0.0 0.0 0.0 0.0
28.0392064791 13.2599853041 9.94189449948 0.237039496618 -0.918548444424 0.316355863372 0.771218356492 0.375942823149 0.513701508984 0.0 0.0 0.0 0.0 0.0 0.0
28.1589610672 13.3448192874 10.4587572821 0.538435630748 -0.815724169697 -0.211379162912 0.771218356492 0.375942823149 0.513701508984 0.0 0.0 0.0 0.0 0.0 0.0
28.4014520742 13.2437089206 10.9274361778 0.635271066593 -0.402992644721 -0.658807711135 0.771218356492 0.375942823149 0.513701508984 0.0 0.0 0.0 0.0 0.0 0.0
28.7887531409 13.0507363676 11.2459398351 0.490756403073 0.162842523662 -0.85594419522 0.771218356492 0.375942823149 0.513701508984 0.0 0.0 0.0 0.0 0.0 0.0
29.2879221451 12.8948837731 11.3693309862 0.159795177017 0.666811094724 -0.727893168917 0.771218356492 0.375942823149 0.513701508984 0.0 0.0 0.0 0.0 0.0 0.0
29.8235164649 12.8910307886 11.3267988664 -0.231874908421 0.917446982413 -0.323303358018 0.771218356492 0.375942823149 0.513701508984 0.0 0.0 0.0 0.0 0.0 0.0
30.3062548921 13.0963098726 11.2105697361 -0.535451839408 0.819529422589 0.204114803936 0.771218356492 0.375942823149 0.513701508984 0.0 0.0 0.0 0.0 0.0 0.0
30.6669370556 13.4884007143 11.1408685817 -0.635601664327 0.410258933321 0.653986339257 0.771218356492 0.375942823149 0.513701508984 0.0 0.0 0.0 0.0 0.0 0.0
30.8827337997 13.9740100928 11.220243634 -0.494275790274 -0.154875783879 0.855397530226 0.771218356492 0.375942823149 0.513701508984 0.0 0.0 0.0 0.0 0.0 0.0
30.9858603619 14.4243155314 11.4946065802 -0.165166279646 -0.661170601398 0.731828897978 0.771218356492 0.375942823149 0.513701508984 0.0 0.0 0.0 0.0 0.0 0.0
31.0513372654 14.7239071106 11.9357899467 0.226692662052 -0.916275653263 0.330226231861 0.771218356492 0.375942823149 0.513701508984 0.0 0.0 0.0 0.0 0.0 0.0
31.1684887684 14.8146336259 12.4522483931 0.532427271338 -0.823272265142 -0.196834900828 0.771218356492 0.375942823149 0.513701508984 0.0 0.0 0.0 0.0 0.0 0.0
31.4070070846 14.7176952024 12.9238383177 0.635883858533 -0.417493979115 -0.649115163788 0.771218356492 0.375942823149 0.513701508984 0.0 0.0 0.0 0.0 0.0 0.0
31.7904751464 14.5255890132 13.2474624203 0.497757536461 0.146897249705 -0.854785723398 0.771218356492 0.375942823149 0.513701508984 0.0 0.0 0.0 0.0 0.0 0.0
32.2874070543 14.3669680567 13.3762380903 0.170524804224 0.655479757371 -0.735708895435 0.771218356492 0.375942823149 0.513701508984 0.0 0.0 0.0 0.0 0.0 0.0
32.8232100967 14.3577637315 13.3373088945 -0.22149315216 0.915034546174 -0.337123957698 0.771218356492 0.375942823149 0.513701508984 0.0 0.0 0.0 0.0 0.0 0.0
33.3085237681 14.55714156 13.2215322819 -0.52936215687 0.826952412324 0.18954000798 0.771218356492 0.375942823149 0.513701508984 0.0 0.0 0.0 0.0 0.0 0.0
33.6731693192 14.9450232168 13.1489613201 -0.636117627722 0.424697231125 0.644194555686 0.771218356492 0.375942823149 0.513701508984 0.0 0.0 0.0 0.0 0.0 0.0
33.892811837 15.4297146208 13.2232345276 -0.501201376483 -0.138907528737 0.854108821329 0.771218356492 0.375942823149 0.513701508984 0.0 0.0 0.0 0.0 0.0 0.0
33.9982054852 15.8827420493 13.4922018677 -0.175870342678 -0.649738996022 0.739532865811 0.771218356492 0.375942823149 0.513701508984 0.0 0.0 0.0 0.0 0.0 0.0
