t = 100
b = 30 30 30
E = -0.69106555783552 -0.887218554823285 0.196152996987766
4.36086105983248 13.1062282012594 20.2028834821942 0.978871492449839 0.0370525087857701 -0.201091015602221 0.204185003229316 -0.124665964106078 0.970961773536685 0.483255717399352 -0.986946271336356 -0.209932884259454 0.0613703239386552 -0.494373287245963 -0.120768830457015
4.62853025396807 13.0928209208335 20.6068069475854 0.608703546728474 0.717490168628077 -0.338655770531089 0.415195056426259 0.0756637084456153 0.906580359998872 -0.0607076131297399 -0.90912379492102 -0.00322997706188546 -0.00632805630642136 0.351005795310158 -0.061757616789397
5.04445300585021 13.2508825635357 20.8104137117225 -0.0304181258435801 0.998723242576162 0.0403299771560417 0.491247948480241 -0.0202017082334418 0.870785407430681 0.630127189946525 -0.244202671114764 -0.139308432217838 0.286746126735231 0.031752249749591 0.360312783247889
5.34281900142474 13.3943159602542 21.1717010301789 -0.440167125899632 0.897770440888476 -0.0161560618903675 0.467265257108948 0.244385551555236 0.849669797347877 -0.360980584196255 0.161232745507451 0.260480252064538 0.49971358444995 0.302604152983745 -0.116220200039052
5.69097794642752 13.6757635686586 21.3758527354247 -0.81678269372138 0.428513430042863 0.386318718581043 0.513278015954269 0.233934082550183 0.825724172080786 -0.103889175781983 0.456401573577677 0.87857440222827 0.467805973961453 -0.300974906971209 0.150931160795265
5.94933535373799 13.9083509971522 21.7608596720183 -0.899306802939845 -0.0742429057159663 0.430970007108114 0.411535649106755 0.189700325077367 0.891432598890464 -0.359545609771009 -0.312995643179815 0.0713559154112815 0.478458572674802 -0.0618489523071804 -0.326507716689825
6.0276520821788 14.1575996289831 22.0832108204609 -0.564694214791685 -0.682775959932032 0.463613322892874 0.442635132541129 0.223560765576496 0.868386207310459 0.251652629286973 -0.188135045389746 0.0653320480692211 0.23681249588222 -0.12235040433853 0.17707215438521
6.06338559228851 14.3768566221728 22.5359981196419 -0.0431384200164231 -0.988675423751444 0.143735396600495 0.411541424547214 0.113511363023892 0.904294590922752 0.157742273999094 0.0548713299557699 0.130546129209461 0.316737206281865 0.489765746968448 -0.289167295884601
5.96181234367111 14.3459688103356 22.9898236083761 0.419942710834235 -0.897619862519762 -0.133890189736045 0.306851922268641 0.00159249251390647 0.951755874812679 0.371058391463246 -0.0220620560816966 0.136115924406837 0.471438909831507 0.390731315486772 0.210382885220135
5.92824695620717 14.1440811559243 23.4014240171771 0.788789014515278 -0.493631695649562 -0.366250625562026 0.355806400930369 -0.119182237736473 0.926928953795282 0.472313492851748 0.281668653892508 -0.123486023043737 0.529880346812813 0.0330514725236386 -0.0452369600081087
6.03310206407121 13.8938948002844 23.7329081004365 0.916194106170058 0.185193724063401 -0.355375189366026 0.373872528982224 -0.0758085254554928 0.924376699664572 0.239953930861424 -0.0493643767723705 0.121329589760173 0.491369813579021 -0.399316242968759 -0.0896201719244876
6.27811737230072 13.6651205700962 24.095641701925 0.574298487176254 0.749970429706148 -0.328215605118596 0.460970994320237 0.035069416979153 0.886721917867173 0.0110013275048787 0.00867838725193013 0.362345324084107 0.280780005429113 -0.12787611216753 0.312930593538891
6.63441169589571 13.5688704354438 24.3967526431077 0.0101755609010237 0.979675391917364 -0.200330890413758 0.608232329845465 0.152953907112838 0.778882803134178 0.237195662886265 0.0275356621761072 0.328927044867161 0.268697541104593 -0.0697142414928661 -0.0378943691986065
7.04401221342538 13.756904451514 24.4647170260904 -0.540478151952731 0.751330137487512 0.378663808207596 0.631260878667331 0.0645816959431953 0.772876958906575 0.364809445507016 0.407920306342629 -0.090746503658072 0.412919498414227 -0.796833129406103 0.539583943188768
7.3847083095276 13.8079693352828 24.8134148181503 -0.837053849811587 0.451936150737056 0.308373878534258 0.421825047281202 0.174139883341569 0.889797062338018 0.0430310480113724 0.267895180570174 -0.0917904492632583 0.374577203337388 0.0364358952569251 -0.191597233684584
7.53128997752122 14.092282990653 25.1986086914447 -0.928132096536795 -0.0378024188889164 0.370326438445363 0.343856868587011 0.294016091848023 0.891805403866363 -0.49010220320951 -0.207502596452116 -0.016365123579313 0.390694623472612 0.0751329569022192 -0.286723398263257
7.6477552058337 14.3113535887877 25.5800439434098 -0.782777164035422 -0.536525308109204 0.315278276333948 0.245532232313711 0.199252884376344 0.948689673787899 -0.451003798788004 -0.533377768426999 0.225708497516458 0.5074322911486 0.267649543265103 -0.368649365047628
7.52431044075022 14.4861093025148 25.9820299379985 -0.10553904903261 -0.973343272541769 0.203627757834288 0.375008993591448 0.150695365168598 0.914690681527432 -0.496705550225633 -0.266039495453376 0.45517126955169 0.365609942035614 0.0705166039162862 -0.0288074246704223
7.53197713740891 14.5613445429216 26.4623415716902 0.301074271589926 -0.928524865517583 -0.217245802552406 0.431327503214513 -0.0705805996358496 0.899430289219098 0.430415893136655 0.0315049880343577 -0.00829907680414252 0.317930343477637 -0.193032995258742 -0.126929548893508
7.5364778886848 14.382385977583 26.8626067657426 0.875749670288918 -0.291127765959855 -0.385106509580368 0.409031398944656 0.0237371505416262 0.912211457713896 0.570548814891971 -0.435626542898365 -0.0554112391268606 0.304223142485122 -0.149511826031134 0.241549167155024
7.7038380798147 14.2148253630021 27.3240235070337 0.792194384990807 0.220286382975399 -0.569123754290434 0.602204442723928 -0.131069939758822 0.78750896350963 0.676651864257897 0.0462170040838091 -0.343925189477087 0.304543233549027 -0.00213420727367786 -0.143948218750802
7.96172697410626 14.0216680974301 27.6033157485407 0.620425152442573 0.6713108907987 -0.405480207878758 0.541415447097154 0.00743096863198445 0.840722295200602 -0.165218459810798 0.258069401791963 -0.150304055992815 0.676799333711389 0.103963258884372 0.0365470305431899
8.38076547994652 13.9419549729298 27.7756167623886 0.102708228224714 0.992350141602543 -0.0684988861804101 0.544394108044704 0.00155694303287773 0.8388280601101 -0.0189319563211612 0.269698712155942 -0.642242712846416 0.554193620608378 0.29742083350365 0.262750651441746
8.78731462892894 13.99551517327 27.9617490248818 -0.476679615018519 0.84788026670437 0.232110921983655 0.633598379731236 0.148346545337954 0.759306449491538 0.238973187142866 0.211841244992061 -0.576467303115722 0.588465176076246 -0.0482994693548229 0.1392322707826
9.15573137362925 14.1400775971955 28.199850687756 -0.789604539314269 0.484202173854213 0.376925466292576 0.567034600088992 0.341012141416697 0.749788220136161 0.348584566854169 -0.235716137139256 -0.358737631007075 0.645378655956723 -0.128989572577422 0.0621670654303696
9.42416354481716 14.453883817156 28.4155886326238 -0.842291129944669 -0.158751783272818 0.515114943134712 0.438383623114835 0.354292860102284 0.826012262382142 -0.0570759406383994 0.191269473841074 -0.541960108874798 0.483502985812609 -0.394414821390828 -0.108753387479879
9.47377115342065 14.835541657022 28.7075601438483 -0.427447688355672 -0.790849905623273 0.43800089662369 0.395576957947231 0.272030721620741 0.877221773725278 -0.168094128520951 0.125549059419474 -0.670945461158813 0.353053164383944 -0.594656562927963 0.640205218741093
3.0196164987722 2.70491354416444 23.256200731256 -0.158996205835729 0.451676885682891 0.877899814358279 0.771525778097652 0.611664732169768 -0.174968882794123 -0.31937367906009 -0.0681445248542175 0.845035621170569 -0.00835247263878222 -0.436672631188438 -0.579902065291684
3.29898744088806 3.16184214001863 23.2691819205693 0.0764341043460673 -0.192790934218853 0.978258334060379 0.762996275846783 0.642912018320551 0.0670872606474188 -0.0332125216819222 -0.247219795572677 0.276867985283652 0.0945404726947139 0.455610166148729 -0.123374351443877
3.4215030521426 3.55792715846735 23.4865394767668 0.690080157211413 -0.58325492420104 0.428489150853194 0.656526054409704 0.753646197291989 -0.0314774542632764 -0.374006070119338 -0.0668441650449157 -0.247260998214847 0.506754032051492 0.152624175380988 0.220845842993718
3.76168882811279 3.85717229853667 23.7696594551049 0.723978408354955 -0.655114000136079 -0.216057387593223 0.689685517775682 0.68117218219152 0.245638416416783 0.341881617513884 -0.208289124843256 -0.101487065794386 0.153335499678628 -0.0842083140124043 0.339046169941365
4.22236651871362 4.05703292136318 23.9702498216431 0.460775391137353 -0.642096595318722 -0.612697218942645 0.83980343310035 0.53874336016517 0.0669751327752957 0.487922014056296 -0.221437895493638 -0.211292735013155 0.397957516755895 -0.172143418952362 -0.273809818809354
4.62121653018039 4.11176933108834 24.0749695043981 0.221913699842377 -0.358138904264212 -0.906912740863406 0.766014238018433 0.639517813244913 -0.065107868102084 0.45496524295616 0.201137833302227 -0.266564708311368 0.417989430248127 0.233137312785407 -0.110142793634231
5.10363065292951 4.11440267536211 24.1102713771349 -0.199362524812757 0.290848482549208 -0.935767933152488 0.715045432671752 0.696139346061107 0.0640306294301557 0.442665597360814 -0.0574285037001753 -0.430724878044503 0.256140293937616 -0.146627379632852 -0.213733821741005
5.53267938916233 4.30284913925771 23.9498107636336 -0.60109769288169 0.536914905328331 -0.591949177997695 0.712461789844503 0.695579068019038 -0.0925626239105492 -0.682789010309618 0.0983765799654705 -0.242414595566772 0.0351280043839466 0.365094679260084 -0.00610387261816083
5.89295059716594 4.50305449153791 23.7266991464719 -0.748134697309495 0.642927080527621 0.164131429349125 0.65594257863406 0.753919633659981 0.0366660650640346 -0.117628865481331 0.170622619547739 -0.226161521598677 0.529034427640443 0.172683685664855 -0.0279030833790116
5.99743584692452 4.79585192308752 23.4416322882823 -0.350226321925381 0.513013710754639 0.78368255211441 0.634392791246181 0.745472259843753 -0.204491528908154 -0.0646388250070775 0.247996945344697 0.135771705882386 0.604321477499377 -0.234977096126659 0.477804143815551
6.18717884076567 5.26427582176832 23.321774743573 -0.239108692618772 0.153563587989322 0.958772725088568 0.53111275755529 0.847294836663661 -0.00325411595302791 0.151563889019509 0.480238725366495 0.634769353854063 0.610029336733421 -0.187211371354252 -0.177746408484314
6.19176589070993 5.75743573290312 23.3893919636485 0.317614934451925 -0.254531722963914 0.913418981900249 0.661182673339173 0.749932797472215 -0.0209321302132639 -0.122103175885955 0.714051049011834 0.876869249546729 0.759120117917487 -0.022457331405493 0.226803854907004
6.29599517120694 6.31327908915391 23.5738815886851 0.510739606857901 -0.542222147359753 0.667188189616393 0.673175983965228 0.734927300699781 0.0819502274083039 -0.383365994233302 0.776012106831987 -0.217350444217648 0.447419378659309 0.0414361358531148 -0.0901672933985119
6.5096747165722 6.74157225547162 23.7652693944653 0.548641778803698 -0.826451191298419 0.126374488552125 0.825686585433545 0.559344797306065 0.0733139933406185 0.172847142957865 0.437583361333259 -0.236428642125294 0.169031661333975 -0.0339208681198435 -0.515658755846286
6.92531669983162 6.80832405492087 24.0536790884843 0.422703109733112 -0.592206364400001 -0.686012816653585 0.757263379677985 0.646651077493463 -0.091621173018884 -0.129281113884388 0.251412576067921 -0.629947579584115 0.592516765877948 -0.00324678542831562 -0.0638234246791271
7.369569449807 6.75343463323774 24.2699313711889 0.07838826385095 -0.144727706996913 -0.986361522529066 0.870522690874403 0.492118862096516 -0.0030257361409502 0.0265152112468667 0.427145048863807 -0.408470867717913 0.567401400051979 -0.147983764722749 0.105177892096806
7.86468297676931 6.81736537380146 24.2520407737184 -0.254250624638395 0.270826159350868 -0.92844477064997 0.868072942677321 0.487140762941413 -0.0956197160622089 -0.354101760647517 0.605616566122745 -0.43445674228022 0.693814754457717 0.36756869012229 0.285388187647637
8.33962413494767 6.89554677715236 24.0474467735722 -0.547307371869018 0.66121655998126 -0.51307619569502 0.835397065604046 0.468713356445309 -0.287087840748375 -0.0287737287247375 0.680452338756836 -0.731085353558516 0.631433740616405 -0.148894817245566 -0.0511614347804354
8.79873497647987 7.15882530225511 23.782788105481 -0.733071673034424 0.674574917920152 -0.0869165397737721 0.668874560868811 0.69183330280545 -0.271980502625948 0.203913454794522 1.06985384728651 0.34461105526299 0.413935692522994 0.544787146334139 0.328287614351586
8.99572910375646 7.61233662737604 23.5131141108295 -0.534341932115271 0.412684909506097 0.737678622075931 0.607313204569057 0.794449495162821 -0.00453369495175678 0.0547251352624846 1.01357383148823 0.159615105838416 0.333728752480236 0.164530243654317 0.128694200187874
9.67442471608109 8.32109191605602 23.6685151979152 -0.692059114450745 -0.126110652664677 0.710739170620366 0.239954821320437 0.888434041374837 0.391288304017309 2.40094520191251 2.38441811062745 1.53466738081108 0.770088224090355 1.67081708587361 -0.610964662574519
9.28875433694157 8.62831838003987 23.3594643256876 0.0887063109796633 -0.161367843368758 0.982899533803048 0.590393215811653 0.803279785496104 0.0785959543910309 0.285410703807568 0.992530788329387 0.225902544211057 0.57909010875995 -0.102611800704625 -0.454413963147637
9.46949478521989 8.84657844169145 23.7428044360028 0.435795433032141 -0.673512777873447 0.597045023139893 0.74397102700207 0.642893744919586 0.182193926279094 0.135411316678817 0.434125446376436 -0.295858033315828 0.469543252132619 0.482136442436816 0.0563061821863049
9.76354455914293 9.02850626247699 24.0591542902705 0.709610424971574 -0.680391110825189 -0.183087041520965 0.690519641774019 0.61986981458822 0.372751838717875 0.312211556323833 0.68145940791019 0.647773442329472 0.229424739381001 -0.0864692196448754 0.571626793913454
10.1012789967282 9.28050658180776 24.1726512166566 0.420913252160302 -0.627727523282218 -0.654820641011249 0.879044204766687 0.460419715691164 0.123672382565605 0.610362586036351 0.601221651161071 0.219323227433341 0.673669033018821 -0.206430865326631 -0.189860943497246
10.5335884819172 9.28281824281325 24.3148904168201 0.263434497422799 -0.114496508376464 -0.957858390369417 0.917120035614676 0.337641009489243 0.21187092181245 0.123603847201136 0.142290752419601 0.0669270736021841 0.459676496579975 -0.0316613222654686 0.236867733934104
11.0594972190276 9.34334053683508 24.302336651353 -0.21165266717286 0.282230034877324 -0.93570788002355 0.849041155584385 0.527294644225592 -0.033005427791969 1.66768781221632 0.308683373885075 -0.2101640495245 0.41769044432342 -0.184663580504246 0.211493445596001
20.2892587443599 23.2919849735159 23.16316571865 0.363742401149484 -0.840146361465912 0.40230018448436 0.491544558937989 0.539977898544932 0.683233267277706 0.420100796502566 -0.450768474076686 0.00930650724672083 0.261760071551623 -0.163224604975951 -0.307485982176719
20.4056829917611 23.4253210958732 23.6199412861824 0.755074593992854 -0.642748515387101 -0.129369951165726 0.48539375738209 0.415374433300349 0.769322342842149 -0.280343265959028 -0.084112736643093 -0.286723106714366 0.359264648464456 0.162366443402908 -0.0511650056058089
20.6351259690164 23.5000085071244 24.0464464085472 0.809804456892985 -0.280565550190623 -0.515266528477899 0.584580828045161 0.460432277955394 0.668032376022821 -0.140234309873779 0.0835806357940846 -0.305481778492981 0.298102984423759 0.168760697936884 0.00460778471567343
21.0457997817385 23.6644053250057 24.3546389198398 0.53567634039024 0.00471651326421129 -0.844410148820032 0.706915955046346 0.544447389833969 0.451493913542804 0.322827933642134 0.37555667744432 -0.449369384277261 0.343826101800977 0.42836945813728 -0.54354425383907
21.4322221649726 23.6342941772261 24.5860619709533 0.0646175357415874 0.641742776560776 -0.764192818456429 0.710540685841603 0.508113803257288 0.486777343572861 -0.129270398072218 0.305521329922368 -0.305936653904944 0.47728043032298 0.209938913905458 -0.0244043110160899
21.8828711926744 23.7568564283716 24.5792518489381 -0.406783878778288 0.897472658610345 -0.170498051355554 0.704483182828477 0.427006557241702 0.566893930172401 0.2046452906379 0.00917538340590238 -0.663439337166495 0.438877859990351 -0.559163634016924 0.0833868161075077
22.3096575934126 23.9584540020036 24.7691443669773 -0.736242484733349 0.671763923338865 -0.0817319985154301 0.547379462432032 0.662182763093316 0.511751497462362 -0.427754038527442 -0.176161702646244 0.138125276521363 0.41287452607475 -0.0690673265967267 -0.502354902981538
22.5629340046774 24.3653024161286 24.7988433951346 -0.81099927861998 0.310007121957921 0.496160898066735 0.568831518924432 0.616108285081756 0.544831318519948 -0.280309540377092 -0.0270506332393727 0.0875209458274948 0.227861574274386 0.137960846656708 -0.0417238748189114
22.6920380252971 24.776752513691 24.9389315076821 -0.589641226406691 -0.294348185751395 0.752118508359907 0.491896980939692 0.607718622904705 0.623470381730791 -0.221031251460475 0.0678056679734236 0.00131373977688763 0.479250307950633 0.39250129356207 -0.138475889642205
22.562868337138 25.1172078093195 25.2082876832756 0.0106338541067092 -0.648901566257461 0.760797975420278 0.373079966470598 0.708475864671414 0.599060242180527 0.0416436771226862 -0.0536472054553381 0.285077997433178 0.703529482825148 -0.206506589107387 0.174318165647189
22.5139971115959 25.4889264481971 25.5581071986247 0.436974811089275 -0.807225746378978 0.396786453458309 0.400239173557138 0.569552944983383 0.717926132384634 0.378963622513058 -0.0846872274556299 0.637330133031699 0.345318406643283 -0.153730399348112 0.250318177683633
22.6091468355625 25.6419528253369 26.046095011765 0.733688486859055 -0.59329447506624 -0.331214062742663 0.626536230944163 0.402051353105447 0.667687758492555 0.593748080927069 -0.671322507752713 0.0677138221743536 0.245641717064066 -0.184772223661101 0.372991248813762
21.5525189135029 24.0821980497785 26.3686803314928 0.640227867467117 -0.435193161913018 -0.633020593229967 0.762919242505355 0.456536838629299 0.457742531687694 -4.60102317478748 -6.83322658413122 -1.09153934597659 0.0800088123604169 0.64678904352574 -0.267613864654123
22.9947921899666 25.5264911302441 26.8340379979176 0.619143009666262 0.119443803301685 -0.776141092828863 0.721605288718201 0.303323767189923 0.622318561157835 -0.0957321700466086 0.159364088030767 -0.217708976103425 0.471484719154566 -0.26866686290653 -0.393502615241945
23.4607496286487 25.6543380446947 27.0604605456347 0.127600952549323 0.549410585402458 -0.825751711201046 0.675015353109086 0.561888526445851 0.478158384106194 -0.543519686734087 0.0717942105622204 -0.358444749955195 0.461598277821742 0.0779551133805314 -0.288802171301176
23.9114869907886 25.821770633913 27.1024353864642 -0.452460478897856 0.822778368153406 -0.343969697886611 0.606478630791518 0.566676684016619 0.557728507143382 -0.479495935193474 0.0243254382158618 -0.454624916702826 0.623456831725789 0.0757565345699398 -0.0815483103998576
24.2832605224909 26.2260575932499 27.1257564987308 -0.683998355033044 0.702444198021681 0.196769611046194 0.700599533968997 0.557414768117674 0.445476097969871 -0.465621021089676 0.283718798276994 -0.0663398750657084 0.366045862284864 0.474142647668092 0.42422794772233
24.6261588436048 26.6004191406239 27.2079798781538 -0.856516104586073 0.197796686538201 0.476714289964348 0.482083059360664 0.636471482431267 0.602079610524656 -0.44754092179557 -0.113092902216292 0.200558625609591 0.415758639657862 0.0229483660334128 -0.161108140917139
24.6876840345682 27.066674549752 27.4159502042672 -0.664879782134331 -0.366974315700377 0.650587893979019 0.240005014883673 0.719847997637304 0.651318927382522 -0.111192270012713 -0.0841142010905116 0.161180177157484 0.493351063506987 -0.0085778003745169 -0.275894764088771
24.6259176031177 27.5677650190653 27.5971429562664 -0.10189700103009 -0.687468860597394 0.719029517953575 0.430909746251322 0.620960555649014 0.654770694260656 -0.469889720752455 -0.185845692921141 0.159732542365755 0.715973297379892 -0.223050672358994 -0.205413137842701
24.6166994322208 27.8649628420029 27.9953737129404 0.404799335378627 -0.840711738868708 0.359640307843332 0.440148567090999 0.523889787778683 0.729252091608355 0.22470601059422 0.0197952772757049 0.277349806641262 0.459420388809206 0.0623267201159331 0.190816390039434
24.7005938371609 27.9961580215117 28.421599186218 0.721449514959166 -0.676531762523836 -0.147699873044395 0.508075843780106 0.372235425709984 0.776723639794973 0.10880268476282 0.103287476546077 0.256172085887475 0.478106455037686 -0.061103365394826 -0.0787374119180927
24.9244849120763 28.0419130258519 28.845980764943 0.814570342804314 -0.292404153455128 -0.500973900598231 0.576922275117076 0.318615834433275 0.752093430817605 0.0287629416287529 0.225220468074752 0.0708996131183299 0.815720406637077 -0.0576199682232191 -0.263198586732415
25.2067961391796 27.9778449095723 29.2499429825067 0.656437696001683 0.264300503698507 -0.706565408582579 0.603484992413772 0.378019053272191 0.702073603237209 0.019636867284701 0.824379443928091 0.0209174041539145 0.255823640947011 -0.203353346432472 0.29209915702698
25.513269230525 28.1020472488943 29.5941620696323 0.0253502542611277 0.624681047874063 -0.780468342633985 0.444213910817341 0.692368257777295 0.568594829393464 -0.329874239072582 0.299372410201939 -0.225462305392924 -0.141546207326772 0.217191723299602 0.0169917421916124
