t = 100
b = 30 30 30
E = -0.500905621369444 -0.700469143910668 0.199563522541225
2.90968195966521 11.528340237096 22.7620268885024 0.639122149553869 0.599730634978357 -0.481503815368856 0.214030219793024 0.462637479357926 0.860324072783281 11.8640804208415 0.26311311236752 -6.53975649583253 -0.240821805271363 -0.557483913647045 -0.12117296556911
0.424091581033675 11.7485493187908 24.5796468939528 0.344864052767593 0.760592246472583 -0.550061915515087 0.611975609797128 0.262149630988462 0.746165740770652 -0.0625021844428268 0.699418527265735 -0.174449934075825 0.426965205519447 -0.23707706737602 -0.545976989467271
0.881041279141689 11.8244714697993 24.7804816974198 -0.423205589108377 0.895834146467394 -0.135565822287825 0.589738310168986 0.38595415296984 0.709399747090613 0.468668554851778 -0.0783204435615601 -0.252405547001504 0.192195371661132 0.228517167170304 -0.115201964672859
1.21258867596999 12.1552801741557 25.0977646920151 -0.819798701433536 0.564694361952802 0.0951327924441939 0.374330246252767 0.402718416330581 0.835281165680106 0.275972083417996 -0.311846239459875 0.311976552045051 0.17649311623397 0.33366493389445 0.10658867617476
1.27356032200452 12.6102949012523 25.3195012802905 -0.847383566679272 -0.166241439394655 0.504286385490446 0.28619560882949 0.656966934955742 0.697485775113091 0.141834746366901 0.326239668172575 0.918336884753817 0.17656796433102 -0.459593770780103 -0.0121144115288207
1.22031181110225 13.0367454148171 25.5225763948694 -0.430218636964276 -0.629011408920903 0.647500159502938 0.268129400786161 0.595863689018089 0.75700262431908 -0.309378447998108 0.26149185661526 0.530387566849348 0.666537302434384 -0.492189017225757 0.195564318255071
1.25699129574082 13.4272929209163 25.8049826134307 -0.104843218060627 -0.810597143924971 0.57614238790865 0.291927373982376 0.528727371824788 0.797010449793902 0.394242312185894 -0.180652306078163 0.106985537704191 0.239891930097991 -0.130187610144461 0.0427974371736563
1.26933670742235 13.7346465256135 26.204125599114 0.450681935707514 -0.876816815807915 0.167564749099492 0.409308964240023 0.369785460559656 0.83410117257164 0.429486821651305 0.204029008814761 0.516329699488482 0.335936461685665 0.560779959838859 -0.216214419866136
1.19349992642358 13.7759915437927 26.6240659223772 0.843564450667579 -0.519245865745921 -0.137049732824566 0.276755845984891 0.201631989007186 0.939548102486166 0.462361649077035 0.134972789886864 0.517567709561358 0.623518338015523 0.0614050163056136 -0.0189899256146253
1.32580324523485 13.6605576523402 27.0756056491488 0.858366765840867 -0.13875630418804 -0.493916051056354 0.511247262800412 0.151012227364272 0.846062313191622 0.403641169909363 1.00459044142976 0.139545136526634 0.821198724793063 0.14175107560698 0.055419547508693
1.61235128789571 13.5279625963821 27.3766323814956 0.608381677637364 0.598901020556074 -0.520758276768653 0.54668305727436 0.159429763832106 0.822021702251782 0.228354736584852 0.0997642401107023 0.162677417585718 0.612765897461662 -0.300974890838704 0.0664606538088919
1.96737812313997 13.6116426143201 27.6436738653225 0.157414992511095 0.866691493057944 -0.473356374364046 0.613118751556833 0.289985876314337 0.73484248428985 0.434833833336321 0.367120535017789 -0.219676841325763 0.472233757893859 -0.216590422465914 -0.183402487697838
2.38435595364092 13.7886943268365 27.7850687442243 -0.433719777925635 0.875337974997199 -0.213706491750213 0.456545231921377 0.417964642145059 0.785411923764704 -0.137878847980421 0.355416861332277 0.312335928552158 0.294747744413315 0.0165623488381573 0.327035799287697
2.61720736596216 14.1334050019259 27.9286046681254 -0.858887541368205 0.477922929810623 0.184124267347459 0.435684190104082 0.492796687642656 0.753213510326142 0.0863689342246464 0.38781696805252 -0.307014689511233 0.410137817273765 -0.0543146781314358 -0.175412891758123
2.7349341075525 14.5434522704923 28.1428866628383 -0.88249396151522 0.0860270821357118 0.46238904658902 0.397107019252806 0.663077280546642 0.634534807779121 -0.374700241047269 -0.169285636533281 0.0965462853616474 0.411462997451137 0.303603274241821 0.0961160256852307
2.8965618242266 15.0255948559232 28.3476873878913 -0.706057008521695 -0.405341876755292 0.580673184721384 0.308442479306407 0.562087300101886 0.767411875565068 0.0782440224834482 -0.31016173376401 0.194377445330051 0.368547686811025 -0.110455804181806 -0.291009188870068
2.78730545988572 15.3369743353217 28.7241275627214 -0.208940487119623 -0.838833732496575 0.502694464172487 0.200598447094445 0.466346321831401 0.86155746003293 -0.277149413725225 0.274113146362382 0.175973728368187 0.733442458096007 0.546621258316165 -0.117426472430343
2.51924327693885 15.453251909498 29.1075012527548 0.626875352395282 -0.692739370801467 0.356566037094118 0.0404247317487737 0.48595557453924 0.873048059680223 -0.000298470041172984 -0.217044452237576 0.232306807985523 0.536152115251106 0.115979389035307 0.379973221781443
2.59323798316791 15.4569608861212 29.6284527897999 0.82967616370034 -0.521336089957693 -0.199614693236445 0.409682397369254 0.325727533357943 0.852092595109609 0.237803618604654 -0.182550868234698 -0.0230435112101623 0.547044607860329 -0.13067560593845 0.0195735565038407
2.82314755425431 15.4474146670372 30.0913216086295 0.821903931780307 -0.0778039790280091 -0.564287469790442 0.568300831358146 0.179534203350912 0.802995346643637 -0.00908123641677069 0.243817139612802 -0.531236422317476 0.764590456475997 0.152696765192126 -0.297067887374517
3.11141088746604 15.2860368932453 30.4124895546388 0.569158669649956 0.545277100637252 -0.615411385455452 0.569554387279346 0.278359217680754 0.773384661427959 0.0882331258505686 0.0835510105627085 -0.541773353298117 0.68220525963071 0.0453933371985756 0.270636899640564
3.43365053983109 15.3967207323693 30.7313685975467 0.139164800507919 0.648067114804809 -0.748760346869335 0.652945769714431 0.5084179526028 0.561402616460677 -0.0437603870856361 0.529948685232538 0.395287866733992 0.409263830911407 0.0321166628918057 -0.365473772774504
3.84135971581225 15.5081669070859 30.8258054197464 -0.458129296934005 0.819075046947815 -0.345302035606616 0.497263717402476 0.558152894521469 0.664224378978185 0.0361811993960303 -0.196028904620072 -0.329019594218578 0.48132064200597 0.0884488983897775 -0.127757611746366
4.14340497425002 15.8416068489691 30.9409562829916 -0.855573564483306 0.503180071812565 0.121669930509026 0.405706623145162 0.505745086614372 0.761330364716942 -0.286397216723256 -0.478702458625323 -0.352979657302771 0.304322924973339 -0.0837721880187627 0.045378938496145
4.34218355995277 16.1906472078317 31.0856300813522 -0.850970399088215 -0.011028285462899 0.525097741479629 0.465006360414316 0.448971477641701 0.763016105940506 -0.121122055810403 0.0485291918098168 -0.448669890028175 0.361297178025865 -0.155637746623386 -0.0648275032085945
4.44182746222434 16.6527984500559 31.2131908701755 -0.390937533376661 -0.534961755528865 0.748988417738819 0.485877678487258 0.571181464175883 0.661569722234382 0.0569992165522731 -0.419582669893922 -0.658883808110657 0.156214996895404 -0.348454572245753 0.438643727343357
4.36962393723313 16.9903386113345 31.5504025346293 0.203036246094907 -0.826616924919192 0.524862488511959 0.392490687054588 0.559785689519754 0.72978827286654 -0.637162333982012 -0.507546293716647 0.0564133601476966 -0.154744801125866 -0.416740717127561 0.747627197605776
27.9102521869178 12.0368480324881 9.8256774671821 0.554800315470999 -0.721603240741415 0.414107782813115 0.20841213930572 0.60240534779363 0.770501176972586 0.694872183909131 -0.367693799832202 -0.259704449454587 0.301863198803689 -0.13472517956468 -0.40590847389605
27.859489434991 12.1066425209233 10.2939401465263 0.926489108933738 -0.340973050857072 -0.159233132967621 0.344685031084307 0.599075263453378 0.72270390965266 -0.760417720673498 -0.799123873497488 -0.471205942983844 0.353038933441702 0.533465593273138 0.146115738217871
28.1365121864027 12.2381700774812 10.5773206650141 0.818496445956287 -0.0733639973812476 -0.569808014601662 0.49172675996207 0.602360198448795 0.628782050971136 -0.395996985862039 0.0924499824231819 -0.20343626907211 0.095407448288075 0.514031194509452 -0.0350489633074321
28.4993503796669 12.4122060466857 10.8665768881461 0.387571085869236 0.382672242191451 -0.838659936599966 0.491249236898612 0.684087756339649 0.53916417832448 -0.228999497947557 -0.446907086705296 0.0851066054804188 0.561889775711122 0.286036556624147 -0.211278976084458
28.8822575682852 12.411340384386 11.0460405136268 -0.238036026933869 0.851873107406112 -0.46653075336443 0.447642196209167 0.522502413901657 0.725677320335205 -0.076003101799802 0.160585611390093 -0.458161075950344 0.143158939731669 -0.189698430573597 0.673268384188176
28.9257799745528 13.0169596574251 11.2240974355385 -0.824626596545643 0.465293182811488 -0.32170345898484 0.328419145150594 0.856841871573133 0.397445288449217 -0.772989644976288 0.864455123184395 -0.0640767410073018 0.280434487012672 0.636722829975064 0.449222281414369
26.9600804471191 13.735862822606 12.8076586549811 -0.980881673570932 0.18653688707822 -0.0554527998733826 0.100532738365581 0.72969798068299 0.676338603555445 -10.5722897127502 1.15698046086419 6.09090355308622 -0.03097500872252 0.785572829271196 0.0301345388324943
28.6432974062884 14.9560835811117 10.6820896867549 -0.700575493301644 -0.0412244431078726 0.712386416505776 0.529107628561769 0.639838315585969 0.557361578147344 -3.67416768041629 5.40756923693742 -1.97111809523973 -0.204552683991889 -0.395767121190223 0.194984743621678
29.4687516438253 14.3929008436197 11.471453847063 -0.706552420966743 -0.459939886313283 0.537809321807189 0.27991719520945 0.516354604623095 0.809335633333725 -0.168849200557417 -0.145820514118237 -0.132658552614355 -0.00162354940775136 0.589951635790902 -0.650915169719448
29.3091724244797 14.6488087152984 11.719623113695 0.234338619500556 -0.659067980933878 0.714643050382481 0.193117521347405 0.752021080771625 0.63021409115921 -0.682140744795542 0.480414306244003 0.347894821212316 0.204320895584076 0.239995749619424 0.300873562238283
29.3661210644459 14.8482368052916 12.2239154566559 0.605696397606866 -0.715654912809109 0.347807131360343 0.375824707703812 0.642586696485473 0.667711020913997 0.426463471279592 0.183609457913341 0.3660823217835 0.430935578237845 -0.154561318990192 -0.207768042065105
29.4097974895503 14.9909518914653 12.6519769992036 0.863425365856613 -0.502158051785236 -0.0483095388755455 0.350837143938905 0.528895713578398 0.772775846488743 0.0328295481884769 0.212326373914832 0.400915955490306 0.413612083370965 0.223851739762962 -0.231475538973098
29.4457785228886 15.0722822190568 13.1471944515404 0.864236801912699 -0.0589338275860512 -0.499621293168244 0.418391984818681 0.635670348820629 0.648745895015188 0.322356776747851 -0.207896890852775 -0.307998375759762 0.232553877309826 0.157108360461203 0.0233145936409939
29.878102928314 15.1590212095255 13.4557828701816 0.268670047117986 0.53047967858838 -0.803994776766614 0.37945112737557 0.708901783467617 0.59453762214083 0.543561226518477 0.0247125828345598 -0.441388820902552 0.296397349535654 -0.249722042790176 -0.276311309327672
30.2454435479966 15.29498117922 13.6423356608535 -0.0683677193175047 0.728631821862539 -0.681484705726741 0.376597972611134 0.651394913306362 0.658679371766011 -0.393472093884967 0.0302097181728484 -0.410433521233839 0.488316119181945 0.205671037119658 0.118467841120525
30.6455274429993 15.4877111756837 13.7711180537852 -0.619804487666476 0.703574645814168 -0.347598900522478 0.481786309264805 0.690791398194459 0.539155895610796 -0.0677295001278811 -0.037598890026264 0.0941548705836339 0.5237571175049 -0.16484008109612 -0.108185124438566
30.9456436509401 15.8803804026118 13.8407492665669 -0.908344913358738 0.406194538451237 0.0995760821835934 0.413159834985178 0.834613424073795 0.36430656664953 -0.300044760540266 0.0870054850545929 0.674042986813215 0.355062590366107 0.123089852333499 0.274630848887567
31.067010896575 16.3629672693865 13.8951768700417 -0.838147691023296 -0.0855717307509476 0.538688971315381 0.228815963665284 0.841350610879202 0.489665489387973 -0.333757801290087 -0.103246909230011 0.40823287458711 0.504263149046215 -0.0702002986684254 -0.177715444143557
30.9211297780416 16.8007191101671 14.146626403776 -0.415372859589876 -0.525323150432697 0.742631036455821 0.148234414676262 0.766388496870047 0.625040091484386 0.183330970524605 -0.077451642729094 0.740438292029252 0.574189177108745 0.114018431878795 0.314630199561461
30.7302597095963 17.0970898132866 14.3965778673612 0.411307471371931 -0.628480060745629 0.660180935015004 0.279863567131407 0.776372832022324 0.564731343817925 -0.140058576952425 -0.209263851374758 0.724909945688147 0.328514708735905 -0.142080766964684 0.843260504731627
27.96978341027 17.8865489621457 15.9236077655412 0.479823375330483 -0.719230840685981 0.50247030982838 0.284920834817156 0.669399937771981 0.686093086246999 -10.1633163404088 1.98805833920594 5.69553232224929 0.158705704100657 0.302351122501388 -0.521458972060333
30.4425713072946 18.1335616064044 15.2733009011603 0.644381257350148 -0.737993939571386 -0.200343767112276 0.656045121319615 0.398898660386378 0.640690674656459 -0.356580221767315 0.767250652660663 0.316377473599187 0.250986991331332 1.46058670691927 -0.456458617474872
30.8840473588664 17.8444133172604 15.5774804287369 0.855857549660258 0.0386369277573239 -0.515766345670364 0.449526638497397 0.437625132006003 0.778723274023056 -0.285650846216672 0.212311338615963 -0.32723587454507 0.73568521315066 -0.232163022901589 -0.426762912389068
31.3020360199706 17.9387240946068 15.8545900397283 0.622642159680368 0.136054540592242 -0.770587954487001 0.491554319176505 0.698211671463984 0.520456237424215 0.09080761533876 0.870621523183267 -0.0789059324356161 0.62786798782422 0.440205861070789 -0.204201348142486
31.6807266239882 17.9553182615664 16.0890273225023 -0.0143279007283418 0.804124407942534 -0.594288253920095 0.393753762281408 0.550862561394316 0.735872471324196 0.365221980715939 0.116715018912463 0.26956415933609 0.149274286138199 -0.34646955931302 -0.0851814566798062
31.9866012443428 18.2671161257705 16.3513618108834 -0.557738823465453 0.705451536563616 -0.437339017592692 0.338474886714425 0.674411146831633 0.656204417097553 0.0473449113880538 0.139312059978319 0.321800926809067 0.215680243571481 -0.208673706577839 -0.390288866516093
32.2577403939821 18.6221839818788 16.3342679459923 -0.903906637665145 0.379241938376281 0.197808554699998 0.421234871918413 0.7089848941901 0.565598341437532 -0.228542094913433 0.388653969244462 0.332244215623366 0.175250080356385 0.155909342102036 0.505662904896151
2.78693949834314 25.8696793639728 27.3259675106086 0.648893569784738 0.355237147420188 -0.672862234827393 0.478050898965472 0.497643912205722 0.723752554601503 0.239116817971722 -0.00662507811542932 -0.373616316713714 0.331961417357283 -0.236211432770508 0.0852209324831311
3.18079792554733 26.1007707709596 27.6053972612009 0.168700567182736 0.516878180719596 -0.839271675767818 0.542768443161221 0.662036848350736 0.516826385017872 0.0386013804172855 -0.00332375011814081 0.025607747757417 0.603237838042025 0.398735482083846 -0.0744248203909786
3.57094504168801 26.3046549825403 27.7476053620255 -0.304544765804522 0.68902336672714 -0.657646688630593 0.598421439249031 0.675573908436117 0.430687319258225 -0.0821907841296547 0.112963905212615 -0.0603871631291793 0.552067689412168 0.211143033808093 -0.0299985694853504
3.94497110253614 26.5801284284202 27.7432125763363 -0.754118932450582 0.656726093989105 0.00391854985760476 0.533223795465352 0.608796275487346 0.58740051156769 -0.30873986237116 0.0694063480276648 -0.243934327985469 0.42340724303888 -0.57678318170512 0.0508911619786934
4.21109172390113 26.9677165502772 27.7887252465813 -0.824763763584173 0.14459962662994 0.546676842338256 0.502789915525212 0.629937859044745 0.591929451376311 -0.492752153489222 -0.214057442343374 -0.31879645530893 0.451847796371077 -0.170408551647173 0.286335738916667
4.288640189091 27.3895891631744 27.9729453191206 -0.669491011999019 -0.254260465484811 0.697949340466634 0.211134099901832 0.835705599868702 0.506969853428588 -0.0859508834560589 -0.413363336351267 0.19028633947747 0.296732873141543 0.13058201994408 0.100522914013268
4.21731493817762 27.8318375060489 28.1629030716179 -0.33293140731972 -0.581475120989625 0.742322870049751 0.228261084253283 0.714122181535194 0.661759979925849 -0.129196344459491 0.0463448930536863 0.0537530211360596 0.61816265283675 0.0495039352839328 -0.194952955735007
4.15199790684345 28.2737814193662 28.4678010346293 0.110356337113892 -0.826475286763679 0.552050689387178 0.290648959894247 0.557998265166381 0.777277943347369 0.440445476133391 0.0744612333040694 0.0825459179651792 0.593018841812503 0.37328649064708 -0.0329391763029541
4.02519430651564 28.3232736274922 28.8885246927626 0.807678043486941 -0.560753725656409 0.18223972718103 0.160433016483079 0.506420631715066 0.847230360747855 0.521343100831093 -0.459318618961857 -0.100783096056239 0.340486238178566 -0.568066262445604 -0.211945190638096
4.06342822063386 28.4442381364189 29.3736842304592 0.931994822712957 -0.146977818409873 -0.331335257925119 0.347491594876329 0.622365414971769 0.701363502724464 0.63453387066323 -0.313373559418677 0.15943140989719 0.666107453164736 0.243258933537692 0.408059607184592
4.3560596237015 28.4939809584515 29.7301711351066 0.640318983020272 0.307656234229275 -0.703803327927475 0.549311047878959 0.457041134137505 0.699550329418158 0.322845011292495 -0.00268065066161492 -0.267272868812813 0.449325765329742 0.0238094694319377 0.13139436114198
4.80527690650044 28.6172570388954 29.9825978966519 0.104587903796042 0.697160284650988 -0.70924522731596 0.537897532382012 0.560188796915778 0.629964000171407 0.719594632544452 0.444707203706704 -0.235555384964472 0.604222708148522 -0.0575592441435428 0.740492121991043
7.38436363575834 27.5977238345765 28.6745510541523 -0.306796391633215 0.839991626863593 -0.44753762082101 0.367692785121268 0.538310245590854 0.758303353858411 9.61058570636487 -4.41321705145591 -6.54827530989257 -0.117940538454166 -0.298600010056637 0.0074408790930067
5.3762662745589 29.1161830097858 30.1482533840211 -0.69920426649349 0.596603690678942 -0.393925519423486 0.328044051035153 0.757309539898432 0.564685082973918 -0.521832047396943 0.0745572183900727 -0.190817037646503 0.158893372335318 -0.00257332907591291 -0.490569204125897
5.57378753276843 29.5976126655481 30.2582354437689 -0.955078539958778 0.258034046734294 0.145750799093929 0.296279669603644 0.820471329641937 0.488922326955916 -0.000403347081860902 -0.203036098659631 -0.183179138191845 0.539337071266151 0.293825469805746 -0.282833293401874
5.56211965453876 30.0812437563969 30.3658412100362 -0.719174464377996 -0.196583639018096 0.666440427532075 0.225416030473655 0.84125561582567 0.491402576594833 -0.299800744030024 0.288235060264679 0.0356299257849228 0.534530354861899 0.394043082243175 0.30258743388719
5.48976912812196 30.5490466209715 30.6144563970022 -0.20704062332004 -0.57242285686474 0.793389018179751 -0.00791732770499387 0.8119144311158 0.583722685126701 -0.395877626735145 -0.269842726695675 -0.054616285205255 0.600916580758061 -0.129294581532165 -0.0313900195036626
5.45406205385101 30.7990054505862 31.0452811231945 0.129994849925381 -0.748407887170667 0.650374398708674 0.0459033439668828 0.659779603093447 0.750055766395686 0.0963173626854116 -0.151870063225305 -0.353326315080081 0.596293742666074 0.297420895322913 -0.299120203561755
5.28991601550406 31.0335966720657 31.4346216967529 0.785617730147118 -0.562696389016756 0.257249755467137 0.274462076501577 0.68958410571529 0.670182222125974 -0.204127897110411 -0.462206535607273 -0.400626082381713 0.520419886849015 -0.00427624922230137 -0.178075920171503
5.51772605933596 31.2006623743 31.8823190085366 0.864044050444491 -0.409753468532776 -0.292454878496635 0.468138301724169 0.44035801830628 0.766114373765225 0.529374464735315 0.338999442508897 -0.0638473016177932 0.172385765929293 0.331691889935729 -0.13782312809752
5.70876283139985 31.1998821735996 32.3432649864183 0.722790607534078 0.245728091939413 -0.645903493899468 0.358421083139834 0.665814022238504 0.654389712454887 -0.334549897791037 -0.00597950578773707 -0.183929035643186 0.577633285064125 0.0900429842294631 0.102677431445243
6.14445537435623 31.2321968169849 32.5862947652831 0.0964583071344968 0.77901578346446 -0.619540226317089 0.487481217983898 0.505704816022782 0.711775656524718 -0.185606116305338 0.154303092061131 -0.295382509708546 0.438532537769315 -0.483297274235692 0.203424148863904
6.60968083058259 31.3650499251186 32.7319538423113 -0.445831748123772 0.839003020926194 -0.311942097417689 0.589992118723443 0.537515522326225 0.60248340168302 0.390524038430522 0.220641999314099 -0.181102433648028 0.450227777132566 -0.476630455454184 0.656614670612034
6.92571308419771 31.7012348321629 32.9552474419525 -0.741049507764151 0.65680936514721 -0.139452377958143 0.535627556981987 0.703500692701677 0.46710789240653 0.066189284697125 0.0305641688176826 0.174759204147105 0.150914512760829 -0.140107154779262 0.156754871025581
7.16006093964555 32.052556424761 33.1507843429551 -0.962229921167685 0.173616057098445 0.209692451795056 0.269923042862135 0.708664091276753 0.6518716419781 0.0113277588644933 0.619042908251815 0.3667170476659 0.14673904182468 0.162048642337078 0.13306458892513
20.4190939924701 27.6168998770569 4.47849989836964 0.199250503311794 -0.422078861353229 0.884391640909517 0.246324041583573 0.895083354803237 0.371685535606498 0.238364008884552 -0.372883441474198 0.454377008689693 0.243288116891269 -0.485512104038414 -0.871447046637887
20.5003684369957 28.0481901360779 4.83727911520567 0.815798110809468 -0.490747614770729 0.306006709284887 0.323769978229356 0.825968412548595 0.46146404445762 0.0313356847820238 -0.367786900945144 0.174674152894902 0.216470004128733 0.321949166690974 -0.216157606775686
20.7520568410137 28.2358578581053 5.21258820009963 0.871094322521428 -0.198692713369374 -0.449127785548176 0.445667465209274 0.704029003693787 0.552922740475724 0.0938641854418955 0.0687500096142563 -0.0860605304216026 0.153358693618892 -0.090820770477058 -0.0220663057249231
21.1262900616291 28.4868463141706 5.48258009398947 0.55637357331713 0.0564616557666988 -0.829011706470635 0.525298077310015 0.749131506567984 0.403563870561548 -0.368056526362789 -0.186748224550105 -0.307826090928781 0.453423344557913 0.526873841694256 0.042307252373439
21.576015974783 28.644099396361 5.61284996874609 -0.0423829354629678 0.436107980703566 -0.898895654138405 0.607752370289439 0.725355931836799 0.323257967732124 -0.0917902471719251 0.311010409388179 -0.164686759558184 0.601963857371032 -0.219235042587805 -0.0904072685494999
22.0383738339037 28.8531126404503 5.71054896020357 -0.497214030765024 0.591765245414703 -0.634501365465826 0.635736540366524 0.746154889170927 0.197716521125841 -0.413790691907169 0.0553037199491977 -0.0914610650967499 0.531450819611573 -0.0364316785100062 -0.0162087432559081
22.3631257556693 29.1870599170624 5.63135041060881 -0.818667940888611 0.549782432708948 -0.1658974401125 0.510471113086516 0.829027670095303 0.228324877421649 -0.676877459397605 0.13902805654271 -0.253975945333911 0.715689737793184 0.125452684605526 -0.256821733795358
22.4455244710239 29.55548105032 5.42429155388993 -0.652155578151334 0.435541460238495 0.620480958691265 0.643196908315428 0.751103214794861 0.148800471688857 -0.615731707494572 -0.100736668609273 0.272227471530666 0.52452665266048 -0.0559938037202653 0.472346166292906
22.4876654336797 30.0108403024289 5.43987038716854 -0.42249569535661 0.0200689736751737 0.906142651378746 0.502479564901611 0.837239278094468 0.215741880853849 -0.0820719346073006 -0.243423354885292 -0.272477732049381 0.448793743853971 0.133863724763904 0.172772970574371
22.3437505212275 30.4417755328978 5.65670744615784 -0.0623363355283002 -0.345998265877205 0.936161985353764 0.302976326002768 0.887162620604301 0.348062801879919 0.0900586930826776 -0.335610376016314 0.334646290254006 0.357100301151507 0.0938352548836439 -0.0016083087252764
22.4171042259213 30.8354502430959 6.00022203228328 0.218041409373032 -0.707177641415266 0.672575359881848 0.406613855171674 0.692320335610487 0.596118787861059 0.66860478764798 -0.242452246088271 0.635984303508121 0.413582137472083 0.451958387712813 -0.330274939121188
22.3780783196709 31.0129076641805 6.44053451888567 0.818832973966975 -0.570809935518143 0.0607326859179155 0.432675765340666 0.683258295545685 0.588174863224873 0.456372939571187 0.064613274677857 0.489156257997858 0.620679054042774 0.185342446772029 0.323726160554998
23.1341419001786 29.7731158829084 7.10556701895862 0.902569474350424 -0.364728686539533 -0.22878202906613 0.428026817320002 0.702749578353931 0.568274545186215 2.6033867435567 -6.16922800527779 1.26028800769653 0.364001036169389 -0.188284336039777 -0.570543361534971
22.9243482089811 31.208149591742 7.19488842888679 0.481619017100964 -0.118208045464389 -0.8683719604643 0.593123733855038 0.773415983208604 0.223677970283375 0.00899108094895436 -0.649611064556878 -0.0960554196103239 0.128558898762704 -0.0431676005691507 -0.38403852936047
23.3962092754032 31.4886435074756 7.2614645246402 -0.0684350149999788 0.41184397108537 -0.908680952659521 0.532116413483857 0.78551297419617 0.315945203846985 0.714080525347294 -0.432172016679781 -0.00131716252518001 0.329873317977088 0.202312116947305 0.199403670497207
23.7043402614696 31.9327305060392 7.3197588377657 -0.441600713244723 0.439105839415582 -0.782415973490371 0.430283618136321 0.868874085974917 0.244772776993467 -0.0592334986337595 0.0369806267965928 0.0418390991728881 0.326131890546862 0.269908328207581 -0.384235851043885
24.0651771663543 32.2265380553975 7.22862378404426 -0.844487105327158 0.521387315298288 -0.122460921007646 0.440558731065172 0.806283043047472 0.394734771420522 -0.050483399189824 0.325297800245847 -0.454171337969884 0.455407114313591 0.386238952392585 0.18332461022325
24.2190365168335 32.746771740336 7.17492230291091 -0.892431001813624 0.16788090634159 0.418787283938914 0.297617497329264 0.916660137187829 0.266754388705619 -0.467875806631798 0.083869265616124 0.453174283681564 0.23980368739671 -0.202638958376609 -0.0920230566334364
24.2721341586196 33.2151728584935 7.19577247723308 -0.607865241415159 -0.174579143400461 0.774610774380637 0.36212513828084 0.807225891199486 0.466102591419814 -0.545610812191847 -0.0527295136350528 0.648585089086457 0.608397604184543 0.16727143615741 -0.0282763602238759
24.1681527097197 33.6705648570505 7.3063969698078 0.0918845261780034 -0.42620167392225 0.899949581573059 0.258517554728715 0.882994354061072 0.391777398668371 -0.395438659766199 -0.922616722307097 0.624556318627332 0.589476912369461 0.0307388600835385 0.0511482214396369
24.093096606301 34.0307298344242 7.51337291797321 0.440916538767406 -0.504298186675889 0.742479512964947 0.377296249610998 0.854731213444262 0.356485586908281 0.599034980302426 -0.406167616724016 0.232185953514039 0.48314977755936 -0.305450896874399 -0.237642631510728
24.0613755165744 34.3886404617611 7.85319160236804 0.856560712935057 -0.457889965560173 0.237992449293287 0.384839524290323 0.874044473390717 0.296554684512933 0.410883713534061 0.205579532351435 -0.0764617829790931 0.302992967827085 0.134465642998213 0.267185357076915
24.1966433425284 34.6042734824211 8.27421920649281 0.890960084078789 -0.108467625281428 -0.440936259089922 0.355105218837641 0.771635080173618 0.527711539188453 0.0988783852867636 0.493580236465132 0.114289656352245 0.0366362100224596 -0.257377724529614 0.113177486765315
24.5308800979827 34.7657843180113 8.62486816107603 0.476235493071393 0.372681826624075 -0.796434490300325 0.275046033497744 0.797156418519529 0.537486004534543 -0.010521175612015 0.617150456873116 0.118347866476088 -0.0237113442278439 -0.432765772223204 0.530730416654345
24.8310320808103 35.2085709802985 8.81307190832434 -0.052090307219667 0.249166397725374 -0.967058729825195 0.237757176940228 0.943622555334418 0.230321263398368 -0.342821179162678 0.823047548160352 -0.231303557170974 -0.362202473148246 0.482316236089366 0.33660022991909
