
#id1 id2 FENE BEXC STCK NEXC HB CRSTCK CXSTCK total, t = 100
0 1 0.678183 0 -0.0479819 0 0 0 0 0.630201
1 2 0.0169482 0 -0.844183 0 0 0 0 -0.827235
2 3 0.102978 0 -1.30962 0 0 0 0 -1.20664
3 4 0.237376 0 -1.20258 0 0 0 0 -0.965204
4 5 0.0351036 0 -1.32749 0 0 0 0 -1.29239
5 6 0.0106201 0 -1.00922 0 0 0 0 -0.998598
6 7 0.178515 0 -0 0 0 0 0 0.178515
7 8 0.410214 0 -0.0629808 0 0 0 0 0.347233
8 9 0.00771429 0 -0.361387 0 0 0 0 -0.353672
9 10 0.121947 0 -0.919433 0 0 0 0 -0.797486
10 11 0.116116 0 -1.2286 0 0 0 0 -1.11248
11 12 0.0919043 0 -1.35396 0 0 0 0 -1.26205
12 13 0.167573 0 -1.39566 0 0 0 0 -1.22808
13 14 0.138601 0 -1.13769 0 0 0 0 -0.99909
14 15 0.0150625 0 -1.4429 0 0 0 0 -1.42784
15 16 0.0568118 0 -1.18635 0 0 0 0 -1.12953
16 17 0.110361 0 -1.37321 0 0 0 0 -1.26285
17 18 0.483964 0 -1.41032 0 0 0 0 -0.92636
18 19 0.414432 0 -1.2873 0 0 0 0 -0.872868
19 20 0.446615 0 -1.3165 0 0 0 0 -0.869884
20 21 0.119243 0 -1.03255 0 0 0 0 -0.913311
21 22 0.130931 0 -1.32335 0 0 0 0 -1.19241
22 23 0.0374652 0 -1.20379 0 0 0 0 -1.16632
23 24 0.0389787 0 -1.34862 0 0 0 0 -1.30964
24 25 0.210734 0 -1.41129 0 0 0 0 -1.20056
25 26 0.00578249 0 -1.21991 0 0 0 0 -1.21413
27 28 0.11016 0 -1.16196 0 0 0 0 -1.0518
28 29 0.234159 0 -1.31572 0 0 0 0 -1.08157
29 30 0.186247 0 -1.42098 0 0 0 0 -1.23473
30 31 0.0309477 0 -1.34765 0 0 0 0 -1.3167
31 32 0.0651271 0 -0.853727 0 0 0 0 -0.7886
32 33 0.0134049 0 -0.0877752 0 0 0 0 -0.0743703
33 34 0.297548 0 -0 0 0 0 0 0.297548
34 35 0.0836083 0 -1.23643 0 0 0 0 -1.15282
35 36 0.0153907 0 -0.914407 0 0 0 0 -0.899016
36 37 0.111257 0 -1.0242 0 0 0 0 -0.912938
37 38 0.251962 0 -1.32104 0 0 0 0 -1.06908
38 39 0.0587354 0 -0.942804 0 0 0 0 -0.884069
39 40 0.000274322 0 -0.279363 0 0 0 0 -0.279089
39 41 0 0 0 0 0 -0 -0.000972254 -0.000972254
40 41 0.224184 0 -0 0 0 0 0 0.224184
41 42 0.0419692 0 -1.41409 0 0 0 0 -1.37212
42 43 0.142547 0 -1.02655 0 0 0 0 -0.884
43 44 0.0652653 0 -1.35657 0 0 0 0 -1.2913
44 45 0.0918548 0 -1.26175 0 0 0 0 -1.16989
45 46 0.510847 0 -1.26399 0 0 0 0 -0.75314
46 47 0.0745485 0 -1.28322 0 0 0 0 -1.20867
47 48 0.0287795 0 -1.36646 0 0 0 0 -1.33768
48 49 0.13714 0 -1.0961 0 0 0 0 -0.958957
49 50 0.178675 0 -1.40531 0 0 0 0 -1.22663
50 51 0.064573 0 -1.11019 0 0 0 0 -1.04562
51 52 0.273978 0 -1.33606 0 0 0 0 -1.06208
52 53 0.0205499 0 -1.40845 0 0 0 0 -1.3879
#Total energy per particle is  -0.875828 and should be -0.87582810

