t = 100
b = 30 30 30
E = -0.666647494161727 -0.875828110488899 0.209180616327172
24.1978877427688 8.98574941356609 29.0456413960218 0.655411762324758 -0.0970601850066647 -0.749009096424521 0.736828026891268 0.299992974417346 0.605878333807984 -1.71574004260897 -0.322697303899387 -0.528986543803025 0.187088989718584 0.292028951931118 0.420364553391938
25.0480545524628 8.91499694326651 29.2163792640301 0.480350217568749 0.592953048821776 -0.646274120245612 0.73554841737395 0.129014282230957 0.665074227533267 -0.545454480389779 -0.0325277664089011 -0.919787964044176 0.604220207982722 -0.376789377917171 0.147394829594283
25.6514175710411 8.88615854981021 29.4116844230865 0.0886521957388168 0.84759244955448 -0.523189936657354 0.784514099281076 0.264230771936094 0.560998761967126 -0.671131757104145 0.314916573476639 -0.287746401399275 0.683653446193807 0.0434404926435474 0.366461710957889
26.1382108033423 8.95431888509301 29.4221475853451 -0.314829446042283 0.948398618125328 -0.0377142393530021 0.883636119620728 0.307374019834542 0.353140643157507 -0.637379260877019 -0.147105821960924 -0.410262629613958 0.468168853545001 -0.330325983164083 0.21557170195395
26.5752144052194 9.15245817035938 29.5412176513704 -0.632591131823673 0.703636787961743 0.323610277360616 0.750129942344018 0.452685899704302 0.482058533918233 -0.500960936084576 -0.239749872155755 -0.0909128599714719 0.446741416584382 0.202759622751589 0.299605529057033
26.8889784222714 9.54883677021606 29.6724199236932 -0.757468356752534 0.181830935500596 0.62703993524686 0.603486664581761 0.561436986228025 0.566208655627656 -0.732983457603837 0.392957170727915 -0.133709666720512 0.467701142471979 0.422530474654905 -0.12519819576039
26.8773019675109 10.0558577460024 29.8951372607359 -0.497850403685292 -0.426216683012757 0.755304042529798 0.505355006014129 0.565204443789849 0.652043053158503 -0.569719687639302 0.284634823539887 0.199922125969779 0.807854933740703 0.442128851811582 0.792950409177453
26.3910506957366 10.4659714395731 30.0669145066707 -0.0437891283435427 -0.657453879320102 0.752221237403979 0.592757524184449 0.588992822642353 0.54929578142724 -2.78152091168152 -0.344867689069867 -0.558120442367548 0.344575375877603 -0.554797930465621 -0.0781546024580395
26.9638737861293 10.6191414163233 30.5645422002024 0.355655518664554 -0.930291600912193 0.0898140970952535 0.555054843837763 0.287555895398277 0.780529059843199 -1.02607081361054 -0.606966035267314 -0.476410314141554 0.344529831910988 -0.397722273212569 -0.216318860839652
27.1971044321674 10.55059414 31.1617564651073 0.726083280094283 -0.664256959561177 -0.177667224988244 0.616301755275142 0.514108447931301 0.596543822104976 -0.109667420017816 -0.307451481138765 -0.261359730207386 0.0894491906389368 -0.109439884840156 0.315935877383263
27.576512663422 10.7571388799148 31.5116058932307 0.684436950639425 -0.368791527352506 -0.628918716699692 0.725045315909745 0.434838270867375 0.534064462227379 -0.054116171427059 0.156403431629125 -0.391612987244272 0.135285318062258 0.416118010725815 -0.321847112495172
27.9267395308613 10.6700151132399 31.8385579787324 0.522054605485648 0.267318501717663 -0.80993807697497 0.80095344139082 0.172724854749947 0.573270962632939 -0.102066177385507 0.564547545956125 -0.424580411490897 0.378076121059005 0.287041015067492 -0.169133225908896
28.4071096738805 10.5753470782706 31.9340790985851 0.213402815910474 0.803637390194906 -0.5555412352225 0.814367949001637 0.167798157057231 0.555561436115158 -0.331940269210677 0.504930594404559 0.143335214976153 0.784032059753925 -0.165960556500123 0.113999301782585
28.8622766233688 10.5458542995721 31.9560189630679 -0.162078448815653 0.984608990442958 0.0653880335600483 0.874855895238629 0.112727042384556 0.471083499630453 0.1446750225853 0.103822176247027 -0.549762916522201 0.382934562682855 0.0527041590849875 0.531162388183092
29.2935923646943 10.7454803983325 32.1195388055017 -0.565436204595099 0.805761701563671 0.176152949307728 0.755893722984159 0.420793508016335 0.501554968425514 0.195544731153198 0.239804578291386 0.15852133842164 0.323021066842135 -0.523972645360347 -0.537974648302536
29.6177376907727 11.1179856813848 32.133147764345 -0.655690622922289 0.25517477047465 0.710602226624854 0.737951143853752 0.415633367949479 0.531673672623047 0.115073610423098 0.0448196164086303 0.208609305648044 0.506617403662724 0.0970522452368756 0.363077820190299
29.8915866992339 11.5037062186408 32.3712336613136 -0.569344602095466 -0.314111131842712 0.759724161610841 0.52943068605096 0.56688797789527 0.631142659825385 -0.150112024678594 -0.299486578096004 0.00330909881663907 0.101974225338899 -0.132174228163914 -0.215578611683542
29.9781926769801 11.8601254485264 32.691995295906 -0.0685341527215755 -0.78290911406869 0.618349634417844 0.605858163739983 0.459764888665415 0.649270371173266 0.0709248051552637 -0.0613998673615654 0.353186452563137 0.496537229574398 -0.439505600761669 -0.148862634140102
30.0816321474262 12.0380829628766 33.0778399971258 0.341490883146472 -0.903421545502168 0.259255411999771 0.627089401987349 0.424468588238985 0.653134887080303 0.438250927022154 -0.347261588327545 -0.0570844725856956 0.424180645301235 -0.110582584648289 0.0852652868395149
30.1426675456623 12.2142746377368 33.4913011112387 0.695894593880443 -0.697906635097727 -0.169283560080635 0.583358193716003 0.411876217042488 0.700036485534701 -0.0105985169375114 -0.215236049312275 -0.510890180360199 0.348493339921847 0.0675016161164362 -0.0367644228112686
30.3359344086466 12.2189122660558 33.8766100410268 0.783301450437332 -0.266302114376452 -0.561713363386509 0.620045292066649 0.269971526212248 0.736653985215425 0.271067601950502 0.339349743006159 -0.312410879794986 0.61956739661851 0.0248498791598244 -0.0627453655954107
30.631309009736 12.118615225155 34.2719171299854 0.600210117994519 0.186437797607328 -0.77781015986325 0.795594227824459 -0.0390694871929274 0.604568690246338 0.0792375666467102 0.488652267433737 -0.0834200353707676 0.519084198379223 0.176927310663288 -0.175115834542255
31.0046895285766 11.9183404131299 34.4765965960622 0.307238535995164 0.768262486716582 -0.561584468205804 0.840686230213972 0.0574095213864958 0.53847070675082 -0.352592164278566 -0.0753401952176612 -0.299399463788763 0.476819341295386 -0.303067799897387 -0.122604715430419
31.5005435166385 11.9885884400814 34.5898409503926 -0.214510214472785 0.936427301991468 -0.277649342776372 0.757025985864048 0.339022701082484 0.558547354093323 0.331183041069325 0.310487195419574 0.0647322274227285 0.536109787134639 -0.244009976100317 -0.351183487557804
31.9527010830768 12.2463502717781 34.6366096826001 -0.60431632324831 0.771762123874191 0.197951728550482 0.738361397933662 0.449119580664233 0.503104295155553 0.104703192148035 -0.241911470949455 0.731430976504074 0.53418808136136 -0.01277577394141 0.05189535298898
32.2572396780046 12.5850026200909 34.6228175364593 -0.616137668119632 0.321531548188309 0.719021361460381 0.752017350791148 0.511573147837594 0.415647332077813 0.255422634857646 0.483301406603334 0.14375063579409 0.385677909667185 -0.316973225524715 0.0202922327105316
32.5171298316887 13.0069379166301 34.8030275917123 -0.314789512485477 -0.397546030216369 0.861895934632893 0.697654569137421 0.518794325355704 0.494095570362232 -0.140060522470525 0.118252160207308 0.435483278742312 0.209611710295846 -0.344425457646883 0.532021799833252
13.9197830055429 10.06792479914 24.0128472668661 -0.333905847317963 0.91829402456637 -0.212703674818715 0.665604125172402 0.389481835160419 0.636612076567448 -0.205584186794568 0.388157819295377 0.340140101530183 0.350244373614216 -0.253184147214375 -0.574183585355839
14.2396918794323 10.4041928453097 24.1817547133509 -0.755638446902775 0.607026228953856 0.246027592632889 0.536755278217199 0.358624538057727 0.763729071312775 -0.00950961724359283 0.108868543795755 -0.0243641143191025 0.504039572966424 0.377277872046182 0.0549464440235468
14.544454980424 10.7093087728209 24.4259780322434 -0.863019300325586 0.0804451235338077 0.498724524392295 0.487185578629146 0.393618903651274 0.779560295840055 0.231610287184487 0.0414350745136517 -0.128284666423617 0.539775353676734 0.26119146626207 -0.204553636065116
14.6267307323076 11.0624583564654 24.726381880317 -0.59053984233277 -0.527693081985353 0.61057561924402 0.427661639355536 0.436986048861837 0.791295521512205 0.0077227579143088 -0.147733711406553 0.0940976160616604 0.460625066610875 -0.0297786353481675 -0.00667921095819535
14.6303857014697 11.3516514243147 25.1573817370051 -0.0428062492032116 -0.91017612823134 0.412003545701077 0.374227786423738 0.367752271039693 0.851300015779283 -0.0199506067466823 -0.560228499030225 0.238343673350572 0.39049150621231 -0.274336534095821 -0.000353896245461362
14.7632124746843 11.4546189669042 25.6903336881568 0.493537881192234 -0.868514147061738 0.0458630334853344 0.381666444712136 0.263664927988815 0.885895826095378 0.747231447648603 -0.180729148621143 0.253751163864697 0.436575510470908 0.197599751738933 0.571343140352299
15.3006395934894 11.4357121562237 26.1749366403028 0.798605231908167 -0.494815921261905 -0.342617526333876 0.426168229578209 0.062941475053145 0.902451604124221 2.91322717071497 1.01645720206756 0.48027314300937 0.466506841052573 -0.000409857533753631 -0.237870050354752
14.7716869903959 11.1419897747358 26.6287013342834 0.806117638381466 -0.134568406542151 -0.576251316232349 0.576532995802818 -0.0408531104209079 0.816051847463303 0.540939088058429 -0.801823901229766 -0.137349618188656 0.493572336456732 -0.460350898564893 -0.809146364043303
15.0388260928406 10.9407019322909 26.9179412827836 0.572998696643396 0.669343341156293 -0.472918457742741 0.479799473613572 0.19384670740366 0.855696090895351 0.253495996612049 -0.151852762577451 -0.221141906938366 0.143796930439566 0.0361973493801237 0.327287477329049
15.4021031220061 11.1307082796874 27.3033722330167 0.0101960039185293 0.857951129565306 -0.513630004583168 0.548962068235934 0.424526271985155 0.720012481047089 0.348942191371991 0.67819389061321 0.833655208680449 0.353360131969243 0.190598619709157 -0.164273604694877
15.8647976269858 11.1639883450324 27.3168554194965 -0.420190547917569 0.905105974483965 0.064984307669297 0.75776826087914 0.310587671744954 0.573866233343303 -0.0276072280779874 0.321151306163764 0.607796842594782 0.73673406728634 -0.152215319372344 0.281748347411988
16.2911369541125 11.4246193995662 27.4218608056561 -0.663187046996778 0.660770707544893 0.351517985768362 0.714882254553265 0.420148330554651 0.558944215804895 -0.405292872476929 0.571342423631008 0.393485659892873 0.696341347669368 -0.733081778459105 -0.383066587585723
16.7402263600318 11.7117541768779 27.5710472133428 -0.740351729933871 0.131308071359349 0.659270345107766 0.655215388134596 0.360151209126823 0.664066099740292 -0.0759935623283329 0.0676899258656876 0.207480647402361 0.247019907126292 -0.109566700906695 0.268610695045334
17.2358587860989 11.8477112601079 27.9008445039416 -0.743140020406329 -0.503020595619879 0.44126304228762 0.468590798015448 0.0795333734167456 0.879827817140998 1.31760098869861 -0.274867859868596 0.351973341377102 -0.0111000044954107 0.627426331329214 -0.110155116841891
16.7868525828622 12.1057601725989 28.2181869629751 -0.174974644485808 -0.904899848937065 0.387994868683629 0.513985469610159 0.252162521322875 0.819898091751158 0.124201539743411 -0.995371110492587 -0.107744655225107 0.368534291299619 -0.0611423319578073 -0.625455495052928
16.7828722828652 12.2138023704665 28.7098143580988 0.375664631127155 -0.926545930603741 -0.0197130502819828 0.472484420441937 0.173181403119399 0.864156557718333 0.592199453961023 -0.413229923243937 -0.0441048257998284 0.537848758074213 -0.138891485626417 0.0298253823861215
16.7153782990092 12.2575993101953 29.2044528528955 0.774650997779154 -0.549591649775943 -0.312833391932884 0.448748466719484 0.129174730319795 0.884272914017696 0.34493563736998 -0.0473111042155656 -0.103332074253487 0.361784595067211 -0.308977933461477 0.0746279263101384
16.8975012018215 12.0353059523593 29.6109487912142 0.867405147231803 0.0847302639203451 -0.490335573537578 0.47098784728825 0.178150277803238 0.863963429439413 0.492859347804167 -0.181745073232619 -0.315310794644898 0.18314823619558 -0.479819162508876 0.0962570627205337
17.2485985954561 11.9846581658891 29.9760564177407 0.564916346825041 0.448555189757283 -0.692580424418371 0.625630339426264 0.314426960613261 0.713948349408528 0.458578444586802 0.263918126312236 -0.196634570889109 0.385727025389419 0.487223838289888 -0.100448713560338
17.665694017667 11.9854334929375 30.1065563927221 0.241052959386839 0.850750063931228 -0.467030708294573 0.668935477686288 0.203005701845413 0.715062161800505 0.12200612744419 0.285734527193464 -0.0641605437817287 0.466698638717974 0.346099790207515 0.0410729330726018
18.1226754259482 11.9944486414259 30.2804445650164 -0.324330123025064 0.941426810127081 0.0923331658160667 0.624802959381012 0.139912336258713 0.768144310181297 0.151586862749291 0.455214858699797 -0.0455509503506289 0.399473561442429 -0.385033916416842 -0.0119652087900401
18.5359176807842 12.1917026665654 30.4344036024691 -0.755242676472721 0.429359587044528 0.495236035996675 0.626050724158948 0.248813010071152 0.73902128405648 -0.475336242951167 0.472644604085811 -0.160774655067894 0.294401017082415 -0.280061651746445 0.231181149139756
18.8569168898312 12.4730726483037 30.7313104599331 -0.898364946016127 0.0308771338629189 0.438163105774857 0.394645646727092 0.494719546561089 0.774278550430309 -0.0553430393901111 -0.124052171631969 0.660311608988789 0.656125872475964 -0.052423532612135 -0.252776794007515
18.8816497862914 12.8647972843326 31.0144428661119 -0.594861594221884 -0.511827784277355 0.619816008025701 0.361662603297655 0.518207098913286 0.775023520863986 -0.271358099858796 -0.273533497180346 0.442955356924694 0.617052267302859 0.473390463486844 0.387698509478836
18.9986138758389 13.1287297629558 31.4858343805431 -0.397337127930857 -0.83383283637355 0.383204768315925 0.317419238436073 0.26692621274856 0.909942477402715 0.315973134800548 -0.105842158386235 0.454606012075623 0.655490771351187 -0.212718100647723 -0.666599820420908
18.8610774849194 13.2865747644669 31.8716669204173 0.355782127987386 -0.882393848013976 0.30789617999699 0.381708154231095 0.437921007719918 0.813955746647229 0.114710272259562 0.321308917256436 -0.0679722817783985 0.566444242739454 -0.311365386196755 -0.0957837640667189
18.8606151812426 13.3391503901049 32.3662492937622 0.788243483957992 -0.58635653706709 -0.186703246704364 0.454507754505256 0.350216390819146 0.819006142660752 0.35145567651306 -0.157517241270282 -0.350677963154962 -0.0713811365470311 -0.133727017752652 0.0894014522964842
