
#id1 id2 FENE BEXC STCK NEXC HB CRSTCK CXSTCK total, t = 100
0 1 1.62393 0 0 0 0 0 0 1.62393
1 2 0.0215673 0 -0.900472 0 0 0 0 -0.878904
2 3 0.0907556 0 -0.992828 0 0 0 0 -0.902072
3 4 0.00862684 0 -1.34866 0 0 0 0 -1.34004
4 5 0.137665 0 -1.29604 0 0 0 0 -1.15837
5 6 0.138132 0 -1.27359 0 0 0 0 -1.13546
6 7 0.0808815 0 -1.08344 0 0 0 0 -1.00255
7 8 0.197601 0 -1.34498 0 0 0 0 -1.14738
8 9 0.153649 0 -1.2992 0 0 0 0 -1.14555
9 10 0.116062 0 -1.26241 0 0 0 0 -1.14635
10 11 0.25089 0 -1.06437 0 0 0 0 -0.81348
11 12 0.174413 0 -1.25454 0 0 0 0 -1.08013
12 13 0.448582 0 -1.12754 0 0 0 0 -0.678953
13 14 0.240788 0.874185 -0.905334 0 0 0 0 0.209639
14 15 0.0428929 0 -1.28481 0 0 0 0 -1.24192
15 16 0.247321 0 -1.11746 0 0 0 0 -0.870143
16 17 0.0448585 0 -1.20615 0 0 0 0 -1.16129
17 18 0.0965307 0 -0.460127 0 0 0 0 -0.363596
18 19 0.604717 0 -0.154076 0 0 0 0 0.450642
19 20 1.42649 0 0 0 0 0 0 1.42649
20 21 1.57486 0 0 0 0 0 0 1.57486
21 22 0.299036 0 -1.17683 0 0 0 0 -0.877793
22 23 0.0369866 0 -1.11508 0 0 0 0 -1.0781
23 24 1.20848e-05 0 -1.27248 0 0 0 0 -1.27246
24 25 0.0438654 0 -1.24559 0 0 0 0 -1.20173
25 26 0.0202903 0 -1.23649 0 0 0 0 -1.2162
27 28 0.0569573 0 -1.40098 0 0 0 0 -1.34402
28 29 0.00164977 0 -1.35432 0 0 0 0 -1.35267
29 30 0.0186219 0 -1.16628 0 0 0 0 -1.14765
30 31 0.0537349 0 -0.670893 0 0 0 0 -0.617158
31 32 0.0615398 0 -0.7768 0 0 0 0 -0.715261
32 33 1.44385 0 0 0 0 0 0 1.44385
33 34 1.90392 0 0 0 0 0 0 1.90392
34 35 0.00151317 0 -1.21655 0 0 0 0 -1.21504
35 36 0.25768 0 -1.33606 0 0 0 0 -1.07838
36 37 0.11356 0 -1.16553 0 0 0 0 -1.05197
37 38 0.013834 0 -1.2902 0 0 0 0 -1.27637
38 39 0.0254986 0 -1.26485 0 0 0 0 -1.23935
39 40 1.45892 0 0 0 0 0 0 1.45892
40 41 1.42427 0 0 0 0 0 0 1.42427
41 42 0.00190024 0 -1.16634 0 0 0 0 -1.16444
42 43 0.0129806 0 -0.811616 0 0 0 0 -0.798635
43 44 0.031397 0 -1.29766 0 0 0 0 -1.26627
44 45 0.134049 0 -1.30392 0 0 0 0 -1.16987
45 46 0.139282 0 -1.3894 0 0 0 0 -1.25011
46 47 0.0467782 0 -1.14705 0 0 0 0 -1.10027
47 48 0.131948 0 -1.38099 0 0 0 0 -1.24904
48 49 0.0134359 0 -1.43266 0 0 0 0 -1.41922
49 50 0.608264 0 -1.2471 0 0 0 0 -0.638832
50 51 0.0271811 0 -1.27665 0 0 0 0 -1.24947
51 52 0.0665585 0 -1.32439 0 0 0 0 -1.25783
52 53 0.00246442 0 -1.06319 0 0 0 0 -1.06073
#Total energy per particle is  -0.645529 and should be -0.64552910

