
#id1 id2 FENE BEXC STCK NEXC HB CRSTCK CXSTCK total, t = 100
0 1 0.282766 0 -2.0362e-06 0 0 0 0 0.282764
1 2 0.148699 0 -0.835165 0 0 0 0 -0.686466
2 3 0.233853 0 -0.974992 0 0 0 0 -0.741139
3 4 0.277778 0 -1.2231 0 0 0 0 -0.945325
4 5 0.382363 0 -1.32528 0 0 0 0 -0.942919
5 6 0.14017 0 -1.29449 0 0 0 0 -1.15432
6 7 0.0631058 0 -0.0294196 0 0 0 0 0.0336861
7 8 0.442602 0 -0.0777585 0 0 0 0 0.364843
8 9 0.0247353 0 -0.730108 0 0 0 0 -0.705373
9 10 0.0652024 0 -1.20627 0 0 0 0 -1.14107
10 11 0.0584002 0 -1.17425 0 0 0 0 -1.11585
11 12 0.119933 0 -1.30764 0 0 0 0 -1.1877
12 13 0.241152 0 -1.31352 0 0 0 0 -1.07236
13 14 0.0217574 0 -1.09456 0 0 0 0 -1.0728
14 15 0.193329 0 -1.30286 0 0 0 0 -1.10953
15 16 0.189017 0 -1.19463 0 0 0 0 -1.00561
16 17 0.0747006 0 -1.25103 0 0 0 0 -1.17633
17 18 0.582681 0 -1.09751 0 0 0 0 -0.514828
18 19 1.02776 0 -0.187563 0 0 0 0 0.840196
19 20 0.437424 0 -0.123857 0 0 0 0 0.313567
20 21 0.388748 0 -0.022884 0 0 0 0 0.365864
21 22 0.00222967 0 -0.754274 0 0 0 0 -0.752044
22 23 0.437087 0 -1.27801 0 0 0 0 -0.840923
23 24 0.00683077 0 -0.878792 0 0 0 0 -0.871961
24 25 0.0253376 0 -1.28966 0 0 0 0 -1.26432
25 26 0.0180127 0 -0.828497 0 0 0 0 -0.810484
27 28 0.0437151 0 -1.35171 0 0 0 0 -1.30799
28 29 0.128877 0 -1.30102 0 0 0 0 -1.17214
29 30 0.00304917 0 -1.03557 0 0 0 0 -1.03252
30 31 0.36368 0 -1.2123 0 0 0 0 -0.848623
31 32 0.194271 0 -1.27666 0 0 0 0 -1.08239
32 33 0.987488 0 0 0 0 0 0 0.987488
32 34 0 0 0 0 0 -0 -0.0353328 -0.0353328
33 34 1.34564 0 0 0 0 0 0 1.34564
34 35 0.000712624 0 -0.960276 0 0 0 0 -0.959563
35 36 0.0851535 0 -1.26047 0 0 0 0 -1.17532
36 37 0.0989665 0 -1.33197 0 0 0 0 -1.233
37 38 0.289489 0 -1.34642 0 0 0 0 -1.05693
38 39 0.00641598 0 -0.858652 0 0 0 0 -0.852236
39 40 0.834036 0 0 0 0 0 0 0.834036
40 41 1.13612 0 0 0 0 0 0 1.13612
41 42 0.0104547 0 -1.25666 0 0 0 0 -1.24621
42 43 0.00339165 0 -1.22027 0 0 0 0 -1.21688
43 44 0.222847 0 -1.23926 0 0 0 0 -1.01641
44 45 0.344352 0 -1.26015 0 0 0 0 -0.915798
45 46 0.171449 0 -1.3572 0 0 0 0 -1.18575
46 47 0.251633 0 -0.866417 0 0 0 0 -0.614784
47 48 0.0377663 0 -1.2566 0 0 0 0 -1.21884
48 49 0.00634802 0 -1.2128 0 0 0 0 -1.20645
49 50 0.0515484 0 -1.2704 0 0 0 0 -1.21885
50 51 0.211315 0 -1.36554 0 0 0 0 -1.15422
51 52 0.37086 0 -1.36511 0 0 0 0 -0.994245
52 53 0.00919736 0 -1.01806 0 0 0 0 -1.00886
54 55 1.87733e-05 0 -1.36236 0 0 0 0 -1.36234
55 56 0.193457 0 -1.1069 0 0 0 0 -0.91344
56 57 0.108592 0 -1.27789 0 0 0 0 -1.1693
57 58 0.12257 0 -1.29245 0 0 0 0 -1.16988
58 59 0.263918 0 -1.29427 0 0 0 0 -1.03035
59 60 0.014929 0 -0.480031 0 0 0 0 -0.465102
60 61 0.0896292 0 -0.436163 0 0 0 0 -0.346533
61 62 0.0160086 0 -1.37961 0 0 0 0 -1.3636
62 63 0.00427912 0 -1.34018 0 0 0 0 -1.3359
63 64 0.104295 0 -1.21692 0 0 0 0 -1.11263
64 65 0.0560928 0 -1.31367 0 0 0 0 -1.25758
65 66 0.147288 0 -1.34329 0 0 0 0 -1.196
66 67 0.102833 0 -1.20759 0 0 0 0 -1.10476
67 68 0.098617 0 -1.16603 0 0 0 0 -1.06741
68 69 0.124723 0 -1.38885 0 0 0 0 -1.26412
69 70 0.132033 0 -1.23613 0 0 0 0 -1.10409
70 71 0.673329 0 -1.1975 0 0 0 0 -0.524167
71 72 0.000380495 0 -1.32791 0 0 0 0 -1.32753
72 73 0.0602282 0 -1.1892 0 0 0 0 -1.12897
73 74 0.239398 0 -1.36963 0 0 0 0 -1.13023
74 75 0.0222557 0 -1.36476 0 0 0 0 -1.34251
75 76 0.354764 0 -1.25278 0 0 0 0 -0.898018
76 77 0.532141 0 -1.11847 0 0 0 0 -0.586329
77 78 0.169017 0 -1.38205 0 0 0 0 -1.21303
78 79 0.24578 0 -1.109 0 0 0 0 -0.863224
79 80 0.0128817 0 -1.29376 0 0 0 0 -1.28088
#Total energy per particle is  -0.789116 and should be -0.78911610

