t = 100
b = 30 30 30
E = -0.824060267911213 -0.983820810040198 0.159760542128986
5.1193390546511 25.3308977114961 21.0154708332873 -0.178331069069786 -0.0520636509696668 0.982592130450371 0.913554464026377 0.362209270319805 0.184993423025032 0.148711060726626 0.0269221476199827 0.359510288435947 -0.0230731234460988 -0.0618974249999035 -0.615680016256684
5.38746683807975 25.7511984249002 21.1245338189607 0.176349522974867 -0.787899486056862 0.590012819157103 0.920469380934175 0.344380914169271 0.184764135844075 -0.339984126807326 0.191544174983635 0.132593835719023 0.13033079788611 0.18974955256185 0.125025358547532
5.84427258990065 25.8182572790791 21.4241379050361 0.251743103067859 -0.967411785755606 0.027197936969838 0.890889054390279 0.242625686781892 0.383991354144218 -0.0381570166988915 0.185587827636881 0.182922444596048 0.335468655611724 0.327702182543148 -0.0630336646607448
6.17959256795188 25.8157809987954 21.6647426135861 0.464405030375154 -0.753615938313257 -0.465178316791077 0.884200676509374 0.364792985795711 0.291744966881387 -0.0016412827147787 -0.0835584195937006 0.12519455384297 0.686377739227667 0.099927601190425 -0.0465541825764769
6.67403689830162 25.8159889350962 21.8701467652854 0.290514232733322 -0.408680849646423 -0.865205944369997 0.952572304359015 0.209129839237926 0.221066961043912 0.447164142227098 0.137777339823917 0.264754953994821 0.228754530096728 0.123914248092257 -0.0923935125906357
7.15198367650871 25.7479888833603 21.949581099767 0.0620483308396164 0.17885340485385 -0.981917178794471 0.948623828956918 0.295261284327204 0.113725488018121 0.199063924612394 0.0750366572754129 0.181359700873939 0.226909843241839 -0.529479443557539 -0.356211656876624
7.64680092442816 25.8169303493698 21.9166798696423 -0.329012867955821 0.603179167310574 -0.726584686607235 0.870269021189244 0.492358446284518 0.0146585134906046 0.322717638963753 1.10052257842073 -0.112669982232232 0.445184621536684 0.731071668874213 -0.29787971915051
8.02689247025673 25.8186534855435 21.6480779620269 -0.326360845037287 0.938191264020965 -0.115263315479499 0.942804755356403 0.314332298540844 -0.110969747823658 0.249377238577614 0.880734632114692 -0.20197642315941 0.420088210399423 -0.0694082561678649 -0.0885621971407966
8.33523625789047 25.9398614328523 21.306527108586 -0.227735470518758 0.840021685519975 0.492442894412658 0.973696698395514 0.200175517534702 0.108831907693989 0.246250166230351 0.31095019464672 0.501179952290961 0.434253410214213 -0.317587645382677 0.10064593877473
8.67027083710398 26.2967102268952 21.2907518919995 -0.206957169034064 0.301962127059934 0.930584485653704 0.869195277090003 0.493351784476093 0.0332185197252963 0.654892551581606 0.655649546358431 0.625176492434138 0.224683922638728 0.0626190994968671 0.143096736468249
8.83734505441238 26.6917194399688 21.2314941138861 0.206273310184751 -0.372422974308607 0.904849344262168 0.796243672915184 0.601365232043144 0.0659981735951593 0.0848527850818263 0.268194881789659 0.408238287974256 0.463931234666186 -0.37618773626516 0.320910694371165
9.19641210675325 26.9898290528 21.3922763458702 0.217863534960202 -0.725257094764277 0.653098390305344 0.854059434360678 0.465537297177912 0.232071954918608 0.369395054926847 -0.117907338124249 -0.0122607114314539 0.3369570096823 0.110381817722414 0.144101506279814
9.47212734202948 27.2366575195329 21.6773146015184 0.368789660310429 -0.927612079505356 -0.0594129603266889 0.921896545527388 0.356854228323045 0.150869812588605 0.0561531041365755 -0.265395494291124 0.0239457519898159 0.482207197594247 -0.088723045034734 0.171839808252475
9.78806175558061 27.2582761947886 21.9758106762303 0.440721071280714 -0.545559459523555 -0.712832170853082 0.896240050348465 0.311834710826181 0.315456450592577 -0.160007735790493 -0.406550287451499 0.168362824216874 0.524046313921929 -0.1155729630534 0.417098126444397
10.2551424051866 27.218988969759 22.1689804776713 0.220804285697853 -0.192603438261966 -0.956111534405383 0.955213625144967 0.240721205033774 0.172104955652476 -0.0705383836480297 -0.224666952389334 -0.0558334502678535 0.316929101649722 0.162080836655049 0.45481104172912
10.7287968889049 27.1868826398225 22.2465500408259 -0.113502174973203 0.192063319513618 -0.974796808760595 0.915062829386012 0.402388537572077 -0.0272647005748724 -0.146794399572858 0.153458957182511 0.00619055210560972 0.369922920071209 0.00219148445867393 -0.123598632563538
11.1614176522357 27.1569671683542 22.1199640561212 -0.321133581750345 0.694282699606388 -0.644084339664613 0.934879198863432 0.34101880359018 -0.0985238198801279 -0.004359780404905 0.230809723407157 -0.255677914786497 0.583055972091435 0.362510412534232 0.0819651711671566
11.5486611346532 27.1806608709382 21.8280648757999 -0.408838157618668 0.910284735274907 -0.0650610679684436 0.899280170105217 0.389703941021797 -0.198559572966735 0.142506767528084 0.508171236758421 -0.0501585413115603 0.456232720180812 -0.00962683156504897 0.157154731672601
11.8884851092612 27.3878840858218 21.5824904572522 -0.423583126501186 0.720377060831173 0.549212259958829 0.869529966013198 0.493317428041926 0.0235676854706123 0.00458097884437754 0.284417343759474 -0.175325490936804 0.203324215232398 0.140666849298101 0.19222422609197
12.1852060590567 27.7545256093496 21.5715586760399 -0.3916234482633 0.163285256669893 0.905521331485376 0.835789521072755 0.474715509398762 0.275863992795204 -0.134199809916253 0.160988401365758 0.0422623777904731 0.353126205821496 0.164281882445005 -0.0306738290593827
12.3874412995887 28.0457597682307 21.6552754528259 -0.0750718014524568 -0.292943621039071 0.95317791648597 0.823948021421785 0.520183494858616 0.224763597946004 -0.0839753555999889 -0.424186821738367 0.350682449232804 0.597925635464046 0.204308416397435 0.00588066756116039
12.5066307811756 28.4539047521482 21.8145157306548 0.237226448577296 -0.723652248245567 0.64811335164921 0.828318530694352 0.499245847294615 0.254247679566153 -0.185059240584263 0.229327786671877 0.335927998137505 0.59091241723779 -0.133997769964138 0.120277800725841
12.754211834191 28.7184751504073 22.0542760366707 0.459818675998052 -0.885836634122222 0.0621298961302444 0.84799463563841 0.458787648279982 0.265365553401263 -0.481160272162117 0.377618392578965 0.0479716598143567 0.329441171881486 -0.126261473213852 0.354133634192172
13.0605593420076 28.900246329296 22.3256729442328 0.404711874778911 -0.725897210509999 -0.556130757784217 0.914414954485402 0.326118292814443 0.239774965078899 -0.525616063087214 0.139957548837654 0.895285509788593 -0.076689138346766 -0.280584152904382 -0.0932107482799764
13.5083049680256 28.922869188743 22.4768905915454 0.0742886875779374 -0.338757994949762 -0.937936081614294 0.927428183067045 0.36917635355467 -0.0598804335542412 -0.733277717406207 0.245657206049625 -0.1333899534678 0.14690964052932 0.191723195396125 0.165196848903911
13.9445895475865 28.7398973791582 22.3676238824777 -0.155576254261736 0.557521530045699 -0.81545427376737 0.938898136789859 0.340034829935248 0.0533524528105752 -0.316581646770326 -0.256209619906545 -0.709085055539448 0.1132092795453 -0.13022699362345 1.09700433365261
