t = 0
b =  30.0 30.0 30.0
E = 0. 0. 0.
20.2906697267 23.8321907673 10.2881561238 -0.543066185084 -0.269033302786 0.795424541117 0.689077807881 0.398542445299 0.605256717419 0.0 0.0 0.0 0.0 0.0 0.0
20.3285300986 24.2653448596 10.6037971011 -0.158538581989 -0.732061721157 0.662533889275 0.689077807881 0.398542445299 0.605256717419 0.0 0.0 0.0 0.0 0.0 0.0
20.3302515958 24.5316254597 11.0704626994 0.286220479028 -0.916967652242 0.277935535921 0.689077807881 0.398542445299 0.605256717419 0.0 0.0 0.0 0.0 0.0 0.0
20.3972170602 24.5888832545 11.6004837119 0.62223959471 -0.753502241358 -0.212255174363 0.689077807881 0.398542445299 0.605256717419 0.0 0.0 0.0 0.0 0.0 0.0
20.6060220598 24.4743801897 12.0821211506 0.721859485071 -0.303768731097 -0.62180659519 0.689077807881 0.398542445299 0.605256717419 0.0 0.0 0.0 0.0 0.0 0.0
20.9793749518 24.2906330331 12.4220177564 0.547232888206 0.261371598851 -0.795123294452 0.689077807881 0.398542445299 0.605256717419 0.0 0.0 0.0 0.0 0.0 0.0
21.4774695978 24.1664655407 12.5806659823 0.164703367866 0.727212488494 -0.666359360399 0.689077807881 0.398542445299 0.605256717419 0.0 0.0 0.0 0.0 0.0 0.0
22.0131083817 24.2080661579 12.587417571 -0.28039971562 0.916773195415 -0.284434364396 0.689077807881 0.398542445299 0.605256717419 0.0 0.0 0.0 0.0 0.0 0.0
22.4848300416 24.4586452539 12.5293323373 -0.618974259109 0.758036437766 0.205552002129 0.689077807881 0.398542445299 0.605256717419 0.0 0.0 0.0 0.0 0.0 0.0
22.8154564996 24.8820187797 12.518102689 -0.722390132864 0.311308963717 0.6174457264 0.689077807881 0.398542445299 0.605256717419 0.0 0.0 0.0 0.0 0.0 0.0
22.9814141042 25.3763551936 12.6476198135 -0.551357917426 -0.253689990456 0.794761496069 0.689077807881 0.398542445299 0.605256717419 0.0 0.0 0.0 0.0 0.0 0.0
23.0216896541 25.8128629661 12.958302846 -0.170855610945 -0.722307875785 0.670134085678 0.689077807881 0.398542445299 0.605256717419 0.0 0.0 0.0 0.0 0.0 0.0
23.0230186621 26.0847206357 13.4217429644 0.274557598688 -0.916508922759 0.290911532094 0.689077807881 0.398542445299 0.605256717419 0.0 0.0 0.0 0.0 0.0 0.0
23.0869330834 26.1476600675 13.9514963757 0.615661786221 -0.762512906766 -0.198833176315 0.689077807881 0.398542445299 0.605256717419 0.0 0.0 0.0 0.0 0.0 0.0
23.2911876282 26.0367846581 14.4359257582 0.722865767852 -0.318825488956 -0.613037836728 0.689077807881 0.398542445299 0.605256717419 0.0 0.0 0.0 0.0 0.0 0.0
23.6602194476 25.8532329686 14.7806131466 0.555440958605 0.245989062587 -0.794339173522 0.689077807881 0.398542445299 0.605256717419 0.0 0.0 0.0 0.0 0.0 0.0
24.1558640509 25.7257544936 14.9442308953 0.176994842707 0.717348256534 -0.673857777652 0.689077807881 0.398542445299 0.605256717419 0.0 0.0 0.0 0.0 0.0 0.0
24.6918546342 25.7617955762 14.9542427424 -0.268694573132 0.916174854401 -0.297366545751 0.689077807881 0.398542445299 0.605256717419 0.0 0.0 0.0 0.0 0.0 0.0
25.1665962811 26.0066787458 14.8964698761 -0.612302428304 0.766931307455 0.192099208584 0.689077807881 0.398542445299 0.605256717419 0.0 0.0 0.0 0.0 0.0 0.0
25.5017635703 26.426383931 14.8824860304 -0.723286353813 0.326317734398 0.608583261851 0.689077807881 0.398542445299 0.605256717419 0.0 0.0 0.0 0.0 0.0 0.0
25.6720577123 26.920473254 15.0072287584 -0.559481700805 -0.238269401698 0.793856358971 0.689077807881 0.398542445299 0.605256717419 0.0 0.0 0.0 0.0 0.0 0.0
25.714817983 27.3602490594 15.3129310684 -0.183120595626 -0.712334008437 0.677530152747 0.689077807881 0.398542445299 0.605256717419 0.0 0.0 0.0 0.0 0.0 0.0
25.7158359081 27.6376483052 15.7730763981 0.262811085444 -0.915771015781 0.303798913795 0.689077807881 0.398542445299 0.605256717419 0.0 0.0 0.0 0.0 0.0 0.0
25.7767616285 27.7062975191 16.3024726997 0.608896441187 -0.771291303355 -0.185350611755 0.689077807881 0.398542445299 0.605256717419 0.0 0.0 0.0 0.0 0.0 0.0
25.9764853118 27.5991308562 16.7896183235 0.723651858718 -0.333785129482 -0.604082341002 0.689077807881 0.398542445299 0.605256717419 0.0 0.0 0.0 0.0 0.0 0.0
26.341165459 27.4158778624 17.1390633586 0.563479836308 0.230531595671 -0.793313089185 0.689077807881 0.398542445299 0.605256717419 0.0 0.0 0.0 0.0 0.0 0.0
26.8342908527 27.2851745532 17.3076726502 0.189232403204 0.707265513346 -0.681150931298 0.689077807881 0.398542445299 0.605256717419 0.0 0.0 0.0 0.0 0.0 0.0
22.6776314192 28.1625779574 -0.0999684411995 -0.16795483105 -0.882112047992 0.440078980995 0.477680678523 0.317683849784 0.819083720356 0.0 0.0 0.0 0.0 0.0 0.0
22.5412832049 28.3082199485 0.398912984578 0.369595834689 -0.918479759333 0.140690620428 0.477680678523 0.317683849784 0.819083720356 0.0 0.0 0.0 0.0 0.0 0.0
22.4891843727 28.2444944496 0.929864841708 0.766730863518 -0.60590165394 -0.212148459062 0.477680678523 0.317683849784 0.819083720356 0.0 0.0 0.0 0.0 0.0 0.0
22.611861865 28.0426536496 1.41245745092 0.872572018239 -0.0631313800799 -0.484388792021 0.477680678523 0.317683849784 0.819083720356 0.0 0.0 0.0 0.0 0.0 0.0
22.9334421763 27.8264220495 1.78463361975 0.646908474605 0.503623560573 -0.572601724342 0.477680678523 0.317683849784 0.819083720356 0.0 0.0 0.0 0.0 0.0 0.0
23.4024852947 27.7249914559 2.0262852075 0.175473585736 0.879043490427 -0.443273688196 0.477680678523 0.317683849784 0.819083720356 0.0 0.0 0.0 0.0 0.0 0.0
23.9115276225 27.8239388536 2.16689254408 -0.362626652116 0.920500101445 -0.145538566763 0.477680678523 0.317683849784 0.819083720356 0.0 0.0 0.0 0.0 0.0 0.0
24.3379091935 28.1327142784 2.27432435978 -0.762958962035 0.612243333982 0.207489089458 0.477680678523 0.317683849784 0.819083720356 0.0 0.0 0.0 0.0 0.0 0.0
24.5903742452 28.5810505905 2.42905331995 -0.873430406284 0.0713850877776 0.481688171561 0.477680678523 0.317683849784 0.819083720356 0.0 0.0 0.0 0.0 0.0 0.0
24.6437408083 29.0456591355 2.69358311399 -0.652071036207 -0.496593546769 0.572885863892 0.477680678523 0.317683849784 0.819083720356 0.0 0.0 0.0 0.0 0.0 0.0
24.5484677581 29.397069166 3.08870225873 -0.182978977429 -0.875907990297 0.446434638389 0.477680678523 0.317683849784 0.819083720356 0.0 0.0 0.0 0.0 0.0 0.0
24.4114846443 29.5488159424 3.58558619334 0.355629854119 -0.92245034391 0.150375429773 0.477680678523 0.317683849784 0.819083720356 0.0 0.0 0.0 0.0 0.0 0.0
24.3555673669 29.490290134 4.11674821189 0.759128958274 -0.618538389325 -0.202813918757 0.477680678523 0.317683849784 0.819083720356 0.0 0.0 0.0 0.0 0.0 0.0
24.4726935594 29.2907684803 4.60167879128 0.874222279221 -0.0796333592244 -0.478950868683 0.477680678523 0.317683849784 0.819083720356 0.0 0.0 0.0 0.0 0.0 0.0
24.789098748 29.0730943998 4.97743250509 0.657183940075 0.489525715444 -0.573126375965 0.477680678523 0.317683849784 0.819083720356 0.0 0.0 0.0 0.0 0.0 0.0
25.2553090364 28.9670077216 5.22254204346 0.190470434565 0.872705786381 -0.449561590856 0.477680678523 0.317683849784 0.819083720356 0.0 0.0 0.0 0.0 0.0 0.0
25.7649370664 29.0598543548 5.36517400305 -0.348605973532 0.92433033821 -0.155200841112 0.477680678523 0.317683849784 0.819083720356 0.0 0.0 0.0 0.0 0.0 0.0
26.1951003537 29.3634021177 5.47242792603 -0.755241143903 0.624786340574 0.198123302991 0.477680678523 0.317683849784 0.819083720356 0.0 0.0 0.0 0.0 0.0 0.0
26.4531063985 29.8093699466 5.62484406215 -0.874947576747 0.0878755662827 0.476177091842 0.477680678523 0.317683849784 0.819083720356 0.0 0.0 0.0 0.0 0.0 0.0
26.5116681156 30.2753690136 5.88580478135 -0.662246796841 -0.48242060484 0.573323242246 0.477680678523 0.317683849784 0.819083720356 0.0 0.0 0.0 0.0 0.0 0.0
26.4192706546 30.6314002885 6.27745455165 -0.197947386639 -0.869437122542 0.452654307467 0.477680678523 0.317683849784 0.819083720356 0.0 0.0 0.0 0.0 0.0 0.0
26.2817510806 30.789243344 6.77228688559 0.341555545251 -0.926139941176 0.160014433306 0.477680678523 0.317683849784 0.819083720356 0.0 0.0 0.0 0.0 0.0 0.0
26.2220891039 30.7359727708 7.30359451463 0.751295814996 -0.630986711924 -0.193417599368 0.477680678523 0.317683849784 0.819083720356 0.0 0.0 0.0 0.0 0.0 0.0
26.3336850318 30.5388687567 7.79081259581 0.875606243628 -0.0961110812763 -0.473367052271 0.477680678523 0.317683849784 0.819083720356 0.0 0.0 0.0 0.0 0.0 0.0
26.6448754305 30.3198562186 8.17012664252 0.66725922095 0.47527875604 -0.573476447742 0.477680678523 0.317683849784 0.819083720356 0.0 0.0 0.0 0.0 0.0 0.0
27.1081675896 30.209183488 8.41871671494 0.205409264254 0.866102247699 -0.455712552701 0.477680678523 0.317683849784 0.819083720356 0.0 0.0 0.0 0.0 0.0 0.0
27.618282797 30.2959387919 8.56342709662 -0.334479106192 0.927879015001 -0.164815839781 0.477680678523 0.317683849784 0.819083720356 0.0 0.0 0.0 0.0 0.0 0.0
20.889507876 28.5594437576 28.4684699835 0.0270245082457 -0.162640770884 0.986315190799 0.707903624399 0.699755710407 0.0959916887826 0.0 0.0 0.0 0.0 0.0 0.0
20.9201884346 29.0583816532 28.6654592771 0.435747807021 -0.539639290903 0.720356359304 0.707903624399 0.699755710407 0.0959916887826 0.0 0.0 0.0 0.0 0.0 0.0
21.0501977194 29.4343087554 29.0266538255 0.678923228595 -0.71161982202 0.180722103194 0.707903624399 0.699755710407 0.0959916887826 0.0 0.0 0.0 0.0 0.0 0.0
21.3349675756 29.6480220968 29.4290439829 0.664164364634 -0.613244085102 -0.427571501432 0.707903624399 0.699755710407 0.0959916887826 0.0 0.0 0.0 0.0 0.0 0.0
21.7711337196 29.7219464298 29.7339692032 0.397078354313 -0.28188666736 -0.87342354405 0.707903624399 0.699755710407 0.0959916887826 0.0 0.0 0.0 0.0 0.0 0.0
22.297813887 29.731614688 29.8397974991 -0.020864361608 0.156564208206 -0.98744737942 0.707903624399 0.699755710407 0.0959916887826 0.0 0.0 0.0 0.0 0.0 0.0
22.8197380224 29.7769717624 29.7205371338 -0.43088035772 0.535533723461 -0.726323446109 0.707903624399 0.699755710407 0.0959916887826 0.0 0.0 0.0 0.0 0.0 0.0
23.2434429668 29.944403766 29.4357113161 -0.677197701999 0.711045023526 -0.18925709214 0.707903624399 0.699755710407 0.0959916887826 0.0 0.0 0.0 0.0 0.0 0.0
23.5127806737 30.273918505 29.1077443383 -0.666236317147 0.616418431115 0.419711195342 0.707903624399 0.699755710407 0.0959916887826 0.0 0.0 0.0 0.0 0.0 0.0
23.6302497911 30.7439458448 28.8754505407 -0.402160616533 0.287604170757 0.869224182517 0.707903624399 0.699755710407 0.0959916887826 0.0 0.0 0.0 0.0 0.0 0.0
23.6560463834 31.2795325644 28.8412964228 0.0147026260683 -0.150475722557 0.9885043701 0.707903624399 0.699755710407 0.0959916887826 0.0 0.0 0.0 0.0 0.0 0.0
23.6851944397 31.7808183383 29.0324719072 0.425980095212 -0.531387373052 0.732235220571 0.707903624399 0.699755710407 0.0959916887826 0.0 0.0 0.0 0.0 0.0 0.0
23.8114446721 32.1609743437 29.3905604332 0.675420604177 -0.710416076201 0.197777668426 0.707903624399 0.699755710407 0.0959916887826 0.0 0.0 0.0 0.0 0.0 0.0
24.0916570525 32.3791909823 29.7937323849 0.668257533185 -0.619545834478 -0.41181892662 0.707903624399 0.699755710407 0.0959916887826 0.0 0.0 0.0 0.0 0.0 0.0
24.5241987586 32.4561821284 30.1030301994 0.407212252666 -0.293299771983 -0.864958626197 0.707903624399 0.699755710407 0.0959916887826 0.0 0.0 0.0 0.0 0.0 0.0
25.0495645106 32.4663155822 30.2151606677 -0.00853977086682 0.144375777599 -0.989486082346 0.707903624399 0.699755710407 0.0959916887826 0.0 0.0 0.0 0.0 0.0 0.0
25.5729836214 32.5093594991 30.1017377525 -0.42104739267 0.527200555437 -0.738091232486 0.707903624399 0.699755710407 0.0959916887826 0.0 0.0 0.0 0.0 0.0 0.0
26.0004249659 32.6725787992 29.8200669176 -0.673592070461 0.709733027941 -0.206283183177 0.707903624399 0.699755710407 0.0959916887826 0.0 0.0 0.0 0.0 0.0 0.0
26.2743209767 32.9975817653 29.4913738246 -0.670227858825 0.622626057027 0.403895296291 0.707903624399 0.699755710407 0.0959916887826 0.0 0.0 0.0 0.0 0.0 0.0
26.395438526 33.4645123607 29.2547486771 -0.412232878009 0.298973037296 0.86062719993 0.707903624399 0.699755710407 0.0959916887826 0.0 0.0 0.0 0.0 0.0 0.0
26.4225875778 33.9995938694 29.2143035269 0.00237626532868 -0.138264837867 0.990392441395 0.707903624399 0.699755710407 0.0959916887826 0.0 0.0 0.0 0.0 0.0 0.0
26.4502782994 34.5031579039 29.3996183649 0.416082625739 -0.522973589459 0.743891035896 0.707903624399 0.699755710407 0.0959916887826 0.0 0.0 0.0 0.0 0.0 0.0
26.5728150686 34.8875100923 29.7545031879 0.6717122401 -0.708995930764 0.214772988665 0.707903624399 0.699755710407 0.0959916887826 0.0 0.0 0.0 0.0 0.0 0.0
26.848468664 35.1102466359 30.1583455205 0.672147144018 -0.625658864191 -0.395940907772 0.707903624399 0.699755710407 0.0959916887826 0.0 0.0 0.0 0.0 0.0 0.0
27.2773382221 35.1903642218 30.4719331107 0.417222110222 -0.304623534654 -0.856230233568 0.707903624399 0.699755710407 0.0959916887826 0.0 0.0 0.0 0.0 0.0 0.0
