t = 100
b = 30 30 30
E = -0.251300591056358 -0.515700064274469 0.264399473218111
26.0720934212881 29.5836627210846 15.8189829679832 -0.163413719039211 0.899714683684727 -0.404733650526754 0.195429796274326 0.43164015059912 0.880621290617144 0.754859559238152 0.404524007919815 -1.18019654200798 -0.307929676926253 -0.851297986179452 0.040635243711587
26.2470366643406 29.8934062443446 16.2669062193502 -0.625888108280122 0.631484936172576 -0.457701575621758 0.125570072999824 0.660799160581972 0.739984126863552 0.268387738302458 0.0373376005616716 -0.289150304676269 -0.050516225652668 0.70930498490064 -0.0112551060312438
26.3331908263962 30.3191210089409 16.4648120912869 -0.968112530733987 0.247502949712764 0.0387336934597496 0.212463700272054 0.729268897597699 0.650404439021745 -0.189571393587259 -0.380789618959927 -0.346226145724435 0.406958479322411 0.562899752465225 0.0200109832286843
26.44263087763 30.6989190006119 16.5136299906482 -0.79020276470313 -0.136702890701773 0.597404212095503 0.224468880624129 0.842501297430589 0.489699071772208 -0.537420376822071 0.049245631880715 -0.315360144364147 0.475615178570675 -0.491132091897051 0.136436786591759
26.528829410673 31.1896469795994 16.6796451713793 -0.691064146272671 -0.523395179801656 0.498485423035674 0.158918110713253 0.562763561193825 0.811197935140648 0.209284601335449 0.0191676078423698 0.492454729265439 0.500045292496532 -0.0135245368443788 -0.314705352461328
26.3414428471148 31.443719227485 17.0338122891463 -0.000995720591418167 -0.850082493792368 0.526648500663992 0.177505629431262 0.51813520802093 0.836676484976294 -0.415770723602977 -0.707569763437777 0.824256110647271 0.487731709048903 0.54147655344403 0.0171831362069614
26.1741644779124 31.5018974013672 17.4926446122162 0.685095641869864 -0.606773664942836 0.403075132062384 0.0600411741872113 0.598482825635926 0.798882501014792 0.132326944657899 -0.0322535802167475 0.101094321041177 0.604121792999493 -0.106049484722659 0.557622453091434
24.7007373679315 30.0685616583279 17.6072565068506 0.966156121095953 -0.204990543708152 0.156592169428859 -0.0162849741000985 0.557364990781023 0.830107794344101 -5.63356556598865 -6.73568534233727 -1.64423658972231 0.296451748428408 -0.633084210581286 -0.0810403714744418
26.1513962836932 31.5781798114095 18.2626103942063 0.74786957765689 0.282772144594777 -0.600608772446503 0.396068440019886 0.536008366107892 0.745536520782272 0.0920582046111601 -0.324329865112329 -0.222472152379447 0.202938018379195 -0.310130275108416 0.229464392631563
26.5283658644495 31.7218381471526 18.5602656606996 0.265673020171106 0.634130574939042 -0.726151601518866 0.408943750690969 0.607969181791643 0.680542698275833 -0.384410017920986 -0.634474423522884 -0.737515488450245 0.557388764871338 0.103953531110069 0.297855963231035
26.9001751773346 31.8506604397687 19.0014942739029 -0.0162058958114629 0.792868860127076 -0.609176674369887 0.559295908696151 0.512212505319745 0.651787025406987 -0.51491779153241 -0.089497905695414 -0.0764528816538734 0.453645642003156 -0.210396993659771 -0.1332814690946
27.2869070041288 32.0875134036582 19.2115913012995 -0.613807998087356 0.736466919203794 -0.284352069231718 0.37361020205732 0.588286965350861 0.717170652445938 -0.299686964348012 0.351449721933154 -0.498863032231222 0.448267957614258 0.250748554550949 0.270388598075881
27.5836623225112 32.4288629036706 19.2783080701374 -0.92791810467188 0.272415945313877 0.254474810494517 0.369995211602227 0.756355806261413 0.539471340571886 -0.189995776217193 -0.866134025085739 -1.17113185885541 0.416609760825966 0.269474414916578 0.0959019275770483
27.622134442763 32.8807109584477 19.4765056039528 -0.926234760135209 -0.13103149629105 0.353439948370464 0.139905107777263 0.751163749174496 0.645119733021872 -0.247230471121109 0.0534924707294414 0.0440183096923384 0.693119907806231 0.316756147712472 0.191412951715708
27.5478629969636 33.3567115906868 19.5609622806448 -0.32377714090757 -0.621156729123473 0.713675392921402 0.115799490046495 0.722619827813146 0.681477035323276 -0.135814811099528 -0.521815951164919 -0.174051389712412 0.431329364657857 -0.606319712122891 0.190268630057679
27.5044656960606 33.7557854928734 19.8976993023557 0.166569725677219 -0.846814137383164 0.505133869865776 0.0336756038358012 0.516877504774499 0.855396684704067 -0.155213941291392 0.11992679876608 0.388264184505792 0.381650240634416 -0.193548917879717 0.161139122274738
27.37408331778 33.9772621290278 20.3312930038091 0.616430599831489 -0.758961845332695 0.209738204253737 0.211270206365312 0.416017496551527 0.884473983910059 -0.00826942501427353 -0.482409341324573 0.2823674284853 0.664128817177835 -0.135443357069756 -0.152573284614968
27.2399406814986 33.9197324896224 20.784448245407 0.957183555872717 -0.282581902598392 -0.0628250764026641 0.2105560595012 0.530682905021383 0.821000415629287 -0.223276060062905 -0.689842277364108 0.0990346472504257 0.53439174006023 -0.299713400158814 0.194394311755198
27.1485347948113 34.1114078546471 21.2668557380355 0.888163611171044 -0.0253973186741952 -0.458824866179686 0.351299541247734 0.681187989539322 0.642317240409741 -2.25905100611673 0.393494910742207 0.0681640524153521 0.197112687146599 -0.254069958673832 0.00519249872549732
27.2635704186039 33.9077014502025 21.5800904290888 0.368227664371794 0.806459428494592 -0.462635348118096 0.558035654594949 0.206292258284951 0.803765896554196 0.167086849534689 -0.549149135561938 -0.148565919579474 0.614789022717891 -0.87111519319357 0.253573697824631
27.4944917464786 32.812599641832 21.2017190890838 0.0865956007084149 0.951493691627063 -0.295230143381853 0.444454628513935 0.228320177371147 0.866215829789218 -3.4959516461001 -6.21015090174024 -3.92605326407031 0.346372598218909 -1.09065838031574 -0.284432808511514
28.4263302276562 34.3009681518469 22.0099818931983 -0.528440098012312 0.834701715699514 -0.154996740154482 0.447743163450656 0.429128075873382 0.784458434220901 -0.591608709851685 0.286907246692405 -0.442324095046048 0.329377853440896 -0.331702957893725 -0.184157127893702
28.6545562704201 34.7526249539119 22.218208053974 -0.927978520705189 0.358356132725974 0.10215981778277 0.354451737366082 0.764287836271068 0.538728093693918 -1.05074201107006 -0.19309435801592 -0.117949950522624 0.402029203278473 0.0470540963361153 0.0596071878277202
28.7851082181192 35.2710636567936 22.4333326863993 -0.92161903316549 -0.0048885650836213 0.388064868025639 0.269436222401097 0.711615212325879 0.648851134898616 0.00382760715457771 -0.625646269229559 0.470690036975461 0.550439694311727 -0.17127078748215 -0.127398570946781
28.8136190702364 35.7631792883601 22.6203967548505 -0.501750388155698 -0.491890605989269 0.711540624642264 0.307985835949689 0.667085053794887 0.678337774933057 0.0510141081504025 -0.562420116026559 0.282981326621962 0.372105500685806 -0.130138073035943 0.053914954101896
28.7775568210771 36.1000692753114 22.9830131358278 -0.125277964487333 -0.808228136126398 0.575389081186912 0.0980812813182479 0.567027764572107 0.817838286102884 0.656163397732386 -0.348990241439656 0.498190687551933 0.131485905056812 -0.161757470021222 -0.297567531965535
28.6523213357312 36.3403389778812 23.4374979460036 0.606246520962341 -0.665086049870453 0.436033924031609 0.344392898417884 0.713758901043448 0.609870188096868 -0.191698696609937 -0.065646870069643 0.21858280378295 -0.040456905180996 0.283067819638519 0.412626073925241
7.32327523304125 11.5365347092218 8.16488002649826 0.817316850869529 -0.439179294375522 -0.372980691019529 0.554018848659029 0.42116749495463 0.718109280454859 0.214146740040452 0.135036583503885 -0.00941675099741668 0.050134167586895 0.576080605005388 -0.424495498973596
7.61746465039689 11.4647787721237 8.55735280048195 0.605212126185253 0.174432509594552 -0.776718393641935 0.625442367055204 0.499423686905623 0.599497883552982 -0.103577399608614 0.21240611693522 0.0447177450635787 0.500945835651255 0.0854055512705212 -0.223792516680813
8.05205768874513 11.5753690284816 8.82575833151498 0.210054960275675 0.687532081159712 -0.695108935485227 0.396551161667127 0.589950131961232 0.703353325361245 0.177062218561847 -0.272401174233033 -0.0197656385817412 0.832684890944559 0.11107513418599 0.124189233261779
8.44930527367377 11.7880837671552 9.08443687557625 -0.257794254425385 0.873489622394436 -0.412986540685608 0.530968390055445 0.485181632510256 0.694745450277691 0.481773801829998 0.629081008351411 -0.393769982376683 0.325513542004495 -0.0632216549754719 0.0858445524808139
8.83606590934875 12.0515915377347 9.29356357486604 -0.774827055812746 0.631145228217525 -0.0360363104695801 0.36066961535714 0.488154401819256 0.794746871270355 0.0153746455243024 0.239459317495599 0.105894314870322 0.45801468124352 -0.276255308847238 0.158063828515959
8.9915873374261 12.4553755848864 9.52853513034633 -0.918172457871492 0.0970637854238015 0.384106550896999 0.339747680931729 0.691620232152986 0.637363986839138 -0.0795739476468006 -0.0443892346569516 0.0785507468111784 0.171102217271224 0.217370927135377 0.514891431175794
10.8000322517374 14.8635690428314 10.3455254523027 -0.756903013368027 -0.279530701136687 0.590728614762015 0.238526518893908 0.723388936306145 0.647930112465128 7.32158134806858 7.83980206336196 4.45204306200044 0.364888084606309 -0.130365510548655 0.0297995952950809
9.06212367898676 13.5402044793383 9.78297390571813 -0.202945740465289 -0.702141677724262 0.682502726965762 0.263371172317772 0.632180395229096 0.728686115113303 0.749390546424639 -0.0570101880839795 0.0339737843192063 0.200714972068655 0.083219251142607 -0.013990377825593
8.58660568064505 13.6195677484965 10.2710779268227 0.019343267242772 -0.829514296880939 0.558150301901854 -0.0351537502810242 0.557345293582762 0.829536213646995 0.554538325988354 -0.301033345289769 0.212897765036493 0.42149065447964 -0.174738158939166 -0.598053895196792
8.437401953326 13.7616927170316 10.7394803782642 0.691749244917511 -0.677772035753049 0.249214631897675 0.246467701970757 0.545975375168286 0.80072744600138 0.355425189205549 -0.345432283602715 0.472320533659004 0.416322984127761 0.0444925820040854 -0.0872807160721962
8.51998639311598 13.7310872795809 11.1788043359691 0.982223305401217 0.118299036458412 -0.14574841660567 0.0540552494287446 0.565293310218609 0.823116871719578 -0.138273848236745 -0.121571948976411 -0.112946870803873 0.465977574002861 -0.0214663671303463 0.314565841916886
8.80997371734653 13.8373992659243 11.621233636134 0.671357752029716 0.498400375062431 -0.54852139421457 0.31058287091307 0.482790717218995 0.818810897608166 0.363175124897566 0.216012836433417 0.240378075905702 0.151093414043908 0.323302556955821 0.562852598559186
9.2182051060526 14.1213239018544 11.9886497660885 0.180426697170492 0.631366583395885 -0.754203106460521 0.523380491665404 0.587590896744848 0.617097792996477 0.819736448014877 1.20545247820488 0.610650655775053 0.452578498585027 0.195698086962444 0.296036200482483
10.3629197759436 14.7842657853538 12.5420612510346 -0.183462245598357 0.63205427256765 -0.752893674905066 0.305900730334965 0.764574067299366 0.567319241173306 2.7751951015228 0.73536068569785 1.19806826062773 0.227093889626421 1.53488352706365 -0.974647979654036
9.96972586168169 14.4601802726765 12.3203938039669 -0.787181580885728 0.592239875755806 -0.172037696784301 0.424086189267442 0.722349484771697 0.546225244017952 0.340702461693295 0.707872375395473 -0.637598338567797 0.745344657251617 0.196573494270036 0.00974283095131395
10.2898986656309 15.4178317079642 12.1246341168185 -0.881218466456762 -0.00617116813732278 0.472668829494165 0.276373816599223 0.804483662547868 0.525759872244774 0.443949779330821 2.70894870386301 -0.584523175891518 0.702863016126375 0.380473684171022 1.15534711196065
10.1802037421654 15.4845099193286 12.6494853532836 -0.843261114832092 -0.327131433636252 0.426492202450515 0.116178462598744 0.663782054780986 0.738847638086252 2.21112475132216 2.1005259580225 0.323911930641681 0.521313288331343 1.86972444825648 -0.308779381446932
9.7902161583633 15.7816588631708 12.7943356396573 -0.243586942803346 -0.632950127365456 0.734873743200287 0.147479420110931 0.724712862063812 0.67308318392245 0.226542758032164 0.803059623046796 1.16111034389599 0.664432993003707 -0.805728348289457 0.0812858820310939
9.80007957977627 16.0762684459121 13.1349886337603 0.164385014328301 -0.765336286673742 0.62228435532431 -0.0425532859324984 0.624776877924185 0.779642842344613 0.445856332363224 0.50016508493753 0.212799014334487 0.250840399542724 -0.467519463749362 -0.384948170255149
9.61814976871242 16.3102035422256 13.521339001411 0.745726815463838 -0.622969362427254 0.236221445433123 0.171584692279264 0.522169145238417 0.835402872921817 0.393222901812982 0.660429101122462 0.72718651511197 0.366634496908407 -0.09467425800931 0.0252513398964452
10.9527294819044 17.1815205266001 13.7009382237429 0.969936423102671 -0.183231484185158 -0.1601544231982 0.225590120592469 0.430125093686988 0.874128930025772 6.03456239524138 4.59996059174593 -1.54296800171989 0.407121001619924 -0.0886691466655442 -0.206627507788015
9.90286739359559 16.0506374366329 14.3967630048252 0.888055829421667 0.392725226897176 -0.239005485705313 0.143568961263078 0.256971449167539 0.955695304741393 0.859574471283823 -0.139172238705522 -0.572254288841243 0.584679426217105 -0.843169730383989 -0.705862652001868
9.98576766995468 16.2460178705485 14.9127477923099 0.460018000844512 0.648928664198774 -0.606032104148661 0.443208076816749 0.423606998996267 0.790014935095376 -0.142262364304624 0.624163532134315 0.109085131794316 0.308738869369478 -0.139350899669332 -0.25207480283325
10.3663816477865 16.3992910012658 15.1621678158313 -0.182544404874715 0.836438800111248 -0.516766442106259 0.448998297312618 0.538509883427651 0.713027011458421 0.145762791967392 0.540856188291724 -0.0776147879457628 0.499903803444318 -0.1591236777801 -0.417026386750632
10.6736997813033 16.7335204146841 15.3122815889472 -0.681808242166573 0.667008787868338 -0.30039420941148 0.405649290608772 0.686450399543329 0.603518342033407 -0.423733557387716 0.137359772071745 0.657965424702772 0.294631843305607 0.0423734726213202 0.111303214599629
10.9376018503314 17.1132669508587 15.4292156366194 -0.954916892419136 0.172975287258444 0.241274034004249 0.296606481641888 0.521456541819522 0.800067216811166 0.088875441034253 0.149593882263995 0.119725967215427 0.190694826419587 -0.259072656741337 -0.0701943462304973
10.9620314704771 17.5126649297909 15.7427429398016 -0.683788702180895 -0.548462888757348 0.481270565181177 0.174470018281437 0.51753994579017 0.837682814725818 -0.666001989256977 -0.037384212911599 0.662104118009801 -0.0855723696329667 0.391530102710445 0.561080915160255
25.9359033766869 27.027591504551 11.4165781814836 -0.313344974703978 0.166947377086633 0.934849400320034 0.794176257910639 0.58581263916027 0.161578167771681 -1.01231049810937 -0.939004045326085 0.286210394233651 -0.0585576586893484 0.177951185308862 -1.0383510295472
26.0888500301229 27.5559780904633 11.4714149079114 0.484464931193627 -0.46095037977324 0.743517557733003 0.724957312149375 0.687234892695196 -0.0463139156968483 -0.662557782015084 0.214450177958354 -0.0880228949386938 0.208682915253212 -0.0966129681289533 -0.0161112437480087
26.2362625141122 27.9339436951825 11.6393187140803 0.672119193363646 -0.739015049778105 0.0459611890175215 0.719754050960978 0.666650275039413 0.193730223339724 -1.07068301963668 -0.491728121126767 0.187720274613909 0.143405748957335 0.303546194034094 0.265660523949444
26.5492185955514 28.3251775694408 11.9140968637107 0.460309210232113 -0.81294576593854 -0.356699444392268 0.887652290524117 0.427685444423765 0.170758473709448 -0.690137880866975 0.181595451652905 -0.551914191226622 0.507360500921218 0.147059894892251 -0.168315252245123
26.9438454805245 28.3443906433914 12.1333602623727 0.221427572186704 -0.413072160874019 -0.883369176164309 0.944994113610545 0.314517785017247 0.0898030128476281 -0.367195338013638 0.182729431000095 -0.952526442021468 0.755614892335159 0.106269544213259 0.105045071103108
27.2088934670104 28.0291685014619 12.5650320557194 0.00405825629691669 0.177549573792722 -0.984103429782921 0.782465640822732 0.612228278548993 0.113683493864013 -2.00281026184874 -1.06335838672959 0.403422450637846 0.405810610146282 0.184334731905361 0.0975988139721489
27.4624490517142 27.9062804447383 12.1481536033251 -0.0318379891505952 0.952137600141266 -0.304006953034611 0.960493782094454 0.113281423206324 0.25420248602334 -2.40600391787291 -1.50181927306331 -0.88289439506915 0.503571257619613 -1.61984937930413 0.866075972502135
28.1493526338401 28.4408468310457 11.9928636445812 -0.245032027039981 0.956629692813103 -0.157539891444911 0.968827007764583 0.247724094329315 -0.00262422971595226 -1.14052041991262 0.0432744700361184 -0.186728122075103 0.303083949972568 -0.784797400502023 0.00885630073222326
28.68221499488 28.7294021711333 11.9671592650204 -0.658465458286812 0.741390159533409 -0.129475023021885 0.723814467187006 0.670962181962243 0.160941755330111 -0.888990475002418 0.198576656920597 0.549376787511764 0.157186033187489 0.137677443983927 -0.736906383577758
28.9904204317705 29.1295615795471 11.7576914594656 -0.581094443660097 0.410090524356919 0.702961517711133 0.664950996586722 0.737252345085273 0.119578567188214 -0.440991075456143 0.118119381489092 0.274993855805388 0.0416668460651691 0.178923647146533 -0.508031157110461
29.1287486160872 29.5991059503207 11.7264770398815 0.0272304120777813 -0.239312411146512 0.970560640707828 0.748360730712162 0.648579959062496 0.138924923152146 -0.519102798919557 -0.134828341818129 0.37620394374404 0.155677434612899 0.102413565606264 0.0306515013574822
29.4202580102099 30.0015356228674 11.9226998699464 0.123706926212216 -0.714644949362521 0.688461381333775 0.839213456624233 0.445581754445611 0.311733147285391 -0.136817041955511 -0.545693776889981 0.780787024644099 0.463870682812468 0.426106445345002 -0.113182037721416
29.3584932353191 30.2386409481268 12.3343652484321 0.695494133249965 -0.694427095232157 0.184550267728051 0.67128296039391 0.719562948476885 0.177787043560109 0.190802495017153 -0.857098383627475 0.580030549249298 0.518404759553911 -0.211074165583919 0.194225725572828
29.6599013524014 30.5540014307888 12.5724132706528 0.620826244139276 -0.707371025101089 -0.337936219409903 0.777480402001104 0.610819689303822 0.149744492767086 -0.270846591816628 -0.663122887543117 0.0481097138811455 0.266829944815216 -0.100938646682849 0.045234092705633
30.0922493474455 30.6491165405746 12.7093748899784 0.379054237170813 -0.370913538263483 -0.847785888777344 0.825444994637973 0.54964010230014 0.128593161524476 -0.182053968735159 0.166956726977458 0.11120854520805 0.271324525483431 0.0524558722192242 0.0951021663227948
30.6094878639025 30.7507606643709 12.7177486009455 0.0220468003204662 0.0987745496289651 -0.994865522436579 0.728822774706235 0.679576728218265 0.0836224530801674 -0.29893975249753 0.222386685959653 -0.332228697872972 0.290162489255716 0.109291691567482 0.145136938228743
31.0714050287658 30.8457114088885 12.5896899742493 -0.399437672876085 0.63218680591705 -0.663919627041072 0.767065454346867 0.627073361239842 0.135607777196985 -0.428690059390485 0.220583323366496 -0.374134074027258 0.295781002740946 0.024319118972384 0.212005170673464
31.4834101621236 31.0776719232857 12.3974920401691 -0.601904598328411 0.746046178764021 -0.284825972500572 0.785997490780149 0.61650145034288 -0.0461929549591105 -0.261524132562932 0.212019646012849 -0.276011611899277 0.419025246480719 0.307131221166838 -0.070612249532467
31.7734552490496 31.3140546187564 12.1023873340769 -0.484005369706091 0.790033675339156 0.376278453699586 0.850007478194363 0.526625905032186 -0.0123419651505231 -0.364865241956647 0.0384050989415927 0.260324578430006 0.438214550053283 -0.229289033432929 0.164395564153018
32.0506145107612 31.7117066393908 11.9964450321386 -0.379262939228321 0.36804448113226 0.848942143883215 0.729586889880214 0.683241369012452 0.0297335373941894 -0.310674911830363 0.534213929748033 0.180089509298498 0.0981133936086555 0.308738847949176 0.0873644027229629
32.2659114915811 32.1446466962008 12.0016698432035 -0.214223445183509 -0.137386770762379 0.967074491677605 0.558698150396463 0.794881301376421 0.236685407792938 -0.179723429921437 0.132112954811513 0.499099757847422 0.316901331016132 0.228752720863594 -0.308988627279206
32.2707661259386 32.5642013666969 12.2276681113798 0.450483645518214 -0.538050913048823 0.712436370485461 0.789720106319632 0.61235750385716 -0.0368825599858267 0.351725930442247 0.0447044474704683 0.393850021376013 0.465006837024029 -0.10879179308209 0.211984795778921
32.6093749698691 32.8933907568588 12.4236136079744 0.387319862734757 -0.86277011770508 0.324978352911245 0.847372125458854 0.472021037742644 0.243221099388862 0.160596599535435 -0.322798671504345 0.153777583910757 0.366463948088987 0.270855037481149 -0.394287698897895
32.7445115480917 33.1000459835275 12.8184739485563 0.651315770022324 -0.653415797342546 -0.385791970443292 0.757403348110057 0.590724113375889 0.278181731185678 0.358735118120692 -0.128410042800883 -0.262586547806803 0.452813001596444 -0.238371177140438 0.223698752019746
33.1751769396007 33.2748608111999 12.9798843513957 0.325342610809473 -0.556876941586536 -0.764225189346061 0.885357578524909 0.463241895172001 0.0393546489778248 0.16124913886605 -0.31132659922324 -0.250834110277872 0.443635729105546 0.102904604558424 -0.498182436339105
33.660515799175 33.3784034344405 13.1273918963082 -0.0297171041005095 -0.237488164541751 -0.970935709183857 0.913534191995826 0.387779414236403 -0.122810005116671 -0.00733856853189164 0.672106033698476 0.130251638124941 0.373975699037979 0.543299799200661 -0.0893428902470319
34.0845121138308 33.4220658386514 12.9770156007203 -0.484569630900657 0.411241094318339 -0.772057585915131 0.722535160237391 0.68567735337123 -0.0882575236615442 0.212145389648746 0.21950875589457 -0.444618812978461 0.289128840579753 0.256780705996289 0.112715211719071
