t = 0
b =  30.0 30.0 30.0
E = 0. 0. 0.
10.1027662296 0.750363212386 1.89268821127 -0.610751455754 0.695891633027 0.377779690265 0.755882544237 0.370288150445 0.539933574579 0.0 0.0 0.0 0.0 0.0 0.0
10.4107475798 1.19048682779 1.88156197056 -0.633028808379 0.202893218578 0.747066844143 0.755882544237 0.370288150445 0.539933574579 0.0 0.0 0.0 0.0 0.0 0.0
10.5744299932 1.67685995876 2.04072964047 -0.414807933023 -0.367187721802 0.832530813639 0.755882544237 0.370288150445 0.539933574579 0.0 0.0 0.0 0.0 0.0 0.0
10.6435569252 2.07953263699 2.38967273554 -0.038994588693 -0.797767907619 0.601702407861 0.755882544237 0.370288150445 0.539933574579 0.0 0.0 0.0 0.0 0.0 0.0
10.7037950394 2.30035409557 2.87577391342 0.351633451836 -0.925262727363 0.142277197409 0.755882544237 0.370288150445 0.539933574579 0.0 0.0 0.0 0.0 0.0 0.0
10.8441880101 2.31026188634 3.39430718293 0.608670065015 -0.701234767414 -0.371201499087 0.755882544237 0.370288150445 0.539933574579 0.0 0.0 0.0 0.0 0.0 0.0
11.1233273413 2.16032318982 3.82822505904 0.634462744074 -0.210795995304 -0.743654539921 0.755882544237 0.370288150445 0.539933574579 0.0 0.0 0.0 0.0 0.0 0.0
11.5470924749 1.96233353953 4.09262685937 0.419212419008 0.359727699742 -0.833580787799 0.755882544237 0.370288150445 0.539933574579 0.0 0.0 0.0 0.0 0.0 0.0
12.0664170926 1.84634382971 4.1670138929 0.0446962871025 0.793584827331 -0.606815757664 0.755882544237 0.370288150445 0.539933574579 0.0 0.0 0.0 0.0 0.0 0.0
12.5959302304 1.91125180626 4.10307725538 -0.346800711555 0.925945810985 -0.149511275775 0.755882544237 0.370288150445 0.539933574579 0.0 0.0 0.0 0.0 0.0 0.0
13.0463901351 2.18722915955 4.00505951783 -0.606542321694 0.706524500058 0.364595039477 0.755882544237 0.370288150445 0.539933574579 0.0 0.0 0.0 0.0 0.0 0.0
13.3585886984 2.62425879487 3.99015123101 -0.635848362975 0.218682719099 0.740185603528 0.755882544237 0.370288150445 0.539933574579 0.0 0.0 0.0 0.0 0.0 0.0
13.5258456074 3.11113716288 4.14396827581 -0.423584980344 -0.352240283026 0.834567281555 0.755882544237 0.370288150445 0.539933574579 0.0 0.0 0.0 0.0 0.0 0.0
13.5965463068 3.51772234729 4.48802495869 -0.0503945817167 -0.789341312485 0.611882896098 0.755882544237 0.370288150445 0.539933574579 0.0 0.0 0.0 0.0 0.0 0.0
13.6557595597 3.74437715469 4.97156036699 0.341941561057 -0.926558380249 0.156733968277 0.755882544237 0.370288150445 0.539933574579 0.0 0.0 0.0 0.0 0.0 0.0
13.7929184023 3.75982295016 5.49082328829 0.604368387827 -0.711760428126 -0.357960814544 0.755882544237 0.370288150445 0.539933574579 0.0 0.0 0.0 0.0 0.0 0.0
14.0678430378 3.61302293363 5.92848903065 0.637185559561 -0.226552789358 -0.736660299134 0.755882544237 0.370288150445 0.539933574579 0.0 0.0 0.0 0.0 0.0 0.0
14.4880141417 3.41458020165 6.19823303465 0.427925284043 0.344726041847 -0.83549021978 0.755882544237 0.370288150445 0.539933574579 0.0 0.0 0.0 0.0 0.0 0.0
15.0057308276 3.29471778175 6.27752701676 0.0560890385884 0.785037686243 -0.61690343728 0.755882544237 0.370288150445 0.539933574579 0.0 0.0 0.0 0.0 0.0 0.0
15.5362330115 3.35380472713 6.21619784093 -0.337056370385 0.927100388505 -0.163944724882 0.755882544237 0.370288150445 0.539933574579 0.0 0.0 0.0 0.0 0.0 0.0
15.9899031853 3.62422423524 6.1174974599 -0.602148428967 0.716942152882 0.351299329509 0.755882544237 0.370288150445 0.539933574579 0.0 0.0 0.0 0.0 0.0 0.0
16.3063136057 4.05807072966 6.09887577209 -0.638474232 0.234405606745 0.733078895207 0.755882544237 0.370288150445 0.539933574579 0.0 0.0 0.0 0.0 0.0 0.0
16.4771838048 4.54534998952 6.24735944151 -0.432232999576 -0.337185548446 0.836349532191 0.755882544237 0.370288150445 0.539933574579 0.0 0.0 0.0 0.0 0.0 0.0
16.5495264781 4.95576779299 6.58648901311 -0.0617792240626 -0.780674276342 0.621876998877 0.755882544237 0.370288150445 0.539933574579 0.0 0.0 0.0 0.0 0.0 0.0
16.6077865753 5.18823087061 7.06737546617 0.332145511565 -0.927571794477 0.171142996461 0.755882544237 0.370288150445 0.539933574579 0.0 0.0 0.0 0.0 0.0 0.0
16.7417592523 5.20925392849 7.58727397065 0.599882614173 -0.722069279717 -0.34461109167 0.755882544237 0.370288150445 0.539933574579 0.0 0.0 0.0 0.0 0.0 0.0
17.0124751901 5.06568127135 8.02861836595 0.639714282154 -0.242240573238 -0.729441664484 0.755882544237 0.370288150445 0.539933574579 0.0 0.0 0.0 0.0 0.0 0.0
18.3914801083 14.697137752 27.0987705571 -0.265618162624 -0.278193805951 0.923068360423 0.728278015583 0.569475258721 0.381194257201 0.0 0.0 0.0 0.0 0.0 0.0
18.4228114569 15.1595272059 27.3706150745 0.155255787574 -0.678909057823 0.717619768143 0.728278015583 0.569475258721 0.381194257201 0.0 0.0 0.0 0.0 0.0 0.0
18.4895333671 15.4671593187 27.8060410406 0.517145468334 -0.821695407875 0.239535427983 0.728278015583 0.569475258721 0.381194257201 0.0 0.0 0.0 0.0 0.0 0.0
18.6741386031 15.5874859374 28.2960691151 0.682562939463 -0.65230593446 -0.329552426087 0.728278015583 0.569475258721 0.381194257201 0.0 0.0 0.0 0.0 0.0 0.0
19.0143340826 15.5591193978 28.7109757037 0.588663338046 -0.23509453057 -0.773437803664 0.728278015583 0.569475258721 0.381194257201 0.0 0.0 0.0 0.0 0.0 0.0
19.4887153886 15.4771630526 28.9495771206 0.271120692579 0.271433216054 -0.923481228438 0.728278015583 0.569475258721 0.381194257201 0.0 0.0 0.0 0.0 0.0 0.0
20.024898665 15.4570799175 28.9776709624 -0.149425236895 0.674838945778 -0.722678694746 0.728278015583 0.569475258721 0.381194257201 0.0 0.0 0.0 0.0 0.0 0.0
20.5270204539 15.5908263414 28.8410301731 -0.513202020616 0.821862077295 -0.247318442377 0.728278015583 0.569475258721 0.381194257201 0.0 0.0 0.0 0.0 0.0 0.0
20.912157826 15.9119162516 28.648013137 -0.682004776425 0.656646064847 0.322002221196 0.728278015583 0.569475258721 0.381194257201 0.0 0.0 0.0 0.0 0.0 0.0
21.141832188 16.382688653 28.5283965173 -0.591702515158 0.241959233827 0.768988857346 0.728278015583 0.569475258721 0.381194257201 0.0 0.0 0.0 0.0 0.0 0.0
21.2366279429 16.9086156693 28.5840709319 -0.276602575644 -0.264651955467 0.923823769782 0.728278015583 0.569475258721 0.381194257201 0.0 0.0 0.0 0.0 0.0 0.0
21.2683721321 17.3742152641 28.8503310039 0.143583306905 -0.670717442134 0.727682586568 0.728278015583 0.569475258721 0.381194257201 0.0 0.0 0.0 0.0 0.0 0.0
21.3328461406 17.6869247968 29.2824663444 0.509219490576 -0.821966158737 0.255082622513 0.728278015583 0.569475258721 0.381194257201 0.0 0.0 0.0 0.0 0.0 0.0
21.5133967479 17.8122671178 29.7727477767 0.681394676082 -0.660936189094 -0.314427494588 0.728278015583 0.569475258721 0.381194257201 0.0 0.0 0.0 0.0 0.0 0.0
21.8492712932 17.7869490137 30.1913554517 0.594696631832 -0.248805510951 -0.764481349549 0.728278015583 0.569475258721 0.381194257201 0.0 0.0 0.0 0.0 0.0 0.0
22.3207069544 17.7049156855 30.435699579 0.282063394352 0.257850540609 -0.924095958369 0.728278015583 0.569475258721 0.381194257201 0.0 0.0 0.0 0.0 0.0 0.0
22.8564389751 17.6816593962 30.4693960036 -0.137730442491 0.666544860761 -0.732631062544 0.728278015583 0.569475258721 0.381194257201 0.0 0.0 0.0 0.0 0.0 0.0
23.3607753372 17.8103420289 30.3360891544 -0.505198181501 0.822007644273 -0.262827377121 0.728278015583 0.569475258721 0.381194257201 0.0 0.0 0.0 0.0 0.0 0.0
23.7499517579 18.1264013299 30.1428707963 -0.680732684896 0.665175980491 0.30682882311 0.728278015583 0.569475258721 0.381194257201 0.0 0.0 0.0 0.0 0.0 0.0
23.9839551417 18.5940875166 30.0195940781 -0.597645460056 0.255632840572 0.759915623537 0.728278015583 0.569475258721 0.381194257201 0.0 0.0 0.0 0.0 0.0 0.0
24.0817252241 19.1200452174 30.0695401502 -0.287502732841 -0.251029489435 0.924297773471 0.728278015583 0.569475258721 0.381194257201 0.0 0.0 0.0 0.0 0.0 0.0
24.1139590494 19.5887807381 30.3301799288 0.13186708937 -0.662321519415 0.737523745828 0.728278015583 0.569475258721 0.381194257201 0.0 0.0 0.0 0.0 0.0 0.0
24.176251982 19.9065400477 30.7589382685 0.501138399629 -0.821986530745 0.270552116406 0.728278015583 0.569475258721 0.381194257201 0.0 0.0 0.0 0.0 0.0 0.0
24.3527794285 20.0369275017 31.2493689716 0.680018853281 -0.669365116163 -0.299206785429 0.728278015583 0.569475258721 0.381194257201 0.0 0.0 0.0 0.0 0.0 0.0
24.6843171939 20.0147331564 31.6715954786 0.600548775263 -0.262440702762 -0.755292027009 0.728278015583 0.569475258721 0.381194257201 0.0 0.0 0.0 0.0 0.0 0.0
25.1527500717 19.9327154447 31.9216531443 0.292920176883 0.244189321392 -0.924429199719 0.728278015583 0.569475258721 0.381194257201 0.0 0.0 0.0 0.0 0.0 0.0
25.6879541129 19.9063606965 31.9609871448 -0.125993694059 0.658047739722 -0.742360263824 0.728278015583 0.569475258721 0.381194257201 0.0 0.0 0.0 0.0 0.0 0.0
24.6166454361 11.3532565642 4.24325145254 -0.160304967939 0.664355895209 0.730022987142 0.977940216165 0.207242386501 0.0261443463091 0.0 0.0 0.0 0.0 0.0 0.0
24.9324223549 11.762399801 4.09637786272 -0.0513252147363 0.117076140956 0.991795795288 0.977940216165 0.207242386501 0.0261443463091 0.0 0.0 0.0 0.0 0.0 0.0
25.2364996895 12.1982305479 4.17558415564 0.0771538456566 -0.474682796655 0.876768798863 0.977940216165 0.207242386501 0.0261443463091 0.0 0.0 0.0 0.0 0.0 0.0
25.5581642456 12.5258573363 4.45464992384 0.176320870141 -0.886101803544 0.428642676958 0.977940216165 0.207242386501 0.0261443463091 0.0 0.0 0.0 0.0 0.0 0.0
25.9200211496 12.6514971907 4.83142480375 0.208500648131 -0.960875920434 -0.182331964447 0.977940216165 0.207242386501 0.0261443463091 0.0 0.0 0.0 0.0 0.0 0.0
26.3294057829 12.5581053488 5.16663710662 0.161467543951 -0.670597210163 -0.724035644131 0.977940216165 0.207242386501 0.0261443463091 0.0 0.0 0.0 0.0 0.0 0.0
26.7755969479 12.3118508517 5.33680546163 0.053090220231 -0.125547407963 -0.990666077379 0.977940216165 0.207242386501 0.0261443463091 0.0 0.0 0.0 0.0 0.0 0.0
27.2338900304 12.0369778191 5.28115145314 -0.0754569657762 0.467199953562 -0.880925904777 0.977940216165 0.207242386501 0.0261443463091 0.0 0.0 0.0 0.0 0.0 0.0
27.674982695 11.8686030305 5.02469035693 -0.175336788912 0.882450241563 -0.436507252655 0.977940216165 0.207242386501 0.0261443463091 0.0 0.0 0.0 0.0 0.0 0.0
28.0761073332 11.9013828023 4.66872741874 -0.208603234465 0.962442929012 0.173747802763 0.977940216165 0.207242386501 0.0261443463091 0.0 0.0 0.0 0.0 0.0 0.0
28.4296808574 12.1535514701 4.35237029766 -0.162617823585 0.676787456542 0.717993163003 0.977940216165 0.207242386501 0.0261443463091 0.0 0.0 0.0 0.0 0.0 0.0
28.7461856437 12.5599938599 4.19967974067 -0.0548511826999 0.134009114049 0.989460916413 0.977940216165 0.207242386501 0.0261443463091 0.0 0.0 0.0 0.0 0.0 0.0
29.0501871011 12.9969836314 4.27253683072 0.0737543395558 -0.459681531384 0.885015924773 0.977940216165 0.207242386501 0.0261443463091 0.0 0.0 0.0 0.0 0.0 0.0
29.3710008626 13.3291889834 4.54713332867 0.174339355107 -0.878731477579 0.444338586634 0.977940216165 0.207242386501 0.0261443463091 0.0 0.0 0.0 0.0 0.0 0.0
29.7315552856 13.4610874674 4.92301682142 0.208689934855 -0.963936643835 -0.165150409512 0.977940216165 0.207242386501 0.0261443463091 0.0 0.0 0.0 0.0 0.0 0.0
30.1396805857 13.3732565631 5.26125427312 0.163755719242 -0.682926162937 -0.711896003916 0.977940216165 0.207242386501 0.0261443463091 0.0 0.0 0.0 0.0 0.0 0.0
30.5851340073 13.1297526185 5.43721500834 0.0566079680389 -0.142460614822 -0.988180404167 0.977940216165 0.207242386501 0.0261443463091 0.0 0.0 0.0 0.0 0.0 0.0
31.0434912169 12.8537747723 5.38791998933 -0.0720460966568 0.452128102678 -0.889038547379 0.977940216165 0.207242386501 0.0261443463091 0.0 0.0 0.0 0.0 0.0 0.0
31.4854255165 12.6808595413 5.13596860547 -0.173328644686 0.874945794792 -0.45213608251 0.977940216165 0.207242386501 0.0261443463091 0.0 0.0 0.0 0.0 0.0 0.0
31.8878495461 12.7073882317 4.78095278737 -0.208760742699 0.965356951151 0.156540439417 0.977940216165 0.207242386501 0.0261443463091 0.0 0.0 0.0 0.0 0.0 0.0
32.2426865578 12.9539700696 4.46162036737 -0.164881144267 0.68901286186 0.705744631192 0.977940216165 0.207242386501 0.0261443463091 0.0 0.0 0.0 0.0 0.0 0.0
32.5599389076 13.357612411 4.30316245826 -0.0583604424619 0.150901266668 0.986824638157 0.977940216165 0.207242386501 0.0261443463091 0.0 0.0 0.0 0.0 0.0 0.0
32.8638879926 13.7956527008 4.36965125646 0.0703323671687 -0.444540242666 0.892993466258 0.977940216165 0.207242386501 0.0261443463091 0.0 0.0 0.0 0.0 0.0 0.0
33.1838693429 14.1323600284 4.63969794339 0.172304734617 -0.871093481495 0.459899146473 0.977940216165 0.207242386501 0.0261443463091 0.0 0.0 0.0 0.0 0.0 0.0
33.5431275629 14.2705015694 5.01457865524 0.208815652603 -0.966703742797 -0.147918548161 0.977940216165 0.207242386501 0.0261443463091 0.0 0.0 0.0 0.0 0.0 0.0
33.9499853175 14.1882829619 5.35574132937 0.165994012954 -0.695047089786 -0.699539513282 0.977940216165 0.207242386501 0.0261443463091 0.0 0.0 0.0 0.0 0.0 0.0
34.3946814126 13.9476283484 5.53744394944 0.0601084725112 -0.159330426798 -0.98539372163 0.977940216165 0.207242386501 0.0261443463091 0.0 0.0 0.0 0.0 0.0 0.0
