t = 0
b =  30.0 30.0 30.0
E = 0. 0. 0.
25.1856321958 28.3652455326 18.114766644 -0.364702619109 0.877288410321 0.312020904319 0.772347783516 0.0978556373153 0.627617061228 0.0 0.0 0.0 0.0 0.0 0.0
25.6280698453 28.6686905593 18.1440094927 -0.600377906063 0.435114186649 0.670985852674 0.772347783516 0.0978556373153 0.627617061228 0.0 0.0 0.0 0.0 0.0 0.0
25.9336513321 29.0713198787 18.3262035876 -0.607959588721 -0.172367191253 0.775032057313 0.772347783516 0.0978556373153 0.627617061228 0.0 0.0 0.0 0.0 0.0 0.0
26.1006484116 29.4346580913 18.6850662644 -0.384567259081 -0.714363391371 0.584630625534 0.772347783516 0.0978556373153 0.627617061228 0.0 0.0 0.0 0.0 0.0 0.0
26.1799833723 29.6351571465 19.1771955107 -0.0150713980944 -0.984960995589 0.172118244612 0.772347783516 0.0978556373153 0.627617061228 0.0 0.0 0.0 0.0 0.0 0.0
26.2558828072 29.6111343116 19.7085591162 0.360150339008 -0.881355449913 -0.305784735102 0.772347783516 0.0978556373153 0.627617061228 0.0 0.0 0.0 0.0 0.0 0.0
26.4138785234 29.3862064743 20.1702190818 0.598544940929 -0.442908233337 -0.667514981502 0.772347783516 0.0978556373153 0.627617061228 0.0 0.0 0.0 0.0 0.0 0.0
26.7083125776 29.0603176912 20.4797189863 0.609542312654 0.163807226114 -0.775645126174 0.772347783516 0.0978556373153 0.627617061228 0.0 0.0 0.0 0.0 0.0 0.0
27.1416918211 28.7717687705 20.6124105599 0.388964368797 0.708289581653 -0.589094719318 0.772347783516 0.0978556373153 0.627617061228 0.0 0.0 0.0 0.0 0.0 0.0
27.6637355048 28.6446744822 20.6108179737 0.0206123580964 0.983680883152 -0.178737379454 0.772347783516 0.0978556373153 0.627617061228 0.0 0.0 0.0 0.0 0.0 0.0
28.1904777762 28.7418102821 20.5684821962 -0.355570632065 0.885355370875 0.299525279194 0.772347783516 0.0978556373153 0.627617061228 0.0 0.0 0.0 0.0 0.0 0.0
28.6361677108 29.0407628667 20.5944232156 -0.596666394281 0.450668550849 0.66399327648 0.772347783516 0.0978556373153 0.627617061228 0.0 0.0 0.0 0.0 0.0 0.0
28.945847522 29.4424453617 20.7717215232 -0.611078617579 -0.15523478642 0.776199126657 0.772347783516 0.0978556373153 0.627617061228 0.0 0.0 0.0 0.0 0.0 0.0
29.1162319431 29.8087420822 21.1259544461 -0.39333185737 -0.702161832941 0.593513951258 0.772347783516 0.0978556373153 0.627617061228 0.0 0.0 0.0 0.0 0.0 0.0
29.196956355 30.0149809908 21.6154788929 -0.0261517483875 -0.982325859608 0.185342902753 0.772347783516 0.0978556373153 0.627617061228 0.0 0.0 0.0 0.0 0.0 0.0
29.271719475 29.9972986888 22.1472522603 0.350963847041 -0.889287868598 -0.293243013276 0.772347783516 0.0978556373153 0.627617061228 0.0 0.0 0.0 0.0 0.0 0.0
29.426484815 29.7769031891 22.6121808735 0.594742409176 -0.458394548206 -0.6604210058 0.772347783516 0.0978556373153 0.627617061228 0.0 0.0 0.0 0.0 0.0 0.0
29.7168217058 29.4520166378 22.9265664977 0.612568386502 0.146650524997 -0.77669401657 0.772347783516 0.0978556373153 0.627617061228 0.0 0.0 0.0 0.0 0.0 0.0
30.1467935797 29.1605590782 23.0639046963 0.397669392199 0.695980611887 -0.597887984814 0.772347783516 0.0978556373153 0.627617061228 0.0 0.0 0.0 0.0 0.0 0.0
30.667414204 29.0277503211 23.06495431 0.0316891471217 0.980896028147 -0.191934311473 0.772347783516 0.0978556373153 0.627617061228 0.0 0.0 0.0 0.0 0.0 0.0
31.1952583704 29.1185368444 23.0222524914 -0.346330334762 0.893152643606 0.286938415767 0.772347783516 0.0978556373153 0.627617061228 0.0 0.0 0.0 0.0 0.0 0.0
31.644156526 29.4129175409 23.0449582937 -0.592773132135 0.466085637044 0.656798441503 0.772347783516 0.0978556373153 0.627617061228 0.0 0.0 0.0 0.0 0.0 0.0
31.9579320276 29.8135424731 23.2173813214 -0.614011505971 -0.138055095568 0.777129758227 0.772347783516 0.0978556373153 0.627617061228 0.0 0.0 0.0 0.0 0.0 0.0
32.1317435871 30.1826977419 23.5669511019 -0.401976642965 -0.689746389215 0.602216486884 0.772347783516 0.0978556373153 0.627617061228 0.0 0.0 0.0 0.0 0.0 0.0
32.2139245581 30.3946252995 24.0537961495 -0.0372241326046 -0.979391497655 0.198511103651 0.772347783516 0.0978556373153 0.627617061228 0.0 0.0 0.0 0.0 0.0 0.0
32.2876202869 30.3833005345 24.5858918095 0.341670448086 -0.896949401583 -0.280611966788 0.772347783516 0.0978556373153 0.627617061228 0.0 0.0 0.0 0.0 0.0 0.0
