t = 0
b =  30.0 30.0 30.0
E = 0. 0. 0.
1.37364970695 4.78288965393 12.4510851015 0.98661626374 0.0615532260354 -0.150995193593 0.122572424504 0.330743325633 0.935726911711 0.0 0.0 0.0 0.0 0.0 0.0
1.57170775686 4.58750058449 12.9107384736 0.736143144121 0.602054113292 -0.309231492626 0.122572424504 0.330743325633 0.935726911711 0.0 0.0 0.0 0.0 0.0 0.0
1.93756965963 4.52934976912 13.2999025173 0.205996936394 0.913824577101 -0.349985577535 0.122572424504 0.330743325633 0.935726911711 0.0 0.0 0.0 0.0 0.0 0.0
2.35038857053 4.67950529485 13.6092873376 -0.402410951555 0.878417805737 -0.257774290091 0.122572424504 0.330743325633 0.935726911711 0.0 0.0 0.0 0.0 0.0 0.0
2.67147789237 5.02989618704 13.8599125003 -0.857936191056 0.509285423611 -0.0676302400862 0.122572424504 0.330743325633 0.935726911711 0.0 0.0 0.0 0.0 0.0 0.0
2.79700063246 5.49637870757 14.0951213477 -0.987517127646 -0.0533330057428 0.148207668845 0.122572424504 0.330743325633 0.935726911711 0.0 0.0 0.0 0.0 0.0 0.0
2.69741881223 5.95070396776 14.3641141378 -0.741923797038 -0.595689334535 0.307739006482 0.122572424504 0.330743325633 0.935726911711 0.0 0.0 0.0 0.0 0.0 0.0
2.42871543912 6.2692418254 14.7032560442 -0.21446121163 -0.911733325743 0.350355150435 0.122572424504 0.330743325633 0.935726911711 0.0 0.0 0.0 0.0 0.0 0.0
2.11112562607 6.37995004275 15.1222614181 0.394478773675 -0.881394583133 0.259865515111 0.122572424504 0.330743325633 0.935726911711 0.0 0.0 0.0 0.0 0.0 0.0
1.88345726189 6.28974433714 15.6005031444 0.853549677529 -0.516199302259 0.0706486258776 0.122572424504 0.330743325633 0.935726911711 0.0 0.0 0.0 0.0 0.0 0.0
1.85035557357 6.08187098433 16.0948492271 0.988342788299 0.0451087239353 -0.145408857509 0.122572424504 0.330743325633 0.935726911711 0.0 0.0 0.0 0.0 0.0 0.0
2.04254665493 5.88428016657 16.5560493563 0.747647949584 0.589279191729 -0.306223084822 0.122572424504 0.330743325633 0.935726911711 0.0 0.0 0.0 0.0 0.0 0.0
2.40516410993 5.82101555911 16.9474459236 0.222909154816 0.909572642362 -0.350698042434 0.122572424504 0.330743325633 0.935726911711 0.0 0.0 0.0 0.0 0.0 0.0
2.81859371378 5.96508806409 17.258900861 -0.38651655471 0.884304238918 -0.261936950366 0.122572424504 0.330743325633 0.935726911711 0.0 0.0 0.0 0.0 0.0 0.0
3.14391685682 6.31073774815 17.5106472625 -0.849098162889 0.523073870331 -0.0736616315026 0.122572424504 0.330743325633 0.935726911711 0.0 0.0 0.0 0.0 0.0 0.0
3.27568804691 6.77562213742 17.7456024927 -0.989093182822 -0.0368810069239 0.142598972726 0.122572424504 0.330743325633 0.935726911711 0.0 0.0 0.0 0.0 0.0 0.0
3.18199541486 7.2320995 18.0130631632 -0.753315165845 -0.58282417303 0.304683843088 0.122572424504 0.330743325633 0.935726911711 0.0 0.0 0.0 0.0 0.0 0.0
2.91658456705 7.55572207399 18.3499765253 -0.231340122606 -0.907342691502 0.351014227419 0.122572424504 0.330743325633 0.935726911711 0.0 0.0 0.0 0.0 0.0 0.0
2.59843973102 7.67251585291 18.7669035916 0.378524901012 -0.887146551511 0.263988438108 0.122572424504 0.330743325633 0.935726911711 0.0 0.0 0.0 0.0 0.0 0.0
2.36657965808 7.5870845475 19.2440068307 0.844581986137 -0.529908604302 0.0766690275092 0.122572424504 0.330743325633 0.935726911711 0.0 0.0 0.0 0.0 0.0 0.0
2.32724207545 7.38086055907 19.738586777 0.989768254071 0.0286504812809 -0.139778228478 0.122572424504 0.330743325633 0.935726911711 0.0 0.0 0.0 0.0 0.0 0.0
2.51352219749 7.18116744874 20.2013042718 0.75892501424 0.576324770015 -0.3031213985 0.122572424504 0.330743325633 0.935726911711 0.0 0.0 0.0 0.0 0.0 0.0
2.87279930039 7.11284758787 20.5949252342 0.23975347295 0.905043642984 -0.351303681311 0.122572424504 0.330743325633 0.935726911711 0.0 0.0 0.0 0.0 0.0 0.0
3.28672821501 7.2508324539 20.9084665114 -0.370504421178 0.889921304461 -0.266019822109 0.122572424504 0.330743325633 0.935726911711 0.0 0.0 0.0 0.0 0.0 0.0
3.61620063515 7.59167490928 21.1613685618 -0.840001491197 0.536702983682 -0.0796705848725 0.122572424504 0.330743325633 0.935726911711 0.0 0.0 0.0 0.0 0.0 0.0
3.75419468895 8.05485882668 21.3961096998 -0.990367950634 -0.0204177737929 0.136946839578 0.122572424504 0.330743325633 0.935726911711 0.0 0.0 0.0 0.0 0.0 0.0
3.66643433724 8.5133885119 21.6620678743 -0.764477067556 -0.569781477637 0.301535870043 0.122572424504 0.330743325633 0.935726911711 0.0 0.0 0.0 0.0 0.0 0.0
24.051159417 7.89348110261 2.1485155357 -0.546151703609 0.638248769714 0.542546610536 0.835648745566 0.460256961008 0.299757741983 0.0 0.0 0.0 0.0 0.0 0.0
24.2940733428 8.36272385546 2.0511031871 -0.408166845035 0.155162626987 0.899624580478 0.835648745566 0.460256961008 0.299757741983 0.0 0.0 0.0 0.0 0.0 0.0
24.4439456234 8.86733593401 2.15876028992 -0.115112577846 -0.386872391913 0.914920131376 0.835648745566 0.460256961008 0.299757741983 0.0 0.0 0.0 0.0 0.0 0.0
24.5675779883 9.28376043866 2.47497346548 0.221674882246 -0.781928120963 0.582622227716 0.835648745566 0.460256961008 0.299757741983 0.0 0.0 0.0 0.0 0.0 0.0
24.7417411496 9.52194440353 2.92399539618 0.474244348367 -0.879916283719 0.0289763988216 0.835648745566 0.460256961008 0.299757741983 0.0 0.0 0.0 0.0 0.0 0.0
25.024008325 9.55955142384 3.3796224979 0.5466404576 -0.643609538874 -0.535678048444 0.835648745566 0.460256961008 0.299757741983 0.0 0.0 0.0 0.0 0.0 0.0
25.4308822099 9.45044762951 3.71314177163 0.41135871765 -0.162784769633 -0.896819449047 0.835648745566 0.460256961008 0.299757741983 0.0 0.0 0.0 0.0 0.0 0.0
25.9315253275 9.30423704182 3.84223102372 0.119794923314 0.379884655207 -0.917244146935 0.835648745566 0.460256961008 0.299757741983 0.0 0.0 0.0 0.0 0.0 0.0
26.4594757016 9.24462117324 3.76223444366 -0.217280965253 0.778229548202 -0.589192457898 0.835648745566 0.460256961008 0.299757741983 0.0 0.0 0.0 0.0 0.0 0.0
26.9378968728 9.36240275466 3.54793142428 -0.471808182377 0.880912024531 -0.0372967033331 0.835648745566 0.460256961008 0.299757741983 0.0 0.0 0.0 0.0 0.0 0.0
27.308769354 9.68098825979 3.32512662021 -0.547087582804 0.648921294676 0.528768692396 0.835648745566 0.460256961008 0.299757741983 0.0 0.0 0.0 0.0 0.0 0.0
27.5549332035 10.1474953945 3.2228546562 -0.414519263707 0.170394515589 0.893946021342 0.835648745566 0.460256961008 0.299757741983 0.0 0.0 0.0 0.0 0.0 0.0
27.7066073738 10.6528439643 3.32435771589 -0.124468145935 -0.372867988815 0.9194983108 0.835648745566 0.460256961008 0.299757741983 0.0 0.0 0.0 0.0 0.0 0.0
27.8299090264 11.0731972644 3.63546044446 0.212870501474 -0.774471710248 0.595717818794 0.835648745566 0.460256961008 0.299757741983 0.0 0.0 0.0 0.0 0.0 0.0
28.0017345164 11.3170097137 4.08235706856 0.469336086368 -0.881840680481 0.0456141675564 0.835648745566 0.460256961008 0.299757741983 0.0 0.0 0.0 0.0 0.0 0.0
28.2805451821 11.3598065522 4.5396514436 0.54749304517 -0.654183632609 -0.521819068564 0.835648745566 0.460256961008 0.299757741983 0.0 0.0 0.0 0.0 0.0 0.0
28.6841569046 11.2534822111 4.87799714553 0.417648242516 -0.177991285343 -0.891004516187 0.835648745566 0.460256961008 0.299757741983 0.0 0.0 0.0 0.0 0.0 0.0
29.1829715572 11.1065847509 5.01323833997 0.129131889824 0.365822927081 -0.92168245131 0.835648745566 0.460256961008 0.299757741983 0.0 0.0 0.0 0.0 0.0 0.0
29.7112218281 11.0430766384 4.93838199063 -0.208443826782 0.770654893274 -0.602197813471 0.835648745566 0.460256961008 0.299757741983 0.0 0.0 0.0 0.0 0.0 0.0
30.1919573221 11.155239333 4.72625463076 -0.466828248599 0.882702180849 -0.0539281580841 0.835648745566 0.460256961008 0.299757741983 0.0 0.0 0.0 0.0 0.0 0.0
30.5662793022 11.4686140176 4.50183434556 -0.547856813821 0.659396151926 0.51482970619 0.835648745566 0.460256961008 0.299757741983 0.0 0.0 0.0 0.0 0.0 0.0
30.8157173044 11.9322980757 4.39476950808 -0.420745415795 0.185574500371 0.887995157588 0.835648745566 0.460256961008 0.299757741983 0.0 0.0 0.0 0.0 0.0 0.0
30.9692463757 12.4382838471 4.49012319472 -0.13378579982 -0.358750006516 0.923796402132 0.835648745566 0.460256961008 0.299757741983 0.0 0.0 0.0 0.0 0.0 0.0
31.0922789698 12.8624925432 4.79605630029 0.204001278285 -0.766779387947 0.608631948453 0.835648745566 0.460256961008 0.299757741983 0.0 0.0 0.0 0.0 0.0 0.0
31.2618136617 13.1119138536 5.24072707766 0.464284860051 -0.883496460029 0.0622380417738 0.835648745566 0.460256961008 0.299757741983 0.0 0.0 0.0 0.0 0.0 0.0
31.5371821021 13.1599421182 5.69958501861 0.548178861054 -0.664558455673 -0.50780113754 0.835648745566 0.460256961008 0.299757741983 0.0 0.0 0.0 0.0 0.0 0.0
31.9375079311 13.056484262 6.04268967428 0.423810547681 -0.193143583182 -0.88491817472 0.835648745566 0.460256961008 0.299757741983 0.0 0.0 0.0 0.0 0.0 0.0
26.935068826 5.87315997985 21.4936677445 0.596176042301 -0.137179119859 0.791047416822 0.031158111857 0.988505580894 0.147938800205 0.0 0.0 0.0 0.0 0.0 0.0
26.7329123273 6.22044935844 21.8503299652 0.953343997884 -0.0738568216418 0.292712130933 0.031158111857 0.988505580894 0.147938800205 0.0 0.0 0.0 0.0 0.0 0.0
26.7480706229 6.55090307221 22.2737159254 0.948320629609 0.017524917937 -0.316829387383 0.031158111857 0.988505580894 0.147938800205 0.0 0.0 0.0 0.0 0.0 0.0
26.9793986358 6.88535159158 22.6248806167 0.58301439907 0.102248648191 -0.806002124327 0.031158111857 0.988505580894 0.147938800205 0.0 0.0 0.0 0.0 0.0 0.0
27.3436247994 7.24310769352 22.7923170984 -0.00378874915655 0.14812640749 -0.988961178603 0.031158111857 0.988505580894 0.147938800205 0.0 0.0 0.0 0.0 0.0 0.0
27.7069873175 7.63462921471 22.7343198483 -0.589152488234 0.137728468043 -0.796197346578 0.031158111857 0.988505580894 0.147938800205 0.0 0.0 0.0 0.0 0.0 0.0
27.9360525074 8.05754594453 22.4948293881 -0.950687346927 0.075005180889 -0.300944830879 0.031158111857 0.988505580894 0.147938800205 0.0 0.0 0.0 0.0 0.0 0.0
27.9484084866 8.49756010769 22.1867385441 -0.951040187878 -0.0162138285046 0.308641657601 0.031158111857 0.988505580894 0.147938800205 0.0 0.0 0.0 0.0 0.0 0.0
27.743974825 8.93387832813 21.9490025757 -0.59007696091 -0.101272933368 0.800970020145 0.031158111857 0.988505580894 0.147938800205 0.0 0.0 0.0 0.0 0.0 0.0
27.4050331017 9.34711138022 21.8938477487 -0.00493363093126 -0.147856757653 0.988996480531 0.031158111857 0.988505580894 0.147938800205 0.0 0.0 0.0 0.0 0.0 0.0
27.064966757 9.72664047975 22.0641347004 0.582084067924 -0.138267327671 0.801286642824 0.031158111857 0.988505580894 0.147938800205 0.0 0.0 0.0 0.0 0.0 0.0
26.8575864939 10.0746515376 22.4170749677 0.947958297448 -0.0761478282012 0.30915461271 0.031158111857 0.988505580894 0.147938800205 0.0 0.0 0.0 0.0 0.0 0.0
26.8662933546 10.4053046956 22.8404870386 0.953687320754 0.0149015043262 -0.300430423562 0.031158111857 0.988505580894 0.147938800205 0.0 0.0 0.0 0.0 0.0 0.0
27.09239327 10.739354652 23.195415985 0.597094586104 0.10028950622 -0.795876918994 0.031158111857 0.988505580894 0.147938800205 0.0 0.0 0.0 0.0 0.0 0.0
27.4546009151 11.0962656045 23.3689247627 0.013655635304 0.14757584795 -0.988956466548 0.031158111857 0.988505580894 0.147938800205 0.0 0.0 0.0 0.0 0.0 0.0
27.8199213627 11.4868164761 23.3170008827 -0.574971319658 0.138795657707 -0.806314917989 0.031158111857 0.988505580894 0.147938800205 0.0 0.0 0.0 0.0 0.0 0.0
28.0541770799 11.9090058223 23.0812774918 -0.945157057274 0.0772846765615 -0.317340851221 0.031158111857 0.988505580894 0.147938800205 0.0 0.0 0.0 0.0 0.0 0.0
28.0729842162 12.348812213 22.7732162439 -0.956261826649 -0.0135880453407 0.292196310583 0.031158111857 0.988505580894 0.147938800205 0.0 0.0 0.0 0.0 0.0 0.0
27.873811439 12.7855212083 22.5317611541 -0.604066740234 -0.099298441638 0.790723208734 0.031158111857 0.988505580894 0.147938800205 0.0 0.0 0.0 0.0 0.0 0.0
27.5369416293 13.1995951207 22.4705514447 -0.0223765997472 -0.147283699776 0.9888411397 0.031158111857 0.988505580894 0.147938800205 0.0 0.0 0.0 0.0 0.0 0.0
27.1949710731 13.5800957091 22.6347481042 0.5678147851 -0.139313417916 0.811281789152 0.031158111857 0.988505580894 0.147938800205 0.0 0.0 0.0 0.0 0.0 0.0
26.9824339149 13.9288397995 22.983876473 0.942283839731 -0.0784156393945 0.325502922997 0.031158111857 0.988505580894 0.147938800205 0.0 0.0 0.0 0.0 0.0 0.0
26.9846903877 14.2597090425 23.4072032434 0.958763509503 0.0122735515729 -0.283939945724 0.031158111857 0.988505580894 0.147938800205 0.0 0.0 0.0 0.0 0.0 0.0
27.2054970326 14.5933760419 23.7658058942 0.610992892343 0.0982998150949 -0.785509281841 0.031158111857 0.988505580894 0.147938800205 0.0 0.0 0.0 0.0 0.0 0.0
27.5655795266 14.9494504872 23.9453516795 0.0310958601257 0.146980335377 -0.988650508772 0.031158111857 0.988505580894 0.147938800205 0.0 0.0 0.0 0.0 0.0 0.0
