t = 100
b = 30 30 30
E = -0.40324392701548 -0.659331015348925 0.256087088333446
3.50620419126482 5.62088351203097 13.0148601083086 0.981316677324746 -0.129670916285136 0.142136983033743 -0.118222664461388 0.176447965814727 0.977184424688976 8.43400679772264 2.8888271345223 2.74407677105128 0.399894255382149 -0.733637358304264 -0.66520187157184
2.56748881948851 4.3045425087317 12.9107987059159 0.953432484907653 0.281141484201725 0.109205619778288 -0.173034029372121 0.213311816019131 0.961538962279913 3.13669275982292 -0.806432892777481 -0.683397550374055 -0.0569454543141999 -0.674970112298182 -1.51633363227968
1.97701016722943 4.63195440912336 13.4443324953583 0.274817923447822 0.896791273254411 -0.346756979097696 0.255028631321678 0.279737900045154 0.925584673407569 -0.500878938718987 0.217109658833942 0.178187807749144 0.146532862435905 0.36694874646801 -0.248916425033739
2.26413779394215 4.86392194073877 13.7413951593339 -0.379464492883719 0.865383274965623 -0.327289423859667 0.28657506025193 0.446286712832695 0.847763404983497 0.272536687813913 0.213807766348435 0.076959574416139 0.611151906789331 0.315293958036727 -0.211246509883373
2.59756156316859 5.21683226611481 13.7890275265924 -0.786407053828602 0.605245664176957 0.123456521595818 0.375155177105708 0.309195389695876 0.873874525831031 -0.290248087074957 -0.303601501795382 -0.0916506293197762 0.67448651142216 -0.464303599539122 0.013170827800127
2.79783363870837 5.55417494974517 14.1001278838289 -0.935267186633097 -0.0558791177999106 0.349503498137278 0.304981332964636 0.373874331406862 0.875901964751993 -0.032059412075668 0.317784646474584 0.00493833418075785 0.0334060398094767 -0.182625473440639 0.173488673723727
2.7777337955982 5.8695288542384 14.518291926442 -0.710477629839253 -0.6323899400629 0.308714078507018 0.0879196542766823 0.355485008714737 0.930537706904022 0.588624521840063 0.0095800900289892 0.372894470671967 0.347930583661559 0.224903701865025 0.21840061219546
2.27401567882834 5.92293215562267 14.7842922326473 -0.263493057825371 -0.873434454424638 0.409491811287601 -0.118158132716493 0.450518715830898 0.884913233730533 -0.504194647508148 -1.00072933775251 0.16802610387903 0.873424761904612 0.135547264705086 -0.157102352033018
1.92759549326673 6.08789423243385 15.0909196321047 0.352676117887543 -0.803579681196912 0.479457123340011 -0.200416080037647 0.435623152555591 0.877533903481554 -0.565117987324295 -0.446604805005674 -0.0448429248383255 0.55807421981812 -0.364923528046361 -0.0957471351455489
1.81339194245479 6.18881745689832 15.5987486094539 0.713232355209076 -0.693333277182803 0.102900247366589 0.109665703664405 0.25537966574943 0.960601135340095 0.280387872354363 0.306560975886215 1.37773368624033 0.318313322868086 -0.48324127751181 -0.129328522272948
1.82546862878039 6.01215762304127 16.0043427969411 0.964958765103701 0.175783791498301 -0.194819207118373 0.158750753604816 0.200074847441487 0.966834079178399 0.215832435401912 0.0424698313207803 -0.0483582509645983 0.190584782312573 -0.362285336234871 -0.0100640191902698
1.99196753072757 6.09446797593546 16.5072951796721 0.732280302352537 0.475573472796108 -0.487437495234629 0.328520723361947 0.380276842390514 0.864559737163455 -0.233955226783169 0.459821215346215 0.026237759323852 0.694721186798023 0.61122420697038 0.0752382070840534
2.33990176959758 6.00414992334916 16.7632779506017 0.0730140007048349 0.98256641252679 -0.170973930518509 0.463209460921484 0.118410422207841 0.878302832562492 -0.251406977542034 0.39514468430879 -0.0800728579425693 0.620150258589545 -0.402694719296055 0.37370398179946
2.66463324895969 6.13603800904759 17.2095802772681 -0.374062269461584 0.918664642456487 -0.127014070348648 0.409203940574248 0.286398184597453 0.866330251095641 -0.545478304134234 0.0836263609819012 -0.73858822156092 0.433580476350308 0.135649587326434 0.114731187974601
2.94443349973877 6.3647392538237 17.4808631972413 -0.840444744106362 0.541222892915903 -0.0270239353057803 0.214397721164226 0.377902233507783 0.900679410759309 -0.338570981751438 -0.474907405154872 -0.818035502991673 0.433570712766265 0.162047664074673 -0.0499473282427863
2.99292202292988 6.74919228445897 17.7186143901013 -0.969410623682088 -0.0910482657557577 0.227932309144974 0.141075821614235 0.553231772224867 0.820994583855994 -0.28952337958398 0.328755642558855 -0.271472653326949 0.537345589255823 0.000914953720198352 0.137692981595949
3.06006094001228 7.17519989128313 17.9922310118703 -0.759956554937744 -0.558868482485523 0.331861318500206 -0.00786442489615277 0.518445372073686 0.855074519872738 0.758820374290616 0.53770877616432 -1.44302428489499 0.642679220735035 -0.379493539711488 0.39702077300175
2.9498749041871 7.53701990322732 18.0653097038824 0.273943381549021 -0.798654987426827 0.535821929396144 -0.176955706703049 0.505766282707085 0.84432638180911 -0.443109015234941 -0.798169193977286 -0.215715004648524 0.583649354032949 -0.706524281438863 0.579667991900827
2.66838063521146 7.50743875639448 18.4785583840044 0.347183314956966 -0.932315132365484 0.101252755866312 -0.0184979531218706 0.101139574977178 0.994700205345063 0.0901433211089677 -1.04839788804533 -0.712959167979473 0.574391906172565 0.295667866530336 -0.150115822230989
3.39010410728508 7.67523349173593 18.9930758767621 0.918086303776279 -0.371659346407325 -0.137792439781161 0.285939945990119 0.38023592304871 0.879578804509881 4.57729715831993 0.0978331416322557 -0.720936977900612 -0.102553971358746 1.21032679838664 0.884449046865318
3.66142547195117 7.79174272752725 18.9626474353327 0.949340515145646 -0.204460889878464 -0.238638252761619 0.28426947780674 0.235045402194098 0.929486097195077 3.59291894895207 2.29875215033864 -2.90072097917247 0.179061760781839 0.755514170427483 -0.375872950605458
2.99858294952075 7.34496813078682 19.932956931122 0.871653593016671 0.486242414646209 -0.0615484586564094 0.0164666911678488 0.0964536421702953 0.995201198473539 1.21865428193959 0.496257138008288 -0.94613087048618 0.352817530012063 -0.941861117713066 -0.948074084687834
3.07397915943481 7.21705204054133 20.4220300110571 0.214054106199058 0.940814812425004 -0.262770259534753 0.3493728934717 0.177473683796613 0.920022587608608 0.627913586635699 0.263946924399386 0.00753438085890129 0.285803344858761 -0.255192313839259 0.0548596577319938
3.33910995270406 7.44708715253187 20.6717343081419 -0.417780189775317 0.90549893784519 -0.0743724962996226 0.392303929906273 0.253623071626051 0.884179196516489 0.422327029098664 0.548390903456491 -0.0436199034082671 0.432012779755046 -0.669096619203735 0.110402464756808
3.53738885987719 7.66344275933828 21.0166938314574 -0.843468151826143 0.531423554819193 0.0784242530221454 0.238342109962951 0.239394740551316 0.941213619547297 0.0225094077050199 -0.00256419857335655 -0.0892528189251147 0.45270765706532 0.0834131804826078 0.466249834344009
3.73532042283236 7.95295297983709 21.389679751165 -0.993771273272781 0.010453201809946 0.110947140345238 0.0990987356108789 0.53826486807627 0.836929064772048 0.140135091529872 -0.127841502953178 -0.134206576607956 -0.036479169016493 0.157722292454768 -0.0517929831428711
3.60950764991406 8.34655699253146 21.6543545854621 -0.594291803112009 -0.730531771662605 0.336363598981911 0.0951689230898599 0.351416241835499 0.931369626935485 -0.165688088570401 -0.2710470465833 0.0433704368010801 0.222298439244232 -0.126963564643096 0.493625539611863
23.9577144203298 8.07125803975437 2.00219751891579 -0.519349681391034 0.651916750326847 0.552521800360573 0.845863438746167 0.484176902276067 0.223802707167221 0.0883165758616886 0.408167049591158 -0.189900326923287 0.252438940710468 -0.0131736491338599 -0.0351165325404421
24.2015125258383 8.49202325783441 2.0095802886317 -0.380004471574496 0.042638535744515 0.924001319944839 0.676913409969433 0.6936027476149 0.246380506520521 -0.45199752005972 0.167825912407559 -0.306784952882286 0.333862537886621 -0.198037133324263 -0.0258400266900271
24.4545234316697 8.87104486483431 2.2353953964576 -0.164484642787645 -0.450118780438022 0.877688878084452 0.672944796311695 0.599357754871034 0.433492180033598 -0.277725514506408 -0.202576443438631 0.268748758307838 0.672651718247928 0.27668148722356 0.0431552984388099
24.558951177762 9.22823760002409 2.61432348157495 0.440947660683076 -0.722055716972179 0.533104665805694 0.685979318137651 0.654153938294473 0.318614005307276 -0.164197250044169 -0.185553019483248 0.849341908902471 0.620129307993305 0.028607309240084 0.328011635546084
24.925403594995 9.46291651253043 2.90744794210157 0.314575055195164 -0.925252104676346 0.212016424412995 0.833449288083435 0.376128365357687 0.404832828733041 0.883593791854894 0.17686785551251 0.0711680486164656 0.31581790649556 0.156701272573959 -0.119283071683227
25.1634004392267 9.5548626804532 3.29970811231312 0.557984615426677 -0.543990001638802 -0.626680085798313 0.818774161952836 0.483867129046824 0.309000572727527 0.129807391298999 -0.0848456916542119 -0.412435932052111 0.21508026268574 -0.129246617933806 0.404561387258495
23.2503224080626 9.07343398858252 5.3002928023325 0.510851208531839 0.214802548451595 -0.832400623230337 0.723816946477374 0.414935189170795 0.551287310163976 -8.97611138536582 -1.02652242838927 6.28075948619809 0.0957108812608171 -0.504925258558743 0.588059671073459
25.987460952718 9.43865998632639 3.90987343685309 0.188554006501685 0.254127817041705 -0.948612841242113 0.844140643569864 0.451690936888826 0.288793615272467 0.0629927287097665 0.847727843042455 0.276532414171231 0.18554937389111 0.162760975873597 -0.439157760173083
26.411072171003 9.39974294593835 3.79798524166037 -0.152497373335837 0.928848329551996 -0.33761696994856 0.880915053166529 0.282614633753213 0.379628132340536 0.00820704958293076 0.579802682285861 -0.00353410592259102 0.20860815984197 -0.447224003953465 0.20831891638956
26.8842133197682 9.5737576491794 3.75776346096348 -0.45418105895253 0.889702301458618 -0.0463601260213758 0.857242839372307 0.450595841202207 0.249194669616931 -0.265840182122374 -0.206305516181869 0.498482327525714 0.421964673235559 0.291971744616962 -0.117794016751943
27.1825381939859 9.84614032941637 3.49018347152288 -0.423737125998687 0.72682020845084 0.540535950284345 0.903331076079043 0.38299258648185 0.193156741077711 -0.13841282525161 0.213164219728439 0.136531638884622 0.419157337773618 -0.15348564728164 0.17698261837908
27.5079885768821 10.2093630012072 3.46372199467464 -0.434116603027321 0.261293649059062 0.862130086383005 0.815031678528638 0.521593284672897 0.252316646045432 0.0158918308507631 0.101998273131416 0.625312353175545 0.0440618128135847 -0.0167225954963941 -0.0522427250144625
27.7793412450036 10.5448489901813 3.58960344975169 -0.177346678557295 -0.444874796063712 0.87785787711676 0.732689416462203 0.535842437683048 0.419569999321456 0.29190013375153 0.199365838637312 0.61900225575837 0.309937829782376 -0.0201479908979038 -0.0885191889342429
27.9218181112561 10.8255642808955 3.80786027487923 0.290098085989787 -0.842100862601854 0.454652748912117 0.732933673683772 0.500979596929415 0.460247279734783 0.0192036772174157 -0.58260701502423 0.0943970273226095 0.564192627713177 -0.0144665442143238 0.271258872555648
28.0790971410434 11.0494628459683 4.21211350566907 0.531648861244087 -0.840144000700193 -0.107272692567947 0.755733631469748 0.413380225918745 0.507920617778084 0.16791493876018 -0.490066076825842 0.463756198387504 0.342298329922455 -0.363407519880812 0.284818633823222
28.4343813215713 11.150232286111 4.55746124579075 0.403656746572015 -0.776034148919558 -0.484594792129434 0.914572507896201 0.327863709504895 0.236774991730321 0.30897472531891 -0.277253047996295 0.198609562786734 0.456537327138452 0.220798810004905 -0.172270850245829
28.8546868838685 11.1831053982904 4.73694824975644 0.30837923480674 -0.432953102210206 -0.847026412976821 0.930446380365828 0.322542529995915 0.173884248452884 0.265488079501865 0.0558833703114737 -0.231263609558859 0.515949601171469 0.375111097310255 -0.134353845560098
29.1804250970648 10.9862161476024 4.84600137147255 0.287971710377437 0.606169547703745 -0.741370795943712 0.797400578061942 0.276924107564446 0.536157848143987 0.366003915247654 -0.272697431126122 -0.392245431513178 0.388157454856443 -0.137021932169853 0.354197389114457
29.6788529102116 11.1581525632998 5.05225608085173 -0.234587196585944 0.718957104256215 -0.654270135726158 0.882479268424386 0.439767990862394 0.166836260618749 -0.0737149345043374 0.296304244332229 0.533127938123401 0.270000661627448 0.106289045913063 -0.0822339675360556
30.082087979067 11.3269421365229 4.82327072285443 -0.454242199311127 0.889030635251333 0.0573448862086615 0.886800242439783 0.45737706185485 -0.0662680150003859 -0.11116077607183 -0.0362818590167547 0.149787179755395 0.285722176442599 -0.0340776733452488 0.200618261608239
30.4142164635874 11.6034621337004 4.60983596801378 -0.41884226770795 0.557291331753673 0.716936129182271 0.878954079141179 0.447100922635336 0.16595292608198 -0.302539261441755 0.129797713230742 0.111939003124301 0.322652404946541 -0.786643054617463 0.383503112903788
30.7820121571812 11.8807514407398 4.73267999748203 -0.589250741031258 0.190992529105649 0.785051144834098 0.731000871218813 0.539877973595302 0.417336053080146 -0.331202202000542 -0.137848468642166 0.346464323328053 0.37706531357071 0.365830075337281 -0.547218755880671
30.9506044735036 12.2806624960453 4.7366679740949 -0.215769457704487 -0.303419065568491 0.928105755569195 0.707527860143804 0.606473611484291 0.362758833592704 -0.381440176477939 -0.373432173703002 0.193816815887745 0.430513987031632 0.19374690291348 0.077002021092062
30.9831931894775 12.669809255274 4.89066526369468 0.52549392805151 -0.70659020812061 0.473905366923925 0.748292159294408 0.648906289427132 0.137765571475489 -0.422982605451323 -0.148852479240235 0.352300064033415 0.256015575067415 -0.410448377577367 0.362388445329096
31.3500682416264 12.9603119926482 5.12998736845768 0.410554257501171 -0.910977042075458 -0.0395716058486396 0.817848031500956 0.348699425419358 0.457747956995288 -0.108313912974625 -0.233374100392655 0.068633447486962 0.289480443183323 0.104734923480605 -0.206989896969657
31.6135180522747 12.995790514197 5.5420825685085 0.486474352150116 -0.713511310641311 -0.504226333288823 0.84975830858434 0.252235683351444 0.462912373524393 0.206511514539385 -0.17260130886126 -0.294461770155628 0.844117920208247 0.0429744508179214 0.161650282938289
31.6220205886593 12.8318653008242 6.01276886129411 0.518175995792908 0.017487084658405 -0.855095153971296 0.801413795713715 0.339259449712188 0.492583838271601 -0.660767014471274 -0.914743101460789 -0.177443611153536 0.281465992863007 -0.841505993589625 0.380886172626855
26.8559094426069 5.7840457410612 21.6470658107665 0.464838608873397 -0.119722467870961 0.877263633155967 0.102167430118661 0.991450014827584 0.0811699835404777 0.340748146447719 -0.880105073226541 0.250005087598656 -0.132881214849157 0.0118502729088973 -0.44142873616677
26.7519909922459 6.13069074979951 21.912392742549 0.97913944229788 -0.0764151425392123 0.188272570118574 0.0542847554077139 0.991285878844248 0.120022300675541 -0.116660347367415 -0.0200645996108774 -0.0078086511019685 0.338139838410695 0.226070751481127 0.0919651960984929
26.8956420489804 6.44065406263652 22.2582728600616 0.878964958482008 0.180139519478395 -0.441554344614154 -0.0180575256403502 0.937819334436688 0.346653582559927 -0.0569659578412288 -0.402422989529974 -0.0289962519891015 0.314125985262071 0.166562569478672 0.589211021561147
27.0803737686365 6.82512801691386 22.5152768685113 0.410478560913687 0.235025952669698 -0.881061880948182 0.00642861767442475 0.965444224319906 0.260530235588082 0.214329686485875 -0.113132328775489 -0.164365131588385 0.561808847637146 -0.242979021349658 0.27554719515462
27.3540928310304 7.21065935226363 22.6392307753899 -0.16976654483185 0.24284623375867 -0.955094189701838 0.268593399394318 0.943873391613799 0.192251122141248 0.0489243014010383 0.0932831479340872 -0.318609750526168 0.335126051359143 -0.201048279963395 0.352534487496731
27.5511795538859 7.68209571528595 22.6299472245682 -0.499235876517303 0.0533669432337333 -0.864821016822788 0.135925240815587 0.990567296832938 -0.0173390910707482 -0.46527106364647 -0.134965745364698 0.1072122714541 0.545026028291147 0.195867369714173 -0.192484100779868
27.8175180823067 8.03689241804708 22.4823084137697 -0.955263546671222 0.0902440477947982 -0.281651289836205 0.086005953187492 0.995917712161001 0.0274001728142109 -0.234398287508871 0.0786467498334505 0.0247747049786219 0.38866688835218 0.116320706256859 0.263676430048732
27.687650895494 8.42732303875797 22.2472481508941 -0.828791831442921 0.0808499690152372 0.553685173252868 0.0762685863007835 0.996593953869297 -0.0313604454519738 -0.263553857009113 0.158003504018944 -0.0473400443278512 0.206307097799191 -0.592205392380312 0.338146859475248
27.6306333870208 8.90812189253972 22.1364382012625 -0.447887230519249 -0.106938243742504 0.88767174384764 0.00193413384902798 0.992703208122106 0.120567328452852 -0.329144624801665 0.0997100381878797 0.0112347939852736 0.50384828664075 -0.0319106034668721 0.200781768280085
27.386669137452 9.27495014921667 22.1052493602952 0.0776269126314038 -0.0836889085902577 0.993463693638553 -0.230263445886522 0.968024170087454 0.0995381359294009 -0.316886700862074 -0.574416321389105 0.457967228337283 0.619959865061735 0.158928175049802 0.249058202066124
26.8231726937525 9.46558612016955 21.9226019978847 0.699938151845267 0.214635713172223 0.681188651681938 -0.390950320389414 0.913333427046809 0.113928888479648 -1.26051935664451 -1.19154021378467 -1.13657487761031 0.531398538866061 -1.17597930917756 0.483993138455717
26.3999987462234 10.0973762600178 22.0094475945186 0.92920847367361 0.126350009609546 0.347285427773181 -0.192874786856655 0.967404020609156 0.164099540635758 -1.19118927829559 0.581582207595466 -0.305324535070579 0.195806679804013 -1.42771612297625 -0.44534342390719
25.1324557881324 10.4440997242832 22.5026582941336 0.999071252300551 -0.019222393276209 0.0385619870241783 0.0136648085811664 0.990123933637513 0.139526878614554 -7.38044725209137 -0.50398726420959 -2.07307605502632 0.0187774345705433 -0.399837751741171 -1.10203115908408
27.1230717340766 10.6432731915142 23.0715622263379 0.512694244777266 0.262665898713997 -0.817405113133054 0.107384704802949 0.924958833824256 0.364581357518624 0.296922718078967 -0.0773640176233679 -0.164347271280232 0.510211681388724 -0.201549442380663 -0.112173037307705
27.3163856323131 11.1663993606471 23.1895313029266 0.201215256809872 -0.0287896753242638 -0.979123822745989 0.239438011396065 0.970691671465965 0.0206640647859076 -0.359558791370985 0.0731320890470846 -0.518886090656474 0.537071791257036 0.0666667211113042 -0.428654711510838
27.6810412703329 11.4841733402242 23.2182365220267 -0.542628406651366 0.108540976300153 -0.832930459125026 0.207980030241786 0.978100018240257 -0.00803421529591855 -0.629633995897501 -0.109453472018944 -0.0863766097427019 0.761001290849674 -0.398056246613424 -0.281306462776601
27.9091889773084 11.8680894762593 23.0972327824493 -0.945693872007152 0.100566485129976 -0.309110600449066 0.123868456761021 0.990679960697936 -0.0566542810363438 -0.420821667335734 -0.601734481489896 -0.329247645427449 0.435005664252932 0.500648074796755 0.108763524332007
27.9226611504683 12.3256937310574 22.8695601676266 -0.967608127439132 -0.0909296373306065 0.235512619202496 -0.0948446239948404 0.995477790540711 -0.00532452816011702 -0.53736630059886 -0.224393577611946 0.185633286883658 0.524263496422243 -0.111155285085564 -0.39615978928658
27.703139650584 12.6583213705053 22.6476721443781 -0.642276689045561 0.0379440521634961 0.765533007027243 0.0470651274825858 0.998841498329864 -0.0100208077210479 -0.461453411929426 -0.0946209487288345 0.114142099817713 0.583156741738699 -0.166369474832081 0.0774384993553317
27.5491609020233 13.0761388143957 22.6573278244938 -0.161915096635957 -0.0955905036027977 0.982163856122202 0.0925397261112319 0.989440197367718 0.111554364113727 0.221549445300093 -0.275948249646689 1.0713181288183 0.136067649606109 0.277940130346501 0.0327560450309968
27.3025708901243 13.5426709929421 22.7775729047635 0.482332892218035 -0.234227369195796 0.844092650398966 0.0464691197309888 0.969074068208264 0.242355012816729 0.440976331595548 0.242783167520863 0.306939391341782 0.129856427602544 0.13937805429031 -0.136550285389464
27.1913524728391 13.8789148746217 23.1407489614789 0.944898888608692 -0.110971153617845 0.307979502858823 0.0904751593791276 0.992672478989662 0.0800966704443464 0.0484743048048878 -0.108322040072842 -0.107296855981606 0.315516009832367 -0.288838354092531 -0.166534124906785
27.2008087868979 14.2849971191685 23.4008663538829 0.956069574812091 -0.0706546627922543 -0.284497394628643 0.0781337447144508 0.996829808336691 0.0150111120559813 0.245317746873706 0.259786130385496 -0.055618541395916 0.336407071469943 0.0915193606968432 0.0484578262944018
27.253739404502 14.6300547453326 23.7114683840925 0.594304181445104 0.0345997639865775 -0.803495660892196 0.295579852225692 0.919754907988143 0.258231195926955 0.0335913241779322 0.320046398487375 0.0493589942361488 0.132640079442698 -0.0342769811173705 0.0659001954716352
27.5448632568989 14.9731116440711 23.8793464233084 -0.187787438828165 0.176007641529536 -0.966311065058889 0.0725457929109614 0.98361168788264 0.165060705170677 0.527106620564487 -0.0879062529160851 -0.26472583829964 0.269736352517941 0.0622193416512494 0.590014974191778
