
#id1 id2 FENE BEXC STCK NEXC HB CRSTCK CXSTCK total, t = 100
0 1 0.0138667 0 -1.35923 0 0 0 0 -1.34536
1 2 0.180575 0 -1.03636 0 0 0 0 -0.855784
2 3 0.0431251 0 -1.3395 0 0 0 0 -1.29638
3 4 0.045405 0 -1.37006 0 0 0 0 -1.32465
4 5 0.123772 0 -0.00944895 0 0 0 0 0.114323
5 6 0.00155295 0 -1.05047 0 0 0 0 -1.04891
6 7 0.146511 0 -0.901093 0 0 0 0 -0.754583
7 8 0.0963826 0 -1.33477 0 0 0 0 -1.23839
8 9 0.0756784 0 -1.18211 0 0 0 0 -1.10644
9 10 0.0894422 0 -1.21999 0 0 0 0 -1.13055
10 11 0.0275632 0 -0.83566 0 0 0 0 -0.808097
11 12 0.127393 0 -1.22441 0 0 0 0 -1.09702
12 13 0.042764 0 -0.522652 0 0 0 0 -0.479888
13 14 8.68817e-05 0 -1.09192 0 0 0 0 -1.09184
14 15 0.00424168 0 -0.608167 0 0 0 0 -0.603925
15 16 0.421194 0 -0.932988 0 0 0 0 -0.511794
16 17 0.353902 0 -1.15719 0 0 0 0 -0.803286
17 18 0.0220637 0 -1.0758 0 0 0 0 -1.05374
18 19 0.0231078 0 -1.10588 0 0 0 0 -1.08277
19 20 0.208846 0 -1.24366 0 0 0 0 -1.03481
20 21 0.215148 0 -1.30063 0 0 0 0 -1.08548
21 22 0.127543 0 -1.24468 0 0 0 0 -1.11714
22 23 0.145945 0 -1.37717 0 0 0 0 -1.23122
23 24 0.567448 0 -0.899797 0 0 0 0 -0.33235
24 25 0.115021 0 -0.987282 0 0 0 0 -0.872261
25 26 0.001572 0 -1.2623 0 0 0 0 -1.26073
27 28 0.0340723 0 -1.2913 0 0 0 0 -1.25723
28 29 0.0498015 0 -1.26264 0 0 0 0 -1.21284
29 30 0.0390373 0 -1.21632 0 0 0 0 -1.17728
30 31 0.347296 0 -1.11096 0 0 0 0 -0.763661
31 32 0.191813 0 -1.16516 0 0 0 0 -0.973348
32 33 0.0644407 0 -1.3312 0 0 0 0 -1.26676
33 34 0.323026 0 -1.02084 0 0 0 0 -0.69781
34 35 0.000271607 0 -1.32477 0 0 0 0 -1.32449
35 36 0.063213 0 -1.32067 0 0 0 0 -1.25746
36 37 0.193804 0 -1.29887 0 0 0 0 -1.10507
37 38 0.294178 0 -1.2139 0 0 0 0 -0.919722
38 39 0.405143 0 -1.2185 0 0 0 0 -0.813358
39 40 0.116345 0 -1.10851 0 0 0 0 -0.992162
40 41 0.237244 0 -1.30646 0 0 0 0 -1.06921
41 42 0.160155 0 -1.40361 0 0 0 0 -1.24346
42 43 0.0920837 0 -1.13721 0 0 0 0 -1.04512
43 44 0.0101772 0 -1.1938 0 0 0 0 -1.18362
44 45 0.313652 0 -1.0121 0 0 0 0 -0.698447
45 46 0.00524528 0 -1.40637 0 0 0 0 -1.40113
46 47 0.0523028 0 -0.330332 0 0 0 0 -0.278029
47 48 0.0145396 0 -0.376207 0 0 0 0 -0.361668
48 49 0.00210094 0 -1.0637 0 0 0 0 -1.0616
49 50 0.113234 0 -1.26774 0 0 0 0 -1.15451
50 51 0.281357 0 -1.39288 0 0 0 0 -1.11153
51 52 0.259154 0 -0.951239 0 0 0 0 -0.692085
52 53 0.0617815 0 -1.34323 0 0 0 0 -1.28145
#Total energy per particle is  -0.940669 and should be -0.94066910

