t = 0
b =  30.0 30.0 30.0
E = 0. 0. 0.
4.84618296496 20.8262720085 13.423886092 -0.542312710732 0.7235628431 0.42702896373 0.798020981101 0.284633149982 0.531174626328 0.0 0.0 0.0 0.0 0.0 0.0
5.18786804752 21.2409204497 13.4221320518 -0.593389621572 0.217381156368 0.775005928923 0.798020981101 0.284633149982 0.531174626328 0.0 0.0 0.0 0.0 0.0 0.0
5.39428994716 21.7051209324 13.5970406375 -0.419027894232 -0.371387266086 0.828545184311 0.798020981101 0.284633149982 0.531174626328 0.0 0.0 0.0 0.0 0.0 0.0
5.50519442513 22.0846636761 13.9608161241 -0.0854704640997 -0.819059456891 0.567306271642 0.798020981101 0.284633149982 0.531174626328 0.0 0.0 0.0 0.0 0.0 0.0
5.59661590812 22.2775017908 14.4539090931 0.280558624334 -0.955557266079 0.0905382215211 0.798020981101 0.284633149982 0.531174626328 0.0 0.0 0.0 0.0 0.0 0.0
5.75199073835 22.2525205967 14.9676402525 0.539998800693 -0.729022893818 -0.420626812674 0.798020981101 0.284633149982 0.531174626328 0.0 0.0 0.0 0.0 0.0 0.0
6.03045831219 22.0613586109 15.3854895168 0.59428440437 -0.225520535583 -0.771988688229 0.798020981101 0.284633149982 0.531174626328 0.0 0.0 0.0 0.0 0.0 0.0
6.44439303471 21.818789212 15.6273639353 0.422791426922 0.363660844623 -0.830059154163 0.798020981101 0.284633149982 0.531174626328 0.0 0.0 0.0 0.0 0.0 0.0
6.95470307629 21.6591163141 15.6800263435 0.0906729176903 0.814681389871 -0.572776269582 0.798020981101 0.284633149982 0.531174626328 0.0 0.0 0.0 0.0 0.0 0.0
7.48568201232 21.6851500646 15.602124383 -0.275893748942 0.95619085436 -0.0978861038778 0.798020981101 0.284633149982 0.531174626328 0.0 0.0 0.0 0.0 0.0 0.0
7.95377095959 21.9291475504 15.501909282 -0.537643767654 0.73442742662 0.414192629258 0.798020981101 0.284633149982 0.531174626328 0.0 0.0 0.0 0.0 0.0 0.0
8.29930399311 22.3405577913 15.4961094039 -0.595133930109 0.233642740535 0.768912657607 0.798020981101 0.284633149982 0.531174626328 0.0 0.0 0.0 0.0 0.0 0.0
8.50917622854 22.8052269022 15.6655831904 -0.426522762408 -0.355906728978 0.831509911797 0.798020981101 0.284633149982 0.531174626328 0.0 0.0 0.0 0.0 0.0 0.0
8.62182258686 23.188767063 16.0245996873 -0.0958684661871 -0.810241281708 0.578202648391 0.798020981101 0.284633149982 0.531174626328 0.0 0.0 0.0 0.0 0.0 0.0
8.71261572529 23.3876126982 16.5154174962 0.271207863173 -0.956751625006 0.105226531829 0.798020981101 0.284633149982 0.531174626328 0.0 0.0 0.0 0.0 0.0 0.0
8.86523070466 23.3683667704 17.0302216963 0.53524779096 -0.73977602993 -0.407726903469 0.798020981101 0.284633149982 0.531174626328 0.0 0.0 0.0 0.0 0.0 0.0
9.13985543483 23.1804888732 17.4520845359 0.595938134096 -0.241747152688 -0.765778071309 0.798020981101 0.284633149982 0.531174626328 0.0 0.0 0.0 0.0 0.0 0.0
9.55032428141 22.937504705 17.6993882401 0.430221616534 0.348125509657 -0.832897346732 0.798020981101 0.284633149982 0.531174626328 0.0 0.0 0.0 0.0 0.0 0.0
10.058862159 22.7738757577 17.7568329679 0.101056713929 0.805739470536 -0.58358499483 0.798020981101 0.284633149982 0.531174626328 0.0 0.0 0.0 0.0 0.0 0.0
10.5904359178 22.793915148 17.6812494778 -0.266501323876 0.957239535312 -0.112558946372 0.798020981101 0.284633149982 0.531174626328 0.0 0.0 0.0 0.0 0.0 0.0
11.0612606913 23.0321573205 17.5800081723 -0.532811053076 0.745068296432 0.401230127698 0.798020981101 0.284633149982 0.531174626328 0.0 0.0 0.0 0.0 0.0 0.0
11.4106311686 23.4402378347 17.570227287 -0.596696955086 0.249833154859 0.762585168046 0.798020981101 0.284633149982 0.531174626328 0.0 0.0 0.0 0.0 0.0 0.0
11.6239845561 23.9052678243 17.7342777148 -0.433887707619 -0.340317779232 0.834221353309 0.798020981101 0.284633149982 0.531174626328 0.0 0.0 0.0 0.0 0.0 0.0
11.7384332271 24.2927223655 18.0884889263 -0.106237265811 -0.801176299183 0.588922899012 0.798020981101 0.284633149982 0.531174626328 0.0 0.0 0.0 0.0 0.0 0.0
11.82866511 24.4975487441 18.5769451311 0.261774489471 -0.957654548121 0.119882789115 0.798020981101 0.284633149982 0.531174626328 0.0 0.0 0.0 0.0 0.0 0.0
11.978568496 24.4840777383 19.0927286216 0.530333739566 -0.750303823098 -0.3947027967 0.798020981101 0.284633149982 0.531174626328 0.0 0.0 0.0 0.0 0.0 0.0
12.2493614746 24.2995749524 19.518539597 0.597410335293 -0.257900131269 -0.75933419097 0.798020981101 0.284633149982 0.531174626328 0.0 0.0 0.0 0.0 0.0 0.0
8.49896194735 7.99039613095 17.5520455899 0.805565792127 -0.581893635187 0.111640278949 0.516097928787 0.781667174305 0.350199024151 0.0 0.0 0.0 0.0 0.0 0.0
8.68953598589 8.14975842109 18.0284595889 0.823202064989 -0.339722736053 -0.454892100179 0.516097928787 0.781667174305 0.350199024151 0.0 0.0 0.0 0.0 0.0 0.0
9.06775896104 8.23168090286 18.4011809194 0.528090110158 0.0315145103685 -0.848603365059 0.516097928787 0.781667174305 0.350199024151 0.0 0.0 0.0 0.0 0.0 0.0
9.56636009341 8.32078711825 18.5804630861 0.0323478932815 0.390778867407 -0.919916023661 0.516097928787 0.781667174305 0.350199024151 0.0 0.0 0.0 0.0 0.0 0.0
10.0723349291 8.49897138877 18.5500503662 -0.47568382908 0.601579799243 -0.641737204699 0.516097928787 0.781667174305 0.350199024151 0.0 0.0 0.0 0.0 0.0 0.0
10.4698776209 8.81428579345 18.3733536303 -0.802995311765 0.583830507469 -0.119751692397 0.516097928787 0.781667174305 0.350199024151 0.0 0.0 0.0 0.0 0.0 0.0
10.6843775062 9.26268438068 18.1693594924 -0.825235450145 0.344274244782 0.447729489987 0.516097928787 0.781667174305 0.350199024151 0.0 0.0 0.0 0.0 0.0 0.0
10.7107649447 9.78956029284 18.0674253058 -0.533954843813 -0.0260775594563 0.845110753488 0.516097928787 0.781667174305 0.350199024151 0.0 0.0 0.0 0.0 0.0 0.0
10.6154373597 10.3104918245 18.1581341421 -0.0398158650683 -0.386522062863 0.92142031224 0.516097928787 0.781667174305 0.350199024151 0.0 0.0 0.0 0.0 0.0 0.0
10.511033747 10.7433156398 18.4588807675 0.469449826502 -0.600120372284 0.647666889046 0.516097928787 0.781667174305 0.350199024151 0.0 0.0 0.0 0.0 0.0 0.0
10.513641237 11.0393419973 18.9072630807 0.800363680202 -0.585722918797 0.127853986291 0.516097928787 0.781667174305 0.350199024151 0.0 0.0 0.0 0.0 0.0 0.0
10.6986916531 11.2018527971 19.3847897141 0.827205990425 -0.348799535694 -0.440532783461 0.516097928787 0.781667174305 0.350199024151 0.0 0.0 0.0 0.0 0.0 0.0
11.0723037008 11.2848547317 19.7618968856 0.53977891474 0.0206386226369 -0.841553783461 0.516097928787 0.781667174305 0.350199024151 0.0 0.0 0.0 0.0 0.0 0.0
11.5689583691 11.372561241 19.9471718457 0.0472808047228 0.382235823168 -0.922854431095 0.516097928787 0.781667174305 0.350199024151 0.0 0.0 0.0 0.0 0.0 0.0
12.0763906982 11.5473984182 19.9220821092 -0.463180073502 0.598615243836 -0.653547251053 0.516097928787 0.781667174305 0.350199024151 0.0 0.0 0.0 0.0 0.0 0.0
12.4782411151 11.8586899591 19.7480162562 -0.797671097845 0.587570725057 -0.135946543608 0.516097928787 0.781667174305 0.350199024151 0.0 0.0 0.0 0.0 0.0 0.0
12.6982623801 12.3039182652 19.5429613844 -0.829113535767 0.35329826417 0.433302528658 0.516097928787 0.781667174305 0.350199024151 0.0 0.0 0.0 0.0 0.0 0.0
12.7292871885 12.8296809218 19.4366778376 -0.545561879413 -0.0151981141066 0.837932725855 0.516097928787 0.781667174305 0.350199024151 0.0 0.0 0.0 0.0 0.0 0.0
12.6359511494 13.3519791678 19.521401082 -0.054742143761 -0.377920474736 0.924218271012 0.516097928787 0.781667174305 0.350199024151 0.0 0.0 0.0 0.0 0.0 0.0
12.5301366369 13.7881304297 19.8167999104 0.456875047545 -0.597064528519 0.659377842906 0.516097928787 0.781667174305 0.350199024151 0.0 0.0 0.0 0.0 0.0 0.0
12.5284668058 14.0881808135 20.2625039388 0.794917769746 -0.589373785532 0.14402874807 0.516097928787 0.781667174305 0.350199024151 0.0 0.0 0.0 0.0 0.0 0.0
12.7079985054 14.2538834244 20.7410393249 0.830957940903 -0.357770087616 -0.42603927619 0.516097928787 0.781667174305 0.350199024151 0.0 0.0 0.0 0.0 0.0 0.0
13.0769470937 14.3380323325 21.1224590445 0.551303297436 0.00975644818099 -0.834247856428 0.516097928787 0.781667174305 0.350199024151 0.0 0.0 0.0 0.0 0.0 0.0
13.571565286 14.4244052233 21.3137119391 0.0621993139729 0.373576346195 -0.925511728129 0.516097928787 0.781667174305 0.350199024151 0.0 0.0 0.0 0.0 0.0 0.0
14.0803618139 14.595934854 21.2939944061 -0.450535228785 0.595468344427 -0.665158220583 0.516097928787 0.781667174305 0.350199024151 0.0 0.0 0.0 0.0 0.0 0.0
14.4864588223 14.9032015126 21.1226540357 -0.792103905581 0.591131962911 -0.152099984185 0.516097928787 0.781667174305 0.350199024151 0.0 0.0 0.0 0.0 0.0 0.0
14.7119957204 15.3452167206 20.9166424692 -0.832739065375 0.362214665485 0.418743579181 0.516097928787 0.781667174305 0.350199024151 0.0 0.0 0.0 0.0 0.0 0.0
