t = 100
b = 30 30 30
E = -0.839975730573272 -1.03066276396327 0.190687033389999
16.7769524483084 24.7756764907315 2.73677099976822 -0.277775391329008 0.386185089720539 0.879603202380362 0.851490307883039 0.522893657542244 0.0393237771508711 -0.223512982025554 0.0874600593504749 0.737094834267993 0.0975843260339624 -0.0465775309268085 -0.365982744729477
17.1024833342245 25.1903421146098 2.80556305994698 0.0122018258755845 -0.247107542469591 0.96891117239554 0.736072786108116 0.658069042193478 0.158561897998204 -0.584847657232122 0.0471759045541996 0.247822334345502 0.257847362232921 0.273810765306718 -0.42380232405547
17.334988546647 25.5776831709699 3.04853577871829 0.244953373245847 -0.684218435306949 0.686908189867667 0.847129045425856 0.49563899472838 0.19160962668078 0.159356842026986 -0.280845606772372 -0.51700650086998 0.453191728945822 -0.0349784468964064 -0.161218240892667
17.7127099665007 25.8599834296626 3.30225520665675 0.33566520188955 -0.915425505426211 0.222092107386405 0.902233516036823 0.380203732228653 0.203518272026457 0.278050712005811 -0.177196757023558 -0.110543385875828 0.445715507946578 0.424344014481124 -0.415964503684342
18.0156603261933 25.9054586498736 3.62099021448593 0.513428845526055 -0.576637543469158 -0.635515417154881 0.850999724241133 0.437424953460293 0.290617901659725 0.73230862108762 -0.048044445061066 -0.163676144541776 0.305340473522356 0.0304416007010149 0.279130970872774
18.4545565229239 26.0206429334719 3.82274316122505 0.204486601712179 -0.271406572931256 -0.940491139156754 0.935819821085835 0.336001888766808 0.106507641571588 0.0481273913818308 0.0760040142289634 -0.119699095644037 0.371640498004007 -0.143986540374889 -0.237330179917621
18.9514598055437 25.9356145325645 3.83191618893878 -0.0210126140829005 0.469911401435917 -0.882463385775438 0.897377229462045 0.397994159725791 0.190564000259592 0.176291460431885 0.332019172992835 -0.107259629485521 0.390907257685831 -0.43674166390996 0.241887983064595
19.4769452093272 26.0851361077154 3.79559246842178 -0.415549853043403 0.611984496772463 -0.672899084186001 0.828610810292383 0.559819084678111 -0.00256873588666447 -0.0957028018117953 0.591555249620343 -0.155443154916051 0.363600381825973 0.408825754743076 -0.492507103527159
19.8646970958642 26.1343007156855 3.58789376197439 -0.550924839831832 0.825270750683953 -0.124136583585741 0.834217105504888 0.54034458218922 -0.110042894897878 0.0193469971449116 0.561094439668068 0.0232785726009035 0.37989233340307 0.413588781692181 -0.00176481563916817
20.1058834808831 26.3686237322741 3.32050846510028 -0.356828266871699 0.65765050197982 0.663452550736326 0.869090017744117 0.494146502256799 -0.0223977003348908 -0.0782937726988113 0.278711532678108 -0.0610431555595718 0.495973735741603 -0.0596274902962788 0.155984218612544
20.4401598276136 26.6760796286466 3.26765012916688 -0.352644669497031 0.26560981059015 0.89726977417015 0.735994800533548 0.670888652524912 0.0906639675576419 0.571624402813296 -0.29439373871193 0.477851435121211 0.392988223406044 -0.15976778704565 -0.392204488079735
20.6127020400211 27.1344758588362 3.22859368482023 0.179809997097428 -0.281251286431192 0.942637766982207 0.75837506433749 0.649954090072183 0.0492628312113076 0.136869707043318 0.0371379749456654 0.577771638944154 0.623400249147815 -0.0736921940469461 0.0831127534607446
20.6881239511903 27.5895893636605 3.39354497017868 0.53587169900378 -0.680338763525132 0.499980571073524 0.720957841923274 0.676907638682145 0.148376965001771 0.569951242785041 0.570899035248299 0.249574559142302 0.522326679141557 -0.538525883071087 0.258568804381913
21.0503474404341 27.8333657743401 3.6415683285859 0.477350531288232 -0.875751254437923 0.072083922841929 0.837908407230928 0.478357689316845 0.262837034596461 0.413229531853826 0.158980691543557 -0.0210396396483024 0.292223775966861 0.240408188056671 0.0814708114632882
21.4052791958387 27.9074187610843 3.96982634654015 0.475167197569639 -0.629225822668658 -0.615053558286771 0.870697694141023 0.43705241842386 0.225545100563153 0.445574747869649 -0.311498131540898 0.0602593438980927 0.545750863484517 -0.397231177620606 -0.325736874032151
21.8359608819961 27.8155787246664 4.15529141269749 0.299455044386857 -0.113840290849231 -0.947294540250364 0.898443073428461 0.36781941640773 0.239809935505364 0.301906644983958 -0.49210430042023 -0.357601536870199 0.706425614943886 -0.19943858630836 0.130104951404157
22.332727825376 27.7538541596457 4.25943148537861 0.0086469519922685 0.137495954031919 -0.990464526215612 0.925407372804648 0.374190066339573 0.0600239267593302 0.430768630964104 0.228204651799803 -0.336053825470524 0.546493475950496 0.202645532123249 0.00730131817939485
22.760350033631 27.7450706368808 4.14096733032941 -0.358629417104076 0.729513760102942 -0.582404065784261 0.914743276218409 0.399019437503241 -0.0634674094712345 -0.0242889573546186 0.331032672532405 -0.314299774491201 0.361489024564872 0.120144184140448 0.0348993774180839
23.1551880502774 27.9118037970003 3.91959798376453 -0.568454766198536 0.813248399279326 0.124443172848961 0.799243435952398 0.581755727885899 -0.150897615751461 -0.463603970876454 0.421614859763537 -0.181379374908466 0.606526408705951 -0.0930768685437893 -0.0357192903278555
23.3552082323221 28.1964028952837 3.51894682595293 -0.523563704823565 0.665197630008888 0.532346730025506 0.789487051941665 0.613691745891208 0.00961867748254782 -0.488356720128712 0.00189637223286953 0.346400393685231 0.623475766976346 0.0286229067635076 0.047942634347482
23.4679024413506 28.6163558054376 3.40374945401 -0.0313359662213256 0.161431265269749 0.986386277400933 0.909716033224772 0.413417862700116 -0.0387593963612595 -0.525823173964664 0.14007182432217 0.584166900492839 0.402082791838412 -0.652454735254545 0.182362292051656
23.8277035110022 29.026211125202 3.4187026663165 0.102680301711593 -0.388508622536754 0.915706114424541 0.842217633265565 0.523775448682391 0.127783483175611 -0.175012936488678 -0.22109136438135 0.2826737944137 0.390378919558897 0.14939957210453 0.105023815684792
23.9905987229053 29.4740297109388 3.55567513245045 0.443729899670169 -0.709046356084398 0.548048284859873 0.729747123645679 0.640854851812261 0.238273124750739 0.208014744652421 -0.255205126103509 0.222424283811531 0.34152495655844 0.265374807718926 0.319487501990712
24.3894612572714 29.7321088169424 3.92468314616825 0.342498183541939 -0.934922549190274 0.0928154236898487 0.913745618661957 0.354453820311616 0.198573200317938 0.131645698371639 -0.830126790323813 -0.137582047938979 0.644001034486671 -0.00151514197781714 -0.545588713951778
24.6993399171469 29.7808554550403 4.32919400470821 0.461606042029388 -0.789701611602992 -0.404092949014169 0.88547213888097 0.38272768277658 0.263549802232204 0.268665214340608 -0.239855535616672 -0.330868886396654 0.403471000513922 0.302958768318998 0.0101034689584946
25.1914940896819 29.873340418959 4.45934915049806 0.184996197689712 -0.61832516331718 -0.763839180548989 0.914633453410324 0.392641260287889 -0.0963242841631273 0.27096600933915 0.183472998671269 -0.278943099147917 0.54582901301546 0.0397063693679595 -0.898320597310002
25.6258810749763 29.7745373251485 4.67087350433618 -0.00934542099305781 0.111760596605394 -0.993691157661102 0.913633869526304 0.404855956070589 0.0369417069369262 -0.000719650976566961 -0.131741752169112 -0.134109909051837 0.423111000984378 -0.0419080122198206 -0.232195947843428
26.0637289791534 29.683856403071 4.5487027754856 -0.324635712745534 0.826204960502527 -0.460431212454739 0.877364214390784 0.444894684084146 0.179723777973011 0.0997912117042041 0.472062673551954 -0.147090570347134 0.0269556851983281 -0.248747212773958 0.391238049793742
