
#id1 id2 FENE BEXC STCK NEXC HB CRSTCK CXSTCK total, t = 100
0 1 2.19785 0 0 0 0 0 0 2.19785
1 2 0.0149068 0 -1.30167 0 0 0 0 -1.28676
2 3 0.360973 0 -1.35737 0 0 0 0 -0.996393
3 4 0.085723 0 -1.3749 0 0 0 0 -1.28918
4 5 0.0523102 0 -1.42326 0 0 0 0 -1.37095
5 6 0.163646 0 -1.26015 0 0 0 0 -1.0965
6 7 0.0276879 0 -1.18115 0 0 0 0 -1.15346
7 8 0.160261 0 -1.18538 0 0 0 0 -1.02512
8 9 0.284238 0 -1.28486 0 0 0 0 -1.00062
9 10 0.0832494 0 -1.39822 0 0 0 0 -1.31497
10 11 0.307842 0 -1.12382 0 0 0 0 -0.815974
11 12 0.15444 0 -1.06439 0 0 0 0 -0.909952
12 13 0.112853 0 -0.985456 0 0 0 0 -0.872603
13 14 0.0501175 0 -1.34268 0 0 0 0 -1.29257
14 15 0.0863527 0 -1.32237 0 0 0 0 -1.23601
15 16 0.0436697 0 -1.03432 0 0 0 0 -0.990649
16 17 0.400558 0 -1.22763 0 0 0 0 -0.827072
17 18 0.0654862 0 -1.41929 0 0 0 0 -1.3538
18 19 0.446889 0 -1.3231 0 0 0 0 -0.876208
19 20 0.0576884 0 -1.30447 0 0 0 0 -1.24679
20 21 0.236748 0 -1.36909 0 0 0 0 -1.13235
21 22 0.155153 0 -1.31683 0 0 0 0 -1.16168
22 23 0.0559808 0 -1.394 0 0 0 0 -1.33802
23 24 0.217163 0 -1.38747 0 0 0 0 -1.17031
24 25 0.261742 0 -1.09116 0 0 0 0 -0.829421
25 26 0.383224 0 -1.31326 0 0 0 0 -0.930037
26 27 0.00482545 0 -1.38581 0 0 0 0 -1.38099
28 29 0.348623 0 -1.38117 0 0 0 0 -1.03254
29 30 0.147519 0 -1.32556 0 0 0 0 -1.17804
30 31 0.0753066 0 -1.13608 0 0 0 0 -1.06078
31 32 0.209374 0 -1.27859 0 0 0 0 -1.06921
32 33 0.305193 0 -1.08532 0 0 0 0 -0.780127
33 34 0.0968687 0 -1.08504 0 0 0 0 -0.988167
34 35 0.0792565 0 -1.16001 0 0 0 0 -1.08075
35 36 0.162917 0 -1.33871 0 0 0 0 -1.17579
36 37 0.218636 0 -1.34583 0 0 0 0 -1.1272
37 38 0.0696393 0 -1.43457 0 0 0 0 -1.36493
38 39 0.0277654 0 -1.3569 0 0 0 0 -1.32914
39 40 0.537169 0 -1.03345 0 0 0 0 -0.496277
40 41 0.242417 0 -1.2762 0 0 0 0 -1.03379
41 42 0.0767381 0 -1.2711 0 0 0 0 -1.19436
42 43 0.00752769 0 -1.03586 0 0 0 0 -1.02833
43 44 0.104872 0 -0.798599 0 0 0 0 -0.693727
44 45 0.000590864 0 -1.30956 0 0 0 0 -1.30896
45 46 0.0520889 0 -1.41185 0 0 0 0 -1.35976
46 47 0.0468437 0 -1.27497 0 0 0 0 -1.22813
47 48 2.14375 0 0 0 0 0 0 2.14375
48 49 2.00827 0 0 0 0 0 0 2.00827
49 50 0.362805 0 -0.361261 0 0 0 0 0.00154352
50 51 0.0139655 0 -1.19701 0 0 0 0 -1.18304
51 52 0.100192 0 -1.36192 0 0 0 0 -1.26173
52 53 0.011641 0 -0.934588 0 0 0 0 -0.922947
53 54 0.0701863 0 -1.32155 0 0 0 0 -1.25136
#Total energy per particle is  -0.867201 and should be -0.86720110

