t = 100
b = 30 30 30
E = -0.691053024776895 -0.867201338987293 0.176148314210398
7.13933942432109 27.059791358634 17.0890390182957 0.669980559277824 -0.332180701121107 0.66391408568908 0.262178865833708 0.942552469809251 0.207019249446861 11.7613384771973 -4.40346611494612 0.0721555806494603 -0.425250769841726 0.346462163869999 -0.058292060427889
4.19033479268368 28.4723554698452 17.3077755031536 0.943662181596543 -0.188285619788681 0.272121474510461 0.0128495885427333 0.842571877102393 0.538430507945275 0.599150606583585 -0.186193772062856 -0.756667412999757 0.553625184491846 -0.0512935440845839 -0.540352182053366
4.21563343348065 28.7791635669079 17.7371136042698 0.921116285434662 0.0667827783236492 -0.383516272065646 0.15009794973036 0.848072108656664 0.50817732770698 0.462057756287369 -0.577112083546677 -0.362998849965413 0.597233011362738 -0.144929002343986 -0.467611791652241
4.38001293948495 29.026823106613 18.055143405441 0.493002369625712 0.316788707946337 -0.810304547239571 0.0853623714217675 0.909248541373005 0.407406723964251 0.346590611366366 -0.0818626751022698 -0.122389952805523 0.556598362203826 -0.104755135001904 0.105166345468429
4.64742588511974 29.38130506678 18.1999586660822 -0.230776675819913 0.340408835191943 -0.911517324094602 -0.00237823033835907 0.936604597859323 0.350379868398996 0.180620364259867 -0.414055361481962 -0.517993342472555 0.102348056891844 -0.00469224996491491 0.210259452839699
4.84512804057749 29.807429980476 18.2088717974353 -0.858107281251074 0.134852448521964 -0.495445858091688 -0.0261735552557901 0.952154642555579 0.304493617245965 0.0893595461571412 -0.429754231587015 -0.249234972091331 0.210618878177929 -0.112967395317116 0.171368850906277
4.94013638053517 30.2859147189085 18.0797665048274 -0.998599547425856 -0.00421546503549505 0.0527357494110856 0.00292770564736341 0.990889369473092 0.134646085836057 -0.419469175282714 -0.112869264458756 -0.124378176725116 0.543397334761254 0.0411764267075966 0.351243337245093
4.8451254321453 30.7077384781397 17.8172736489506 -0.766259955160509 -0.144997041230556 0.625956408704802 -0.140175938560707 0.988462915484751 0.0573729783299405 -0.616895165781363 0.353452090047671 0.116256809146374 0.440547124433609 -0.0374298864727298 0.619028643768604
4.67251075546746 31.1833033110739 17.8113311145591 -0.486968714658132 -0.427152868838032 0.761841045571173 -0.296760988868048 0.901277979624924 0.315643479982437 -0.348473512703153 0.275226257120874 0.133822404742474 0.454974185007343 0.0140012069261624 -0.284791867449183
4.43018366816946 31.566762590352 17.9321763247052 0.0860120296057424 -0.486855501952941 0.869237327949977 -0.14694324556039 0.856729732484886 0.494390264281373 0.0120245768682018 0.169460065807175 0.548940409241078 0.776847963570393 0.246240106013077 -0.0523917110800222
4.17248772021751 31.7906604549244 18.2478144768213 0.76335370306601 -0.195472854829352 0.615695841013318 -0.20209895290403 0.833005489918771 0.515031807423522 0.0713134826993966 -0.552736309956943 0.849427912900939 0.634177110340715 0.0222772081082512 0.0261477947863208
4.03293415533258 32.1892661441556 18.5152615817124 0.931449156137025 -0.253279404050553 0.261250640402888 0.0797020095581495 0.842554499535129 0.532681326582608 0.294244239074559 0.0158249615815067 0.105091670743321 0.426456905028627 0.341394087632089 -0.173718244220369
4.15881057417562 32.4999831202881 18.849917855916 0.912695469560621 -0.0564940827782806 -0.404716295626616 0.156896797653449 0.962934272840292 0.219410259687402 0.199973110599843 -0.160518873955202 0.122985584915051 0.415728438837434 0.0201936424788303 -0.332522949353505
4.24474163488072 32.9767025810653 19.10936349251 0.588522409296793 -0.0557500387685347 -0.806556378296051 0.234902769778486 0.966373777922289 0.104605416153149 -0.372561563213913 0.241315505263074 -0.341116727955143 0.4538005028586 0.483221552575052 -0.313823401744381
4.56854011399249 33.3706641788519 19.2132876574331 -0.0400296418653946 0.0534388391687984 -0.997768410241272 0.279614993622562 0.959271907816751 0.0401591038751299 -0.170068078967628 0.656394120504137 -0.285119317101523 0.644480360602321 0.479107704070797 -0.43722555214555
4.94945301691422 33.647515709191 19.166961492665 -0.665297155097507 0.260870627973916 -0.699518471473544 0.23394354598072 0.962621730749031 0.136490689479619 0.162374259268552 0.209871439656017 -0.520412890846625 0.522981525042846 -0.0280466248823874 0.0022129558020432
5.03563280880318 34.1188684946589 18.9772045071495 -0.981859300527278 0.130813991129048 -0.137258495122984 0.0774777602346346 0.937498316075813 0.33925504501791 -0.111328479256503 -0.125485133180744 -0.066980051516716 0.329190266161371 -0.170475904026723 -0.0203969060239383
4.94381113613855 34.5727631454678 18.9839034957412 -0.921878091888471 -0.127224558338982 0.365998055628225 -0.0412398133950604 0.971410420819481 0.233796820096322 -0.391215677576789 0.555592629260459 0.223691295047067 0.0940531192775955 0.291934118794138 0.0436979583198282
4.77592518817742 34.999388712647 18.8623317934403 -0.377412797570552 -0.218298867184893 0.899947257740413 -0.0402440413716734 0.974766205923965 0.219570358044636 -0.316176917728301 0.187345450262031 0.32101099596962 0.344165470087234 -0.46171682801414 -0.207360084580563
4.53275047312398 35.3960800770631 18.8588144495233 0.101680558164384 -0.217758855271308 0.970691519502648 -0.0767444074792412 0.971123925433493 0.225894884741032 0.36869176300754 -0.150997300889953 0.608879013158029 0.544418334115916 0.103120907709845 0.11144368433308
4.24316277524695 35.7210817475383 19.0661163534694 0.750918170550798 -0.0591916161178173 0.657737132431518 -0.252869440870552 0.894297385778191 0.369173565939622 0.571935167202067 -0.356886882514256 0.147560744110701 0.376996019301532 -0.127878788375264 0.076389814879626
4.08538513329788 36.0690030514787 19.3779736901904 0.980117730073437 0.0276843454369152 0.196475680471898 -0.116704772393442 0.881253841675585 0.458008242582126 0.0359703914426691 -0.262747245402319 0.0357939894263565 0.475339384883269 0.10816306103636 0.0557200133378251
4.10071906843476 36.4176395203365 19.7309883125815 0.940377781844207 0.0625392244476989 -0.334332700963138 0.0505357860666416 0.946351236716333 0.319163520274164 0.0146527201483114 -0.145841910230792 -0.262125635266167 0.465533993866231 0.225888118922235 -0.0804573402024691
4.29798135104875 36.7304599239303 20.0323991092396 0.470049222118551 0.182747587487941 -0.863514289889764 0.11104437926087 0.958313620969339 0.263256588883227 -0.399082381949059 0.0464951772972822 -0.515066308360343 0.371007951261323 -0.157326330617367 -0.172049849359094
4.57074679571771 37.0631155771942 20.163174655963 -0.202357244962794 0.255977428492408 -0.945265562095688 0.185179215410475 0.957822905567405 0.219735805760759 -0.0417739995203347 0.324003595273936 -0.0558462417353541 0.425469070637984 -0.124123776997863 0.144823218690616
4.90161583380974 37.3658327348319 20.2531207623179 -0.779067218666513 0.305863973661867 -0.547267194144129 0.173303820509615 0.943969178497984 0.280869823444003 0.00185806841984097 -0.207571006586151 0.091395088101541 0.46710494394292 -0.556968648536855 0.216356278723359
5.04837977749002 37.7860347196758 20.2016329126619 -0.992748994415912 0.0932570453992835 -0.0758448366298183 0.0800515492220293 0.983603411791217 0.161604331103822 -0.169885486192057 -0.293626618016871 0.142337892401019 -0.0360193563758616 -0.0918563275878998 0.208802284054425
4.98656372568345 38.2351177873446 20.044566902854 -0.707348903493248 -0.138598089083144 0.693143558387323 0.107092851268822 0.948257083615045 0.298897150010459 -0.633562508998478 0.254806562232706 0.13801600564801 -0.0775752758906444 -0.317802295457632 0.862660305626485
27.5082124296309 13.0710720282235 12.0725572554378 0.0571992134936357 -0.74117888520831 0.66886619921014 0.565469992364639 0.576189918755512 0.590126042564126 0.175059617541323 -0.774507362568441 0.286275927581271 0.20610371237684 0.273301830912645 -0.540913107307623
27.5225278074669 13.2752391733688 12.4589128804914 0.65053551740791 -0.703792518683171 0.285446163324559 0.45426595345267 0.661779609138006 0.596397580593438 -0.0905871505629351 -0.135639147520062 0.464298135771241 0.291747072314216 -0.0495543736687121 -0.0450902397984755
27.7022955968001 13.5071493390701 12.8853299432227 0.759932117079455 -0.62351638021945 -0.183658340446887 0.601065761421163 0.566528344762758 0.563706897142884 -0.0789709667807555 0.0596974215537871 -0.0860288365094012 0.291730689378914 0.543606342450694 -0.160501477204176
28.0452189872914 13.4783912636122 13.2136324914621 0.692666415861473 -0.16240899534444 -0.702734968973136 0.678453315154577 0.47736952171637 0.558407845544203 0.549558538633211 0.392209956062687 0.129362104575875 0.247937542795539 0.11254883262294 -0.214712004858163
28.4205692802926 13.4994215499415 13.4782629820221 0.328152617143195 0.279939862920015 -0.902191451549122 0.776165595138763 0.464460914499093 0.426430434758027 -0.00524368962649652 0.0628107555309784 0.0521238437204907 0.71339889308748 0.323297894833379 -0.346391247868251
28.8528568356737 13.525702172459 13.4745540846111 -0.0915953042165986 0.710278577494731 -0.697935902955118 0.809295740366126 0.461476565481303 0.363427678534013 -0.129370988823796 0.104457928189269 -0.207977511222876 0.51288328146357 -0.0253401882045317 0.00343791766692106
29.2820667822839 13.7763322311238 13.5854192140199 -0.571283021892064 0.668526155277563 -0.476139028916509 0.555222331446328 0.742022817636962 0.375672975814721 0.194039496322503 0.473926841620178 -0.326218010204635 0.458530886464145 0.430085705591161 -0.373842320229
29.5312308770309 14.1243504218838 13.4690015911157 -0.848367091964142 0.478727859022739 0.226037154739524 0.527264613815805 0.725662230599779 0.442047778043826 -0.313293746159201 -0.239544921995208 -0.0584049236261713 0.54733442036548 0.125686051895583 -0.206514965554717
29.632360073623 14.5852483628395 13.5508685079019 -0.756543397703941 0.0153093142847473 0.653764172422996 0.458177778570874 0.72573023441915 0.513214023860113 -0.259187634536258 0.261956640368128 0.195250924150712 0.532274474812433 0.0808855600129054 0.000247756160076058
29.7481686536239 15.0172096278452 13.7507798670818 -0.48719981906918 -0.455987982922233 0.744789351134622 0.367810684199457 0.666375991338573 0.648581702356594 0.0300188576582056 -0.160230678919245 0.329818473881711 0.662369829943924 0.228569044450327 -0.0975205499430722
29.6509657997321 15.3857510096309 14.016641843027 0.250409455198061 -0.721909588643592 0.645090328452164 0.340020056001507 0.689451167772495 0.639564959702363 -0.164516010120754 -0.666968498606058 -0.380479573171982 0.460831372797423 0.18342936874785 0.296845361558359
29.6349213668677 15.5863577508455 14.4751087594839 0.719211155019176 -0.678289877291971 0.15052587773645 0.439003823450594 0.611563058098423 0.658229559264964 -0.985430251875385 -0.708120681426004 -0.135080797965814 0.399093843294657 -0.207688358484955 -0.0323309532804626
29.8784206366183 15.6962118851011 14.8256133236597 0.734157843722965 -0.639878149246526 -0.227086102778242 0.623148012003839 0.502174800059276 0.599588948412419 0.413487354174001 0.121276191791946 -0.157142910792138 0.553466556976987 0.530925776288615 0.0278076869338307
30.093928121723 15.7032279231413 15.2208202787491 0.745652945001519 -0.122842025026625 -0.654913280054733 0.656994333863984 0.299524719931998 0.69184050278536 -0.246135561975939 -0.529127777137123 -0.326083449361712 0.50422719413467 -0.461731230718791 -0.232312546214646
30.4884119106816 15.6982315425378 15.4730760786676 0.345323945922203 0.532753890037817 -0.772608922030175 0.692105452470191 0.411438185299396 0.59305020721995 -0.108128212549146 -0.0581373006269952 -0.984286304755549 0.66022152373199 -0.0289821527327737 0.13122262952384
30.9788007899343 15.8195837229414 15.7150175961833 -0.168731008200971 0.6885706522461 -0.705266038214407 0.814556240503557 0.500306071476984 0.293584505199547 -0.139419393763841 0.116450443223552 -0.679469164166636 0.537213299698861 -0.127722346052404 -0.386252502803342
31.4454876690626 16.1310787630463 15.6763018926532 -0.483178739162008 0.736379456264504 -0.473585780157159 0.582219448387621 0.674230582811227 0.454349553850805 -0.406881887446483 0.550726716164477 0.367383387472108 0.515972993565746 0.600140219918043 0.112958047073266
31.7317690054106 16.5164241882147 15.6175892271162 -0.864147940774932 0.449570429675754 0.226129710605485 0.503228154488362 0.76920421638303 0.393809833302917 -0.456324996773175 -0.0312987612649595 -0.360192747768864 0.359821272497287 0.0971689466397755 -0.297958531658887
31.8432822176826 16.9707959127095 15.6143617082081 -0.636144739941761 -0.0647111902750008 0.768851231014557 0.457080847868099 0.771196012818068 0.443095583172434 -0.455072743427643 0.207338047848108 -0.245219437936988 0.551481263984251 -0.0924785122901658 0.305299633068174
31.8889307039464 17.4194126206884 15.8677472140942 -0.312007945221051 -0.558238397471038 0.768778782380003 0.449785580324103 0.62595967454691 0.637077153867068 -0.5480303549651 -0.0106831196347938 0.431073136045396 0.452618833668473 0.234375273162639 0.585824546941954
29.2299101297408 18.8193158832061 16.1675526525919 0.0793625656131966 -0.627930253814635 0.774212543807363 0.611062607762107 0.644274719974892 0.459904833467907 -10.9608372224264 3.91658344761617 0.39145282491564 -0.109707937158823 -0.18133396062906 -0.44452896581508
31.8943908202574 17.850397531878 16.6221951332053 0.536990725106785 -0.84151404314884 0.0591181708292896 0.551691576763873 0.403334742385085 0.730039296839185 -0.355159254436425 -0.57134617017504 0.0524487806583575 0.437106828876976 0.0664774399895317 -0.0170242462760509
32.2427432114061 17.8927045201933 17.1281085123854 0.795687212134969 -0.601883906005686 -0.0679522701864524 0.495402107436489 0.582126821016932 0.644751888655685 0.33077568721315 -0.216749681345623 -0.883627743317032 0.37453069343223 0.0435061085368448 -0.346283567623943
32.5178230423924 18.0026021517811 17.5690377258227 0.780094422978607 -0.107673719417146 -0.616326977596858 0.58852376666417 0.460618315803767 0.664432409817587 0.394455625862842 -0.0475164524044333 0.0414528595532982 -0.0195187272516279 -0.0519831245303744 -0.109880657671508
32.8790812370183 18.0383148219324 17.8992740070449 0.407830351945235 0.46588749380818 -0.785253543728634 0.523045274383098 0.585721656365373 0.619155604947941 0.0663831094610516 -0.243695395260693 0.613128664129047 0.266048070181228 0.0352696774054523 0.0584506471143254
33.3402881496787 18.3218491061233 18.1251559096862 -0.127969364940259 0.710076675826571 -0.692397889240272 0.598635663558419 0.611919828356916 0.516903614702566 -0.0763909684022542 0.33409532244476 0.727889349579593 -0.102786133243098 0.196613920984914 0.172556849461174
33.7953252755816 18.6371079827275 18.1648841668822 -0.773017715097812 0.625721541029463 -0.104479916134673 0.472507596352849 0.677797033702794 0.563318412264595 -0.177278767065269 0.335255745483335 -0.142807092312306 -0.0973023996747971 0.315687497349359 0.411853218250571
