t = 100
b = 30 30 30
E = -0.648533064931121 -0.849141166937339 0.200608102006217
10.3014657110417 4.27093931549025 29.1186010129939 0.610932196383787 0.327496796333035 -0.720768751727101 0.555021440388158 0.472045094143948 0.684926646142068 -0.184073803029564 -0.05539983437147 -0.519126302632488 -0.267902931784346 0.24948804133285 -0.649977346424843
10.7296883572554 4.36763135261237 29.3403957461931 -0.135386054994084 0.758580772766002 -0.637358383177495 0.473301513492263 0.614653632543537 0.631020182065615 0.113588428799613 -0.035072825376539 -0.163656782274184 0.17837580277953 0.118549977477123 -0.606080233642369
11.0556531952968 4.69030303224347 29.4200814184918 -0.669518176289526 0.729058490631487 -0.142193565606544 0.479906243167883 0.570676086569922 0.666347269459027 -0.288617507744763 -0.210679226937211 -0.326914641728497 0.425761806958792 0.778294226695325 0.421148105767633
11.3198746969867 5.01461774647174 29.4615373657617 -0.848073338694081 0.311119350627534 0.428924522546061 0.529535494506623 0.526757634396216 0.664919872948322 -0.20442760696578 0.286217427329725 -0.403062036363316 0.558823633971116 -0.0285279975263448 0.0548643464959278
11.4794637096773 5.45021153330252 29.6112764394226 -0.743164692774515 -0.108357993145959 0.660276204084915 0.492452829458864 0.579486630831905 0.649373036107794 -0.0366354745424655 -0.137541850875129 -0.0547930401465401 0.513532457513507 -0.263732487727432 0.256153148089065
11.616681776221 5.8093237442786 29.7608419329742 -0.410997094814102 -0.5690715466878 0.712207023000038 0.511658579274602 0.502595612101296 0.69685222976312 0.304594679022335 0.161813457251727 -0.260973169830301 0.368176116503126 -0.323643746062097 -0.0543178273931044
11.6041240470988 6.18292373152383 30.108073104943 0.245603891509099 -0.850662279548397 0.464814261526402 0.38966170719852 0.525692308103493 0.756182011334216 0.0471501209643106 0.355985747118258 -0.0621961930724636 0.0866831165793499 -0.221252022729571 0.57154414912865
12.6902101694978 6.06094726319198 29.9055835205805 0.43657256824253 -0.896212483270696 0.0787874322114837 0.483621641767865 0.307624898047491 0.819436948276164 4.97909108053547 -1.17554096319911 -3.75267329260293 0.237706180214325 0.289540529858764 -0.140907520435397
11.65310644229 6.34445945781727 31.1362040319983 0.82234543218068 -0.497163127540598 -0.276724946565947 0.521113982690922 0.462814275239796 0.71710741505498 0.439821787156932 -0.072890390297278 -0.48329057877842 0.182600259280988 0.0748298189245452 -0.265090028113302
11.8541241905461 6.25072604819762 31.5568497358854 0.684500186002116 0.227067768190934 -0.692747868037156 0.658764041977749 0.214331062197592 0.721174056387199 0.414024815703773 0.0441632044566276 -0.767508606414461 0.325039046737405 -0.287957245091988 0.0126022435604467
12.2019713607807 6.09355345470309 31.9826608076806 0.487311094232805 0.57641140041756 -0.655955544183734 0.557384887373425 0.37292683068523 0.741786726406654 0.267050586662615 0.56056062399761 -0.721016504892144 0.535264455211025 0.0893986815623211 0.0229522927189031
12.6736699730086 6.1549558705065 32.2245722728773 -0.0899434362709077 0.859216821126915 -0.503643240155848 0.657115749379897 0.431199614853824 0.618276368955472 -0.320558893904315 0.802484388781395 -0.468158389714196 0.468952529230134 0.0745422570015616 -0.156242191776311
13.0628687516464 6.38008222651426 32.3230738696474 -0.520935284872251 0.845216373496946 -0.119313000046625 0.620859044901409 0.471105060035216 0.626573182127024 -0.0277188050157512 0.602062990861209 0.431165978301171 0.50684048986588 0.178221915103546 0.179020998607133
13.4269701289404 6.69516313137044 32.5554139381662 -0.836560245782355 0.530066164173478 0.138552158292402 0.473210885429045 0.571618630449083 0.670315957345633 -0.203086070781289 0.0353968134639184 0.33692489549528 0.234600228539398 0.0394309573586453 -0.365315082180979
13.6549733215154 7.11225465062935 32.7039466573185 -0.883579205093227 -0.0775608494090671 0.461813798463543 0.37875488730026 0.461568624489433 0.802183907541024 -0.0446532959386319 -0.0540606978726215 0.38768900700535 0.525174517045538 0.481362791791383 -0.221953737696255
13.5818455088548 7.50976355157918 32.9309334695131 -0.358452407825667 -0.64293477228797 0.676865298166902 0.363806289537964 0.571519904744643 0.735533730390572 -0.0987028931739438 0.261417191911857 0.460672973455613 0.739284717508432 0.0996139646198925 0.210551523152021
13.5036864708554 7.77314813510677 33.3145279881109 0.121129209535781 -0.868365029549103 0.480905158108064 0.0599516089773958 0.489987917054493 0.869665195820752 -0.0426334026924582 -0.00462863090011966 0.05994996646223 0.500512543894651 0.242557578718398 0.435187483150067
13.6185066421353 7.86683922924986 33.7791070167229 0.358314884414695 -0.928668860364459 0.0958356673108689 0.373851380370514 0.236787808994625 0.896753348566137 -0.333680446411312 -0.361335994930857 0.369096396886842 0.604821452742345 0.35299752413437 -0.4697538802554
13.5968174369949 7.78878221622232 34.290974275892 0.773766032152291 -0.554017322889976 -0.307165777753678 0.542474966653419 0.329112541218627 0.772920259431575 0.0737590644235808 0.0742053450106844 0.155224904540059 0.602922793639235 -0.384446335137172 -0.523558451197121
13.7889929724542 7.66504380593596 34.6696472488094 0.821719288432482 0.0285769224051093 -0.569175413875397 0.509159935778238 0.411820247885957 0.755751363894908 0.11468163373446 -0.0178520958091231 0.190653947733957 0.568809711716839 0.249707957036131 0.203268376704394
14.1446004633062 7.67293906054412 35.0620629435108 0.429417983361178 0.482059667233627 -0.763687471463547 0.775542891493973 0.236453538312428 0.585339936410566 0.281015851402047 0.242535372518729 0.159371901068934 0.0974632859302873 0.192725427740258 0.0175620176789673
14.5913593968429 7.61797887089039 35.1790551496721 -0.180519050355185 0.935239276768439 -0.304532844532227 0.642794883205951 0.346528401305008 0.683178372421697 -0.100634081291538 -0.155806233948706 -0.522449408012812 0.759650023287304 -0.554023432030253 -0.287753242959586
15.0274568544125 7.90277231186609 35.2162635610096 -0.517359247108069 0.853753794373687 0.0586834702754322 0.693847446646161 0.378342727718059 0.612725375668876 -0.790541835472785 0.586622302608329 -0.21701104567045 0.615097755442301 -0.16738692147164 0.370008276282001
15.3513921951345 8.10800730539582 35.4376280187129 -0.747711171693436 0.654430477079987 0.112466190738215 0.549877920031898 0.515287565866864 0.657352934341953 -0.705390776059209 -0.51310451111293 0.461861979464332 0.572768349641004 0.539170468157799 -0.275637543682332
15.6120313803624 8.52306229670532 35.5013556902247 -0.811210912141554 0.123544353070005 0.571553614080615 0.510594357971493 0.626051355295406 0.589366600244903 0.111406268959757 -0.266998962640473 0.320556816717205 0.395677998070343 -0.26757152220701 -0.398662253138623
15.7088685820974 8.98743570872105 35.6974894021399 -0.49085279284604 -0.486840836391186 0.722529873127397 0.494362463906183 0.527241483665211 0.691102057512882 -0.0155737656980087 -0.067170962707189 0.000672878402819017 0.481935733926915 0.0150729570091159 -0.0457329561456824
15.7150327224529 9.31374741509779 36.0213090772249 0.0229699291568163 -0.865116626489049 0.501044395068698 0.375398049402122 0.471966025877583 0.797699353698759 0.215098562518416 -0.402014061298347 -0.564879259897603 0.40555725023592 -0.209783410495173 -0.278101132133001
15.6309464609015 9.43196571903139 36.4744152665034 0.688886056925923 -0.708176754747869 0.154665985307511 0.282236680989685 0.458581748063526 0.842641752193114 -0.112074486353599 -0.62286241474941 -0.118563048588949 0.415628525096908 -0.255066228361559 0.595743300389955
21.1949652418083 0.791506392538356 10.0170746916862 -0.0202798262827433 0.929021709232631 -0.369468906971216 0.473141974771756 0.334462488477154 0.815028463662645 0.141094323010476 0.597381334178954 0.305811531164541 0.0155268568821378 0.0857066567841594 -0.328814031188522
21.5725758007777 0.975785840376628 10.2242124536265 -0.542795065042862 0.83902434182338 -0.0375706271952358 0.552867743516741 0.390628888063692 0.736034111103507 0.44640919057624 0.138746628356866 0.186068357883853 0.504365598030391 0.401604489862275 -0.0265634187210435
21.8535039721463 1.34663035918021 10.304080279236 -0.768894481371389 0.490506514799553 0.410127439038197 0.607425361793304 0.36015645344695 0.708040706997148 -0.0135226864909751 0.0120024402973381 0.0369175607140767 0.471385983770858 -0.0271091911533325 0.10326964618598
22.0859772290574 1.63162513374234 10.5583630732738 -0.84057881398687 0.0680120424917226 0.53740255333883 0.538019475584506 0.220107716486725 0.813687604701504 -0.00199593653280037 0.0966732341780415 0.421801383601226 0.306203346274854 0.2787738569466 -0.0559561009540203
22.149188828744 2.00887820754948 10.842816335117 -0.549123610105588 -0.647595194703934 0.528283641098364 0.439289543881882 0.314091956561149 0.841647682417409 -0.0883305426843217 -0.132090762029431 0.180534057562022 0.420791930985712 -0.153302776673566 -0.408726243027827
22.0450947774084 2.21994013558379 11.2326120623489 -0.0678527984863114 -0.917778526339486 0.391252419458443 0.298226745782228 0.355569012576248 0.885794204580939 -0.142336460791568 -0.280969396191734 0.0591891394763488 0.659446592309115 -0.211859889392871 -0.22180109843573
21.9845045777671 2.42367346156344 11.6800366361962 0.309292683596416 -0.945492334192402 0.1018929258057 0.424138329726558 0.233052113189416 0.875096150142315 0.219787620405927 -0.449840186852812 0.0834903272129223 0.536354181197889 0.167371258024082 -0.224580900405182
21.9903504062606 2.38614149277129 12.187436498116 0.679962523262577 -0.629760658699343 -0.375569385665371 0.555363959946551 0.107881693463319 0.824580071724073 0.350033656789976 -0.238423562869971 -0.0418622529215449 0.414861395113797 0.204930544724015 -0.288594117246798
22.1592834525781 2.1395873324765 12.5537951152291 0.79011869284966 0.154892970486887 -0.593060283718246 0.580622364878965 0.120954161641674 0.805138276030877 0.0742826766240681 0.141958509938092 0.153108656318745 0.719163065340146 -0.0368604823567677 -0.00167603065904512
22.4678236263978 1.97423779698046 12.8872936485284 0.514290236900901 0.58505409737385 -0.62707028032521 0.746218616770264 0.055099122129539 0.663416729233913 0.0599802354712209 0.363894989559813 -0.0906485236443869 0.663249906497804 -0.323742136061905 -0.279330095707662
22.897690875974 1.84587260803143 13.083874650887 0.0453116285933826 0.856187954001687 -0.514673611232293 0.755606403935069 0.307634623459371 0.578290405477376 -0.150540229843227 0.570512550898071 -0.503395370691049 0.65114301324977 0.214843243422744 -0.14750652841799
23.3652349366554 1.95933178326182 13.1571864715732 -0.530106207939368 0.846937073159819 -0.0410473295167216 0.622901348947213 0.42181110667352 0.658839272507367 0.0272982821339889 0.499817962003371 -0.286989181950659 0.709274850822915 -0.236375844697157 -0.350605396937087
23.6369579091532 2.27091809230923 13.3110350180358 -0.804691763417645 0.517516197563763 0.290943348964385 0.55051711545847 0.466963872389378 0.692008334634768 -0.672080386344339 0.200435891790829 0.146471432533569 0.85541352442379 0.304298672626134 0.119462582669344
23.8213561314498 2.66553620792072 13.4688087953044 -0.725363162132726 -0.103253344261587 0.68057836505842 0.518508454780043 0.568343459097703 0.638854121221907 -0.866093647364045 -0.129942878387504 -0.0763945659582445 0.563216933990496 -0.393714655721559 0.257666412623219
23.9758138112734 2.98825806854535 13.8621097051782 -0.518440478740195 -0.627654310670574 0.5807490138549 0.395312024044806 0.426301115548699 0.813631149873588 -0.42119245659216 -0.461414849054972 0.127653933720486 0.645098992763027 -0.0681136522473517 0.033971020691698
23.9166514277286 3.24879045805613 14.2665274705383 0.140847147542435 -0.900574705336956 0.411250730579565 0.31946601185593 0.434513457150548 0.842104155752317 -0.278924912962031 -0.716704216827492 -0.481322798521104 0.44620220339018 -0.0842518700796485 0.221192422778126
24.0634413401703 3.29755746625349 14.8604063708593 0.389729333673385 -0.920550237281143 0.0264232639444575 0.433314628774393 0.208616989719841 0.876765228780822 0.402790696325275 -0.23516622068774 -0.0625432031856892 0.419416697698685 0.527129868833965 0.132961545755934
24.0359207799115 3.28964388073818 15.414461821309 0.805864229975149 -0.491020479305667 -0.330880057639252 0.40875294314865 0.0570525464667186 0.910859992716772 -0.142384134388051 0.312654936232336 -0.131444229167951 0.414425982542809 -0.296542080774733 -0.253469016869307
24.205736809275 3.12011579260664 15.8475885695685 0.85261689682478 0.149216060393497 -0.500778269875052 0.485394783176257 0.128692833119547 0.864771612565183 -0.143304777923407 0.0782413415079051 0.364894771758819 0.407037694888041 -0.101108778899207 0.319077443468474
24.5406203020284 2.93299768998645 16.2925814427102 0.421042009725772 0.758203066214217 -0.497846985550265 0.628113521254962 0.152249039130903 0.763081593578196 0.289563752092626 0.12261365308891 0.0640264360911975 0.100449138343898 -0.202551567265371 0.126273538093338
23.9792993588033 3.23213062635837 17.8578901563013 -0.165778102311555 0.905862939752439 -0.389781783483663 0.476786677168034 0.419609195809454 0.772400458511333 -4.30499708982236 1.70221299332263 5.59197442150861 -0.0374729940317338 0.458478089566478 0.471044612937709
25.4723879208363 2.82328763846369 16.4986513224576 -0.389749721214604 0.903997118365079 -0.175739149575423 0.506256075315556 0.369727506148113 0.779106050923884 -0.155932499270168 -0.373792798542631 0.22755211915143 0.0867378456241711 0.143048872377788 -0.541003745076142
25.7863867545666 3.15532512825383 16.7246495697019 -0.876422565761188 0.439672033473592 0.196397225031432 0.41635982998511 0.486994870733417 0.767776251583382 -0.48865291921496 0.275374429862592 0.0791019840125688 0.44406969314725 0.130208637708045 -0.375781735310607
26.0389190362639 3.73215862256122 16.8421399002753 -0.789811257334014 0.113287326900509 0.602796851015057 0.60895984951835 0.262211782124594 0.748607215957685 -0.320032035172272 0.0276695097411057 0.662691136799972 0.12328849637914 0.0694081795327444 0.0551194943180026
26.2612002049095 4.02207549795471 17.1793146785382 -0.717336031179164 -0.508636869414705 0.47614854653447 0.436710680391128 0.204250427144438 0.876108112900594 0.470686031488197 0.376053925052867 0.234864423468946 0.354319618253315 -0.268174127209953 -0.648400637034013
26.2217301619827 4.34143746778564 17.4915393984762 0.00483242948891763 -0.902913463040947 0.429795075212291 0.385385381503192 0.398281259368831 0.83237613468192 0.358009903682315 -0.0651319505807108 -0.447172706677453 0.18050640276516 -0.17850882587842 0.15068864163114
26.2127566515826 4.50565136874447 17.9827453402415 0.557770863854411 -0.816614652080108 -0.148431999543545 0.566585565412162 0.243932292148277 0.787069066214955 0.54397465906729 -0.709907190864059 -0.115838093266101 -0.125333175425128 -0.10852547461539 0.265745324051724
