t = 0
b =  30.0 30.0 30.0
E = 0. 0. 0.
10.1203755655 4.30427131529 29.2370888265 0.436146524508 0.614986628841 -0.656938091076 0.522560195642 0.421241613389 0.74127346174 0.0 0.0 0.0 0.0 0.0 0.0
10.6315067898 4.30402554439 29.4027086117 -0.0762812596465 0.889036803561 -0.45143629821 0.522560195642 0.421241613389 0.74127346174 0.0 0.0 0.0 0.0 0.0 0.0
11.1252496986 4.50643574084 29.4654234784 -0.559728517907 0.825327032705 -0.0744263080416 0.522560195642 0.421241613389 0.74127346174 0.0 0.0 0.0 0.0 0.0 0.0
11.4914024741 4.89697926036 29.511172866 -0.830525554052 0.448061723392 0.330859480893 0.522560195642 0.421241613389 0.74127346174 0.0 0.0 0.0 0.0 0.0 0.0
11.6682369234 5.38965846383 29.6323416825 -0.785792046567 -0.0994297258292 0.610446221361 0.522560195642 0.421241613389 0.74127346174 0.0 0.0 0.0 0.0 0.0 0.0
11.665950051 5.85967265816 29.8926617345 -0.442523002848 -0.609146159832 0.658114236218 0.522560195642 0.421241613389 0.74127346174 0.0 0.0 0.0 0.0 0.0 0.0
11.5627900462 6.1908319662 30.3029989473 0.0688679282427 -0.887437783334 0.455753649652 0.522560195642 0.421241613389 0.74127346174 0.0 0.0 0.0 0.0 0.0 0.0
11.4753284878 6.3196998036 30.8172252189 0.554094781984 -0.828576955779 0.0802446317883 0.522560195642 0.421241613389 0.74127346174 0.0 0.0 0.0 0.0 0.0 0.0
11.5141728524 6.25969349786 31.3497432569 0.828811764078 -0.454925889655 -0.32575066331 0.522560195642 0.421241613389 0.74127346174 0.0 0.0 0.0 0.0 0.0 0.0
11.7419448846 6.09598682126 31.8080064209 0.788649300006 0.0915591279034 -0.607987835156 0.522560195642 0.421241613389 0.74127346174 0.0 0.0 0.0 0.0 0.0 0.0
12.1494895497 5.95315105074 32.1276787387 0.448865781348 0.603259301985 -0.659240263412 0.522560195642 0.421241613389 0.74127346174 0.0 0.0 0.0 0.0 0.0 0.0
12.6593531837 5.9478282571 32.2970772177 -0.0614493522795 0.885771181284 -0.460036293688 0.522560195642 0.421241613389 0.74127346174 0.0 0.0 0.0 0.0 0.0 0.0
13.1552094359 6.1444170321 32.3616104092 -0.548418849598 0.83176377951 -0.0860568445955 0.522560195642 0.421241613389 0.74127346174 0.0 0.0 0.0 0.0 0.0 0.0
13.5260535941 6.53060638681 32.4065269402 -0.827034856879 0.46175541155 0.320617038553 0.522560195642 0.421241613389 0.74127346174 0.0 0.0 0.0 0.0 0.0 0.0
13.7083751307 7.02205290211 32.5245281352 -0.791446494747 -0.0836815573956 0.605483148324 0.522560195642 0.421241613389 0.74127346174 0.0 0.0 0.0 0.0 0.0 0.0
13.7102864138 7.49442420377 32.7805492329 -0.455174376981 -0.597326503606 0.660316086908 0.522560195642 0.421241613389 0.74127346174 0.0 0.0 0.0 0.0 0.0 0.0
13.6084406834 7.83063491014 33.1870894034 0.0540260967103 -0.88403712433 0.46428390418 0.522560195642 0.421241613389 0.74127346174 0.0 0.0 0.0 0.0 0.0 0.0
13.5189102035 7.9653293262 33.6994631045 0.542701152993 -0.834887261208 0.0918625038408 0.522560195642 0.421241613389 0.74127346174 0.0 0.0 0.0 0.0 0.0 0.0
13.5530884685 7.9097111648 34.2327768662 0.825194967774 -0.468549768983 -0.315458997567 0.522560195642 0.421241613389 0.74127346174 0.0 0.0 0.0 0.0 0.0 0.0
13.7753699523 7.74728706882 34.6941817395 0.794183417774 0.0757976142132 -0.602932351605 0.522560195642 0.421241613389 0.74127346174 0.0 0.0 0.0 0.0 0.0 0.0
14.1786855712 7.60214104138 35.0181481643 0.461448309323 0.591348216501 -0.661341624778 0.522560195642 0.421241613389 0.74127346174 0.0 0.0 0.0 0.0 0.0 0.0
14.6871883467 7.5917928585 35.1913617449 -0.0465987268446 0.882235744526 -0.468496157655 0.522560195642 0.421241613389 0.74127346174 0.0 0.0 0.0 0.0 0.0 0.0
15.185068941 7.78255034134 35.2577816117 -0.536942127594 0.83794716301 -0.0976611674009 0.522560195642 0.421241613389 0.74127346174 0.0 0.0 0.0 0.0 0.0 0.0
15.5605535604 8.16431790636 35.3019396122 -0.823292236878 0.475308444537 0.310276933156 0.522560195642 0.421241613389 0.74127346174 0.0 0.0 0.0 0.0 0.0 0.0
15.7483686885 8.65443204626 35.4168252494 -0.796859860659 -0.0679078987489 0.600335639254 0.522560195642 0.421241613389 0.74127346174 0.0 0.0 0.0 0.0 0.0 0.0
15.7545395863 9.12906657851 35.6685574145 -0.467687100589 -0.585324895941 0.662316798922 0.522560195642 0.421241613389 0.74127346174 0.0 0.0 0.0 0.0 0.0 0.0
15.6541011948 9.47027628231 36.0712647147 0.0391678083055 -0.880367179054 0.472672733334 0.522560195642 0.421241613389 0.74127346174 0.0 0.0 0.0 0.0 0.0 0.0
15.5625911064 9.61080625995 36.5817177794 0.531142211974 -0.84094325189 0.103452393685 0.522560195642 0.421241613389 0.74127346174 0.0 0.0 0.0 0.0 0.0 0.0
20.9957165076 0.733731974915 9.96855969099 0.02292776079 0.948535629375 -0.315839322428 0.514848153604 0.25960597625 0.817028834146 0.0 0.0 0.0 0.0 0.0 0.0
21.5005021629 0.8792257665 10.0812899043 -0.483933854093 0.874687254253 0.0270228072372 0.514848153604 0.25960597625 0.817028834146 0.0 0.0 0.0 0.0 0.0 0.0
21.8949750809 1.22410454521 10.2001799674 -0.806940906863 0.468530567249 0.359618520636 0.514848153604 0.25960597625 0.817028834146 0.0 0.0 0.0 0.0 0.0 0.0
22.1055057937 1.67578488148 10.4010450836 -0.823377617784 -0.115628715666 0.555589145544 0.514848153604 0.25960597625 0.817028834146 0.0 0.0 0.0 0.0 0.0 0.0
22.1283475527 2.10110764836 10.728556763 -0.526999405569 -0.65585871629 0.540482165105 0.514848153604 0.25960597625 0.817028834146 0.0 0.0 0.0 0.0 0.0 0.0
22.0310597806 2.37692740023 11.1792713689 -0.0304053082177 -0.946917025223 0.320036973762 0.514848153604 0.25960597625 0.817028834146 0.0 0.0 0.0 0.0 0.0 0.0
21.9268411175 2.43689738641 11.702938413 0.477740274075 -0.878225724665 -0.0219956146452 0.514848153604 0.25960597625 0.817028834146 0.0 0.0 0.0 0.0 0.0 0.0
21.931523365 2.29667579102 12.2215915562 0.804384338855 -0.475881788156 -0.355671701302 0.514848153604 0.25960597625 0.817028834146 0.0 0.0 0.0 0.0 0.0 0.0
22.1195650477 2.04797692704 12.6591693238 0.825429344715 0.107257595993 -0.55422216212 0.514848153604 0.25960597625 0.817028834146 0.0 0.0 0.0 0.0 0.0 0.0
22.4957633756 1.82372743544 12.9704121321 0.532879942075 0.649648026173 -0.542214357449 0.514848153604 0.25960597625 0.817028834146 0.0 0.0 0.0 0.0 0.0 0.0
22.9934317031 1.74756523186 13.1580571606 0.0378805401635 0.945226309674 -0.324210253042 0.514848153604 0.25960597625 0.817028834146 0.0 0.0 0.0 0.0 0.0 0.0
23.4997349009 1.8868673953 13.2717984517 -0.471510312285 0.881697314788 0.0169667470021 0.514848153604 0.25960597625 0.817028834146 0.0 0.0 0.0 0.0 0.0 0.0
23.8985573081 2.22715248939 13.3894073133 -0.801766513865 0.483196768822 0.351697796191 0.514848153604 0.25960597625 0.817028834146 0.0 0.0 0.0 0.0 0.0 0.0
24.1146170133 2.67758230214 13.5871856986 -0.827418212006 -0.0988783082392 0.552812972533 0.514848153604 0.25960597625 0.817028834146 0.0 0.0 0.0 0.0 0.0 0.0
24.142066711 3.10547280142 13.9109778184 -0.538719897711 -0.643387862843 0.54390525807 0.514848153604 0.25960597625 0.817028834146 0.0 0.0 0.0 0.0 0.0 0.0
24.0467151911 3.38670301711 14.3587531589 -0.0453528873596 -0.943463611481 0.328358842455 0.514848153604 0.25960597625 0.817028834146 0.0 0.0 0.0 0.0 0.0 0.0
23.9410254791 3.45287067288 14.8813779078 0.46524444316 -0.885101760248 -0.0119365872755 0.514848153604 0.25960597625 0.817028834146 0.0 0.0 0.0 0.0 0.0 0.0
23.9413882526 3.31727935456 15.4012817113 0.79908763125 -0.490474952183 -0.347697107931 0.514848153604 0.25960597625 0.817028834146 0.0 0.0 0.0 0.0 0.0 0.0
24.1239030767 3.06988425545 15.8419279482 0.829344068196 0.0904914905192 -0.551361684098 0.514848153604 0.25960597625 0.817028834146 0.0 0.0 0.0 0.0 0.0 0.0
24.4954669073 2.84311669445 16.1568912717 0.544518827741 0.637078703036 -0.545554738201 0.514848153604 0.25960597625 0.817028834146 0.0 0.0 0.0 0.0 0.0 0.0
24.9911538218 2.76157124385 16.3474953756 0.0528217807576 0.941629064882 -0.332482426072 0.514848153604 0.25960597625 0.817028834146 0.0 0.0 0.0 0.0 0.0 0.0
25.4988814629 2.89467016823 16.4623100999 -0.458943143869 0.888438801781 0.00690551853155 0.514848153604 0.25960597625 0.817028834146 0.0 0.0 0.0 0.0 0.0 0.0
25.9019929999 3.23028874542 16.5786989375 -0.796347895019 0.497715783978 0.343669941191 0.514848153604 0.25960597625 0.817028834146 0.0 0.0 0.0 0.0 0.0 0.0
26.1235770092 3.67936165123 16.7734273489 -0.831206766625 -0.0820977815217 0.549868407336 0.514848153604 0.25960597625 0.817028834146 0.0 0.0 0.0 0.0 0.0 0.0
26.1556874098 4.10972036516 17.0934982811 -0.550276290554 -0.63072102722 0.547162672225 0.514848153604 0.25960597625 0.817028834146 0.0 0.0 0.0 0.0 0.0 0.0
26.0623623127 4.39630620109 17.5382949616 -0.0602866515726 -0.939722809584 0.336580689864 0.514848153604 0.25960597625 0.817028834146 0.0 0.0 0.0 0.0 0.0 0.0
25.9552948715 4.46868219301 18.059815221 0.45260689428 -0.89170818526 -0.00187392390563 0.514848153604 0.25960597625 0.817028834146 0.0 0.0 0.0 0.0 0.0 0.0
