
#id1 id2 FENE BEXC STCK NEXC HB CRSTCK CXSTCK total, t = 100
0 1 0.0815418 0 -1.3105 0 0 0 0 -1.22895
1 2 0.213789 0 -1.28298 0 0 0 0 -1.06919
2 3 0.416017 0 -1.39235 0 0 0 0 -0.976329
3 4 0.03399 0 -1.16312 0 0 0 0 -1.12913
4 5 0.016203 0 -1.36836 0 0 0 0 -1.35216
5 6 0.0261171 0 -0.902043 0 0 0 0 -0.875926
6 7 0.309252 0 -1.32578 0 0 0 0 -1.01653
7 8 0.141355 0 -1.1507 0 0 0 0 -1.00934
8 9 0.130975 0 -1.27676 0 0 0 0 -1.14578
9 10 0.403057 0 -1.2475 0 0 0 0 -0.84444
10 11 0.0475972 0 -1.40778 0 0 0 0 -1.36018
11 12 0.0986381 0 -1.23437 0 0 0 0 -1.13573
12 13 0.649107 0 -1.35759 0 0 0 0 -0.70848
13 14 0.153361 0 -0.911575 0 0 0 0 -0.758214
14 15 0.214279 0 -0.888492 0 0 0 0 -0.674214
15 16 0.315902 0 -1.19915 0 0 0 0 -0.883244
16 17 0.122635 0.131948 -0.941319 0 0 0 0 -0.686736
17 18 0.0022327 0 -1.39767 0 0 0 0 -1.39544
18 19 0.00383303 0 -3.0018e-06 0 0 0 0 0.00383003
19 20 0.440455 0 -0.892638 0 0 0 0 -0.452183
20 21 0.0284026 0 -0.921432 0 0 0 0 -0.893029
21 22 1.35502 0 0 0 0 0 0 1.35502
22 23 0.0555655 0 -1.39669 0 0 0 0 -1.34112
23 24 0.0454416 0 -1.00362 0 0 0 0 -0.958181
24 25 0.148699 0 -0.300229 0 0 0 0 -0.151531
25 26 0.114541 0 -1.22579 0 0 0 0 -1.11125
26 27 0.00828332 0 -1.16869 0 0 0 0 -1.16041
28 29 0.0455836 0 -1.09799 0 0 0 0 -1.05241
29 30 0.204676 0 -1.21677 0 0 0 0 -1.0121
30 31 0.0523137 0 -1.11302 0 0 0 0 -1.06071
31 32 0.109158 0.0180958 -0.860825 0 0 0 0 -0.733571
32 33 0.445652 0 -1.36676 0 0 0 0 -0.921106
33 34 0.267333 0 -1.32432 0 0 0 0 -1.05699
34 35 0.152896 0 -1.28466 0 0 0 0 -1.13176
35 36 0.246025 0 -1.26749 0 0 0 0 -1.02146
36 37 0.156012 0 -1.18937 0 0 0 0 -1.03336
37 38 0.340025 0 -1.15458 0 0 0 0 -0.814556
38 39 0.00134904 0 -1.09414 0 0 0 0 -1.09279
39 40 0.0702551 0 -1.29345 0 0 0 0 -1.22319
40 41 0.198727 0 -1.34621 0 0 0 0 -1.14748
41 42 0.108517 0 -1.34037 0 0 0 0 -1.23185
42 43 0.0230953 0 -1.35726 0 0 0 0 -1.33416
43 44 0.11088 0 -1.19468 0 0 0 0 -1.0838
44 45 0.203532 0 -1.2334 0 0 0 0 -1.02987
45 46 0.0938505 0 -1.32355 0 0 0 0 -1.2297
46 47 0.00996051 0 -1.39786 0 0 0 0 -1.3879
47 48 1.56026 0 0 0 0 0 0 1.56026
48 49 0.71299 0 0 0 0 0 0 0.71299
49 50 0.0380959 0 -1.24675 0 0 0 0 -1.20866
50 51 0.144287 0 -1.03727 0 0 0 0 -0.892987
51 52 0.117873 0 -1.34265 0 0 0 0 -1.22478
52 53 0.098045 0 -0.919403 0 0 0 0 -0.821358
53 54 0.151118 0 -1.1551 0 0 0 0 -1.00399
#Total energy per particle is  -0.844294 and should be -0.84429410

