t = 0
b =  30.0 30.0 30.0
E = 0. 0. 0.
15.5285457595 5.13198953369 27.9339751404 0.6172726903 -0.703494060541 0.352236472548 0.154206126896 0.547211830426 0.822666203918 0.0 0.0 0.0 0.0 0.0 0.0
15.3875754374 5.10554240257 28.4517714513 0.952396261033 -0.303944099696 0.0236505017037 0.154206126896 0.547211830426 0.822666203918 0.0 0.0 0.0 0.0 0.0 0.0
15.4637038729 5.00981120436 28.9749588949 0.925688568983 0.211079306299 -0.313920690153 0.154206126896 0.547211830426 0.822666203918 0.0 0.0 0.0 0.0 0.0 0.0
15.7508430469 4.96219554067 29.4265881073 0.547296312889 0.645910154772 -0.532228163347 0.154206126896 0.547211830426 0.822666203918 0.0 0.0 0.0 0.0 0.0 0.0
16.1627384326 5.06181511707 29.7568958931 -0.0390229627777 0.835348936406 -0.548333258905 0.154206126896 0.547211830426 0.822666203918 0.0 0.0 0.0 0.0 0.0 0.0
16.5657385327 5.35185250982 29.9622110952 -0.610516762456 0.70742469081 -0.356117381762 0.154206126896 0.547211830426 0.822666203918 0.0 0.0 0.0 0.0 0.0 0.0
16.8295713176 5.80314738309 30.086349329 -0.950065036782 0.310737977665 -0.0286065573219 0.154206126896 0.547211830426 0.822666203918 0.0 0.0 0.0 0.0 0.0 0.0
16.8768367474 6.32527498816 30.2039666972 -0.928667719393 -0.204003288457 0.309772376521 0.154206126896 0.547211830426 0.822666203918 0.0 0.0 0.0 0.0 0.0 0.0
16.7124123414 6.80090003719 30.3921966883 -0.554454008911 -0.641240294541 0.530463605405 0.154206126896 0.547211830426 0.822666203918 0.0 0.0 0.0 0.0 0.0 0.0
16.4216001267 7.13035434092 30.701345875 0.0304060495329 -0.834859391763 0.549622841718 0.154206126896 0.547211830426 0.822666203918 0.0 0.0 0.0 0.0 0.0 0.0
16.1377189718 7.26950242002 31.1357816057 0.603714341398 -0.711301447949 0.359971171258 0.154206126896 0.547211830426 0.822666203918 0.0 0.0 0.0 0.0 0.0 0.0
15.9914545201 7.24650931167 31.6522727763 0.9476614614 -0.317508191734 0.03356043444 0.154206126896 0.547211830426 0.822666203918 0.0 0.0 0.0 0.0 0.0 0.0
16.0612095284 7.15114020104 32.1764140489 0.931576148161 0.196911734975 -0.305600472522 0.154206126896 0.547211830426 0.822666203918 0.0 0.0 0.0 0.0 0.0 0.0
16.3433173489 7.10065712658 32.6308936842 0.561569481114 0.636521601378 -0.528658650605 0.154206126896 0.547211830426 0.822666203918 0.0 0.0 0.0 0.0 0.0 0.0
16.7534349503 7.19526917119 32.9648655635 -0.0217868207496 0.834306269344 -0.550870568623 0.154206126896 0.547211830426 0.822666203918 0.0 0.0 0.0 0.0 0.0 0.0
17.1585862453 7.48006135615 33.1732664793 -0.596865945154 0.715124036729 -0.363797547555 0.154206126896 0.547211830426 0.822666203918 0.0 0.0 0.0 0.0 0.0 0.0
17.4276819292 7.92786608778 33.2987397327 -0.945185717928 0.324254226324 -0.0385117558011 0.154206126896 0.547211830426 0.822666203918 0.0 0.0 0.0 0.0 0.0 0.0
17.481322499 8.4495845805 33.4154342302 -0.934413633799 -0.189805185903 0.301405295864 0.154206126896 0.547211830426 0.822666203918 0.0 0.0 0.0 0.0 0.0 0.0
17.3219634516 8.92803697513 33.6008340743 -0.568642187627 -0.631754434632 0.526813436403 0.154206126896 0.547211830426 0.822666203918 0.0 0.0 0.0 0.0 0.0 0.0
17.0329823997 9.2624809265 33.9063210578 0.0131659328156 -0.833689611273 0.552076344601 0.154206126896 0.547211830426 0.822666203918 0.0 0.0 0.0 0.0 0.0 0.0
16.7470025225 9.40688530475 34.3376538615 0.589972095258 -0.718892166045 0.367596219261 0.154206126896 0.547211830426 0.822666203918 0.0 0.0 0.0 0.0 0.0 0.0
16.595506803 9.38741819114 34.8527802349 0.942637994905 -0.330975567701 0.0434601443428 0.154206126896 0.547211830426 0.822666203918 0.0 0.0 0.0 0.0 0.0 0.0
16.6588854441 9.29250518644 35.3778133496 0.937179960221 0.18268418243 -0.297187166026 0.154206126896 0.547211830426 0.822666203918 0.0 0.0 0.0 0.0 0.0 0.0
16.9358942867 9.23923504689 35.8351026404 0.575671589835 0.626939157339 -0.524928103317 0.154206126896 0.547211830426 0.822666203918 0.0 0.0 0.0 0.0 0.0 0.0
17.3441274862 9.32887570797 36.1727345536 -0.00454404224484 0.833009464511 -0.553240077828 0.154206126896 0.547211830426 0.822666203918 0.0 0.0 0.0 0.0 0.0 0.0
17.7513248712 9.6084009027 36.3842553736 -0.583033316703 0.72260554894 -0.371366897092 0.154206126896 0.547211830426 0.822666203918 0.0 0.0 0.0 0.0 0.0 0.0
18.0256197933 10.0526440551 36.5111230977 -0.940018486349 0.337671704006 -0.0484052232263 0.154206126896 0.547211830426 0.822666203918 0.0 0.0 0.0 0.0 0.0 0.0
18.0856374718 10.573859483 36.6269568497 -0.93987491676 -0.17554926685 0.292946404235 0.154206126896 0.547211830426 0.822666203918 0.0 0.0 0.0 0.0 0.0 0.0
10.046688098 9.292748904 12.7850295558 0.904554540179 0.245890670418 -0.348308573024 0.00831557085771 0.806609296571 0.591026474844 0.0 0.0 0.0 0.0 0.0 0.0
10.302999986 9.44605130936 13.2316700048 0.482769894633 0.514363898836 -0.708775710934 0.00831557085771 0.806609296571 0.591026474844 0.0 0.0 0.0 0.0 0.0 0.0
10.6693592866 9.71660298164 13.5167450082 -0.122427105366 0.58742168238 -0.799967106162 0.00831557085771 0.806609296571 0.591026474844 0.0 0.0 0.0 0.0 0.0 0.0
11.0078113248 10.1210574449 13.6194674847 -0.681112001165 0.437308147622 -0.587237623022 0.00831557085771 0.806609296571 0.591026474844 0.0 0.0 0.0 0.0 0.0 0.0
11.1910038608 10.6251963142 13.5883291264 -0.981031060136 0.12105393618 -0.151406748807 0.00831557085771 0.806609296571 0.591026474844 0.0 0.0 0.0 0.0 0.0 0.0
11.1505703358 11.156929432 13.522677595 -0.908240017396 -0.241190689531 0.341946080666 0.00831557085771 0.806609296571 0.591026474844 0.0 0.0 0.0 0.0 0.0 0.0
10.9031034702 11.6336831246 13.5349726835 -0.490393407085 -0.511802939796 0.70538787706 0.00831557085771 0.806609296571 0.591026474844 0.0 0.0 0.0 0.0 0.0 0.0
10.5438514121 11.9937713209 13.7080609607 0.113761857519 -0.587972696343 0.800841025503 0.00831557085771 0.806609296571 0.591026474844 0.0 0.0 0.0 0.0 0.0 0.0
10.210531373 12.2198311226 14.0637009749 0.674697090454 -0.440761795171 0.592041279009 0.00831557085771 0.806609296571 0.591026474844 0.0 0.0 0.0 0.0 0.0 0.0
10.0310085569 12.3454192592 14.5542968173 0.979303618392 -0.126098118868 0.158315152217 0.00831557085771 0.806609296571 0.591026474844 0.0 0.0 0.0 0.0 0.0 0.0
10.0747180314 12.4422633257 15.0809806036 0.91185632862 0.23647234104 -0.33555754779 0.00831557085771 0.806609296571 0.591026474844 0.0 0.0 0.0 0.0 0.0 0.0
10.3262851847 12.5930112697 15.5311740363 0.49797957418 0.509203004981 -0.701946325169 0.00831557085771 0.806609296571 0.591026474844 0.0 0.0 0.0 0.0 0.0 0.0
10.6913667976 12.8598320548 15.8213587821 -0.105087946266 0.588478933909 -0.801653957699 0.00831557085771 0.806609296571 0.591026474844 0.0 0.0 0.0 0.0 0.0 0.0
11.0324936098 13.2607966313 15.928806483 -0.668230798948 0.444181877002 -0.59679984876 0.00831557085771 0.806609296571 0.591026474844 0.0 0.0 0.0 0.0 0.0 0.0
11.2212971904 13.7630124807 15.9002136396 -0.977501598887 0.131132698697 -0.165211499316 0.00831557085771 0.806609296571 0.591026474844 0.0 0.0 0.0 0.0 0.0 0.0
11.1872792508 14.2951200329 15.8339608298 -0.915403198453 -0.231735984265 0.329143460908 0.00831557085771 0.806609296571 0.591026474844 0.0 0.0 0.0 0.0 0.0 0.0
10.9445951233 14.7744033602 15.8427362822 -0.505527818202 -0.506564292385 0.698451317347 0.00831557085771 0.806609296571 0.591026474844 0.0 0.0 0.0 0.0 0.0 0.0
10.5866759137 15.1382153411 16.0107237344 0.0964060321584 -0.588940356525 0.802405840843 0.00831557085771 0.806609296571 0.591026474844 0.0 0.0 0.0 0.0 0.0 0.0
10.2507324622 15.3677783492 16.3616196233 0.661713619079 -0.447568132664 0.601512969893 0.00831557085771 0.806609296571 0.591026474844 0.0 0.0 0.0 0.0 0.0 0.0
10.065626651 15.4953181873 16.8496304126 0.97562513885 -0.136157292263 0.172095264919 0.00831557085771 0.806609296571 0.591026474844 0.0 0.0 0.0 0.0 0.0 0.0
10.1029146209 15.5918209664 17.3768703229 0.918880356789 0.226981979897 -0.322704308476 0.00831557085771 0.806609296571 0.591026474844 0.0 0.0 0.0 0.0 0.0 0.0
10.349661397 15.740064295 17.830549776 0.513037564324 0.503887002958 -0.694903119753 0.00831557085771 0.806609296571 0.591026474844 0.0 0.0 0.0 0.0 0.0 0.0
10.713355102 16.0031686818 18.125826041 -0.0877167763587 0.589356929053 -0.803096617676 0.00831557085771 0.806609296571 0.591026474844 0.0 0.0 0.0 0.0 0.0 0.0
11.0570537652 16.400616999 18.2380364068 -0.655146047156 0.450920304279 -0.606180283483 0.00831557085771 0.806609296571 0.591026474844 0.0 0.0 0.0 0.0 0.0 0.0
11.2514118662 16.9008526138 18.2120679579 -0.973674381181 0.141171516924 -0.178965924802 0.00831557085771 0.806609296571 0.591026474844 0.0 0.0 0.0 0.0 0.0 0.0
11.2238208614 17.4332682804 18.1453042208 -0.922287538828 -0.222210689972 0.316240580862 0.00831557085771 0.806609296571 0.591026474844 0.0 0.0 0.0 0.0 0.0 0.0
10.9859943832 17.9150310132 18.150627534 -0.520508240649 -0.501171340584 0.691302002596 0.00831557085771 0.806609296571 0.591026474844 0.0 0.0 0.0 0.0 0.0 0.0
