t = 100
b = 30 30 30
E = -0.667534177515032 -0.882734364961464 0.215200187446432
17.9654554228636 21.7332259855326 16.0424420859833 -0.562351618188932 0.809928854941911 0.166660709774693 0.821099439091031 0.523121412163975 0.228340953355721 -1.69540563096954 -2.03744620638034 4.88558458114503 0.646237003046026 -0.0430816979555419 0.422565700910142
18.5314761639764 22.5781911154335 15.1728012542045 -0.83255070185672 0.483383912213834 0.270553515556785 0.553163627729026 0.751460665773152 0.359606392773253 -0.459993721159043 -0.0609603999183038 0.661402332240845 0.682526973182457 -0.129274945594507 -0.553182092941035
18.8101385425646 23.0380547902848 15.1162020040199 -0.635273666642975 0.000791043125189974 0.772286620074305 0.525176244795404 0.733628882769256 0.431252204122407 -0.344120944057786 -0.378350142009269 0.771937050631738 0.754757128541261 -0.351725972002206 -0.128699222215616
18.9533316955907 23.5367682224112 15.229236623476 -0.146804091247449 -0.476260986485978 0.866962463209979 0.465595676324882 0.740025420878433 0.485368863462811 -0.525874780491794 -0.345629806891273 0.780150487582189 0.586483512959552 -0.0559584069353474 0.0910625247772683
18.9771519260338 23.9666915043052 15.5652471252597 0.39818261550728 -0.755812175412186 0.519806159489961 0.471186912016952 0.654718246098399 0.591038746281362 -0.569443199475124 -0.436011395878708 0.553061811804966 0.44658091028668 -0.300772880277672 0.212880408251041
19.2768751813327 24.237816429747 15.9670223092047 0.400173325658785 -0.834258218105339 0.379307831358089 0.649803508732056 0.550158291496703 0.524481777737103 0.711768868539573 0.310617215005862 -0.715587614113084 0.291929307234771 0.277272622373666 -0.350735912674479
19.4325091356956 24.3417797812394 16.3906869088872 0.816689339816317 -0.429938401385124 -0.384930349598992 0.573873922346436 0.534890845049663 0.620129330567817 0.478919519474892 -0.102528225172105 -0.172031296889532 0.171696988189492 -0.305317330355721 -0.396814984322015
19.8078974569624 24.3230309532358 16.7540927443167 0.729013459044743 0.0809927167211976 -0.679690692276014 0.60515705354281 0.387777808746156 0.695279220857701 0.0228660039325362 0.397367042893 -0.12616315392995 0.665522589184252 0.468042806479585 0.103198495373203
20.1864013808227 24.1937612620165 16.9780393575606 0.416704840318083 0.624781859944146 -0.660306432168748 0.653191998347028 0.299383970506315 0.695492152013565 -0.247906418920362 0.22254870991324 -0.133537057712743 0.192148397043879 -0.111357706825229 0.331906254311796
20.6144758595142 24.3415059109547 17.1657911421723 -0.113838882275159 0.808353880894694 -0.577585139632791 0.750073698576389 0.451156936450268 0.483577033239222 0.37101572154447 0.442459504763914 0.280169095601627 0.333818878234148 -0.0966355151097415 -0.344178214726914
21.0645069469136 24.5189273566254 17.0391430516513 -0.508369057581254 0.85311466919588 -0.117286589364627 0.757603968176345 0.507829101688689 0.410055744096281 0.335036140846838 0.546189006470606 0.681045828832863 0.29045618938298 0.0339884579788206 0.257070533216767
21.4320352267108 24.8345861149673 17.0882365844092 -0.761794557063788 0.488229683319047 0.425794210796386 0.647802488374492 0.578748626975197 0.495380504125419 -0.248973448029679 -0.142448136967006 0.184646193823801 0.403456643692447 -0.250739324619871 -0.505433034275065
21.5709655180744 25.2059533877946 16.960545335762 -0.471387320006297 0.15773196135895 0.867706461792407 0.748029591947399 0.592679502232299 0.298634591436059 0.124878574048675 0.282097893363724 0.366514635859871 0.359158333935124 -0.730613533389129 0.00567694527558504
21.7162529020327 25.6459515030949 17.0694931904212 -0.106164587877917 -0.423194583792558 0.899797369200484 0.784988294103431 0.519778031966726 0.33708167823918 0.37607288439449 0.0443034794031195 0.460914563020796 0.253182035795555 -0.357634365264841 0.199012965174255
21.8567609553306 26.0033655369205 17.3349574444142 0.312869312658516 -0.773809853641218 0.550754923047275 0.511361519398659 0.625885576109043 0.58887734516545 0.14833960761165 0.281023311848096 -0.133321292346953 0.265664425051045 0.35074476475655 0.239788833277773
21.933797700631 26.1662914402489 17.7809937496412 0.674532515060326 -0.731363076355357 0.100567478532865 0.452606915639795 0.517310719763931 0.726317072701676 0.00703639462421036 -0.142030238090731 0.0941525035838306 0.59858067241956 -0.588456735101767 -0.13590464296764
22.0226495716243 26.2596660426842 18.2516094306179 0.775574317441539 -0.52439332711559 -0.351419973668826 0.593199754247346 0.41506784772804 0.689806218749272 0.571718920416743 -0.0290231480687256 -0.261937314329864 0.701544992238749 0.00885910076158338 0.236339656616005
22.2783726016496 26.2532961305225 18.6496439883247 0.65233115414104 0.0307375936341629 -0.757310469050899 0.721857584315661 0.279399537192489 0.633133015982697 -0.112840527662153 -0.585492003127408 -0.488811442872958 0.355652754685114 -0.187377210949413 -0.220119245374771
22.6502160834582 26.2014047061143 18.8947007009527 0.262983771007602 0.609655562933961 -0.747769692512551 0.732651965063972 0.378089889648287 0.565923153974511 -0.422873594759521 0.0475069060917341 -0.422922660891297 0.654154666095255 -0.180045050228147 0.218122046986502
23.1642948283507 26.2202651344207 19.0257973365559 -0.228613775654574 0.867535184154663 -0.441722003864379 0.801531097974228 0.425256096636974 0.420362980733854 -0.19846801934785 0.187006166081582 -0.151264656995014 0.465394079801974 -0.338439124399419 0.123583066297514
23.6335226451109 26.4152949505162 18.9940317999606 -0.580783279888096 0.802864914569226 -0.134531006349445 0.734802506128765 0.588157456359096 0.337840152211532 -0.693342517397781 0.0933517111816757 -0.419539876898318 0.363711164854162 -0.222820479522143 -0.062823310237477
23.9468538759481 26.7545193174502 18.9489954879224 -0.765457418222634 0.469381726635145 0.440176801562021 0.643477996971181 0.561852220562502 0.519863472924153 -0.246137286976636 0.459571116283093 0.464004985230366 0.612280192911142 -0.216715680393034 0.119038707766079
24.1982895173418 27.1444715376551 19.0733439317244 -0.624009519643141 -0.000912661934733122 0.781416129422097 0.515447717628479 0.751107115837165 0.412494414281678 -0.596236269305796 0.0588621366820806 0.544268051920171 0.590184242267119 0.336132728178719 -0.0607027449386784
24.3179688146118 27.6416894724157 19.1245244944156 -0.248725111756165 -0.446465152236935 0.859537414785164 0.481891167734105 0.712754818105983 0.509667892963167 0.274215881264035 -0.726690840464257 0.0464364690361698 0.353821615782101 -0.246221618745217 0.148984465692024
24.3802854513044 28.0231152171977 19.4271535964062 0.260028433581391 -0.796921567309302 0.545253253778198 0.698106364904611 0.545274450890598 0.46402926354352 0.110440060257259 0.305568213641986 0.270860762590992 0.50845044339255 -0.361926833879238 -0.0395055566401819
24.5568232543629 28.3480800456657 19.8069390941309 0.555193345473652 -0.829485479863953 0.0609431594453319 0.527306384211064 0.407708331136515 0.745467494535793 0.247076633219807 0.506630673162072 -0.450097651130576 0.315149857402826 -0.0434684339309069 -0.00595779174741764
24.6904177994564 28.485589628676 20.2766818338103 0.78213590161303 -0.494428090611543 -0.379215209899157 0.583507388948762 0.367675043033444 0.724109162510029 0.331192408025603 0.183277596221957 0.322822013162779 0.597494347871869 -0.0863251484402694 0.0488142944256808
25.01709652285 28.4118457151114 20.6486981567157 0.623245124414241 0.260661334825123 -0.737306633046742 0.694805313360767 0.24812704915139 0.675039580705031 0.3062198380252 -0.37132512716476 -0.0681762956165498 0.395597121868004 -0.0119244159200036 0.540033852750292
13.2097605270159 10.7290087707733 23.4722982701477 0.945624355790249 -0.0462217537147971 0.321959641833901 -0.270945620951395 0.435702015911808 0.858342651977943 0.898086377485461 0.210512515887991 0.189050244610374 0.367202013043333 -0.438119792896635 -0.455066337226831
13.1747960960268 10.7543819250349 23.9875042559933 0.871701972306313 0.46010131305162 -0.168648552730524 -0.0909648858982958 0.490102125650075 0.866905517822277 0.552795976804185 0.233765952362994 0.265913538022843 0.0392185230509711 -0.406815130261915 -0.08873578387018
13.296808631397 10.9954435694788 24.3989852699945 0.563722512579433 0.579996477034343 -0.588065389038974 0.137800342598604 0.635954122476219 0.759324239646556 0.0983352537757583 0.236286299402646 -0.34214634702407 0.392178137964079 0.58125434413753 -0.392743928267697
13.6649978500165 11.157296482715 24.6545984658625 -0.183199145697756 0.810788780470067 -0.555931207591863 0.276050329183316 0.585176496137702 0.76247266927233 -0.398319379806215 0.392135757317082 -0.10922697348657 0.34550244048041 -0.0731388548471058 -0.0963020143930572
13.8726458734429 11.4613115678478 24.8811813032421 -0.75499932425555 0.561629161107794 -0.338450271916485 0.112493152097301 0.619431583316111 0.776948959621066 -0.0773022845625048 0.47227289412954 0.163699534876261 0.52282237367937 -0.320711226041862 -0.20216005018728
14.0570950831945 11.8517803710935 24.9872228329953 -0.987805737344086 0.10461060216524 0.11530970673785 0.155348012377124 0.711394369010443 0.685408587291447 -0.151225733915167 0.620408960600406 -0.0694723922106908 0.457930730626785 -0.358151749727138 0.0222993498448065
14.0558372497304 12.2790460568353 25.1653976172095 -0.869842719390634 -0.374865723494349 0.32070112842781 -0.0321076034631503 0.691715298670636 0.721456118605654 0.101055004272927 -0.290950922131144 0.33990986076648 0.605013066834186 0.325643284420732 0.308224904013257
13.8077377186026 12.6417228858699 25.3228742765078 -0.246855013273089 -0.684972768071087 0.685474137010602 -0.140910340114758 0.725219617331305 0.673944115304979 -0.107879169268392 -0.26854150832179 -0.0661269877122903 0.607574863604268 0.183478686801423 0.251253638853391
13.5190027821009 12.8859809193363 25.6246377169542 0.302669779964385 -0.708960200025837 0.636997896835079 -0.331346720234255 0.548386057147614 0.767777298413782 0.0481637126918191 -0.103184696062056 -0.527278437515551 0.67767368010178 -0.150805509695436 0.0378806170706466
13.1614578101979 12.9502548575094 25.9689799396414 0.766313562636469 -0.489933598614328 0.415606151905731 -0.135451638222295 0.509146361172316 0.849954540780471 0.120319896572947 0.0844541574415499 -0.186844971775005 0.67051544527505 -0.131042825627321 0.33472260413391
13.1609619820133 12.9812982045767 26.4761371740718 0.999780546332263 -0.0182445519903109 -0.0102896591666763 0.0166478008833175 0.394001093084458 0.918959126427365 0.47270315259837 -0.0623534535619661 -0.258213127540124 0.450205626818215 -0.168804558977365 -0.046004769924769
13.2791089635302 13.0277015898837 26.9101261711487 0.90505027067321 0.278226264553716 -0.321673802860433 0.221263502920179 0.337902934157885 0.91480269032868 0.171598495440144 0.13441497200815 0.271599345413125 0.783114821331039 0.158799392833881 0.0581402068253279
13.5331220541108 12.8720558604231 27.2613202861951 0.270281660341184 0.910503510722261 -0.312939393210174 0.0418331134603962 0.313623734710057 0.948625334974038 0.0889575107662389 0.168768184180111 -0.608885129485287 0.675247724808063 -0.549387653182789 0.133802748873501
13.8024861400791 13.1887604634833 27.5793967496997 -0.195389017888094 0.853535084091414 -0.483012290459506 0.236494609601386 0.51897698882562 0.821421371256482 -0.0999902766860056 0.15176407132437 -0.621351384208549 0.322758712564792 -0.621869564120277 0.0179515624010568
14.0771190282288 13.5201077981309 27.9076193091931 -0.682041701943202 0.687770271809124 -0.248578058881908 0.196300843070833 0.499607121935494 0.843717123001631 -0.0881578672122219 -0.0128711186291917 -0.437152946077554 0.461884074388549 0.166183582558843 0.0324896266167121
14.2224928429152 13.8890036766988 28.2025735354864 -0.973074625434604 0.205888380786496 -0.103612889123084 0.0906322793736629 0.755109306827844 0.649303944217362 -0.249355331702383 -0.783097874978768 -0.488319184987726 0.289553613923868 0.21888355712747 -0.359117881002968
14.2543796702191 14.3940865366813 28.3163720150071 -0.887921400271469 -0.383587663830887 0.253881807482098 -0.129583816214167 0.738155477321738 0.6620682858843 -0.386970513916126 -0.618053179822232 -0.350903877615992 0.533892098981533 0.0575849002262309 -0.281710231454751
13.9843683181792 14.8149689700551 28.4894313995932 -0.371912561488738 -0.764387178270081 0.526681278628365 -0.176626254269017 0.615287602281308 0.768260515285337 0.0400409626835721 -0.626942064812036 -0.463096350622909 0.610856582245137 -0.104681235799553 -0.0365886097896819
13.7391833957281 15.1451214659492 28.6305001568761 0.315219037123988 -0.727738721058218 0.609124941776088 0.0949474962107471 0.662810224962927 0.742743199254079 0.546019208005897 -0.431787782909375 -1.31823233124351 0.255784405659689 -1.21618737164558 -0.245995751737482
13.6126943213991 15.5039917079781 29.0780179836668 0.75760338464649 -0.630135006965312 0.170196550523756 0.179616764639664 0.451952601211611 0.87377144891942 0.897868166840743 0.455500481543138 0.00178777049410214 -0.0633326665578782 0.0918035483201794 0.298094278610133
13.8166701885072 15.8615647347232 28.9172763807387 0.993393923479774 -0.0385212820703041 -0.108094896896017 0.113884492866323 0.446658799623637 0.887426685709625 1.63600301939433 2.88676147374637 -2.02807333856253 0.260468645250888 0.782379918781055 0.315905857832549
13.5335357941906 15.4306735755077 30.1043794230586 0.922677089205049 0.266912721756042 -0.278252530605128 0.158478544138032 0.395355382618288 0.904753314546638 0.644214428696798 0.459315977010953 -0.72142777692438 0.639553863597583 -0.228661089469861 -0.520315466227057
13.7857533465254 15.3967301846729 30.4773109238305 0.351192548291099 0.82326171647886 -0.445986346828922 0.159409708899187 0.416799246637398 0.89491162553907 0.75651115211856 0.591607300363973 -0.732357612179435 0.537257867656059 -0.267468930425123 -0.00494543797300654
14.0773784558222 15.5900651246579 30.8787553191461 -0.22906563022096 0.84963973322537 -0.475016990983737 0.10974432945803 0.507422513924053 0.854680323608059 0.227749735708713 0.181959319859207 -0.427764101317827 0.575338831383737 -0.164537197734915 0.0899651749385513
14.412885887668 15.7847161830116 31.1899090175212 -0.767781628140014 0.615058922343878 -0.179481963205272 0.23454819899052 0.530496230522653 0.814592397206855 0.0681542824802311 -0.357766775605689 -0.0161855945387055 0.26372485590096 -0.373090906829028 0.173877502144702
14.5858028581601 16.1925787098681 31.5655929410786 -0.965694971457222 0.171386721277049 -0.195088946332078 -0.0107841373635225 0.724153410758634 0.689554511594325 -0.0712925175957322 -0.0105968491398649 0.669301352148352 0.330768811482973 -0.0768561544489486 -0.289326166502142
14.6065377631545 16.7388827128314 31.6525712069562 -0.84032110706965 -0.455651511821612 0.293669913435598 -0.201581707168869 0.765545287389437 0.610987007544447 0.162541310069522 -0.0381220455144425 0.225698929470891 0.568319310924471 0.239765333775052 0.178048770899156
