t = 100
b = 30 30 30
E = -0.208245852953891 -0.465382690997661 0.257136838043769
7.84469218533278 12.9952151599559 1.78957222305492 0.852245533570214 -0.352144208619335 0.386874517080268 0.141194422450506 0.866910041693062 0.478049156931024 -1.42947286149377 2.82976997721062 3.58378293538771 0.157304676289212 -0.243704365969444 -0.909186849429576
8.07285433848176 12.7553807968125 1.43256329182759 0.946343777560039 0.189165366759715 -0.262011067548364 -0.0101046281063168 0.827698928461374 0.56108133602942 0.379514863593078 -0.256753503841004 1.02710067557187 0.4426126426911 -0.0863763129341154 -0.0853536111801072
8.33029895253817 13.2139305173392 2.1012291066551 0.622401045192504 0.0609714863683047 -0.780319997176108 0.365745567597557 0.858762332783921 0.358827709804355 0.428131485284307 0.212434194496789 2.37041906885132 0.405681448976785 1.38209543639579 0.406916076299424
8.45540690567734 13.5816830935103 1.88362934469506 0.048065912050346 0.297322046070968 -0.953566541973383 0.297647809151655 0.90703414186187 0.297816614470772 -0.190438755214798 1.0905441177107 0.39959821085497 0.598660089489142 -0.0311378944887603 -0.118191605735041
8.73795086151868 13.894394079835 1.89266862397397 -0.568375495692668 0.388809215988511 -0.725104523671757 0.386637097551005 0.904145927579483 0.181746510872632 -0.425948935091483 0.696304618480173 0.280044195799831 0.657138890498422 -0.222189211317911 0.143530050963271
8.95692266625663 14.3278599636679 1.78725219948784 -0.937858329354682 0.342594700126695 0.0552314509918821 0.346300645937433 0.913758480990821 0.212417485273291 -0.344627909868689 0.861185150035955 0.359367345385714 0.370056610155801 -0.865901779553111 0.60439479155959
8.93846329119677 14.7895278392615 1.87766882493378 -0.924976245510644 -0.0648486610455774 0.374450902109644 0.0382264657963982 0.964458109081408 0.261455876278889 -0.13830740865121 1.33153363028424 0.791017905050535 0.140760353136823 0.350099344385077 0.395725242970592
8.81953626158921 15.3695865876226 2.79073195520599 -0.742989334199458 -0.245616123824326 0.622606981902512 -0.0820356132308779 0.956636867498446 0.279492299450607 -0.401145343837482 1.37243333156146 4.62556543547844 0.321881710788529 -0.116042061394943 -0.448854359061916
8.36665930653539 15.5406425366422 2.04722435233698 -0.246378232808254 -0.116420453182027 0.962155877100277 -0.0871105048333228 0.991400814957995 0.0976527877526926 -0.647545692296841 -0.697096867237847 1.75520241951698 0.295460486618195 -0.941504834279187 -1.18363919761488
8.24790184249906 15.9816102036224 1.96991956522285 0.580774131203797 -0.1962888722822 0.790045548030372 -0.0913062107201309 0.948664282935151 0.302818651323345 -0.824770000118978 0.174659529951247 0.41899305975823 -0.0476523863683145 -0.00944057622278407 0.0403523546158616
8.27023452089399 16.3167561907914 2.17188097862854 0.952770371517408 -0.0719870450948932 0.295036210359252 -0.044189817250459 0.928297655321765 0.369202659929133 -0.0666871652089162 0.450592890452183 0.0299453007584509 0.196946671793003 -0.271016478056709 -0.27466317481975
8.27229473795835 16.5676273573658 2.5886398208568 0.959672860884752 0.105763069418769 -0.260465072552841 0.0359635871696136 0.872727335021834 0.48688140428729 0.224769002220908 1.17575620456083 0.378264520079782 0.549726077545227 -0.250838273002711 0.0410276146368519
8.38298081361438 16.818261832514 2.96440341577064 0.655316820703939 0.300548773843842 -0.692986421367023 0.195755924778789 0.81851436867504 0.540105299272893 -0.0405109908155949 1.34993292508583 0.673920874522956 0.454118286283495 -0.056617091341486 0.273283536984621
8.66138908772134 17.071974911641 3.27715103538046 -0.0358502219449988 0.504747723005342 -0.86252210356725 0.248718481327069 0.84042638752578 0.481479480754792 0.282333474665979 0.704290193571346 0.163055678599406 0.291473324937328 -0.356638510172006 0.120450886490927
8.47185646857201 17.7011896759748 4.44352629929968 -0.367498796244486 0.177824885726735 -0.912865176817327 0.178774593930367 0.976752163515402 0.118299383158975 -2.3538206798186 1.57793686570289 4.62134624591341 0.487693953979401 0.379531469738152 -0.29113014672046
9.06155939470903 17.6676849587357 3.20864101823371 -0.774093403563619 0.157414671169218 -0.613188321304268 0.0770636120244542 0.984820153389441 0.155532477103146 -0.626006545246873 -0.529587271189114 0.455849293129332 0.382216472783316 0.26928433055523 -0.715945368626157
9.19678813125233 18.0977667060108 3.01805057291478 -0.93175868945876 -0.0349092059195844 0.361395868143402 0.0401259617745434 0.979368939778089 0.198056232148712 -0.176424936002159 -0.739899618327213 0.0158074251675231 0.416037068971837 -0.646461415330446 -0.391817559347698
9.15638466722066 18.6293057484163 2.96493072603433 -0.642283799356493 -0.283265922172423 0.712202091626642 -0.200170411566977 0.958945806980944 0.200884634550524 -0.0325845720393635 0.254887002745266 0.440604963987308 0.550720342640359 -0.0742130898661713 -0.0119137905335389
8.86754849494406 18.9797759108648 2.99202374020225 0.00370799971210767 -0.267188385519096 0.963637119645275 -0.216952883513351 0.940476487688339 0.261601436083499 0.18819426808654 -0.330513738086687 0.289973300988242 0.272456004899685 -0.273340655560699 0.157571105273634
8.63733441243299 19.332077431023 3.19163812479408 0.650936577093641 -0.149254587228977 0.744314801281386 0.0187814801035886 0.983347527757173 0.180761658959888 -0.332946585816148 -0.448882265856274 -0.0270958353748994 0.573432830994347 -0.228600859766847 0.0107517620138924
8.53732467748727 19.7175129829143 3.52800977355682 0.901600407264819 -0.203321758153326 0.381807346648525 -0.0575358385302923 0.818439727559771 0.571704406196889 0.340260634834212 0.42756867570214 0.051301395175537 0.29051473428152 0.375623007062544 0.0868472947173339
8.44799962788356 20.026420931577 3.98181788773183 0.991875675145041 0.0149309503915411 -0.126331290902929 0.0609249122946104 0.81602935113498 0.574790518779605 0.485433319368937 0.00601899032011589 -0.262022584266422 0.358873559332424 -0.436820697339152 -0.445874726031475
8.61662258468652 20.3203620894145 4.35455146698019 0.627144600754107 0.281034832473025 -0.726435787577805 0.115807783660234 0.888630436080017 0.443761633813674 0.374788664447652 0.353696281955432 0.178634030470408 0.636494293970285 -0.0263911482520779 0.0491125327743262
8.81173965395463 20.6278297763758 4.65021018113185 0.156221373139455 0.264937431264737 -0.951526627253274 0.399529030145039 0.864076651310963 0.306182936956823 0.136165149666172 0.268572442454583 -0.211159373146801 0.433675185496913 -0.0365574085194714 -0.416188639370965
9.16168709692701 20.9659010276714 4.70015949328405 -0.447627136539439 0.29505636103872 -0.84413954580529 0.21553069277029 0.951764044800753 0.218384089020309 -0.284471987883649 -0.323899461605602 -0.310581336780946 0.89259779181031 -0.0213121376008684 -0.432494176013284
9.45854290083095 21.378365248705 4.62629342849925 -0.868549988265402 0.246123743384975 -0.430167297849231 0.229034860766553 0.969059745836995 0.0920115993427871 -0.020948892457411 0.463304475978649 0.155358745521252 0.615256780280024 -0.302460327199087 -0.179027580727286
9.57904970075905 21.8372230538626 4.5942172658421 -0.989514400376421 0.0612242093136233 0.130815639148682 0.086129991087953 0.977180436605687 0.194164627908296 0.201524014497047 0.309437030091115 0.255790947340656 0.646393754690078 -0.0499078697293383 -0.0602116347043077
9.56579468635175 22.2611948824178 4.39264279392961 -0.490320862372895 -0.128095945485974 0.862077005947416 -0.0355539399498701 0.991256437219444 0.127068797171511 0.271159374794526 0.0149451458236928 0.204031991864515 0.246502506679991 -0.329832573292702 0.288244728048904
0.919028303934679 18.9781649993621 17.5933520654197 -0.693536897546048 0.304081928728331 0.653100783610929 0.551920308044603 0.806919360581519 0.210392492862267 -0.550995670440801 0.265317525486396 0.330284236345254 0.192492512537738 -0.021803611041008 -0.0922620731127183
0.906691892403049 19.4261856612407 17.6191096513018 -0.0798401372240056 -0.141112898646029 0.986768762997592 0.606241729553829 0.778928227780286 0.160442087035945 -1.00214359657247 0.234323647594925 -0.0693492191338233 0.506853777813801 -0.132286662680091 0.349958114278812
1.11265111211384 19.8625271237217 17.7909187209791 0.00913202852789213 -0.400911086686944 0.916071388486272 0.608465557389501 0.729216516091831 0.313069991932714 0.149903798516151 -0.634444339076254 0.0397288081575176 0.419416968896314 0.334237919330181 -0.123654642664299
1.20058494387505 20.2336316761854 18.0681090761937 0.481329128022967 -0.660817217110451 0.575884326745917 0.624678660869678 0.719491962015923 0.303492617912845 -0.0430178529608236 -0.510522531497274 0.137802105362745 0.280035664429021 0.27152201578915 -0.0757915508928048
1.35006263872177 20.5084304846827 18.275908037337 0.76378371365511 -0.645472144853445 -0.000173969535120141 0.633339455766267 0.749375102246052 0.193178598139479 -0.179657040477788 0.0171473898843629 -0.927873444599171 0.140746942934432 0.180265196012832 0.221913165507618
1.72676980986264 20.6261188647163 18.3321164774861 0.557633752894385 -0.170014180658457 -0.812489795762493 0.602137812423986 0.75659273517366 0.254945815348463 0.577801535966173 0.240621445346562 -1.14932614298686 -0.00873297054522761 0.423459517311149 1.49893991433837
2.84623767150839 20.312677065714 17.9653350693822 0.321525646737065 0.204872382762243 -0.924471983619923 0.650128316140737 0.662065051488306 0.372830955504816 2.4993649480279 -1.34123873181492 -4.14481530243784 0.104885281970218 -0.197895716441892 0.320348424284517
2.61703132975026 20.7863942467349 18.8427781447758 -0.134022959964712 0.197977046181046 -0.97100093648755 0.635768946609538 0.768789502693734 0.0689958539665573 -0.516726119041347 -0.0520794991142508 -0.545591011951417 -0.0913714831274129 0.159389798703027 -0.475560557226585
3.07759100840817 20.9455648353542 18.7253963364975 -0.640583224086381 0.657402696058874 -0.396830835134602 0.646848345357621 0.740460550643466 0.182497320127075 -0.0544309291631582 -0.135862395524252 -0.56906645846683 0.21048320433661 0.0483648266363959 0.239092372142978
3.30949330886182 21.3317629823874 18.6708817804127 -0.803385746521452 0.590658286628457 0.075458675030862 0.592194590268198 0.77928954241301 0.204971356942717 -0.378459269514774 0.352807391456662 -0.2079785626222 0.223503606541566 0.424478472592179 0.156487332843902
3.44884316532746 21.7825752121626 18.4881907367939 -0.618292625001465 0.354807055280345 0.701303119640947 0.623522645264554 0.764653998727675 0.162860844607729 -0.496898876068586 0.164831397571837 -0.322869148217651 0.348535142711348 -0.0298221752934797 0.149589419648735
3.64181745154836 22.1266119980726 18.3906541431059 -0.266590196931785 0.0521351881578257 0.962398810204586 0.718369355358175 0.676452937632088 0.162347693255435 0.0547909660814944 -0.127311725979271 -0.4434001230012 0.0816846294032821 -0.212365555470533 0.238278727514437
3.77618302736881 22.5741660237715 18.5313392643871 0.218188082883804 -0.550855087214928 0.805575892407326 0.71383488776243 0.652957033576329 0.253153602535773 0.0361499868532659 0.495823577996232 0.745740233703219 -0.290852153765684 -0.201012463441541 0.33367969753732
4.40915276768054 22.3451381807716 17.2868883485016 0.555097255972065 -0.647189366879466 0.522506306766394 0.650177163656928 0.729397335024538 0.212718274529733 2.16644204583618 -2.83229486540231 -5.88897301590966 0.0193840443477561 0.122927004262199 0.0557617332790213
4.09705226454453 23.1279152017484 19.0097580123703 0.789210944638324 -0.603389619527355 0.114310696413468 0.456267394994095 0.70069225329951 0.548498245842345 0.279875356686684 -0.612430591162327 -0.467483707239196 0.697194685782132 -0.0807921992859009 -0.437451998269457
4.41380587378408 23.3895724557908 19.4205554672631 0.661153921763207 -0.575821340738149 -0.480941950954337 0.750203491089797 0.500253492696782 0.432366808712523 0.403118041047934 -0.703398539603789 -0.480251748973303 0.727490093418234 -0.372726896724805 -0.458436251396559
4.77218268220444 23.3381240276264 19.7260981852058 0.368131121097906 0.164561496347139 -0.915095007931056 0.742786803596151 0.539929236571292 0.395909169251513 0.0499182518143824 -0.4343476731316 -0.809309783698162 0.49724973411351 -0.148152146540275 0.176942427852334
5.23322056098776 23.5561240792486 19.8441380797575 -0.145201012992111 0.34833687764666 -0.926055055770761 0.709821109431532 0.688709066148599 0.147762296195717 0.187754365225171 0.00943355164997522 -0.496033535520872 0.439525648132438 -0.411948100410801 -0.380349195026553
5.71744613241622 23.734231056895 19.7526372470401 -0.545920412030876 0.546810934290403 -0.63479806862597 0.685023221487247 0.72755053508397 0.0375937291154926 -0.258363221223894 0.0652246287863708 -0.497525728785655 0.806698736569218 0.464988105604165 -0.025895043574989
6.09567309813035 23.8953128922816 19.4250075243895 -0.739271000393333 0.669821841286806 0.0694043929252753 0.664006545480655 0.742229880774772 -0.0904986379550372 0.0432305048929916 0.462479759120727 -0.125493682240886 0.754923578557598 -0.081127034874872 0.400559455560858
6.44217607627718 23.208899393615 17.6321453271193 -0.462162632376751 0.545343705712942 0.699289514662419 0.488677553245786 0.814642234530466 -0.312333462202893 0.429183898316998 -4.47497950458486 -6.64500846571837 1.14740362867223 -0.414919125409124 0.211760767080808
6.24295747013008 24.832197437089 19.2016287218794 -0.495091782732783 0.230034704855993 0.837835336434154 0.662989755880053 0.723271189292687 0.193192264742644 -0.116899873781985 -0.121358039187101 -0.0336797537270407 0.267442365254882 -0.349486871110818 -0.849223633201359
6.33424535322485 25.3000039370133 19.2868543301531 0.0859423812948314 -0.300826864727837 0.949798392418821 0.537533017726502 0.816669225776923 0.210022651462119 -0.233747123993521 -0.574113510867786 0.0970709249518305 0.250304396778917 0.321523818787908 -0.0581469469591767
6.43815464232138 25.688949245507 19.6044124452329 0.500778814316356 -0.684787301157832 0.52942120480396 0.594738070005024 0.716613217082734 0.364351491025097 0.275169672188998 -0.899896114970391 0.137840898756478 0.353946402113533 -0.0153714659944406 -0.148602742419794
6.69518673025245 25.9683553349839 19.9876983192039 0.725614585099259 -0.688052812768863 0.00816589421883091 0.631268190014322 0.670358869794781 0.390024797533075 0.015644499679634 0.136140519557329 -0.193955060127215 0.562430467118416 0.387953129012293 0.21712844636262
6.97963607861207 26.1612784114018 20.3481737412426 0.634649446465199 -0.339270783947605 -0.694345229818913 0.700547104645297 0.631904735752905 0.331556997170084 0.138165653961866 -0.121473696038757 -0.263704016153135 0.0146054518660186 0.16499432568115 0.347714669654024
7.4574273385832 26.3826686899258 20.5006528324243 0.00936603987132893 -0.132028597066729 -0.991201599529739 0.764546189729144 0.639831815937957 -0.0780016156330616 0.405381810824984 0.0811066351648413 -0.742688443225438 0.161790773249444 0.17509391557896 0.269913689431739
