
#id1 id2 FENE BEXC STCK NEXC HB CRSTCK CXSTCK total, t = 100
0 1 0.0789609 0 -1.39161 0 0 0 0 -1.31265
1 2 0.177212 0 -1.35983 0 0 0 0 -1.18262
2 3 0.190104 0 -1.20865 0 0 0 0 -1.01855
3 4 0.335934 0 -1.2889 0 0 0 0 -0.952968
4 5 0.0816649 0.000334114 -0.938645 0 0 0 0 -0.856646
5 6 0.0313522 0 -1.2007 0 0 0 0 -1.16934
6 7 0.283492 0 -1.29153 0 0 0 0 -1.00804
7 8 0.0463638 0 -1.17955 0 0 0 0 -1.13319
8 9 0.308162 0 -0.89971 0 0 0 0 -0.591548
9 10 0.403559 0 -1.35349 0 0 0 0 -0.94993
10 11 0.140918 0 -1.21913 0 0 0 0 -1.07821
11 12 0.0851538 0 -1.32405 0 0 0 0 -1.2389
12 13 0.0816918 0 -1.05342 0 0 0 0 -0.971733
13 14 0.341882 0 -1.37859 0 0 0 0 -1.03671
14 15 0.0469351 0 -1.3504 0 0 0 0 -1.30347
15 16 0.068861 0 -1.19292 0 0 0 0 -1.12406
16 17 0.395653 0 -1.41049 0 0 0 0 -1.01484
17 18 0.0932556 0 -1.28226 0 0 0 0 -1.18901
18 19 0.275426 0 -1.20973 0 0 0 0 -0.934307
19 20 0.0372405 0 -1.26676 0 0 0 0 -1.22951
20 21 0.139232 0 -1.2238 0 0 0 0 -1.08456
21 22 0.0325083 0 -1.2848 0 0 0 0 -1.25229
22 23 0.316113 0 -0.828414 0 0 0 0 -0.512301
23 24 0.0248665 0 -1.01017 0 0 0 0 -0.9853
24 25 0.0628685 0 -1.11144 0 0 0 0 -1.04858
25 26 0.0401628 0 -1.15661 0 0 0 0 -1.11644
#Total energy per particle is  -1.01095 and should be -1.0109510

