t = 100
b = 30 30 30
E = -0.784068298801183 -0.96564880528421 0.181580506483027
11.2646871214369 26.4501829445428 17.1823514895275 0.368301321865807 -0.839291324030959 0.399930114846769 0.769020316619597 0.516755781180056 0.376259346914051 0.627735393094622 0.0649448494555121 -0.0125322212575909 0.112018488727587 0.411467347551277 -0.750992067096183
11.3654062213335 26.5491666394386 17.6317081164669 0.703350263407568 -0.654923468287432 -0.276357628689688 0.689133353593917 0.532879984044338 0.491053994864483 -0.0123842944795456 0.255689218557182 0.196733963922653 0.193369391025201 0.228995537931748 0.0648864335657145
11.7012769656811 26.5758237149807 17.7953776054099 0.630351437856332 -0.102695637881548 -0.769487200743191 0.722294992806076 0.440856724404924 0.532855680803276 0.629390498273918 0.00329073492396692 0.223091025052673 0.481664232416948 -0.0285141461137227 0.0272964615530782
12.1828415798193 26.5457145966724 17.9378135325158 0.310999117121433 0.332886079637802 -0.890205755949676 0.843015337395437 0.33589513175013 0.420118424172456 0.149684442124729 0.531359428680049 -0.105842654263558 0.585299620852734 -0.038780451646532 0.211963931782611
12.6147085259514 26.5521298919153 17.9617318060155 -0.040255250363515 0.776154273332502 -0.629256656385048 0.817783238824177 0.38744567449989 0.425577615003543 0.206515486286642 0.0438188523140673 -0.314847507815963 0.563378145110059 -0.436955187577471 -0.0831330515227014
13.0568606544183 26.7160040019276 17.9999627148015 -0.424683581783061 0.821917613845022 -0.379598703782176 0.782747442232635 0.544026641153968 0.302227294370193 0.0208244145925679 0.343421055300863 0.459830032104317 0.44492098678899 -0.0960096086468615 -0.207070541547919
13.4378354352303 26.9587803080188 17.8294682939307 -0.636358658624876 0.690221949668659 0.344443316993182 0.771268297715472 0.57734087315781 0.267997409043278 -0.286532061845035 0.167383075614241 0.140417302392688 0.353074313886781 0.280189761911271 0.232987649337262
13.6629086189692 27.4114135917141 17.8249526951408 -0.509359974626789 0.182718819855297 0.840931704101771 0.659231912107366 0.710967660193693 0.24482270672483 -0.161197839781874 -0.149861369445612 0.0408035860285504 0.323955618414404 -0.121400105273302 0.0399161635112675
13.8258677332603 27.8184545313949 17.9315790313356 -0.22203362930143 -0.283043184241709 0.933052787474309 0.596531284956771 0.717515702743197 0.359613024337348 -0.0009658982782298 -0.303500098610849 -0.0199420913389371 0.590640939680281 0.106219539853222 0.125331782570189
13.8920929017027 28.2004927225117 18.1732403998674 0.130382166410323 -0.672427372155941 0.728588910659475 0.565697329508423 0.653959445074163 0.50231808788587 -0.0357977258101133 -0.471898812887385 -0.0494065457933797 0.502317589934301 -0.234705055965005 -0.215607007920887
14.0177598995618 28.5822155701 18.4781622005648 0.31670454522718 -0.883945983294046 0.344002346815215 0.627204149395156 0.467226508409329 0.623148644665571 0.371346633215956 -0.0402678830544505 0.0520196755154 0.551981115792322 0.275767480376528 -0.287749248284144
14.1836467873562 28.7183057808383 18.9191770879225 0.623153550283563 -0.760808505063567 -0.181245569197963 0.697246603052111 0.435440633932529 0.569419455148224 0.122250683467728 -0.144790429589919 -0.0730900321327962 0.679181877691027 -0.0850368420775706 -0.604135793020308
14.4180738645135 28.7484319464758 19.2832063265104 0.725801542494015 -0.318382390525834 -0.609790668823654 0.681272858994448 0.455470929296269 0.573073650271102 0.0611185429221581 -0.0894756588021648 -0.249668424933835 0.315592201438371 0.00523754953342674 -0.111244048063798
14.8175638636943 28.818201736406 19.5775264833057 0.338047789915884 0.221813204168957 -0.914616026412205 0.642636257658937 0.65558666860228 0.396515627093475 -0.236138504940861 0.310470827546443 0.00892661780209116 0.111332226054939 0.0778475017474186 0.00217834648715906
15.2505694842761 28.8792205696767 19.5740487408935 -0.273402758200159 0.724885322823247 -0.632291138896733 0.772782273594949 0.556938507792796 0.304346739715154 0.324244815589068 0.0963746101799275 0.140635833164367 0.171051700442222 0.0217513244734894 0.0901135218132714
15.740131224731 29.0805827109328 19.5096825508514 -0.590885567275017 0.790922640893212 -0.159045606173754 0.746505014655017 0.610781644236223 0.26396198353537 -0.344705321007631 -0.108144256957692 0.0680475114178975 0.585546553863162 -0.193551523912185 0.0680049627759939
16.1135487301543 29.3148616691827 19.3542640453767 -0.660466379194229 0.659746677853646 0.35849458000971 0.727471600234007 0.680478496183809 0.0879430465547942 -0.332789430983538 0.505525138975285 -0.0420660336970686 0.281182591536716 -0.484322579052339 0.0456184478646104
16.4345270763106 29.635257022682 19.3027058035471 -0.568995408934931 0.183879453497 0.801518841047709 0.707451563318592 0.606351214178836 0.363112064802377 -0.439777783337541 0.0494712956764961 0.00623830491817534 0.550021068069188 -0.110282538762974 0.0261128516367422
16.5389747447252 30.0246774727903 19.3845067631062 -0.0813234776845788 -0.337404940246848 0.937840222468292 0.563993380346412 0.760236840694847 0.322414795784776 -0.668970952199509 -0.278770511065731 -0.0530066538056584 0.640441995874763 0.123092935634928 0.162929564632475
16.5801313359145 30.4141087612207 19.6598839663024 0.168489755971773 -0.628646536702593 0.759219740832097 0.411808837636979 0.74468526855716 0.525221123665217 -0.141529230986838 -0.543588817128966 0.388562491647061 0.754488720210191 0.25475019224522 0.261571836140325
16.52837908457 30.6304514565095 20.0347649465826 0.79614535071448 -0.568115654645238 0.208319629498027 0.445231945577981 0.783130425215582 0.43413723153336 -0.363887392986084 -1.08321698599032 0.345419013382289 0.532088345830267 -0.671536927590699 0.450856618148039
16.9545692912354 30.8813744593007 20.3073072680207 0.594785558874802 -0.78099014253842 -0.190484699144348 0.740194222841626 0.439628262423203 0.508762604387601 0.229467406656546 -0.484199109079684 -0.525828165169113 0.278178080751189 0.134403212642251 -0.361883037622141
17.2793559160065 30.9314008255914 20.7394963189321 0.556641302748281 -0.278063867510999 -0.782835120858659 0.781073454733565 0.496150431517941 0.37915549470302 -0.168374381643607 -0.271529237387743 -0.600689132467619 0.656746993006448 0.234994220262513 -0.0898024018481058
17.7754674439909 30.9411907558574 21.0731757845671 0.240723135139194 0.230681021510001 -0.942782328704285 0.880177098413482 0.357506814594602 0.312213136540201 0.0685229914069625 0.0820287933393645 0.0340931891375234 0.41301703087853 0.0182162659350538 -0.0519710856013372
18.3053825133728 30.9654796929413 21.1926441559571 -0.16210489528683 0.540359802518859 -0.825671344201845 0.837495608680481 0.517841360893391 0.174474403123142 -0.261958024794376 -0.0645098220385339 0.255503784456091 0.573353625977287 -0.330603395864113 -0.42524415123631
18.7685668107839 31.0174089502261 21.1758780392572 -0.499795172474279 0.808434614870578 -0.310866756169617 0.789980811952069 0.572642322034953 0.21911406275202 0.375707218036961 -0.392322813577291 0.214490515435091 0.392937616611133 -0.20041586201119 -0.109799569397701
19.1265943052794 31.3141576322116 21.089137941087 -0.683270603576305 0.62482558793179 0.377801731757804 0.729114042617141 0.611608166879595 0.307128710438848 0.296807772865346 0.446257704341462 -0.259220713521975 0.161673456380911 0.204173901908889 0.32869032153852
