t = 0
b =  30.0 30.0 30.0
E = 0. 0. 0.
6.31777008315 28.2738144646 19.5221435803 0.590557405735 -0.345071923119 -0.729497990681 0.746320433373 0.577424651744 0.331038641684 0.0 0.0 0.0 0.0 0.0 0.0
6.78397593402 28.1992165546 19.7786048027 0.298360959204 0.15435572839 -0.941889084306 0.746320433373 0.577424651744 0.331038641684 0.0 0.0 0.0 0.0 0.0 0.0
7.31819317493 28.1598040377 19.8203623786 -0.107187804057 0.595141057994 -0.796440767259 0.746320433373 0.577424651744 0.331038641684 0.0 0.0 0.0 0.0 0.0 0.0
7.82797695253 28.2560539437 19.6805712565 -0.472014128472 0.809822349438 -0.34841128695 0.746320433373 0.577424651744 0.331038641684 0.0 0.0 0.0 0.0 0.0 0.0
8.2301650947 28.5369028798 19.4613597707 -0.657514393826 0.716838590822 0.231985466398 0.746320433373 0.577424651744 0.331038641684 0.0 0.0 0.0 0.0 0.0 0.0
8.4824728101 28.9811551951 19.2950293792 -0.593213947911 0.351515866652 0.72424706247 0.746320433373 0.577424651744 0.331038641684 0.0 0.0 0.0 0.0 0.0 0.0
8.59955738741 29.5055355634 19.2937911283 -0.303541605176 -0.147353612292 0.941355090745 0.746320433373 0.577424651744 0.331038641684 0.0 0.0 0.0 0.0 0.0 0.0
8.64744964628 29.9963266711 19.5071348001 0.10145126831 -0.590240990305 0.800826581428 0.746320433373 0.577424651744 0.331038641684 0.0 0.0 0.0 0.0 0.0 0.0
8.71846772494 30.3525723265 19.9030269162 0.467901108791 -0.808885947798 0.35605066472 0.746320433373 0.577424651744 0.331038641684 0.0 0.0 0.0 0.0 0.0 0.0
8.89614387608 30.5244324046 20.3800807926 0.656587495152 -0.72022160987 -0.223994852364 0.746320433373 0.577424651744 0.331038641684 0.0 0.0 0.0 0.0 0.0 0.0
9.22348916739 30.5321179441 20.8060750354 0.595825314547 -0.35793304089 -0.718940980042 0.746320433373 0.577424651744 0.331038641684 0.0 0.0 0.0 0.0 0.0 0.0
9.68665285791 30.4582126357 21.0681866591 0.308699135278 0.140340274646 -0.940749409349 0.746320433373 0.577424651744 0.331038641684 0.0 0.0 0.0 0.0 0.0 0.0
10.220184526 30.4162978973 21.1158544254 -0.0957070066572 0.585295973479 -0.805151409553 0.746320433373 0.577424651744 0.331038641684 0.0 0.0 0.0 0.0 0.0 0.0
10.731899779 30.5078013944 20.9799879025 -0.463752456628 0.807887946361 -0.363662927855 0.746320433373 0.577424651744 0.331038641684 0.0 0.0 0.0 0.0 0.0 0.0
11.1379026448 30.7834629744 20.7612244038 -0.655610594798 0.723549781254 0.215987180256 0.746320433373 0.577424651744 0.331038641684 0.0 0.0 0.0 0.0 0.0 0.0
11.394459055 31.2240577497 20.5916951896 -0.59839130678 0.364322957142 0.713580147474 0.746320433373 0.577424651744 0.331038641684 0.0 0.0 0.0 0.0 0.0 0.0
11.5146121479 31.7476999546 20.5848265925 -0.313833156747 -0.133316249544 0.940072086243 0.746320433373 0.577424651744 0.331038641684 0.0 0.0 0.0 0.0 0.0 0.0
11.5632269629 32.2409527162 20.792247457 0.0899554565449 -0.580306384099 0.809414922281 0.746320433373 0.577424651744 0.331038641684 0.0 0.0 0.0 0.0 0.0 0.0
11.632347127 32.6019246193 21.1841744785 0.45956848792 -0.80682842113 0.371247496649 0.746320433373 0.577424651744 0.331038641684 0.0 0.0 0.0 0.0 0.0 0.0
11.8062259424 32.7789799585 21.6607273786 0.654583767159 -0.726822851521 -0.207963059888 0.746320433373 0.577424651744 0.331038641684 0.0 0.0 0.0 0.0 0.0 0.0
12.1293171481 32.7903560057 22.0898750926 0.600911729198 -0.37068512879 -0.708164973016 0.746320433373 0.577424651744 0.331038641684 0.0 0.0 0.0 0.0 0.0 0.0
12.5893862014 32.7172343662 22.3575965787 0.318943278605 0.126282071894 -0.939323173008 0.746320433373 0.577424651744 0.331038641684 0.0 0.0 0.0 0.0 0.0 0.0
13.1221583852 32.6728987289 22.411199318 -0.0841970559763 0.575272602141 -0.813616794929 0.746320433373 0.577424651744 0.331038641684 0.0 0.0 0.0 0.0 0.0 0.0
13.6357378473 32.7596964994 22.2793380833 -0.455349521293 0.80570745279 -0.378803793509 0.746320433373 0.577424651744 0.331038641684 0.0 0.0 0.0 0.0 0.0 0.0
14.0455203717 33.0301553091 22.0611285119 -0.653507090432 0.730040571414 0.199923102327 0.746320433373 0.577424651744 0.331038641684 0.0 0.0 0.0 0.0 0.0 0.0
