t = 100
b = 30 30 30
E = -0.775275745019174 -0.957330388239542 0.182054643220368
6.43916090911742 28.4612920052256 19.5695714699594 0.403266033376269 -0.450838843070172 -0.796316975041953 0.907480941944607 0.308963413498278 0.284639835064296 0.252386212318047 0.652759571594035 -0.44415808212504 0.434574700573781 0.813395302403423 -0.33027494513183
6.84027587796938 28.3773030497871 19.7257689622494 0.221327492411096 0.0760468263972942 -0.972229860740238 0.892754987083172 0.385386023909961 0.23337958997162 -0.158263990355395 0.421115668922223 0.482248272022113 0.808459914392078 0.137938743556542 -0.146700456310944
7.26626855968878 28.2315491141042 19.6643297685927 -0.00755191306053281 0.753423326400259 -0.657492313015943 0.807234234459532 0.39265606397849 0.440674469247954 -0.236635634613868 -0.112620222395082 -0.325042161404336 0.52824425509267 -0.263737574890882 0.42746831085466
7.73442367376316 28.3768474435655 19.6416280365233 -0.489340236651659 0.817115768062089 -0.304742244256876 0.776088780600884 0.567406664951169 0.27520131262908 0.169542232344482 0.0866114534410568 0.219072230972873 0.324867234893708 0.133559356472636 0.207487877294033
8.05025052274321 28.6910615215024 19.5430649031915 -0.646089091051307 0.752375248097707 0.128453317206418 0.755928274011585 0.65402806606878 -0.028629173507646 0.170498182430107 0.295013934273206 -0.0568330175711949 0.426726554431855 -0.0126929103332369 -0.23978037886275
8.28285013363214 29.0586170853662 19.4090970809178 -0.631083065342393 0.441074450202115 0.63811235437683 0.677564545094562 0.713943178781439 0.176610619700658 -0.0992190258934165 0.0938575074799149 0.19859710103849 0.580521882688614 -0.416788019807642 -0.264782856391803
8.50336323266966 29.4199143753031 19.3967885426349 -0.406794471019855 -0.0880818470994214 0.909263289050376 0.620952705710673 0.70337743217159 0.345944807158381 -0.46327270491952 -0.376334370996486 -0.084270353305171 0.283811581437938 -0.168399999565079 -0.408176755698317
8.63963461661552 29.8298070041092 19.5278293246297 0.135471702671966 -0.630690398725603 0.764118393968985 0.733882706043659 0.582005014902869 0.350265923603504 0.243641661419468 -0.250302511292179 -0.0373458122502427 0.510906232529091 -0.0925042081195719 0.112354920946042
8.71606918317071 30.0907258338134 19.9150617684627 0.613762934079121 -0.738370634993039 0.279470479441877 0.534489365623576 0.649143555273516 0.541233455756626 -0.2958198785293 -0.284955148796313 0.268993779397713 0.354312869733879 -0.164178351180091 0.199213273603465
8.88684699215299 30.3344918562442 20.2750039345008 0.710423152664102 -0.689273990268581 -0.142127378358386 0.674401842306718 0.609011472911531 0.417477020224121 -0.0722679182569386 0.00574099402653172 -0.0748082164755356 0.598721094579103 -0.280505223066771 -0.00573430800765729
9.25981882297917 30.4889523368704 20.5486612663374 0.561436548186905 -0.580953425252379 -0.589306378119053 0.827483481565627 0.400799508359186 0.393231136872539 0.293661481362405 -0.219253457799063 -0.359808639351723 0.266477740636238 0.471129509507745 -0.243664131299119
9.60238209697743 30.4352506530386 20.9121699653429 0.318593615717765 0.19023963065709 -0.928604798541704 0.835669822335692 0.406005622740786 0.369885479020456 -0.302152414370394 0.124754564260011 -0.252455620678206 0.251778994914189 -0.0498587665976025 0.106326722384818
10.0934274008166 30.5051061011483 20.9346126393 -0.224603557549073 0.676622904649796 -0.701237885345385 0.838958650404925 0.500329811197161 0.214052205957428 -0.172725650385621 -0.144795985430354 -0.0877257033400147 0.412361248284563 -0.0787935458198313 0.196972156759847
10.5331424217112 30.7379201476139 20.7911879631716 -0.563647403308801 0.799708968821075 -0.206801969833102 0.819518465709278 0.572743693355382 -0.0188159683354355 0.0155671838463125 0.58000442760707 -0.413391343893705 0.419632649389883 -0.417062860346673 0.256940057287807
10.9007107750462 30.9247430338256 20.7209336635068 -0.644382666260094 0.737472887313614 0.202248858425538 0.764061069165334 0.610079496283198 0.209794121644343 -0.540820496619105 -0.00540503514413441 -0.38547895712362 0.576576690024823 -0.139729362817163 -0.126050085081404
11.2424813668135 31.2570414790991 20.6525265953311 -0.746577355860932 0.341380891431151 0.571035218732397 0.609889621424104 0.694112850452124 0.382415850017315 -0.755642812204933 -0.186924001061037 -0.102610641652973 0.319302086735469 0.689921915646083 -0.0525271209396184
11.337503955246 31.722600289179 20.6846569202797 -0.369650911027398 -0.22553356496938 0.90138376733467 0.540950571704427 0.736504853249783 0.40611940105759 -0.46897871731235 0.057232708249849 -0.119184310038668 0.535953631486994 -0.0772118960113717 -0.321925592010927
11.3187987793111 32.1376061490525 20.8701111381992 0.260543136986572 -0.544039063170501 0.797583007238134 0.591431711700659 0.742900776050466 0.313539235779604 -0.399432641421705 -0.145144917608222 0.537899216140027 0.709475735603623 -0.252740295280483 0.400435262054716
11.50221943625 32.4177734513854 21.1772834042871 0.495726023343606 -0.784545652213121 0.372483167655111 0.602772367973817 0.619578065650035 0.502780647709136 -0.234258119909362 -0.782805940255302 0.458228446426415 0.342175595279744 -0.224325866944313 0.228627286781025
11.7596956909601 32.535791475781 21.6098740035929 0.640947389970984 -0.714379317427647 -0.280799778303694 0.74941655924067 0.503279523053522 0.430214394081427 -0.163649644550234 -0.38521292626718 -0.0744171334747302 0.451703719264943 -0.0733551221893008 0.12479121098884
12.1224538393832 32.6617591839055 21.9593513605508 0.61587003374187 -0.376125696816648 -0.692266886802711 0.720318111519847 0.624746885681174 0.301385182570254 -0.3162221051834 -0.13028083591515 -0.436279684023144 0.236770337282149 0.0713807569047604 0.104564419949222
12.5983181736334 32.7507706395958 22.1482884786582 0.218543373134049 0.124334326707776 -0.967873778173139 0.726944301208338 0.64093726472395 0.246477761686576 -0.373274187349739 -0.0307384387294299 -0.606265566259232 0.181868748724946 -0.077953388305992 -0.184473686507268
13.0871919652308 32.7789023401469 22.3832492082243 -0.186849107941699 0.583188249899882 -0.79055598009207 0.828319968968621 0.526186372248326 0.192389745422949 -0.0159752478918824 0.223331199591872 0.225891415324396 0.424025457624096 0.0198265570612588 0.237447417792248
13.5300156037108 33.0053333630456 22.3974240933387 -0.452306844041543 0.703888393926286 -0.54768561383763 0.837177816116572 0.546812267942941 0.0113816152433585 -0.280989778020646 0.275678183969407 0.386091433096693 0.486374358332212 0.0786220860340451 -0.53068226184919
13.9823731046003 33.1352369698676 22.195714684902 -0.559002892018497 0.825448222819376 0.0784275586601019 0.826321703616255 0.546760760176248 0.1350740459903 0.276203873365356 0.619792261649526 -0.332582175195126 0.497958888082775 0.0507214420678421 -0.0926472904292917
