t = 100
b = 30 30 30
E = -0.717382920927808 -0.947371848433598 0.22998892750579
10.6372449985769 11.2689843250496 23.8281377035306 -0.544867869891822 0.520617769316767 0.657324907264253 0.805891211870039 0.541686242204468 0.238987978637045 0.461526710618534 0.324852279549637 0.749737814707009 0.215235555263072 0.640145550628882 -0.68637120860891
10.7927268106519 11.6390215054047 23.7030884078271 -0.0198634248092843 -0.273345068699564 0.961710871068682 0.893182100285398 0.427373547901008 0.139919502766702 0.467007555690895 0.4733459021903 -0.129079049782975 0.482379329703271 -0.678421768759853 -0.21226493726601
11.081937204344 11.8964646266954 23.9949540029826 -0.00669667537839991 -0.676763019760278 0.736170395922559 0.801301919711943 0.436781826031013 0.408823623751515 0.702825471915851 -0.28507397783779 0.0124436183863876 0.211151208259121 0.158887381017672 -0.0840448571501251
11.2892335949845 12.1613068670794 24.2925399716306 0.276603229400148 -0.935391575498987 0.220302372992492 0.912478479382278 0.327559786130766 0.245127501446804 0.613534336640029 0.428737089651443 0.3140919559578 0.392710720743867 -0.0897415466403703 -0.166629315700107
11.6400124103716 12.2149763061425 24.5836865491896 0.312448439658379 -0.887299027263033 -0.339228966762737 0.935567333590619 0.225558733982993 0.271729468027814 1.07750152031171 0.198570152944593 -0.0590422948277126 0.434478511029147 0.0224551414939233 -0.292993987480766
12.0425511100039 12.1415750850763 24.8245284250553 0.252398416749492 -0.582985922540729 -0.772283846684476 0.962950265999781 0.0729892101988115 0.259613656358476 0.568245078516735 0.270688325407143 -0.497930244915184 0.693743414623861 0.301830768106162 -0.394487560711728
12.2934001086129 11.940702527925 25.1634349490134 0.361349419533353 0.237958428113647 -0.901555469605049 0.930576267299556 -0.031088600240839 0.364775555068016 -0.186664609790592 -0.628579299915829 -0.368547260830401 0.475058193936886 -0.245040445371472 -0.1913626067459
12.8137631515802 11.9015514519102 25.1133174394727 0.0221963311654726 0.662515174332549 -0.748719473025538 0.914699128251705 0.288818576306906 0.282682181302834 -0.184291137025882 0.289420653216087 -0.563452854527021 0.471184679854274 -0.277373922479719 -0.421440734026619
13.2078025662061 11.9108780947382 25.028415086858 -0.0875727884170927 0.959118153011761 -0.269115699217434 0.950565162120681 0.161252289800523 0.265374174307181 0.208554456996182 0.0181553264927286 0.220109369042214 0.391260338312696 0.0303428785321453 -0.0598488405376658
13.7032312614661 12.0311018285461 24.8602763968482 -0.315869070193714 0.884425899046461 0.343536668014581 0.948700572103824 0.299718450273335 0.100677488898133 -0.24901493972325 -0.141110355184668 0.364431886404932 0.227296937697394 -0.231569820441917 -0.394143303585434
14.0857033403771 12.354473861901 24.7479895463663 -0.35443408464212 0.446632387037825 0.821520463746991 0.885226995802813 0.443302497720009 0.140911119789601 -0.000446520793457327 -0.523271584622421 0.538882494360808 0.295247584236116 -0.0611860891303103 -0.180630724404305
14.3348811772605 12.7744177588925 24.7261935989844 -0.114766719529969 -0.19436158212198 0.974193028243045 0.879996806043247 0.43511280907254 0.190479253341718 0.0401704158294407 0.110446491385112 0.418381627890402 0.594657427090843 -0.126206040829355 -0.297763340434838
14.3960439827984 13.2027899563709 24.9118973194445 0.271137886577064 -0.609543211705289 0.744943756508432 0.814553336644134 0.557640843684352 0.159810616325407 0.438731866686307 -0.691968414632231 0.0179425996836082 0.367158492125368 -0.360624045106033 0.344853754047061
14.7130910861852 13.4979676268708 25.132771256899 0.439128244826869 -0.887805011430979 0.137726277324772 0.853366788097686 0.460112910310324 0.245073694225988 0.496634892478632 -0.21688439230961 -0.171695044056987 0.252485391300108 -0.59305007195997 -0.148225063062263
14.9925597845022 13.6090439692313 25.4936550329015 0.596668504493433 -0.575616349049246 -0.559153289863111 0.80233583089986 0.441460255438025 0.401708774565921 0.427084973522696 -0.865114009152863 0.031030713132186 0.199785400197845 -0.362685192259495 0.225338122535745
15.4109891314333 13.6273143909188 25.8072084055006 0.392594932526795 -0.439909519937235 -0.807681072639392 0.899712653682036 0.365839806729996 0.238071958467322 0.242728858168936 0.176945402007999 -0.641631077281735 0.516966153996998 -0.103824467177788 -0.210816692702139
15.8914385113472 13.5735253680414 26.0141450392132 0.208144670337818 -0.0749339339824126 -0.975223354779987 0.96980993737925 0.145335132701138 0.195822041870099 0.226361630301615 0.283825233935712 -0.491293011624591 0.333784297176339 0.52297780185786 -0.307158316165633
16.3467105299041 13.4652579875041 26.0445412180503 -0.0372091909992552 0.668143338909612 -0.743101497927046 0.947262190743733 0.26043369797697 0.186731126302709 -0.650504430010272 0.282895202903645 -0.417712120587933 0.387445495742263 0.0563295681292455 -0.266374097925326
16.752479028527 13.4979267144194 25.9354437770731 -0.367766786124312 0.926221726034365 -0.0828298694209043 0.928037016819235 0.371226521917495 0.0306276145896271 -0.632838756185155 0.172783247817889 -0.240852864434191 0.516969292195137 0.333215826430431 -0.00313017152810103
17.1692223886808 13.71318242685 25.6910089554038 -0.457828209841357 0.790495209894631 0.406829859029911 0.878303759072924 0.473067804047284 0.0692043715649951 -0.0219716510211029 0.167699248691954 0.158022329376266 0.681026602683279 -0.164515634915225 -0.0773395605102968
17.4616689779696 14.0323768143276 25.5523492229956 -0.427149616136726 0.41634896945349 0.802618603425046 0.841115770937198 0.508678687846258 0.183766526256998 -0.234706380481553 0.164318449716271 0.0300132402894013 0.789681652497899 0.172229511927561 -0.137807669208439
17.6481948205029 14.4802518191498 25.4559494517994 -0.317317639681786 -0.116548276336173 0.941130117364015 0.755594643660443 0.568625683141283 0.325179112325202 0.0738244219500614 0.527680270011254 0.0962228694415235 0.654253712138683 0.444427578320762 -0.0423787089020114
17.8148888325776 14.9121256032292 25.7306068567166 -0.0232957064445031 -0.736319548979498 0.676232735561614 0.730775926667991 0.449047966510475 0.514122904056217 -0.594207839064634 0.0540881214149385 -0.138516832374028 0.660233976353122 0.50386972528046 0.00174127217117697
18.0157929364238 15.0709694425519 26.1559900590859 0.180117046782789 -0.977388730848064 0.110765514468544 0.821669058771128 0.211405880011847 0.529308418769869 0.0488278715731312 -0.391781331165233 0.233137615610684 0.848416616425151 0.0677005724615175 0.0120720757271911
18.1502929571102 14.8528893201987 26.6142785716073 0.50097467762458 -0.691968779536847 -0.51981098884644 0.85641753894433 0.309757690682654 0.4130363868095 -0.628188142005577 -0.649710443269684 -0.411458030288421 0.647628650423382 -0.7202465752681 0.410600677109444
