t = 100
b = 30 30 30
E = -0.32730697986469 -0.608799913092236 0.281492933227546
13.0925245987285 15.6808641796223 8.91703867540918 -0.710698513145731 0.440711037301065 0.54834413097624 0.701821212729628 0.390400134236717 0.595847800721672 3.04856611252171 7.38346334282713 -3.16175385868884 0.0442230247077054 1.87858203808295 0.0381805516934836
12.8474811054874 14.3398152545891 9.7954099044846 -0.356914214638982 -0.0304186939717425 0.933641701878234 0.841772640936057 0.422859950960282 0.335571418543165 0.295216253308008 0.987620292866016 0.12225542332015 0.652005949240886 0.271728655024729 -0.303000531837943
13.2988391099211 14.6755600064783 9.94597775217685 -0.499058252547346 -0.478311145366334 0.722605835639886 0.79879979887245 0.0693514382179695 0.597586098884596 0.844422818627464 -0.0387501297704821 -0.85235913993751 0.550624665316015 1.87260027695828 -0.630996616421511
13.5640040685545 14.8630744295706 10.4194900994383 -0.221910557872462 -0.88351808598993 0.412494100461701 0.859567047871543 0.0224593363975643 0.510529094207024 0.259677594247363 0.373634924215719 -0.611530460092705 0.34293951533437 0.715453822815613 -0.231813798166186
13.7875413783997 14.6996126843636 10.8023002537951 0.178651653757625 -0.90270128290337 -0.391425422942041 0.862401048701882 -0.0478486622806943 0.503959153008093 0.741413106466336 -0.0477104582144001 -0.187820259696952 0.673496785395705 -0.36302080942053 -0.0294938283499695
13.9752729447085 14.6111194145208 11.1221606586317 0.539093540511279 -0.378965114772079 -0.752172506095724 0.819617020012657 0.0304246560289168 0.572103284659003 0.616276870966009 -0.494986488851556 -0.204866711030357 0.614022557820813 -0.559703437013809 0.309099033516365
14.3979534371832 14.2666779215308 11.4062179161113 0.45627103874203 0.192058975687481 -0.868867061982972 0.872914433203522 0.0929362900240823 0.478939577708972 0.0918284311234871 -0.221991584660593 0.00207406361809975 0.273944971394713 -0.420958200850833 0.124080575823197
14.9348670087415 14.3493357083676 11.4327395049129 0.0698874578183765 0.345707399694127 -0.935736089215456 0.979259406028936 0.155051694414284 0.13042188757806 0.425030528011547 0.962497487782099 0.0634509343825443 0.108871705169123 0.355907111125668 -0.774829806291748
15.329857013223 14.2189842248633 11.3422167096438 -0.0662007892350678 0.862391369380481 -0.501894877803899 0.97224807958014 0.168867030741936 0.161918125017908 2.05526467511154 1.05074206827368 0.212916203092 0.664538936742967 -0.486788088455406 -0.353258139449792
15.6601319884534 14.1582742457522 11.0487851057933 0.0350293722946522 0.924607315060919 0.379307443653697 0.997421971322315 -0.0561289739058449 0.0447083083282104 -0.10733950226108 0.470457270475742 0.263786100290002 0.390434143442154 0.120244456593698 0.356950984270723
16.1253926155899 14.2499557469418 10.9512605073461 -0.250906777362771 0.509379384030056 0.82315145217094 0.964246176318463 0.206443125542806 0.166163866300573 0.236076660199591 0.129662846941779 0.0559504443746452 -0.0531588880743267 -0.126477846152758 0.0718015584309851
16.5099965671199 14.4969788475748 11.101436907981 -0.452992880459242 -0.137594682155741 0.880832012952656 0.837518534873879 0.272943881267236 0.473354229280889 0.0778330756152965 -0.101749983613454 0.239962462662772 0.513007003042548 0.0312669121638417 -0.104289195782105
16.7074621768126 14.8824027220846 11.3194575527236 0.0329612281893297 -0.771392293022065 0.635505605940657 0.828578752321229 0.37666165674674 0.414225954723476 -0.895183865871798 0.0760570142876507 0.394284494317979 0.706230444343713 -0.0546478769836958 0.263148597604148
17.0489006821733 15.0707133081048 11.6601720808172 -0.0607994127807162 -0.96314505170114 0.262020841884508 0.883304829935618 0.0703325232633369 0.463493041056968 0.0886491350409814 -0.25924384878095 0.212612896742619 0.54975879762881 -0.0404849138897873 0.0662539924644811
17.3508103237091 15.0711654690911 11.9860584504994 0.094345689463066 -0.933779911028671 -0.345186687810074 0.924617468558929 -0.046338801375771 0.378067634680093 0.112965688520509 -0.373319298006881 0.278955701307401 0.538292261307425 -0.0573183033882893 -0.109447617519032
17.6685112810914 14.9141847823971 12.297467318029 0.313654065394514 -0.426549424412678 -0.848337550076171 0.93185846717082 -0.0333217179626955 0.361288450566793 0.120271516230683 -0.664829806390748 0.390039768724577 0.438633361137163 0.203625160754886 0.529985874090805
18.0506268802054 14.6279925727571 12.5313717892616 0.20642466934149 0.243673643307169 -0.947634896686038 0.976782023393437 0.00541715530221123 0.214166792867696 -0.188644777285634 -0.402844581481283 0.147018045637103 0.308065518377973 -0.528461543943884 0.0353201070825671
18.5148311442541 14.470684295995 12.5360149398926 -0.032529191983496 0.599614280409638 -0.799627692879931 0.982550704435978 0.165774224955397 0.0843380148331134 0.250700674744113 0.222755715224099 0.29768013489137 0.303536319034421 0.0182514369988056 0.0836709386098712
18.8911464731043 14.3973118799166 12.421917963622 -0.140401032704066 0.987931010828083 -0.0654198441111181 0.964491116497191 0.151400513622816 0.21641315017011 -0.0832379200838426 0.629512132710413 -0.396410149417038 0.226685007870414 0.0586977749495925 0.393285684181789
19.3663816901754 14.2656415638374 12.01895364581 -0.250748016214486 0.963540717924843 0.0933520342885305 0.910877790282935 0.202188922042705 0.35975154244535 -0.189179761844994 -0.0379769326503528 -0.0899429358969921 -0.0836379477893881 0.659970386909066 0.00862420116801315
19.7472853650214 14.6018044574491 12.0307210139555 -0.506090556980744 0.368533102981497 0.779779189468731 0.848938054947436 0.372440866033447 0.374955815630038 -0.575335387492582 0.30655112266156 0.121328100379641 0.157162650165334 0.276017934162009 0.3053967649095
20.5975035708189 15.8918355864225 11.1941762622414 -0.444189053762392 -0.078973549560528 0.892445597149682 0.895154551397236 0.00239549641240077 0.445749338210697 1.37898039511838 3.80545859403545 -2.23904168271213 -0.189278862412367 0.972014351610684 0.195786949906459
20.9962401776796 15.628901262489 11.9863172505108 -0.42749801677124 -0.670421682445425 0.606448757050684 0.76710456699587 0.085929031940178 0.635741042206039 1.50694620492741 1.3709898435933 -1.06532820930282 0.602903024273697 1.04456536834165 -0.363887492041547
20.9735598503801 15.4999113991398 12.5960625735179 -0.167960560956666 -0.912266792165745 0.373575203668354 0.903264610437927 0.00936574060121313 0.428981595960889 0.0483067084494659 0.0323576298251651 0.178789356211621 0.624671905613013 0.675842168266461 0.0777368207666492
21.1869445938737 15.4720018175866 13.0239380228622 0.157706708650475 -0.923012929969151 -0.350963824691525 0.910775626866665 -0.00138377869342024 0.412899173524747 0.604124703415868 0.043553884314029 0.267730622193966 0.509562436213587 -0.159127746920869 0.0439749290549823
21.5567076533902 15.334191904847 13.2973700204855 0.158597728424825 -0.63492220643445 -0.756121970208385 0.915285466200059 -0.192647579007621 0.353750359729783 0.907619765987617 0.0186232693469852 0.459208740572034 0.39375085904235 -0.45308325577989 -0.263649827297143
21.9117788751745 15.2153313418975 13.5539935099132 0.257092786623213 0.0118447534457148 -0.966314069899425 0.966037323727784 0.0237338247768035 0.257310078048611 0.353077100342621 -0.289440065138242 0.210220470959257 0.276771631820357 0.114367148716463 0.030432959212738
22.3864709567226 15.0702439440371 13.618028601267 -0.0791285857392366 0.620812363006592 -0.779955484803878 0.974303264579238 0.21367906646204 0.0712340230240859 0.251554767019366 0.459953350428062 -0.215456405277954 0.0286540156697933 0.432352843398889 0.248011638598413
7.04941320684816 22.8701770183203 15.2977063496849 -0.871798987346806 0.464631898048731 0.155188951732066 0.375388776530301 0.430125932203349 0.82102060248896 -0.591295810495632 0.550631383719326 0.148391208384401 0.0939815053812425 0.818281585693409 -0.552009988382518
7.05226882822031 23.3752737272729 15.3496956671155 -0.65494624813438 -0.196177544872818 0.729766855987752 0.597055450497576 0.457629814820414 0.658862370144754 0.200283753395864 -0.0100809778578391 -0.00558017459853207 0.387643795910884 -0.0782721887400235 0.267674898922681
7.26331306042759 23.6531562912388 15.7307909089873 -0.494913510040096 -0.665085715662189 0.559215066091952 0.445731044556804 0.358127955861312 0.820407267368556 0.200514707829493 0.0785679059853246 0.289229397957998 0.454073936608808 0.472710281881022 -0.293641503184423
7.05214053212712 23.8417482044745 16.1335915775253 0.111002199658522 -0.910373427171143 0.398620892231884 0.131862519101637 0.411044740149812 0.902027936683952 0.363911141247616 0.0586653373957686 0.226194213759306 0.445436291414438 -0.219549674633145 0.0598046830036751
7.05122311042432 23.9274091503111 16.6389722804052 0.361892753958328 -0.932170207209264 0.00960344096838063 0.554347398609135 0.223471635716352 0.801722689816996 0.0109650655166042 0.350243063862464 0.253312971891127 0.496629617375902 0.1569941455671 -0.459028764326855
7.18348105790654 23.842454961892 17.0617020955111 0.752365382346145 -0.509053225541644 -0.418104086693913 0.59841484361243 0.262804219999865 0.756857647582866 0.33030950056007 -0.280505239120264 0.808833374632475 0.480718506154202 0.177026188947828 -0.126943169286591
7.41757603340093 23.6373256339558 17.3487258568482 0.783889941931087 0.394789697081264 -0.479225977332439 0.406400189058031 0.257288625442502 0.876721923607009 0.348775899498053 0.0398640771997154 -0.0423427397756187 0.275920968118875 -0.474298854289118 0.269138415365998
7.7589017527733 23.668531032022 17.7068130077282 0.292078682556068 0.799912855621244 -0.524241691006982 0.459143104009649 0.363568156528683 0.810558873048245 0.350297678292303 0.0122530309445274 0.0579805972045487 0.216991257985736 -0.0360590212701495 0.351882043903292
8.15665814955326 23.7888732310488 17.9009366622849 -0.345248981277445 0.91862859023172 -0.192157602627498 0.600484043252751 0.373571878421054 0.707009792872558 0.24648626867689 0.435148795640186 -0.27780193758016 0.180549418204626 -0.308607413736969 0.270104021690957
8.61597635029084 23.9209562060195 18.1000301996321 -0.635935923622839 0.769363044632326 -0.0605465721182046 0.563107511267792 0.516233565815881 0.645300488119261 -0.704998435096936 -0.0889428286650211 -0.24814238529445 0.493731410812238 0.233771699618842 -0.115414324567734
8.98636734088387 24.1974565292342 18.1517231930046 -0.863077260882557 0.351211647543807 0.362970937122793 0.504183691044283 0.556503500203091 0.660380606287944 -0.429032488027193 -0.255776924537133 -0.127867108415977 0.564223963124836 -0.0545281593269538 -0.0184604034352383
9.13315534875132 24.5862239261527 18.2063052814978 -0.568209217434442 -0.306448362948976 0.763693375781269 0.52158348789654 0.583696393751209 0.622293396285711 -0.806534336922401 0.0958383970747986 -0.291622216566487 0.630312632737299 -0.309042788909467 0.230093240846933
9.33865765626233 25.033802247638 18.4477928562993 -0.524013503921697 -0.547491430220388 0.652428437827437 0.329354817671364 0.576173343204472 0.748030461878217 0.762066729721232 -0.0196816962354916 -0.161024102734147 0.966593230059607 -0.213816823922141 -0.455414563365783
9.12462868684347 25.3857019893473 18.733666923041 0.159903798102326 -0.770558285057128 0.616985078334975 0.238938097453547 0.636654516872287 0.733198131706067 0.149439852908843 0.0179775017398604 -0.0874477884636846 0.536010110556374 -0.714727510942714 0.178231792312465
11.0780175785786 25.7742031585131 18.097864101454 0.59372388623702 -0.768562866475809 -0.238333697773527 0.514928337496333 0.135289037622576 0.846490146464508 8.08132967388646 1.016822190752 -5.63100142551065 0.430493990496922 0.495982542016276 0.445376612855293
9.31291014929353 25.1915705707654 19.8033135523623 0.733989994715608 -0.622551372368573 -0.271456011003579 0.413231892774129 0.092173601355707 0.905948853146364 0.699638705522512 -0.698824946115628 -0.687614460483331 0.545964025825819 0.282732829789983 -0.611262334570971
9.47012983326352 25.0857075732213 20.2634395949695 0.736430877536829 0.1283904831449 -0.664217831216487 0.637007651504439 0.19899987239456 0.744728264927766 0.379392683931855 -0.556450385186286 -0.567445194639398 0.73398028775829 0.0799504830547883 -0.217149719059348
9.89850413534902 24.9466111185351 20.5020915690636 0.288579019815601 0.791765961227538 -0.538357405838613 0.773923695900154 0.138148304579624 0.618026743660054 0.148343404315555 0.155141571843561 -0.358885351766992 0.718512067981593 -0.414164321429075 0.212096748730552
10.38645115012 24.9829114704461 20.6665018559557 -0.255033461967164 0.92234738324799 -0.290229430095465 0.740132291614893 0.379363050172925 0.555236668188118 0.261420593825091 0.254446669564868 -0.933973800041828 0.497554608864698 0.0528347246846311 0.32475642562795
10.8258092910363 25.2262410716279 20.7628875434891 -0.749836078639634 0.650565766216603 0.120457159780323 0.520426224268748 0.467536101322214 0.714539306332885 0.201113124937843 0.319680520963494 -0.113322970235592 0.424895053826933 -0.551010390575362 0.248285480439258
11.0263594992629 25.62819065785 21.0334190314256 -0.90847948262907 0.32339552441826 0.264726736908401 0.399134697194331 0.483553712756339 0.779016804367227 -0.258739404008863 -0.14570194967929 0.474187468247668 0.510638237416672 0.238140613739858 0.194637259932817
11.1403278294316 26.0586500208232 21.2145739607382 -0.709763975080199 -0.299098495592293 0.637789207250719 0.443467926093406 0.513745016382729 0.734440018132602 -0.405047359631709 -0.418795650015946 0.387459967982442 0.408370543093058 0.19643394657275 0.40012018801861
11.2063450096714 26.3862493274118 21.547639412827 -0.368910607916489 -0.72235197324194 0.584903813893343 0.425459819874566 0.428252600912745 0.79723493008109 -0.106460400216358 -0.613250202705381 0.0549389521471004 0.546341895614095 -0.0520201208624384 -0.0632605988566698
11.1112211718032 26.6478258602407 21.9535808908472 0.193332732434949 -0.868490597347543 0.456449797680981 0.336981285137372 0.495704634642106 0.800450132127491 -0.0961093107368475 -0.537588396216874 -0.116605853854453 0.50959137216932 0.0851360761744417 0.261228343305155
11.1407245273967 26.7947288696833 22.4642656787846 0.546335763868661 -0.836694315453313 0.0382065007985252 0.437457864695729 0.323951968158913 0.838859715257804 0.087855069914966 -0.633185604664571 0.248158624607887 0.501956077336032 0.391591499932698 0.129490058116174
11.1810994960192 26.7528392111239 22.9856210743748 0.880397970138488 -0.267590224537296 -0.391528758439339 0.449373501656505 0.206918771753854 0.86905003562273 -0.0326410229363612 -0.245025425003397 0.0884856967581694 0.23873968340402 -0.0307521354944751 0.347520578670851
11.5334772529194 26.844916753903 23.4520199262417 0.631786826417176 0.267665726123991 -0.727461579269818 0.628986922298141 0.371448335536724 0.68293591684885 0.427606417660578 0.487492477608456 0.0216656141936493 0.186928602626547 -0.103625647742733 0.395579366752341
27.8123360673528 26.3666637275213 2.98893887463239 0.654033717650698 -0.570273706636243 0.497018795669117 0.449034772125961 0.821426671310136 0.351604722816374 0.215499628884887 -0.0811812620385767 -0.134464188466645 0.163730838338627 0.0706665878457452 -0.585054539181941
28.0161321757972 26.6407241393361 3.26823664030863 0.824999408375473 -0.507560926456836 -0.248511093268459 0.561191316528144 0.787633913728614 0.254356065273128 -0.247030465290377 -0.373746201924432 -0.0394868920031491 0.570303397799229 0.365542500301078 -0.250200193818116
28.3258916988861 26.8340340421429 3.4895255660711 0.597891377107722 -0.118460078859788 -0.79277549892277 0.526635726871164 0.803664600345137 0.277088265836976 -0.260379039497738 -0.293896798528656 -0.321402602684128 0.596514262270554 0.388046088793862 0.214432534393081
28.6618003268979 26.9970836656529 3.71056429400441 0.0322128178607349 0.223781969522971 -0.974106691276063 0.626367927363691 0.754962505118551 0.194151294180332 -0.507092547328166 -1.02345111000075 -0.236415121831799 0.291834396114606 -0.0287074546860507 -0.0167555358277268
29.0760355750511 27.2410475347418 3.71181663008634 -0.559336218832414 0.421532853620284 -0.713759715016079 0.384480821632927 0.89475543339483 0.227127922674378 -0.445190665661068 -0.588532832813374 0.0884645253846983 -0.0463987722109611 -0.285087657678242 0.584534164815096
28.9239853085571 27.7410777959242 3.81625188621448 -0.861299444032508 0.324320766827024 -0.391125541320244 0.142773552164362 0.89325238659305 0.426281340763493 -1.82521355368585 0.700831663371423 0.342848549853771 -0.682220689118598 0.474700858807536 0.0393836350562835
28.2259012049803 28.4022685542284 5.09834052929469 -0.977692649382459 0.103551564885131 0.18274035642686 0.0950239357002738 0.993963013774279 -0.0548440448683595 -6.15719997998777 0.709943473944021 6.6406533033581 0.550066164608599 0.888073260176858 -0.209235990286944
29.4983005416658 28.5597813802349 3.36779783344782 -0.574572015188435 0.273465830366369 0.771416437478011 0.267021317801332 0.953589877824448 -0.139161242060017 -0.311438998426028 -0.213413145787614 0.507169144864277 0.571595221920842 -0.608261618418114 -0.199601163955217
29.5845497843249 29.0157776286981 3.24496834879421 -0.210956261141628 -0.081685858644142 0.974076362168838 0.144353283801945 0.982972816954836 0.113694589184611 -0.125123049537829 -0.667674280569051 0.680415217333633 0.630701489981947 -0.432318452316459 -0.767404782528545
29.4349656972562 29.411257148413 3.2584511510457 0.519235455548039 -0.200271342604352 0.830834406982557 0.0842130494402637 0.979413951504131 0.183456709009989 -0.147240259457175 -0.420970012088215 0.479637242742686 0.501786589191412 0.138673022578728 0.25530271810351
29.3661848947376 29.8893248962619 3.4303999698171 0.875560920330889 -0.356327507159395 0.326226398783084 0.244488688741953 0.909228829189344 0.336939317993657 -0.0465715272965247 0.0746718478502761 0.442300571979603 0.382297268281009 -0.112558628311195 -0.0117515124963282
29.5187173771823 30.1761338002208 3.83143793218636 0.910447781287994 -0.234149861204751 -0.340967097737623 0.34461743025371 0.885292012716603 0.312244715259048 -0.590099343831844 -0.445435232794071 0.157717481597746 0.730524237350299 -0.0933479098789376 0.0562497657063586
29.667314735699 30.4223082075861 4.35876833621285 0.587435496719039 0.0281349324960269 -0.80878170401594 0.469058419930281 0.802566975373348 0.368605934977609 -0.989615671670718 -0.0166074740452833 0.54388694027523 0.508976306124139 -0.585523273383646 0.37539779044744
30.0295443535795 29.763306950723 4.82735621917474 0.00854638701839426 0.400691856453329 -0.916172953305544 0.634947715419035 0.705627941550944 0.314532190126634 -1.03015670511065 -4.41906359502827 0.928637301727326 0.552976442731328 -0.711354218663253 -0.0611386723065395
30.632244791797 30.8622803837289 4.37943919657633 -0.517686926863366 0.351540907130291 -0.780012254877778 0.495680010303535 0.866327543657233 0.0614637913959428 -0.0373636772264824 -0.163963883489127 -0.315419435843264 0.444317456862052 -0.188408153618514 -0.180538616319495
30.985127257589 31.1929237306413 4.16070415302449 -0.896527247840925 0.348781502204543 -0.273112136750493 0.345662702371431 0.936366448750502 0.0611150652834618 -0.897131000396554 -0.859752981701768 0.342876862676063 0.527794793116482 -0.185395537333088 -0.14570088731397
31.2336838957289 31.5812654761635 3.95785408146875 -0.922374535929717 0.279598797262068 0.266551324970423 0.300095105555701 0.953125106100348 0.0386696641733837 -0.563762425622279 -0.254667694988055 0.094251471184508 0.451612835107471 0.0950383281103485 -0.06102430307179
31.3242224014996 32.060790981253 3.73085108446827 -0.602749366804352 0.0762242577164273 0.79428140127399 0.295949428085744 0.945783112744884 0.133821230021847 -0.699251773644655 0.337468948671208 0.453246382469422 0.487520754676482 0.352306504884098 0.131372002969324
31.2404122414535 32.580135075637 3.86183679074574 -0.26934263375862 -0.348486221938829 0.89778158817103 0.0882744412724592 0.91937454492073 0.383350960752147 0.314877969574679 -0.139009879437735 0.753143343967812 0.500612652540291 0.574424895711685 -0.0207890462141242
31.0682369908889 32.9252832901101 4.01833740556066 0.586126313143009 -0.372573310988223 0.719475473745547 0.250786533656345 0.927816830474692 0.27615562386934 0.135139010070371 0.0600095718967384 0.44129279798553 0.624226984622548 -0.0991682821898411 0.594128675871345
29.0678010815068 31.824732348833 5.03395424302134 0.969464546847608 -0.191878487252129 0.152712231634378 0.147675643948183 0.953945193011902 0.2611136880984 -7.18444534848198 -7.04136790924484 2.96543195087688 0.373022362849944 -0.476803230850748 0.475200341630268
31.0665375740278 33.735337211554 4.53779498247859 0.881571285668788 -0.459514905135303 -0.108064815596459 0.471656530862532 0.866797785241823 0.161869074503918 0.44273198425408 -0.324424598286076 -0.250244485442184 0.153630848401749 -0.0101995035285818 -0.362840258900991
31.4136734663792 33.9148537278754 4.80891365996581 0.541256868352627 -0.0891931433709997 -0.836113310556485 0.504139552979499 0.830241148270334 0.237787363909428 -0.137253897638115 -0.319817615633711 0.101740595511264 0.388507616959242 0.0442437779090002 0.130396567751901
31.7721603005988 34.3747967961529 4.91682529917088 0.313268250155313 -0.0886546906468214 -0.945517445075196 0.456585432148827 0.887069248486417 0.0681011947715327 -0.578787381894859 0.190275385278462 -0.459276505248339 0.465435014187416 0.512883710604599 -0.474842009279764
32.2270589495694 34.6527397872272 4.87027871459478 -0.336730611845481 0.198261484508853 -0.920491587755916 0.558320473005729 0.829229062899507 -0.0256378383728898 -0.588839163474425 0.677871458104257 -0.372884457915633 0.355224735670823 0.3212498528397 -0.236207225559237
32.6412358999115 34.9091999101235 4.72970107058999 -0.793687212820028 0.452882854531406 -0.406149737771063 0.510181620677538 0.859184757216531 -0.0389378183816403 -0.0496489970476686 0.262693787543827 -0.0595864568910285 0.60036786422264 -0.033132912494102 -0.0994872832239028
32.8161580928671 35.3722819288243 4.60265219461261 -0.933416424293695 0.336427750725185 0.124699759306352 0.32976240419665 0.941364852175238 -0.0713362417576331 0.0320751886994288 0.608090295396498 0.160264439880859 0.463151853618872 0.258611112008102 0.0290189499049288
