
#id1 id2 FENE BEXC STCK NEXC HB CRSTCK CXSTCK total, t = 100
0 1 1.28402 0 0 0 0 0 0 1.28402
1 2 0.117464 0 -0.48448 0 0 0 0 -0.367016
2 3 0.211604 0 -1.12971 0 0 0 0 -0.918104
3 4 0.106668 0 -1.13581 0 0 0 0 -1.02914
4 5 0.344432 0 -0.973027 0 0 0 0 -0.628596
5 6 0.370133 0 -0.500504 0 0 0 0 -0.130371
6 7 1.3915 0 0 0 0 0 0 1.3915
7 8 1.13513 0 0 0 0 0 0 1.13513
8 9 0.0932172 0 -1.10929 0 0 0 0 -1.01607
9 10 0.0371729 0 -1.21743 0 0 0 0 -1.18026
10 11 0.0328734 0 -1.02017 0 0 0 0 -0.987299
11 12 0.206487 0 -1.15937 0 0 0 0 -0.952882
12 13 0.151605 0 -1.26444 0 0 0 0 -1.11284
13 14 0.0228739 0 -1.22676 0 0 0 0 -1.20389
14 15 0.0801306 0 -1.29108 0 0 0 0 -1.21095
15 16 0.242068 0 -1.19501 0 0 0 0 -0.952939
16 17 0.143961 0 -1.36735 0 0 0 0 -1.22339
17 18 0.178228 0 -0.957621 0 0 0 0 -0.779394
18 19 0.365679 0 -1.28458 0 0 0 0 -0.918904
19 20 0.139902 0 -1.20928 0 0 0 0 -1.06938
20 21 0.212555 0 -1.24755 0 0 0 0 -1.03499
21 22 0.0052053 0 -1.28444 0 0 0 0 -1.27923
22 23 0.0890257 0 -1.4317 0 0 0 0 -1.34267
23 24 0.56339 0 -1.41491 0 0 0 0 -0.851519
24 25 0.0283541 0 -1.26425 0 0 0 0 -1.2359
25 26 0.895086 0 -1.03735 0 0 0 0 -0.142266
26 27 0.106974 0 -1.24067 0 0 0 0 -1.1337
28 29 0.0284939 0 -1.29467 0 0 0 0 -1.26617
29 30 0.139 0 -1.27163 0 0 0 0 -1.13263
30 31 0.192601 0 -1.39051 0 0 0 0 -1.19791
31 32 0.0742506 0 -1.17121 0 0 0 0 -1.09696
32 33 0.0113873 0 -1.16909 0 0 0 0 -1.1577
33 34 0.425359 0 -1.23644 0 0 0 0 -0.811081
34 35 0.329288 0 -1.163 0 0 0 0 -0.833712
35 36 0.0178196 0 -0.495668 0 0 0 0 -0.477849
36 37 0.0200574 0 -1.11395 0 0 0 0 -1.0939
37 38 0.123116 0 -1.10931 0 0 0 0 -0.986193
38 39 0.0828519 0 -0.765018 0 0 0 0 -0.682166
39 40 0.871897 0 -0.927562 0 0 0 0 -0.0556652
40 41 0.575658 0 -0.459106 0 0 0 0 0.116552
40 42 0 0 0 0 -0 -0 -2.46619e-14 -2.46619e-14
41 42 1.11728 0 -0 0 0 0 0 1.11728
42 43 0.767443 0 0 0 0 0 0 0.767443
43 44 0.0312991 0 -1.20208 0 0 0 0 -1.17079
44 45 0.0171301 0 -0.824223 0 0 0 0 -0.807093
45 46 0.0460001 0 -1.26082 0 0 0 0 -1.21482
46 47 0.0633764 0 -1.44588 0 0 0 0 -1.3825
47 48 0.260483 0 -1.29791 0 0 0 0 -1.03743
48 49 0.0138443 0 -1.34485 0 0 0 0 -1.331
49 50 0.0144957 0 -1.27852 0 0 0 0 -1.26403
50 51 0.311757 0 -1.2473 0 0 0 0 -0.935542
51 52 0.00252037 0 -1.20259 0 0 0 0 -1.20007
52 53 0.0486017 0 -0.990834 0 0 0 0 -0.942232
53 54 0.00913991 0 -1.2708 0 0 0 0 -1.26166
55 56 0.0350846 0 -1.18963 0 0 0 0 -1.15454
56 57 0.00408088 0 -0.808151 0 0 0 0 -0.80407
57 58 0.218238 0 -1.24595 0 0 0 0 -1.02771
58 59 0.0273093 0 -0.968866 0 0 0 0 -0.941557
59 60 0.0514033 0 -1.19697 0 0 0 0 -1.14557
60 61 1.73991 0 0 0 0 0 0 1.73991
61 62 0.403612 0 0 0 0 0 0 0.403612
62 63 0.249573 0 -0.00665475 0 0 0 0 0.242918
63 64 0.00451115 0 -1.06433 0 0 0 0 -1.05981
64 65 0.00632918 0 -1.1112 0 0 0 0 -1.10487
65 66 3.33695e-05 0 -1.19747 0 0 0 0 -1.19744
66 67 0.054123 0 -1.15058 0 0 0 0 -1.09645
67 68 1.49485 0 0 0 0 0 0 1.49485
68 69 0.830116 0 -0 0 0 0 0 0.830116
69 70 0.0246573 0 -1.0596 0 0 0 0 -1.03494
70 71 0.221313 0 -1.02716 0 0 0 0 -0.805848
71 72 0.0680805 0 -1.24065 0 0 0 0 -1.17257
72 73 0.0348941 0 -1.19099 0 0 0 0 -1.15609
73 74 0.08456 0 -0.897746 0 0 0 0 -0.813186
74 75 0.00864661 0 -1.07243 0 0 0 0 -1.06378
75 76 0.605438 0 -0.942347 0 0 0 0 -0.336908
76 77 1.02617 0 -1.0685 0 0 0 0 -0.0423339
77 78 0.144446 0 -0.9624 0 0 0 0 -0.817954
78 79 0.0507137 0 -1.13362 0 0 0 0 -1.08291
79 80 0.295977 0 -1.15136 0 0 0 0 -0.855382
80 81 0.286899 0 -1.16876 0 0 0 0 -0.881865
#Total energy per particle is  -0.672113 and should be -0.67211310

