t = 0
b =  30.0 30.0 30.0
E = 0. 0. 0.
24.6641746 15.6560095487 14.6571142804 -0.296040828225 0.924392480365 -0.240537669127 0.400551578857 0.348757211491 0.847305635593 0.0 0.0 0.0 0.0 0.0 0.0
25.0916308817 15.9516527623 14.7933542143 -0.748267752697 0.658208135151 0.0828095471184 0.400551578857 0.348757211491 0.847305635593 0.0 0.0 0.0 0.0 0.0 0.0
25.3485195056 16.3973345411 14.9484705871 -0.91621524755 0.141959514741 0.374696031912 0.400551578857 0.348757211491 0.847305635593 0.0 0.0 0.0 0.0 0.0 0.0
25.396556835 16.8753759957 15.1889989322 -0.736077251557 -0.428221898756 0.524229229599 0.400551578857 0.348757211491 0.847305635593 0.0 0.0 0.0 0.0 0.0 0.0
25.2768053318 17.255804255 15.5490253467 -0.276291201142 -0.835714653427 0.474598978316 0.400551578857 0.348757211491 0.847305635593 0.0 0.0 0.0 0.0 0.0 0.0
25.0940732406 17.4457313327 16.0172366132 0.28846249593 -0.925705438858 0.244660640299 0.400551578857 0.348757211491 0.847305635593 0.0 0.0 0.0 0.0 0.0 0.0
24.9770961843 17.4246438266 16.5412182804 0.743624467962 -0.664005251096 -0.0782283654757 0.400551578857 0.348757211491 0.847305635593 0.0 0.0 0.0 0.0 0.0 0.0
25.029628349 17.2521963025 17.0473677891 0.916271071877 -0.150038366868 -0.371397107297 0.400551578857 0.348757211491 0.847305635593 0.0 0.0 0.0 0.0 0.0 0.0
25.2910245333 17.0455475281 17.4688573156 0.740810976351 0.420930601442 -0.523465878628 0.400551578857 0.348757211491 0.847305635593 0.0 0.0 0.0 0.0 0.0 0.0
25.721288603 16.9348498974 17.7710227786 0.28390440521 0.831980996679 -0.476661210785 0.400551578857 0.348757211491 0.847305635593 0.0 0.0 0.0 0.0 0.0 0.0
26.2162686908 17.0138023611 17.9645333036 -0.280862196099 0.926947901298 -0.248764979615 0.400551578857 0.348757211491 0.847305635593 0.0 0.0 0.0 0.0 0.0 0.0
26.6472262321 17.3040526281 18.1013378437 -0.738924553344 0.669751800471 0.0736412264401 0.400551578857 0.348757211491 0.847305635593 0.0 0.0 0.0 0.0 0.0 0.0
26.9097458983 17.7469728391 18.2549289036 -0.916257118614 0.158105792992 0.368069899355 0.400551578857 0.348757211491 0.847305635593 0.0 0.0 0.0 0.0 0.0 0.0
26.9634047254 18.2259332706 18.4924215087 -0.745488285521 -0.413607248632 0.522662663704 0.400551578857 0.348757211491 0.847305635593 0.0 0.0 0.0 0.0 0.0 0.0
26.8471294744 18.6106119167 18.8490550844 -0.291495988859 -0.828183981357 0.478687143658 0.400551578857 0.348757211491 0.847305635593 0.0 0.0 0.0 0.0 0.0 0.0
26.6644077036 18.8065059982 19.3148054096 0.273240507524 -0.928119773066 0.252850374515 0.400551578857 0.348757211491 0.847305635593 0.0 0.0 0.0 0.0 0.0 0.0
26.5439711151 18.7908351483 19.8381929856 0.734168366761 -0.675447345652 -0.06904847934 0.400551578857 0.348757211491 0.847305635593 0.0 0.0 0.0 0.0 0.0 0.0
26.5908882288 18.6211960546 20.3458409586 0.916173388824 -0.166161178748 -0.364714661464 0.400551578857 0.348757211491 0.847305635593 0.0 0.0 0.0 0.0 0.0 0.0
26.8466470954 18.4136805151 20.770352213 0.750108822872 0.406252398029 -0.521819645994 0.400551578857 0.348757211491 0.847305635593 0.0 0.0 0.0 0.0 0.0 0.0
27.2733932918 18.2987702224 21.0759146627 0.299065373959 0.824323896617 -0.480676622652 0.400551578857 0.348757211491 0.847305635593 0.0 0.0 0.0 0.0 0.0 0.0
27.7683114495 18.3717645879 21.2719068612 -0.265598010627 0.92922096492 -0.256916513879 0.400551578857 0.348757211491 0.847305635593 0.0 0.0 0.0 0.0 0.0 0.0
28.2026865324 18.6565749017 21.4093349322 -0.729356270414 0.681091452904 0.0644504739308 0.400551578857 0.348757211491 0.847305635593 0.0 0.0 0.0 0.0 0.0 0.0
28.4708048305 19.0966400335 21.5614544907 -0.916019888884 0.174203910687 0.36133164914 0.400551578857 0.348757211491 0.847305635593 0.0 0.0 0.0 0.0 0.0 0.0
28.5301163661 19.5764149522 21.7959396101 -0.754672236531 -0.398866609733 0.520936889698 0.400551578857 0.348757211491 0.847305635593 0.0 0.0 0.0 0.0 0.0 0.0
28.4174003416 19.9652682147 22.1491723099 -0.306611984073 -0.820401036422 0.48262949626 0.400551578857 0.348757211491 0.847305635593 0.0 0.0 0.0 0.0 0.0 0.0
