t = 0
b =  30.0 30.0 30.0
E = 0. 0. 0.
0.887416727009 30.1799676976 4.67544426386 0.021007886291 -0.494764691539 0.868773024857 0.824517949031 0.500034644253 0.26483109008 0.0 0.0 0.0 0.0 0.0 0.0
1.01224054045 30.56853221 5.02490347092 0.348578980429 -0.817547327898 0.458376549411 0.824517949031 0.500034644253 0.26483109008 0.0 0.0 0.0 0.0 0.0 0.0
1.21652294344 30.7707367834 5.47884962685 0.543719091972 -0.829730065726 -0.126164840804 0.824517949031 0.500034644253 0.26483109008 0.0 0.0 0.0 0.0 0.0 0.0
1.54474613056 30.7838043621 5.90403650334 0.532291229976 -0.526684479238 -0.662774098634 0.824517949031 0.500034644253 0.26483109008 0.0 0.0 0.0 0.0 0.0 0.0
1.9943051203 30.6768141972 6.1781440032 0.318637030278 -0.023542653392 -0.947584395401 0.824517949031 0.500034644253 0.26483109008 0.0 0.0 0.0 0.0 0.0 0.0
2.51649743112 30.5644574837 6.23624961031 -0.0160727045498 0.48854342009 -0.872391537588 0.824517949031 0.500034644253 0.26483109008 0.0 0.0 0.0 0.0 0.0 0.0
3.03502596843 30.5634642582 6.09549353897 -0.344676150198 0.815023680269 -0.465762549037 0.824517949031 0.500034644253 0.26483109008 0.0 0.0 0.0 0.0 0.0 0.0
3.47498556645 30.7482557063 5.84856687993 -0.542331363708 0.831862817845 0.117817419027 0.824517949031 0.500034644253 0.26483109008 0.0 0.0 0.0 0.0 0.0 0.0
3.79132071306 31.1226703098 5.62849670526 -0.533945824849 0.532663362917 0.656636579801 0.824517949031 0.500034644253 0.26483109008 0.0 0.0 0.0 0.0 0.0 0.0
3.98594289209 31.6185055437 5.55810685962 -0.322705340031 0.0310961907601 0.945988525531 0.824517949031 0.500034644253 0.26483109008 0.0 0.0 0.0 0.0 0.0 0.0
4.1070043787 32.1214291553 5.70335512814 0.01113629881 -0.482284944167 0.875943614326 0.824517949031 0.500034644253 0.26483109008 0.0 0.0 0.0 0.0 0.0 0.0
4.23060438498 32.5144158986 6.04827477111 0.340747071544 -0.81243796543 0.473113079043 0.824517949031 0.500034644253 0.26483109008 0.0 0.0 0.0 0.0 0.0 0.0
4.43187769694 32.7222073822 6.50104055533 0.540902334811 -0.833932220389 -0.109461024998 0.824517949031 0.500034644253 0.26483109008 0.0 0.0 0.0 0.0 0.0 0.0
4.75644971314 32.7399039899 6.92885469546 0.535559757679 -0.538601682218 -0.650449055551 0.824517949031 0.500034644253 0.26483109008 0.0 0.0 0.0 0.0 0.0 0.0
5.20310259296 32.6348263272 7.20839895291 0.326749074523 -0.0386473600329 -0.944320614972 0.824517949031 0.500034644253 0.26483109008 0.0 0.0 0.0 0.0 0.0 0.0
5.72423793459 32.5209389976 7.27268529646 -0.00619904499788 0.475989740378 -0.879428984567 0.824517949031 0.500034644253 0.26483109008 0.0 0.0 0.0 0.0 0.0 0.0
6.24396020372 32.5155535443 7.13650577531 -0.336792043681 0.809790380295 -0.480427579656 0.824517949031 0.500034644253 0.26483109008 0.0 0.0 0.0 0.0 0.0 0.0
6.6869107159 32.6947598336 6.89081277226 -0.539432114107 0.835938115765 0.101096295087 0.824517949031 0.500034644253 0.26483109008 0.0 0.0 0.0 0.0 0.0 0.0
7.00689766069 33.0645182427 6.66816467286 -0.53713290556 0.544498984916 0.644211997086 0.824517949031 0.500034644253 0.26483109008 0.0 0.0 0.0 0.0 0.0 0.0
7.20444514276 33.5583952126 6.59236471846 -0.330767925807 0.0461955861595 0.942580790742 0.824517949031 0.500034644253 0.26483109008 0.0 0.0 0.0 0.0 0.0 0.0
7.32659406573 34.0628024677 6.73142608497 0.00126131910448 -0.469658288128 0.882847382885 0.824517949031 0.500034644253 0.26483109008 0.0 0.0 0.0 0.0 0.0 0.0
7.44903050643 34.4601511014 7.07173254019 0.3328113678 -0.807081126488 0.487705493848 0.824517949031 0.500034644253 0.26483109008 0.0 0.0 0.0 0.0 0.0 0.0
7.6473313089 34.6735255668 7.52321147808 0.53792081356 -0.837880351218 -0.0927238663021 0.824517949031 0.500034644253 0.26483109008 0.0 0.0 0.0 0.0 0.0 0.0
7.96825117774 34.6959051798 7.95355400773 0.538665148691 -0.550354821908 -0.637925879384 0.824517949031 0.500034644253 0.26483109008 0.0 0.0 0.0 0.0 0.0 0.0
8.41195978417 34.5928313939 8.23848131309 0.334761587834 -0.0537402943134 -0.940769185336 0.824517949031 0.500034644253 0.26483109008 0.0 0.0 0.0 0.0 0.0 0.0
27.709288375 4.29305749655 7.08181819052 0.137828889555 0.770922102322 -0.621837848121 0.670287724822 0.389617570145 0.631595214506 0.0 0.0 0.0 0.0 0.0 0.0
28.2427966786 4.35551124194 7.09420858143 -0.315929520814 0.919929954243 -0.232201242816 0.670287724822 0.389617570145 0.631595214506 0.0 0.0 0.0 0.0 0.0 0.0
28.704288838 4.62766304935 7.05366869173 -0.649661024166 0.719441036138 0.245652496833 0.670287724822 0.389617570145 0.631595214506 0.0 0.0 0.0 0.0 0.0 0.0
29.0176907465 5.06381146359 7.06912529642 -0.736575442684 0.245624439992 0.630178745844 0.670287724822 0.389617570145 0.631595214506 0.0 0.0 0.0 0.0 0.0 0.0
29.1631902596 5.55594997665 7.22823116605 -0.543652535642 -0.321508987529 0.775289553282 0.670287724822 0.389617570145 0.631595214506 0.0 0.0 0.0 0.0 0.0 0.0
29.1847641602 5.97480050589 7.56406431374 -0.144186940923 -0.766495775344 0.625854897279 0.670287724822 0.389617570145 0.631595214506 0.0 0.0 0.0 0.0 0.0 0.0
29.173470643 6.21892829902 8.04256110496 0.310057683329 -0.92027800298 0.238647502063 0.670287724822 0.389617570145 0.631595214506 0.0 0.0 0.0 0.0 0.0 0.0
29.2328547845 6.25327869241 8.57545760179 0.646506209796 -0.724431231056 -0.23922606916 0.670287724822 0.389617570145 0.631595214506 0.0 0.0 0.0 0.0 0.0 0.0
29.4396100369 6.12249496389 9.05382250862 0.737336218155 -0.25336092261 -0.626213657062 0.670287724822 0.389617570145 0.631595214506 0.0 0.0 0.0 0.0 0.0 0.0
29.8144411034 5.93395760509 9.38944199263 0.548039869632 0.313965436304 -0.775292206913 0.670287724822 0.389617570145 0.631595214506 0.0 0.0 0.0 0.0 0.0 0.0
30.3141978754 5.81698867738 9.54833359367 0.150534011898 0.762011076744 -0.629824285163 0.670287724822 0.389617570145 0.631595214506 0.0 0.0 0.0 0.0 0.0 0.0
30.8482688802 5.87372019858 9.56365672909 -0.30416223375 0.920555968983 -0.245075587379 0.670287724822 0.389617570145 0.631595214506 0.0 0.0 0.0 0.0 0.0 0.0
31.3130060942 6.14029248188 9.52311487666 -0.643302161476 0.729366257731 0.232781423496 0.670287724822 0.389617570145 0.631595214506 0.0 0.0 0.0 0.0 0.0 0.0
31.6311025603 6.57312382658 9.53563555704 -0.738040842618 0.261078110812 0.622200879686 0.670287724822 0.389617570145 0.631595214506 0.0 0.0 0.0 0.0 0.0 0.0
31.7809625931 7.06546793486 9.68998694752 -0.552385468265 -0.306397975397 0.77523581904 0.670287724822 0.389617570145 0.631595214506 0.0 0.0 0.0 0.0 0.0 0.0
31.804906341 7.487968615 10.0210533673 -0.156869619125 -0.757468348052 0.633745709489 0.670287724822 0.389617570145 0.631595214506 0.0 0.0 0.0 0.0 0.0 0.0
31.7930916543 7.73780436137 10.4965821416 0.29824362104 -0.920763831086 0.251485009239 0.670287724822 0.389617570145 0.631595214506 0.0 0.0 0.0 0.0 0.0 0.0
31.8492616103 7.77775196347 11.0294369316 0.640049123205 -0.734245740341 -0.226319050625 0.670287724822 0.389617570145 0.631595214506 0.0 0.0 0.0 0.0 0.0 0.0
32.0513307842 7.65032822596 11.5107022869 0.738689262413 -0.268775416906 -0.618140719304 0.670287724822 0.389617570145 0.631595214506 0.0 0.0 0.0 0.0 0.0 0.0
32.4217841987 7.46163712371 11.8510624458 0.556689000605 0.298807181097 -0.775120393958 0.670287724822 0.389617570145 0.631595214506 0.0 0.0 0.0 0.0 0.0 0.0
32.9191348883 7.34105912779 12.0147338865 0.163193280123 0.752867935212 -0.637618871625 0.670287724822 0.389617570145 0.631595214506 0.0 0.0 0.0 0.0 0.0 0.0
33.4536854914 7.39209740139 12.0330600853 -0.292302295923 0.920901573459 -0.257875279543 0.670287724822 0.389617570145 0.631595214506 0.0 0.0 0.0 0.0 0.0 0.0
33.9216057768 7.65305521763 11.9926036061 -0.636747342715 0.739069307295 0.219839442682 0.670287724822 0.389617570145 0.631595214506 0.0 0.0 0.0 0.0 0.0 0.0
34.2443794855 8.08248390573 12.0022595347 -0.739281428162 0.276452254711 0.614033485113 0.670287724822 0.389617570145 0.631595214506 0.0 0.0 0.0 0.0 0.0 0.0
34.3986339693 8.57492989399 12.1518844156 -0.560950138923 -0.291193631473 0.774945940457 0.670287724822 0.389617570145 0.631595214506 0.0 0.0 0.0 0.0 0.0 0.0
34.4250198513 9.00099828479 12.478158248 -0.169504513322 -0.748210188563 0.641443476616 0.670287724822 0.389617570145 0.631595214506 0.0 0.0 0.0 0.0 0.0 0.0
34.4127671742 9.25651213957 12.9506491411 0.286338710855 -0.920969185611 0.264245911646 0.670287724822 0.389617570145 0.631595214506 0.0 0.0 0.0 0.0 0.0 0.0
24.1955169493 2.43798218283 7.90395858973 0.34864284953 0.762430314362 -0.545112996739 0.557364361523 0.298933423379 0.774586197199 0.0 0.0 0.0 0.0 0.0 0.0
24.7175996006 2.439488739 8.03089376095 -0.159428361023 0.95410796172 -0.253496735844 0.557364361523 0.298933423379 0.774586197199 0.0 0.0 0.0 0.0 0.0 0.0
25.2033405519 2.65848423508 8.10004434327 -0.606930071724 0.783304042587 0.134427173237 0.557364361523 0.298933423379 0.774586197199 0.0 0.0 0.0 0.0 0.0 0.0
25.5507317742 3.0560339123 8.19983760395 -0.823848900847 0.314909821529 0.471279951704 0.557364361523 0.298933423379 0.774586197199 0.0 0.0 0.0 0.0 0.0 0.0
25.7103266137 3.52536729325 8.40705914446 -0.727773758519 -0.273123905738 0.629085597137 0.557364361523 0.298933423379 0.774586197199 0.0 0.0 0.0 0.0 0.0 0.0
25.7040254021 3.93244207129 8.75768076662 -0.355205197602 -0.757393294828 0.547891106468 0.557364361523 0.298933423379 0.774586197199 0.0 0.0 0.0 0.0 0.0 0.0
25.6167551545 4.16686902395 9.23319418375 0.152311756599 -0.953916308272 0.258543624201 0.557364361523 0.298933423379 0.774586197199 0.0 0.0 0.0 0.0 0.0 0.0
25.5642043765 4.18385072412 9.76764262815 0.601962927951 -0.788030567573 -0.129028903519 0.557364361523 0.298933423379 0.774586197199 0.0 0.0 0.0 0.0 0.0 0.0
25.648871067 4.02120083162 10.2726789299 0.822918318691 -0.322758839085 -0.467581193544 0.557364361523 0.298933423379 0.774586197199 0.0 0.0 0.0 0.0 0.0 0.0
25.9211220141 3.78497805159 10.6711300839 0.731233281699 0.265134368612 -0.628491570601 0.557364361523 0.298933423379 0.774586197199 0.0 0.0 0.0 0.0 0.0 0.0
26.3600576107 3.60919265923 10.9263165646 0.361740495422 0.752298596862 -0.550627492167 0.557364361523 0.298933423379 0.774586197199 0.0 0.0 0.0 0.0 0.0 0.0
26.8814519647 3.6048937557 11.0559874912 -0.145183553045 0.953652010403 -0.263570823459 0.557364361523 0.298933423379 0.774586197199 0.0 0.0 0.0 0.0 0.0 0.0
27.3697517232 3.81797985794 11.1255774402 -0.59694994237 0.792697080981 0.12362080775 0.557364361523 0.298933423379 0.774586197199 0.0 0.0 0.0 0.0 0.0 0.0
27.7219767236 4.21176128474 11.2233467563 -0.821925068119 0.330583277305 0.463846827266 0.557364361523 0.298933423379 0.774586197199 0.0 0.0 0.0 0.0 0.0 0.0
27.8868438788 4.68089917999 11.4268499712 -0.734637118634 -0.257124640477 0.627849681998 0.557364361523 0.298933423379 0.774586197199 0.0 0.0 0.0 0.0 0.0 0.0
27.8842504797 5.09142550537 11.7734715409 -0.368248245303 -0.747146608446 0.553321945452 0.557364361523 0.298933423379 0.774586197199 0.0 0.0 0.0 0.0 0.0 0.0
27.7977148815 5.33163973783 12.2462228655 0.138044293201 -0.953315088242 0.268577950779 0.557364361523 0.298933423379 0.774586197199 0.0 0.0 0.0 0.0 0.0 0.0
27.7426464842 5.35454576594 12.7801965424 0.591891496741 -0.797303227436 -0.118203297779 0.557364361523 0.298933423379 0.774586197199 0.0 0.0 0.0 0.0 0.0 0.0
27.8224997723 5.19570649827 13.2872257738 0.82086922477 -0.338382540329 -0.460077137256 0.557364361523 0.298933423379 0.774586197199 0.0 0.0 0.0 0.0 0.0 0.0
28.089470226 4.95973291988 13.6893804073 0.737985010108 0.249095331304 -0.627159980211 0.557364361523 0.298933423379 0.774586197199 0.0 0.0 0.0 0.0 0.0 0.0
28.524664386 4.7805406301 13.9485739037 0.374727951655 0.741937721923 -0.555974261128 0.557364361523 0.298933423379 0.774586197199 0.0 0.0 0.0 0.0 0.0 0.0
29.0452777943 4.77047306737 14.0810330497 -0.13089452075 0.952905567446 -0.273564624848 0.557364361523 0.298933423379 0.774586197199 0.0 0.0 0.0 0.0 0.0 0.0
29.5360537925 4.97762035873 14.1511331308 -0.586787976282 0.801848656165 0.112776786168 0.557364361523 0.298933423379 0.774586197199 0.0 0.0 0.0 0.0 0.0 0.0
29.8930714531 5.36754907649 14.2469406839 -0.819750869052 0.346156034212 0.456272410591 0.557364361523 0.298933423379 0.774586197199 0.0 0.0 0.0 0.0 0.0 0.0
30.0632268772 5.83638407315 14.4467555474 -0.741276701166 -0.241047052559 0.626422517763 0.557364361523 0.298933423379 0.774586197199 0.0 0.0 0.0 0.0 0.0 0.0
30.064408254 6.25027238658 14.7893634435 -0.381179121022 -0.73667233397 0.558584237211 0.557364361523 0.298933423379 0.774586197199 0.0 0.0 0.0 0.0 0.0 0.0
29.9786998382 6.49623621831 15.259300634 0.123734780174 -0.952423479202 0.278530465912 0.557364361523 0.298933423379 0.774586197199 0.0 0.0 0.0 0.0 0.0 0.0
13.3814807356 0.887240556333 11.8291149006 0.900830675909 -0.420292649572 0.108895280232 0.352212143579 0.854078662998 0.382748276712 0.0 0.0 0.0 0.0 0.0 0.0
13.5321142261 1.06441406932 12.3134744777 0.878573542906 -0.16076827423 -0.449735579766 0.352212143579 0.854078662998 0.382748276712 0.0 0.0 0.0 0.0 0.0 0.0
13.8830185833 1.20494044915 12.6953168153 0.522531631986 0.159834656394 -0.837504373833 0.352212143579 0.854078662998 0.382748276712 0.0 0.0 0.0 0.0 0.0 0.0
14.3530340425 1.38190114392 12.8862500045 -0.0320287821877 0.419713728761 -0.907091253955 0.352212143579 0.854078662998 0.382748276712 0.0 0.0 0.0 0.0 0.0 0.0
14.8157485398 1.65453559637 12.8704117138 -0.574420926516 0.520136538333 -0.632059000942 0.352212143579 0.854078662998 0.382748276712 0.0 0.0 0.0 0.0 0.0 0.0
15.1475237688 2.04573518911 12.7104955539 -0.898580957055 0.422950780773 -0.116896966008 0.352212143579 0.854078662998 0.382748276712 0.0 0.0 0.0 0.0 0.0 0.0
15.2744674404 2.53334642562 12.523932727 -0.881355058536 0.165078950237 0.442676180725 0.352212143579 0.854078662998 0.382748276712 0.0 0.0 0.0 0.0 0.0 0.0
15.2005061987 3.05858741404 12.4382779494 -0.529287637809 -0.155509133467 0.834069245249 0.352212143579 0.854078662998 0.382748276712 0.0 0.0 0.0 0.0 0.0 0.0
15.0058938232 3.54838009059 12.5427492826 0.0238650057393 -0.417016697392 0.90858545861 0.352212143579 0.854078662998 0.382748276712 0.0 0.0 0.0 0.0 0.0 0.0
14.8167214766 3.94311379785 12.8543326995 0.567950934606 -0.520092645831 0.637914865506 0.352212143579 0.854078662998 0.382748276712 0.0 0.0 0.0 0.0 0.0 0.0
14.7570135634 4.21929237013 13.3113288302 0.896262807782 -0.425576702633 0.124889749628 0.352212143579 0.854078662998 0.382748276712 0.0 0.0 0.0 0.0 0.0 0.0
14.9016087854 4.39846071965 13.7967935832 0.884069455567 -0.169377054842 -0.435583070179 0.352212143579 0.854078662998 0.382748276712 0.0 0.0 0.0 0.0 0.0 0.0
15.2477276677 4.53901956419 14.1829671617 0.536003336329 0.151171767917 -0.830570599064 0.352212143579 0.854078662998 0.382748276712 0.0 0.0 0.0 0.0 0.0 0.0
15.7160285273 4.71403801799 14.3798121459 -0.0156994118783 0.414287908587 -0.910010470965 0.352212143579 0.854078662998 0.382748276712 0.0 0.0 0.0 0.0 0.0 0.0
16.1807507055 4.98349341358 14.3692202147 -0.561437691033 0.520009146261 -0.643722150382 0.352212143579 0.854078662998 0.382748276712 0.0 0.0 0.0 0.0 0.0 0.0
16.5174931443 5.37148491042 14.2118917991 -0.893876404627 0.428170215181 -0.132873022409 0.352212143579 0.854078662998 0.382748276712 0.0 0.0 0.0 0.0 0.0 0.0
16.6504764286 5.85707782129 14.0242749738 -0.886716527286 0.173662260729 0.428456788295 0.352212143579 0.854078662998 0.382748276712 0.0 0.0 0.0 0.0 0.0 0.0
16.5813326526 6.38225704996 13.9343248868 -0.54267821612 -0.146822890051 0.827008701711 0.352212143579 0.854078662998 0.382748276712 0.0 0.0 0.0 0.0 0.0 0.0
16.3884853602 6.87396799621 14.0328914595 0.00753262244627 -0.411527570154 0.911366182499 0.352212143579 0.854078662998 0.382748276712 0.0 0.0 0.0 0.0 0.0 0.0
16.1973551292 7.2718712199 14.3392039821 0.554881691806 -0.51988604598 0.649480413325 0.352212143579 0.854078662998 0.382748276712 0.0 0.0 0.0 0.0 0.0 0.0
16.1327101974 7.55126640306 14.7935655854 0.891421929322 -0.430731120908 0.140846176396 0.352212143579 0.854078662998 0.382748276712 0.0 0.0 0.0 0.0 0.0 0.0
16.2712649224 7.73247641365 15.280033079 0.889296072108 -0.177934241562 -0.421297877769 0.352212143579 0.854078662998 0.382748276712 0.0 0.0 0.0 0.0 0.0 0.0
16.6125347151 7.87312630827 15.6704657082 0.549311768863 0.142462831055 -0.823383824444 0.352212143579 0.854078662998 0.382748276712 0.0 0.0 0.0 0.0 0.0 0.0
17.0790201427 8.04625060972 15.8732079686 0.000634740624105 0.408735892303 -0.91265248997 0.352212143579 0.854078662998 0.382748276712 0.0 0.0 0.0 0.0 0.0 0.0
17.5456502595 8.31254627068 15.8679110653 -0.54828343619 0.519723354365 -0.65518921582 0.352212143579 0.854078662998 0.382748276712 0.0 0.0 0.0 0.0 0.0 0.0
17.8872991497 8.69731288662 15.7132637595 -0.888899568786 0.433259224793 -0.148808604401 0.352212143579 0.854078662998 0.382748276712 0.0 0.0 0.0 0.0 0.0 0.0
18.0263233553 9.18084095648 15.5246955277 -0.891807893592 0.182192672014 0.414106883778 0.352212143579 0.854078662998 0.382748276712 0.0 0.0 0.0 0.0 0.0 0.0
