t = 0
b =  30.0 30.0 30.0
E = 0. 0. 0.
22.147639893 26.7869198183 5.21567926897 -0.118135859628 0.990554642363 -0.0696090451186 0.689520584805 0.132274034375 0.712084926789 0.0 0.0 0.0 0.0 0.0 0.0
22.6543260936 26.9640837404 5.23949398878 -0.514697007717 0.781207280993 0.353273512126 0.689520584805 0.132274034375 0.712084926789 0.0 0.0 0.0 0.0 0.0 0.0
23.0436870952 27.3193238868 5.3438374168 -0.7157161573 0.275066212485 0.641941555696 0.689520584805 0.132274034375 0.712084926789 0.0 0.0 0.0 0.0 0.0 0.0
23.2699005762 27.737265385 5.59451144264 -0.644822772588 -0.335577109009 0.686725269566 0.689520584805 0.132274034375 0.712084926789 0.0 0.0 0.0 0.0 0.0 0.0
23.3491266858 28.0787120707 6.00172451528 -0.328950435709 -0.81872907624 0.470610572094 0.689520584805 0.132274034375 0.712084926789 0.0 0.0 0.0 0.0 0.0 0.0
23.3533685333 28.2335294376 6.51621328265 0.111895671455 -0.990832178987 0.0757030500946 0.689520584805 0.132274034375 0.712084926789 0.0 0.0 0.0 0.0 0.0 0.0
23.3831170027 28.1624865782 7.04795856266 0.510230742237 -0.786501571107 -0.347965326324 0.689520584805 0.132274034375 0.712084926789 0.0 0.0 0.0 0.0 0.0 0.0
23.5291725858 27.9121606609 7.50038513558 0.71472062344 -0.283365866758 -0.639435857602 0.689520584805 0.132274034375 0.712084926789 0.0 0.0 0.0 0.0 0.0 0.0
23.8381487575 27.5972414853 7.80705228465 0.647676190306 0.327425267997 -0.687974015779 0.689520584805 0.132274034375 0.712084926789 0.0 0.0 0.0 0.0 0.0 0.0
24.2947627371 27.3569589099 7.95689573517 0.334568743907 0.813822069181 -0.47513934305 0.689520584805 0.132274034375 0.712084926789 0.0 0.0 0.0 0.0 0.0 0.0
24.8276416724 27.3021871008 7.9984311575 -0.105646961993 0.991034259904 -0.0817912899901 0.689520584805 0.132274034375 0.712084926789 0.0 0.0 0.0 0.0 0.0 0.0
25.3364383795 27.4733215824 8.0213222527 -0.50572562071 0.79173596608 0.342630641615 0.689520584805 0.132274034375 0.712084926789 0.0 0.0 0.0 0.0 0.0 0.0
25.7299549154 27.8249323023 8.12231601343 -0.713670660837 0.291643941623 0.636881463991 0.689520584805 0.132274034375 0.712084926789 0.0 0.0 0.0 0.0 0.0 0.0
25.9607902016 28.243023268 8.36848692392 -0.650480284975 -0.319248492284 0.689170370107 0.689520584805 0.132274034375 0.712084926789 0.0 0.0 0.0 0.0 0.0 0.0
26.0433484865 28.5883415297 8.77175424196 -0.340161573401 -0.808853086421 0.479631930305 0.689520584805 0.132274034375 0.712084926789 0.0 0.0 0.0 0.0 0.0 0.0
26.04836693 28.749281705 9.28435367361 0.0993902071067 -0.991160869725 0.0878733011623 0.689520584805 0.132274034375 0.712084926789 0.0 0.0 0.0 0.0 0.0 0.0
26.0760413743 28.6842867289 9.81698382702 0.501181986219 -0.796910067294 -0.337269864255 0.689520584805 0.132274034375 0.712084926789 0.0 0.0 0.0 0.0 0.0 0.0
26.2179602682 28.4376360778 10.2727333043 0.71256634945 -0.299899806673 -0.634278569391 0.689520584805 0.132274034375 0.712084926789 0.0 0.0 0.0 0.0 0.0 0.0
26.5223086839 28.1226232563 10.5838989617 0.653234843052 0.311047404561 -0.690314241443 0.689520584805 0.132274034375 0.712084926789 0.0 0.0 0.0 0.0 0.0 0.0
26.9755620025 27.8785137006 10.737707466 0.345728498273 0.803822506367 -0.484087991732 0.689520584805 0.132274034375 0.712084926789 0.0 0.0 0.0 0.0 0.0 0.0
27.5076241433 27.8176355104 10.7811680974 -0.093125883271 0.991211998809 -0.0939486204424 0.689520584805 0.132274034375 0.712084926789 0.0 0.0 0.0 0.0 0.0 0.0
28.018458236 27.9827041265 10.8032131378 -0.496600184779 0.802023480722 0.33188340249 0.689520584805 0.132274034375 0.712084926789 0.0 0.0 0.0 0.0 0.0 0.0
28.4160923009 28.3305940204 10.9009110102 -0.711407773377 0.308132833191 0.631627372023 0.689520584805 0.132274034375 0.712084926789 0.0 0.0 0.0 0.0 0.0 0.0
28.6515609416 28.7487228032 11.142588362 -0.655939654766 -0.302822629375 0.691405542677 0.689520584805 0.132274034375 0.712084926789 0.0 0.0 0.0 0.0 0.0 0.0
28.7375081173 29.0978231581 11.541871629 -0.351269094583 -0.798730712117 0.488507187984 0.689520584805 0.132274034375 0.712084926789 0.0 0.0 0.0 0.0 0.0 0.0
7.1554557324 8.25520493625 11.1397083608 0.819366596737 0.21893345703 -0.529817441714 0.278560809369 0.655706220706 0.701750117643 0.0 0.0 0.0 0.0 0.0 0.0
7.53369372511 8.28150830879 11.5204041128 0.369924369537 0.601044383973 -0.708450145965 0.278560809369 0.655706220706 0.701750117643 0.0 0.0 0.0 0.0 0.0 0.0
7.99625598949 8.44481976757 11.7396086318 -0.220058310457 0.754808500519 -0.617930795109 0.278560809369 0.655706220706 0.701750117643 0.0 0.0 0.0 0.0 0.0 0.0
8.40865595508 8.7801898478 11.8179558065 -0.726437159129 0.621808247992 -0.292649203939 0.278560809369 0.655706220706 0.701750117643 0.0 0.0 0.0 0.0 0.0 0.0
8.65546454739 9.25730113772 11.829593586 -0.956830385666 0.252572645974 0.143814712641 0.278560809369 0.655706220706 0.701750117643 0.0 0.0 0.0 0.0 0.0 0.0
8.68416362318 9.79198637023 11.8740139338 -0.823707751338 -0.212619527039 0.525641015435 0.278560809369 0.655706220706 0.701750117643 0.0 0.0 0.0 0.0 0.0 0.0
8.52509849114 10.2782049749 12.0382541675 -0.377644770618 -0.597033986921 0.707767508216 0.278560809369 0.655706220706 0.701750117643 0.0 0.0 0.0 0.0 0.0 0.0
8.27994922175 10.6283296634 12.3638300271 0.211891772344 -0.754625253296 0.621001291384 0.278560809369 0.655706220706 0.701750117643 0.0 0.0 0.0 0.0 0.0 0.0
8.08310068853 10.8064375017 12.8309631505 0.720927088351 -0.625521769282 0.298306301368 0.278560809369 0.655706220706 0.701750117643 0.0 0.0 0.0 0.0 0.0 0.0
8.05058750779 10.841957633 13.3660952048 0.956070150235 -0.258772106952 -0.137720239954 0.278560809369 0.655706220706 0.701750117643 0.0 0.0 0.0 0.0 0.0 0.0
8.23601054787 10.8184906544 13.869833926 0.827986177404 0.206289405249 -0.521424559557 0.278560809369 0.655706220706 0.701750117643 0.0 0.0 0.0 0.0 0.0 0.0
8.61017306315 10.8420473522 14.2547139024 0.385336412587 0.59297812342 -0.707030971231 0.278560809369 0.655706220706 0.701750117643 0.0 0.0 0.0 0.0 0.0 0.0
9.0721730258 11.0007734319 14.4784261467 -0.203709097853 0.754384538438 -0.624024496007 0.278560809369 0.655706220706 0.701750117643 0.0 0.0 0.0 0.0 0.0 0.0
9.48773749319 11.3314614909 14.5598919875 -0.715362116185 0.629187654667 -0.303940681616 0.278560809369 0.655706220706 0.701750117643 0.0 0.0 0.0 0.0 0.0 0.0
9.74023514368 11.8055728955 14.5720745404 -0.955237106361 0.264951861432 0.131615279337 0.278560809369 0.655706220706 0.701750117643 0.0 0.0 0.0 0.0 0.0 0.0
9.77498646572 12.3400800853 14.6142588003 -0.832201549118 -0.199943573721 0.517168395181 0.278560809369 0.655706220706 0.701750117643 0.0 0.0 0.0 0.0 0.0 0.0
9.62003741845 12.8290101312 14.7743316122 -0.392998709697 -0.588877102339 0.7062405911 0.278560809369 0.655706220706 0.701750117643 0.0 0.0 0.0 0.0 0.0 0.0
9.37550430295 13.1837056231 15.0953919891 0.195510910126 -0.754086374278 0.627000178748 0.278560809369 0.655706220706 0.701750117643 0.0 0.0 0.0 0.0 0.0 0.0
9.17553790555 13.3665071022 15.5593770764 0.709742666424 -0.632805624977 0.309551915606 0.278560809369 0.655706220706 0.701750117643 0.0 0.0 0.0 0.0 0.0 0.0
9.13735737131 13.4050605192 16.0939245326 0.954331317483 -0.271111438802 -0.125500295708 0.278560809369 0.655706220706 0.701750117643 0.0 0.0 0.0 0.0 0.0 0.0
9.31671669091 13.3818140752 16.5998641925 0.836353545461 0.193582515716 -0.512872846429 0.278560809369 0.655706220706 0.701750117643 0.0 0.0 0.0 0.0 0.0 0.0
9.68672282751 13.4026947718 16.9888944709 0.400631078433 0.584731235986 -0.705396428014 0.278560809369 0.655706220706 0.701750117643 0.0 0.0 0.0 0.0 0.0 0.0
10.148052831 13.556864972 17.2171296113 -0.187297833486 0.75373078352 -0.629928112998 0.278560809369 0.655706220706 0.701750117643 0.0 0.0 0.0 0.0 0.0 0.0
10.5666882876 13.882848128 17.3017726186 -0.704069167011 0.636375404688 -0.315139576018 0.278560809369 0.655706220706 0.701750117643 0.0 0.0 0.0 0.0 0.0 0.0
10.8248311553 14.3538930775 17.3145795495 -0.95335285258 0.277250369986 0.119375754745 0.278560809369 0.655706220706 0.701750117643 0.0 0.0 0.0 0.0 0.0 0.0
10.8656572103 14.8881372576 17.3545981876 -0.840441850244 -0.187206715653 0.508538240424 0.278560809369 0.655706220706 0.701750117643 0.0 0.0 0.0 0.0 0.0 0.0
10.714904519 15.379707661 17.5105381335 -0.408232937562 -0.580540840086 0.704498546259 0.278560809369 0.655706220706 0.701750117643 0.0 0.0 0.0 0.0 0.0 0.0
10.3384392856 0.145204932283 6.75755004474 -0.119950209638 -0.00977039544092 0.992731830144 0.858004547538 0.502027466139 0.108612244455 0.0 0.0 0.0 0.0 0.0 0.0
10.4834716347 0.644018662106 6.89479283244 0.195693045473 -0.515007180885 0.834548881487 0.858004547538 0.502027466139 0.108612244455 0.0 0.0 0.0 0.0 0.0 0.0
10.6731122197 1.02543648884 7.22227106393 0.436989240795 -0.82458412785 0.35930685984 0.858004547538 0.502027466139 0.108612244455 0.0 0.0 0.0 0.0 0.0 0.0
10.9623645158 1.21889033769 7.63165330542 0.512265917469 -0.820887778333 -0.252441845151 0.858004547538 0.502027466139 0.108612244455 0.0 0.0 0.0 0.0 0.0 0.0
11.368387844 1.22522279163 7.98349142037 0.392924207467 -0.505322437316 -0.768283672566 0.858004547538 0.502027466139 0.108612244455 0.0 0.0 0.0 0.0 0.0 0.0
11.8639782576 1.11636698009 8.16019924799 0.124304021706 0.00222334617815 -0.992241687755 0.858004547538 0.502027466139 0.108612244455 0.0 0.0 0.0 0.0 0.0 0.0
12.3879037769 1.00801798038 8.11072555166 -0.191541340154 0.508924443287 -0.83923049637 0.858004547538 0.502027466139 0.108612244455 0.0 0.0 0.0 0.0 0.0 0.0
12.8681674417 1.01567832354 7.86994923727 -0.434616944488 0.822276635628 -0.367381608228 0.858004547538 0.502027466139 0.108612244455 0.0 0.0 0.0 0.0 0.0 0.0
13.2493601603 1.21077665165 7.54542827373 -0.512574305204 0.823232186362 0.244041695173 0.858004547538 0.502027466139 0.108612244455 0.0 0.0 0.0 0.0 0.0 0.0
13.5137115499 1.59353078255 7.27653662229 -0.395796117587 0.511428065788 0.762749478418 0.858004547538 0.502027466139 0.108612244455 0.0 0.0 0.0 0.0 0.0 0.0
13.687841202 2.09286495714 7.18151373845 -0.128648367541 0.00532387240104 0.991675982321 0.858004547538 0.502027466139 0.108612244455 0.0 0.0 0.0 0.0 0.0 0.0
13.8326454547 2.59341270861 7.31254342598 0.18737504822 -0.502802949122 0.843848200602 0.858004547538 0.502027466139 0.108612244455 0.0 0.0 0.0 0.0 0.0 0.0
14.0201618555 2.97934651201 7.63592833739 0.432211550419 -0.819906523856 0.375428379085 0.858004547538 0.502027466139 0.108612244455 0.0 0.0 0.0 0.0 0.0 0.0
14.3062008929 3.17838259749 8.04489215963 0.512843658422 -0.825513902072 -0.235622960474 0.858004547538 0.502027466139 0.108612244455 0.0 0.0 0.0 0.0 0.0 0.0
14.7091426583 3.18924276303 8.40014572061 0.398637886301 -0.517494747034 -0.757157197944 0.858004547538 0.502027466139 0.108612244455 0.0 0.0 0.0 0.0 0.0 0.0
15.2029539425 3.08213998469 8.5828052745 0.132982916305 -0.0128706855467 -0.991034756921 0.858004547538 0.502027466139 0.108612244455 0.0 0.0 0.0 0.0 0.0 0.0
15.7270786866 2.97210333318 8.53955842436 -0.183194486951 0.496643164566 -0.848401642526 0.858004547538 0.502027466139 0.108612244455 0.0 0.0 0.0 0.0 0.0 0.0
16.2094442417 2.97527650666 8.30291839312 -0.429773241766 0.817473973029 -0.383446559617 0.858004547538 0.502027466139 0.108612244455 0.0 0.0 0.0 0.0 0.0 0.0
16.5938429727 3.16479289801 7.97887170654 -0.513073956609 0.827732751702 0.227186282176 0.858004547538 0.502027466139 0.108612244455 0.0 0.0 0.0 0.0 0.0 0.0
16.8612864793 3.54299099616 7.70661214014 -0.401449297197 0.523522019051 0.751507257017 0.858004547538 0.502027466139 0.108612244455 0.0 0.0 0.0 0.0 0.0 0.0
17.0372196058 4.04052595502 7.60565867662 -0.137307337905 0.0204165185399 0.990318060387 0.858004547538 0.502027466139 0.108612244455 0.0 0.0 0.0 0.0 0.0 0.0
17.1818535204 4.54271485992 7.73044824612 0.178999974713 -0.49044555871 0.85289047538 0.858004547538 0.502027466139 0.108612244455 0.0 0.0 0.0 0.0 0.0 0.0
17.3672904849 4.93310668429 8.04965422633 0.427302204217 -0.814979168394 0.391435539209 0.858004547538 0.502027466139 0.108612244455 0.0 0.0 0.0 0.0 0.0 0.0
17.6501310003 5.13772398158 8.45808795001 0.513265182228 -0.829888566279 -0.218732302762 0.858004547538 0.502027466139 0.108612244455 0.0 0.0 0.0 0.0 0.0 0.0
18.0499703301 5.15316815407 8.81666163839 0.404230136174 -0.529509422839 -0.745800085904 0.858004547538 0.502027466139 0.108612244455 0.0 0.0 0.0 0.0 0.0 0.0
18.5419539321 5.04791063696 9.00523017373 0.14162130302 -0.0279607967361 -0.989525947298 0.858004547538 0.502027466139 0.108612244455 0.0 0.0 0.0 0.0 0.0 0.0
19.0662201146 4.93627945536 8.96823623825 -0.174791830933 0.484210603526 -0.857314357323 0.858004547538 0.502027466139 0.108612244455 0.0 0.0 0.0 0.0 0.0 0.0
17.1003765774 25.8378824415 14.5842559211 0.824361331228 -0.431948037751 0.365854189889 0.217123038082 0.83815970045 0.50034578331 0.0 0.0 0.0 0.0 0.0 0.0
17.0950377804 25.9981668029 15.097057562 0.974303484969 -0.154616110114 -0.163788209805 0.217123038082 0.83815970045 0.50034578331 0.0 0.0 0.0 0.0 0.0 0.0
17.3117914934 26.123206417 15.5725236753 0.754091455284 0.181457062798 -0.631204730201 0.217123038082 0.83815970045 0.50034578331 0.0 0.0 0.0 0.0 0.0 0.0
17.7004403774 26.2896091744 15.9041066505 0.247387474 0.448591663753 -0.858816020414 0.217123038082 0.83815970045 0.50034578331 0.0 0.0 0.0 0.0 0.0 0.0
18.1454812439 26.5582684156 16.0399224868 -0.353303144754 0.545298791595 -0.760148745833 0.217123038082 0.83815970045 0.50034578331 0.0 0.0 0.0 0.0 0.0 0.0
18.5099866475 26.9512285334 16.0024623926 -0.819767991903 0.434837791601 -0.372688253701 0.217123038082 0.83815970045 0.50034578331 0.0 0.0 0.0 0.0 0.0 0.0
18.6876259114 27.4433099396 15.8800479992 -0.974789273138 0.159174644478 0.156362737028 0.217123038082 0.83815970045 0.50034578331 0.0 0.0 0.0 0.0 0.0 0.0
18.6430619299 27.971675211 15.7932764966 -0.7594718119 -0.176961611341 0.626008909714 0.217123038082 0.83815970045 0.50034578331 0.0 0.0 0.0 0.0 0.0 0.0
18.425376325 28.4597020775 15.8492037447 -0.25561831163 -0.445867192371 0.857823831289 0.217123038082 0.83815970045 0.50034578331 0.0 0.0 0.0 0.0 0.0 0.0
18.1494225179 28.8460935035 16.1006719622 0.345348858939 -0.545380372517 0.763737137307 0.217123038082 0.83815970045 0.50034578331 0.0 0.0 0.0 0.0 0.0 0.0
17.9521909941 29.1081654564 16.5262340841 0.815112224072 -0.437694430871 0.379493935859 0.217123038082 0.83815970045 0.50034578331 0.0 0.0 0.0 0.0 0.0 0.0
17.9407643274 29.2704649501 17.0383018607 0.97520082733 -0.163721057076 -0.148925356622 0.217123038082 0.83815970045 0.50034578331 0.0 0.0 0.0 0.0 0.0 0.0
18.1516347199 29.3954442236 17.5164220975 0.764794331797 0.172452683573 -0.620765416224 0.217123038082 0.83815970045 0.50034578331 0.0 0.0 0.0 0.0 0.0 0.0
18.5368400045 29.5597340917 17.8530388381 0.263829682936 0.443108766476 -0.856766315557 0.217123038082 0.83815970045 0.50034578331 0.0 0.0 0.0 0.0 0.0 0.0
18.9821852735 29.8250306172 17.9943556702 -0.33736827347 0.545420420612 -0.767267367242 0.217123038082 0.83815970045 0.50034578331 0.0 0.0 0.0 0.0 0.0 0.0
19.3506274341 30.2146557446 17.9607738818 -0.810394382288 0.440517738015 -0.386270718085 0.217123038082 0.83815970045 0.50034578331 0.0 0.0 0.0 0.0 0.0 0.0
19.5343401697 30.7046969043 17.839141671 -0.975538116203 0.168255001681 0.141476634974 0.217123038082 0.83815970045 0.50034578331 0.0 0.0 0.0 0.0 0.0 0.0
19.495678961 31.233091797 17.7497590636 -0.770058609645 -0.167930622864 0.615474649044 0.217123038082 0.83815970045 0.50034578331 0.0 0.0 0.0 0.0 0.0 0.0
19.281482868 31.7232068988 17.8006739218 -0.272020962589 -0.440316596134 0.855643553754 0.217123038082 0.83815970045 0.50034578331 0.0 0.0 0.0 0.0 0.0 0.0
19.005279588 32.1129518187 18.046632755 0.329361996102 -0.545418932831 0.770739166796 0.217123038082 0.83815970045 0.50034578331 0.0 0.0 0.0 0.0 0.0 0.0
18.8041543854 32.3783684758 18.4682816056 0.805614825835 -0.443307498027 0.3930180843 0.217123038082 0.83815970045 0.50034578331 0.0 0.0 0.0 0.0 0.0 0.0
18.7866691077 32.5427331747 18.9795189408 0.975801114072 -0.172776133017 -0.134017139333 0.217123038082 0.83815970045 0.50034578331 0.0 0.0 0.0 0.0 0.0 0.0
18.9916177246 32.6677135486 19.4602070649 0.775264244548 0.163395773589 -0.610137011087 0.217123038082 0.83815970045 0.50034578331 0.0 0.0 0.0 0.0 0.0 0.0
19.3732878505 32.8299399943 19.8018144382 0.280191526794 0.437490893977 -0.854455631382 0.217123038082 0.83815970045 0.50034578331 0.0 0.0 0.0 0.0 0.0 0.0
19.8188276438 33.091892503 19.9486486233 -0.321330636542 0.545375909286 -0.774152271578 0.217123038082 0.83815970045 0.50034578331 0.0 0.0 0.0 0.0 0.0 0.0
20.1911201083 33.4781634674 19.9190147739 -0.800773918694 0.446063498457 -0.399735520667 0.217123038082 0.83815970045 0.50034578331 0.0 0.0 0.0 0.0 0.0 0.0
20.3808761329 33.9661146203 19.7982611999 -0.975989800908 0.177284106781 0.126547437768 0.217123038082 0.83815970045 0.50034578331 0.0 0.0 0.0 0.0 0.0 0.0
