t = 100
b = 30 30 30
E = -0.395160531544053 -0.675248681027639 0.280088149483586
22.3056497198607 27.1665731788903 5.04514637491281 0.23310430511878 0.972307777833759 -0.0167288468478681 0.630299726898527 -0.137965402744129 0.763994557335426 0.270689875197739 0.612599492575103 -0.148387316899961 -0.0136295201351089 -0.303520011676723 -0.617997832797743
22.7584534881265 27.1512193233797 5.29311465817386 -0.39379403957489 0.903975016006138 0.166599258878038 0.731385745147882 0.198360521684738 0.65247825799986 0.0183511334098603 0.0625595569090422 0.18707552844505 -0.118581786885377 -0.0870893282235418 -0.487661371025501
23.1064591827274 27.4075506909059 5.47021755567827 -0.727602681151661 0.337553611649002 0.597203297909706 0.682216375855521 0.264759417467317 0.681530006903027 -0.000990917340138655 0.196283244982822 -0.0870123821270958 0.371186094565776 0.25856827765262 -0.252257675453938
23.286631546575 27.6961712639438 5.79292606717196 -0.741081092677826 -0.297148506013813 0.602080941903028 0.500195651964112 0.353851332550684 0.790312238536134 0.163401690550322 -0.146747062000972 0.198317130465437 0.51394937530013 0.467322499198734 -0.107379218530872
23.2272466700271 27.9675936709659 6.18983439229051 -0.292030736513214 -0.81124231657318 0.506560789564223 0.532102884140028 0.302296643633209 0.790874925294516 0.0225190717093665 0.220392969035174 0.584006007714933 0.621394211126426 -0.0624135480372211 0.129550856410428
23.3649379011135 28.1077167210273 6.63037714402102 0.000936659197543229 -0.996699476838616 0.0811736235408251 0.591683187005397 0.0659921740419462 0.803464947687973 -0.306204233874233 0.0230000683741766 -0.167837396029521 0.467111451349029 0.2555461399593 -0.0800680017592943
23.358744051025 28.0202855398704 7.05745908507608 0.63668971599307 -0.641305813006568 -0.42819732061949 0.625166026780059 0.104200055145161 0.773504795828916 0.195263255470401 -0.443471930052252 0.429951563488732 0.246378052275829 -0.360159328021312 0.231121721718692
23.6249229162144 27.8407258279985 7.45734527679846 0.597547926113968 -0.19136002628515 -0.778664047377818 0.793942958259755 0.00530605122157855 0.607969001158164 0.221275466817799 -0.465139393761792 -0.310901996225237 0.197276400197366 -0.0367117150472334 -0.016581600601187
23.9904657668935 27.7654172251727 7.67847347096922 0.408317704908326 0.164627646785816 -0.897872079894842 0.863997139812956 0.247732003507036 0.438335120249719 -0.0670600100350718 0.440203182556013 -0.411419240255696 0.68674307343003 0.843523574586916 -0.0870576457104937
24.3249284006179 27.4225189386954 7.76083641304608 0.346423795804211 0.805205667952461 -0.481283977312093 0.782475081087158 0.0349553055902342 0.621699893830121 -0.136247949694995 0.113567593181419 -0.345505846126468 0.493706248739435 0.26732347541971 0.273784302205996
24.8107991183419 27.3783883707794 7.87249844303474 -0.145507889780621 0.986941948391063 -0.0690863624461128 0.834562956946863 0.159945233448002 0.527183156476758 -0.0814418135486475 -0.0478317066896327 -0.313620616432439 0.23498857177223 -0.477561198866115 -0.185464360788447
25.1700122283821 27.3731579042789 7.90372909183995 -0.447360935913668 0.734375567567857 0.510451369798018 0.742253642074491 -0.0135327166149834 0.669982296284739 0.237645268316415 -0.0615025339582192 -0.1175094240863 0.17125893916106 -0.836536307202479 0.386510627860775
25.0519579801618 25.8624154559681 8.20594375023533 -0.622493309960431 0.311252897207335 0.718069351685168 0.780554193427719 0.180211012840675 0.598547428140569 -3.03517066952559 -8.43822953010898 0.382403052723382 0.156974088306676 -0.155036919313226 0.0462190364090217
25.7132873596238 28.1310947791857 8.44262104260956 -0.511866916244682 -0.324845537602089 0.795278264315404 0.766179384728498 0.246068714901141 0.593649070816624 -0.344192756130804 -0.193045803177907 0.184128657208465 0.21254548328366 -0.46210460101486 -0.128395424064668
25.9652467052234 28.3736787214073 8.78754016929162 -0.283558985913825 -0.839508539448909 0.463486348179607 0.673820033196549 0.169469378797959 0.71919856329759 -0.510603067671102 -0.407248836639052 0.261771134919826 0.274166423838852 -0.273751564462525 -0.196497900856947
26.132755353079 28.5801492372466 9.2966790409349 -0.0478701465112084 -0.99515347021774 0.0858947138898998 0.52937356976567 0.0476468252765927 0.847049756336971 0.337247167308305 -0.657874814923908 -0.411427568919372 0.522672069826157 -0.0446318645593997 -0.364890844880256
26.1642706909397 28.567253846968 9.784680948441 0.415313748412213 -0.865942241917782 -0.278672579557394 0.549685292543364 -0.00519531574074737 0.835355597907434 -0.062911672310774 -0.378949499479043 -0.166666801917989 0.466262634342874 0.28074447110294 -0.120523246973412
26.3379983126052 28.4746536818 10.2580383479713 0.648649440697028 -0.404027715999769 -0.644992550230855 0.702264622839167 -0.00896110833580276 0.711859523294093 0.327408282031005 -0.0414375308267561 0.374070720926435 0.44631364014948 0.0936439286325782 -0.00766406347627895
26.641749634771 28.2368681363755 10.5461101424297 0.591470335634816 0.490477371749039 -0.639995839965502 0.748423480250417 -0.0385970092094815 0.662097009499886 0.417639711304509 -0.0800659504371017 -0.20217360212043 0.289987471328262 -0.104636638589665 0.489893897996772
25.3664139703459 26.0611346534061 10.8067572624538 0.492580578939668 0.822324997110902 -0.284861112139351 0.704419422178258 -0.184533215180676 0.685376287919216 -6.68735790887004 -7.00584036599759 0.350220559888207 0.42465952090663 -0.429447827300754 0.0644423396353102
27.2820341993696 27.7986627200118 10.8223840294898 -0.175909960113556 0.977405241287301 -0.117194544464356 0.594067574029808 0.200331660354712 0.779070488283703 -0.222321425660752 0.0755229148077511 -0.204504471844714 -0.00155008895989316 0.0498061547060629 -0.111569657517253
27.8263498609645 28.142257707968 10.8629928042715 -0.3893822112473 0.885050308956566 0.255082982066401 0.791982793322018 0.180319854770466 0.58330771378751 -0.902626305063599 0.143458657225187 0.341455316422458 0.537296419726805 0.00944778245366847 -0.37440348380812
28.3017995984039 28.3245892512079 11.0702026235527 -0.712762140748972 0.485541396383085 0.50618135972601 0.697146270610431 0.410994731725224 0.587426846100082 -0.336049152349261 -0.197700100881367 0.465888578344278 0.487253882173497 0.136278422375931 -0.336453539353774
28.5742287157052 28.7096114489888 11.2030539872349 -0.536786372362294 -0.314643008219316 0.782853785055488 0.684817765944398 0.379503617939167 0.622094460817206 -0.16298710119304 -0.117675105821982 0.25130044051333 0.367046820482855 -0.619253277079227 -0.117600187062919
28.7716349169909 28.9991307713795 11.5681525496925 -0.193653892695734 -0.880915612240333 0.431839945426154 0.721945074186519 0.170091050560231 0.670719185062989 -0.0254961529857187 -0.166065050179893 -0.017596307671731 0.171642266398335 0.0833571181783304 0.677031148704633
7.26933520413937 8.03927305373697 11.2795004225897 0.912546945228405 0.0083151902034889 -0.408887293759663 0.28658781637132 0.700255827401866 0.653841785754534 0.275550196256878 -0.320408376002398 0.0536380096477206 -0.148579980767523 0.0502077782486312 -0.591613140516711
7.62684491628357 8.25478080170268 11.6040919605959 0.341802036161816 0.42969812953385 -0.835781530407831 0.343982933019221 0.770423376201906 0.536771314425649 0.0924251926547485 -0.0873132744675174 0.0344272785640238 0.0206215085328514 0.40536459440346 -0.0945808278025629
8.00651196134106 8.54770902600052 11.7651737831531 -0.344456724934751 0.712246906681698 -0.6115993713332 0.304984109567587 0.701029768211004 0.644625347017346 0.351414319866438 0.00407319529493008 -0.109308414386064 0.523515778365606 0.227098428083606 0.00238861911439984
8.3274434052486 9.00134430539374 11.828260813627 -0.76089559027662 0.587088227431747 -0.276342531949643 0.311533585386418 0.704115514636533 0.638097209548097 -0.366703763679351 0.698511820925292 0.186295322806631 0.596269803662187 0.0839240067125959 0.278916672091116
8.72816021825716 9.45326793198784 11.7464254846748 -0.880805152246123 0.463509163447923 -0.0966510863630761 0.404763257366323 0.843030782013925 0.354211384118873 0.215727268875944 0.519364002863611 0.0830172302926857 0.83110463129593 0.155595023844536 -0.305985327447752
10.6578595597333 10.7151160480833 11.6555294791273 -0.70529386351959 -0.663824247356464 0.248792731160568 -0.0850628803431696 0.427658580893734 0.899929067286879 7.58681386759257 4.41895704871748 -0.412592585598863 -0.0477797311349642 1.00324504897022 0.910262401290135
8.51625363810891 9.87038589648305 11.7759899018954 -0.254596760962506 -0.623612681041658 0.739112708563653 0.0192732412198477 0.760874498689813 0.64861269620682 0.255067198260856 -1.75547010886957 -0.983940697757943 0.694728876549014 -0.138714870054049 0.234406105146896
8.24742599526361 10.1653256756182 12.2692314645684 0.462567585412269 -0.496580800066745 0.734464854827631 0.0748609279691578 0.847339213268007 0.525748972471256 0.404204535283204 -1.18586397266961 -0.588452103135032 0.438244855267235 -0.431045318722234 0.469578614485662
8.18952823210099 10.523095959901 12.6774146473029 0.794666638028805 -0.523230903251434 0.307789275181064 0.239326743326258 0.73599966179585 0.633266996531615 0.368006781340555 -0.475222413451936 -0.705722808315059 0.0714145165317184 -0.136283772119571 0.166971803486001
8.29004565118121 10.6870942541218 13.1830508454567 0.962937884038943 -0.220726871623078 -0.155016646217273 0.260836698126566 0.615745790046763 0.743519482030458 0.440716847139332 -0.215702041017243 0.0779791678027637 0.230997492771628 -0.167243518357796 -0.051937022335616
8.52620722660128 10.8656598763864 13.6776948616526 0.89549786672664 0.00865918140805864 -0.444981432746717 0.372516409310491 0.532528808602439 0.760029260476404 0.659278473912105 0.687709885487536 -0.477675058801729 0.450195971219049 0.468264268400896 0.013273708122333
8.82851529470068 10.8743292235304 14.0699264572493 0.389840925998877 0.676340706454324 -0.624969744941431 0.397519352451189 0.488580125450162 0.776703103190642 0.577013688670815 0.0447523174820636 -0.21023364625696 0.163978132482316 -0.180668466178569 0.054811671535136
9.1689566660182 11.1578200311659 14.4246622304442 -0.299092286288808 0.788370092993189 -0.537602346787029 0.213683068613754 0.604419977912954 0.767473724682886 0.128926791576477 0.305683057406844 -0.0446525680290931 0.182813441095708 -0.0628010313392007 0.287509509494258
9.32752837707385 11.617208882285 14.6883487168626 -0.692918996190973 0.495285859124263 -0.523980022957012 0.190490625599028 0.826657876867104 0.529480838986313 -0.600939988343293 0.330098562034784 0.253923068809026 0.374737553920683 0.541652163009377 -0.6632130046093
9.60629219816694 11.8885416203147 14.5606495679674 -0.864408788325381 0.437443434942571 0.247872081880383 0.496821763212983 0.667405946656753 0.554740769065751 -0.102116112419089 0.207581079301283 -0.0727057342580832 0.535103508515751 -0.123874182287742 0.319779361586733
9.77685447290947 12.3544174619517 14.7381199697126 -0.877811725041564 -0.0538047179313249 0.475974275698228 0.296018921242431 0.720279402717792 0.627351784687668 -0.00890109381100208 -0.435676235852135 0.155877276838554 -0.00551071331388803 -0.0275651967825588 -0.232926850552518
9.68274059340127 12.7456541616805 14.9988327095881 -0.429214688931824 -0.619017699281827 0.657717051344706 0.241634150707113 0.622963639706991 0.743995377422831 0.0614918862243232 0.128389082894303 0.286384700196179 0.26899247718548 0.150766188375493 -0.149205512364349
9.61857080968177 13.0806931774395 15.2873804557114 0.0206301915702718 -0.821052716473463 0.570479373149921 0.136925564130316 0.567544512041677 0.811877146408427 0.399669033124805 0.133718510122179 0.190051627445702 0.50064520278007 -0.0299497755820146 -0.557213378818134
9.40040570207483 13.271966831344 15.6394351992183 0.603339550797321 -0.691752072938987 0.396812725942886 0.214801243365669 0.620154223237008 0.754499202783879 0.803464476048722 0.081508282771649 -0.20392080739612 0.677951134294819 -0.180976449043231 -0.172393473008799
9.26361809460337 13.4072072623102 16.0672667417749 0.976969348550793 -0.200455339004857 -0.0731329602641193 0.173634085422743 0.547630248851377 0.818506077639843 0.128572517682783 -0.03940035178927 0.188762347215504 0.171797979975568 0.215396840651374 0.272825786447271
9.44172066982689 13.4719865664507 16.5072627826589 0.807298576881807 0.294480231285758 -0.511419869414761 0.347652649016921 0.462955295327876 0.815358765959943 -0.266999839337908 -0.510703783724432 -0.53735820246502 0.664197474152753 -0.0920249211649037 -0.281567032405996
9.70543485332283 13.5000985721732 16.8024028437451 0.536097485496621 0.587545959374086 -0.606126318826426 0.543566745022927 0.309092007340934 0.780382742646678 -0.309288889899994 0.553535327168447 0.19230649692294 0.445360221800945 -0.332454599378023 0.136497623530303
10.0358082961129 13.5454486155462 17.1155004073859 -0.091915179929242 0.794418548470167 -0.600375425100584 0.292598424078307 0.597858134450387 0.746291963034594 -0.0870674706395543 -0.415814594606619 -0.355857939674014 0.588809519875185 -0.206746837061036 -0.453826453808181
10.3914378347795 13.8347793050306 17.2049411193324 -0.663747682432956 0.7188140991904 -0.206749088683516 0.517786810159331 0.641063363030068 0.566510786550003 -0.0916853105127267 -0.333889472981093 0.0430901510739071 0.321231497349794 -0.21419122584361 0.186495256635133
10.6727204017165 14.2135438565272 17.341502229686 -0.916002917172665 0.386881024339542 0.106120735523528 0.361545130804248 0.681482676560351 0.636291097988493 -0.239549109132095 -0.0287695774716472 -0.26701026480715 0.517890523670618 0.157563749565201 -0.174058799416428
10.7612162486497 14.6708559480582 17.4456867978884 -0.863177001128559 -0.157504761166119 0.479705738952382 0.162532885383587 0.812843858155972 0.5593458778613 0.217357316699335 -0.74318615933757 0.546841750990306 0.155075538386784 -0.227536133360601 0.0643687924198037
10.6905939539371 15.0760748465119 17.6124041806186 -0.268868298849391 -0.627617606906006 0.730620189105888 0.329245367586403 0.652969487195715 0.682076401680399 -0.358244863025899 -0.286413223455098 0.129321384800127 0.10462197670344 -0.361508504395249 0.406244488234548
10.1862602259525 0.153311731418269 6.76387221188914 -0.260093613903628 0.13898616836563 0.955528148510547 0.903635980307053 0.383779041132513 0.190146116090574 -0.195032575712585 -0.0280298417553435 0.606406765271462 -0.11406845583814 0.193088069041607 -0.462492899420216
10.4242421387881 0.537104206513533 6.9384460291996 0.0329889647398316 -0.572691760168344 0.819106682265125 0.812356960556542 0.492789454089707 0.311824638581802 -0.263146973916327 -0.141619818869175 -0.139259995494762 0.128827186857506 0.357425759372239 -0.181906677903957
10.747788118568 0.811885929700061 7.19157999081811 0.196695987060013 -0.85934320264349 0.472059140998074 0.882970893604241 0.364558864058859 0.295734878759548 -0.303448368671794 -0.123036545754826 -0.457298562748661 0.484903749978104 0.432373755805939 -0.354655940811323
10.9509128253391 1.06346504447365 7.54397989063168 0.458224506087224 -0.865706069493988 -0.201452685439839 0.884763830625631 0.422583445819076 0.196509738931674 -0.218883391599758 -0.183461168712828 -0.171651639414582 0.497219510285778 -0.34516690147597 -0.356698850272015
11.3405360535717 1.23930739324989 7.83660652663066 0.344680398335321 -0.645881855653787 -0.68119889502951 0.935258228857658 0.298544924925775 0.19016534833012 -0.19257052218213 0.37960801545945 -0.515289649860596 0.411171067657409 0.11036238931868 -0.172081488567337
11.6924442784734 1.16261402984861 8.03870607028236 0.237345373971702 0.212649930943978 -0.94786447497328 0.880549753480967 0.364971884147846 0.302369870527415 -0.187502104135193 -0.337116820428303 -0.103417731151402 0.327925846978571 -0.313926474949909 0.339362568736618
12.1599134915384 1.62912589175087 8.07703976686559 -0.231652870297374 0.333310956295432 -0.913915005534689 0.931376483903722 0.347216267633496 -0.109446779458366 -0.536520541085921 1.71083758862228 0.171603911906327 0.541211067805774 0.81565853501543 -0.43687745692364
12.6425047338388 1.31895290290851 7.85331190647407 -0.299191913618083 0.814251604739057 -0.497472016122067 0.945084802816069 0.324738402575266 -0.036872363837965 -0.501985980183859 1.10467643502068 0.493916607850038 0.67342119963266 -0.637984655736221 -0.324183550716633
13.0736424744094 1.26718333191123 7.5456619189281 -0.43589691751522 0.852063294295286 0.289796309134435 0.8961291424173 0.440726673097136 0.0520810971867548 0.0752492586370323 0.435945617646686 -0.0309159605258348 0.388488593696471 -0.626439661733576 -0.040158387372059
13.4162582048588 1.57375048617166 7.27979786903717 -0.266726699520276 0.398835093980936 0.87737524517295 0.770542570704062 0.635059740868321 -0.0544349070475268 -0.56683400017468 -0.22095969438917 0.229855016565369 -0.00738290103557658 0.0367023092149213 0.383346913038347
13.6999920782569 2.03757829504167 7.33064124642734 -0.131170874686862 -0.156595428759732 0.978913661353023 0.774955549461515 0.599615996429541 0.199760946318365 -0.640040450331148 0.422943143164818 0.297626364076545 0.454603672825283 -0.0848504042453122 -0.167640918824516
13.9450360589979 2.54719389240418 7.42583103539509 -0.0129012478973531 -0.39957436820287 0.916609932283131 0.799879869387185 0.545953052365738 0.249253569780164 0.77113468107459 -0.199761986327123 0.238861286882967 0.507128172072787 0.277113846582348 -0.123885695500461
14.2111170689074 2.87403948848237 7.69359624357866 0.19546038797024 -0.836844721194954 0.511357051642288 0.78797818253982 0.444426700758181 0.426116395738939 0.162967643084336 -0.110530308418753 0.331300464139054 0.37284655043642 0.393937545599599 -0.375136225939939
14.3899326814644 3.11476273031918 8.04677971734808 0.479358987837151 -0.823025690798496 -0.304702403030847 0.861605678194312 0.375316855251334 0.341720356705278 0.365385769392272 -0.0133787543114298 0.0280739100523029 0.533200739811329 -0.219027598643173 0.0244445391580919
14.8257859815798 3.15337617045621 8.25459591486165 0.293261310871034 -0.522583796762011 -0.800564713254534 0.95063559572379 0.248245665571297 0.186187921896641 0.130982972862047 -0.183688849834794 -0.332339196881841 0.501243161498702 -0.0646289134354355 -0.0276395820546098
15.2799123357093 3.05069485831719 8.36327565355426 0.0715290076969432 0.155888168265329 -0.985181386616534 0.942239196584543 0.31346216419401 0.118011244663738 0.326346198451617 -0.365897814545208 -0.864637179511815 0.589548009234884 -0.229013067848403 0.191017648422394
15.7952030688301 3.04837373798024 8.32903666074751 -0.138485524003413 0.658347217830959 -0.739865247097581 0.901983478728451 0.392334079963947 0.180276607031641 0.0644987369409358 0.200050969372442 -0.584061703186005 0.507535658365465 0.0753822075536558 0.467204631892851
16.2757473299961 3.24110064832954 8.21926556697178 -0.469660246797528 0.788119906088916 -0.397851915928249 0.85548958463845 0.517590339151441 0.0154172939389369 0.175166590909211 0.77576453644436 -0.0365777013059399 0.165891008992546 0.259501046439118 0.168154684598691
16.6996402462601 3.53609287714509 8.08033483892999 -0.750063961031835 0.652335510759501 0.108914265576933 0.659271307020388 0.750574929603693 0.0447046033679072 0.145357860966495 0.939165927417236 0.237729464991327 0.302810132825599 0.628501040635505 0.0578816488441544
17.2751322586264 5.04623594842988 7.77684276056992 -0.387504061929947 0.744027693559743 0.544300728904435 0.916073591320417 0.376878871312829 0.137008664849543 1.27153338536897 4.45652417033632 0.422859381662274 -0.183149561893481 0.0977855018891656 -1.18860695128194
16.5023549404566 6.16884019045971 8.13675068157156 -0.0172830508841286 0.34807010657418 0.937309118741099 0.970578188923317 0.231016460284528 -0.067891560998497 -1.74857898017919 8.44959781003893 1.93316790349265 -0.392451951243046 -1.23736519725567 -0.904825772684821
17.3536129099563 5.73697093787167 8.10203446774982 0.122309352452202 -0.699187437156727 0.70439849194364 0.870520362344913 0.416455089933603 0.262220017575004 1.16296470022951 5.79835762181866 0.829241144782747 0.0848720740675047 1.26297628557357 1.15781792801079
17.5267887079243 5.5471888266003 8.64810197098986 0.0733914116242704 -0.993035958415744 0.0921584112976315 0.946178558492785 0.0985381536825894 0.308279497702232 0.273951824918405 2.46462166662003 2.30408683794523 0.389154405447163 2.15274546973735 1.10412818814113
18.1533192764757 5.56951677216315 8.71096992180899 0.70358362887572 -0.693587768282462 -0.154615541861861 0.704781070923057 0.653275157736305 0.276613616709719 2.70958906341296 1.79821520402355 1.19328222483231 0.419376340004352 -0.840163032276831 0.194438773555042
18.1541252387121 4.8693779266683 8.82453945458778 0.564091783601303 -0.566573217296265 -0.600662245700279 0.824349560649612 0.344648244288604 0.449071578501547 0.259394643073124 -0.28037808362156 0.0598115258080068 0.597599174272252 -0.448994714371824 -0.376958019703533
18.575136864909 4.94059502096377 9.12117314406406 0.239408307272969 -0.0373017857364881 -0.970202102854434 0.895631832218996 0.394297218707654 0.205847533308796 -0.196725436421441 -0.271926967869321 0.292708234784342 0.294461433083493 -0.204339540207763 -0.121427216321727
19.1671966979635 5.04856482421759 9.1070976083957 -0.279760841756442 0.55390789756842 -0.784168218862523 0.929326803055611 0.361277721372532 -0.076354359209583 0.769473586854984 0.286053865233522 0.155199160786238 0.230473657482619 -0.12182766172595 0.311664272285514
17.0016546579614 25.7496201014357 14.6752881696438 0.697784562540148 -0.638963138839729 0.323763329483131 0.436840181398353 0.737804194231765 0.514602281640298 0.0922613304793906 -0.0316028086592023 -0.0421158085009122 -0.134837102359053 0.147734804370127 -0.370320390405987
17.1985328268513 25.9098544496944 15.089581331722 0.892203230509281 -0.268322501682122 -0.363285442770969 0.434778491470673 0.727990982588893 0.53009119452464 0.0117869548691186 -0.0738021929597408 -0.0312336727718473 0.505896151997294 0.375631289250297 0.0666250639056493
17.5074998456473 26.1128940605605 15.4468526491662 0.674693342748657 0.250611146063766 -0.694249832040538 0.390802686924866 0.676637253938649 0.624047414526445 0.408342200261483 -0.125103692041694 -0.166955514699223 0.434657330142148 0.400909620990973 0.441495737735214
17.8257475116258 26.3734066865193 15.7131833102808 0.234166164844163 0.440503826697229 -0.866673217950412 0.317287176355034 0.80801985962623 0.496419818539217 0.154478605601392 0.342968601159667 -0.237691696731805 0.560336718710499 -0.334279005545272 -0.134481167170575
18.2073476886401 26.6283184472755 15.8237515494601 -0.389845575793473 0.702183377936342 -0.595784199820465 0.310557289385462 0.70932078403696 0.632785963996907 0.157739083040688 0.212037338296876 -0.257416178392981 0.439579154504654 -0.130634975168637 0.537889584828071
18.4684726100704 27.0460772415259 16.0414231872185 -0.814907428634066 0.462821449783299 -0.348886900260754 0.307993167888569 0.855724143682539 0.415783935429534 -0.173779900236455 -0.0671755928873576 -0.120483076236423 0.024496026448057 0.490401533270441 0.133926962128905
18.6322579925675 27.537324775708 16.0580620621269 -0.988699136760955 0.0160088752238493 0.149055741991333 0.0711134561645916 0.925378309511824 0.372314040238308 -0.21487648338502 0.0537718799263681 0.165667806579093 0.497267697509672 0.28143289571323 -0.224296255506856
18.4625913594499 27.9498499104438 15.9322841353961 -0.573890829294512 -0.117585165246675 0.810446130362596 0.199434350565207 0.939776310759085 0.277572172499113 -0.531115693311893 -0.072531904236034 0.181743514776807 0.501146786277254 -0.349007303753789 0.361616954800081
18.4643300251567 28.4471040476061 16.0792997582743 -0.392048035874495 -0.532372986103498 0.75025144023485 0.132263168395369 0.774447785278653 0.618657387579629 0.285773597147011 -0.338448117846002 0.404038718422008 0.527233766796717 0.395844830056282 -0.0264943358054499
18.2053356415377 28.6930149415441 16.3028642015893 0.477759266949167 -0.404427538789118 0.779861738443285 -0.0174888336412796 0.883174455234982 0.468718367386106 0.315659797456785 -0.116844678915609 0.64149388917845 0.634210982353696 -0.293844669938539 0.135986172061327
18.0980097464909 28.9610611426817 16.6597938890966 0.856858007922018 -0.308850315563428 0.412802274465504 -0.0458438574174186 0.751882180643099 0.657701617838968 0.424762971859075 0.353769425541551 0.68576996472566 0.406267220477705 -0.294565470535388 0.298205516244813
18.0896116288141 29.222103717548 17.0757879449412 0.985459056326128 -0.125989378532907 -0.114004410467278 0.169139831867936 0.791312193010016 0.587551369988318 0.330416132215521 -0.133636880655782 0.0403228886817928 0.57273236618123 0.231148472083844 0.147052895386537
18.311805052456 29.3699029313517 17.4825094966677 0.728115103346673 0.240315359312513 -0.641947665884381 0.374621645710485 0.64477187639806 0.666279026527191 0.0860756161997439 0.137568228628056 0.27848272854926 0.437773157843694 -0.228720727336063 0.0630638739521204
18.6005688705823 29.5379994918904 17.8137061166212 0.188539955355262 0.493575555789458 -0.849020457721721 0.472189948515219 0.712474768135213 0.519053222285174 -0.00650749810583252 0.0530149065324937 0.0205605864495291 0.409869137811548 0.224086557268482 0.468319988304958
18.9275191182089 29.9343091687511 17.8867879630344 -0.431413876786753 0.46974593853759 -0.770208219767312 0.354504799854088 0.873337845711945 0.334076696795708 -0.255779275465639 -0.299906364768237 -0.614215395783153 0.496292100020159 -0.131385864779156 -0.283931024064792
19.2019110751537 30.317519862237 17.8471994754138 -0.850630227130106 0.375738256359991 -0.367761961843302 0.322746647718028 0.92534862104697 0.198908078877407 -0.0522091509453868 0.370274629565998 -0.20333582128737 0.803712510892401 0.176277760237323 0.195996373233742
19.3563695440656 30.7315280215364 17.7328231430992 -0.932356894247868 0.285958910116359 0.221219357815035 0.349279226962409 0.870431438124103 0.34691932257407 -0.246624651648955 -0.263219117129842 -0.292130473505219 0.58021593136957 -0.327327236969265 0.106999488258736
19.456783296161 31.1752539056712 17.7489060244176 -0.743463515606537 -0.112391551748933 0.659264757795056 0.290905063011796 0.833285190112005 0.470116918586571 -0.343671417903594 -1.05913899097988 -0.298536150943752 0.179383545964031 0.166997616598369 0.110154137588066
19.3450148761328 31.5635730616221 17.8142918232658 -0.0679853847995742 -0.441411947275234 0.894725301790433 0.233802354169534 0.864778667791267 0.444403190480398 0.459387526482255 -0.484973650587053 -0.304702739917255 0.321994382827826 0.223616292085914 0.393013652507987
19.0814399499218 31.8109728576459 18.1386657523018 0.505109472824244 -0.358137247079428 0.785240101105059 -0.0845868069191576 0.884914382101659 0.45800818479098 -0.0893721052340685 -0.66662635526998 0.00600389880446531 0.404354641502289 -0.22675606002013 0.673306752461764
18.9804922796468 32.1368965479428 18.4308822649658 0.884879753256035 -0.314931838428005 0.343228265170666 0.11975647208542 0.865863649078302 0.485734916929175 -0.174045192419516 -0.399098404244466 -0.146563132179312 0.236011082284309 -0.352113266183272 0.128757022411
18.9857263996207 32.40462080992 18.8850791140522 0.948847525526202 -0.082010278614431 -0.30489764310829 0.252093587320367 0.778196148103046 0.575203842301515 0.411627637514097 -0.152824152367026 0.377209747672794 0.357761920255989 -0.235764264033883 0.228004465119937
19.0744841122434 32.6067376419773 19.3203410712996 0.712470439787372 0.192332934749524 -0.674828716371816 0.343905000967012 0.742573860179908 0.574728889781555 -0.118007652883254 0.00930783841883384 -0.431299503320494 0.524682685305381 -0.0811594387760867 0.267292137560303
19.367275789624 32.7552455855314 19.7093622496424 0.0446798336579003 0.651569392300742 -0.757272031291653 0.350333247474581 0.699670362003354 0.622677994791794 0.133057527580687 -0.0340897770252584 0.248249027643574 0.255654174538127 -0.255941646463695 0.68436883453568
19.618020416874 33.2460009442535 19.9532190550134 -0.495474005469376 0.418472596394746 -0.761174145640425 0.338179955516179 0.900092637767409 0.274713389949924 0.0209562223824831 0.165925140859385 -0.294797168135856 0.26014614624705 0.147062518780076 0.315860198057432
20.011081130404 32.3497919080393 19.5147909312554 -0.685477198515986 0.14492761415145 -0.713524269426418 -0.0404790325983796 0.970887676697876 0.236089917528685 -1.13630787793849 -3.85334608877842 -1.63768001522678 0.302845434048618 1.31779111869482 -0.285038523066601
20.427231419248 32.2339836664814 19.0477680707514 -0.577524684147449 0.672455167914267 0.462892176778965 0.816295819441656 0.483472281753301 0.316094240503554 0.0973605138327809 -7.83775142340503 -3.2069039918056 0.0368431295715171 -2.19529373350199 -0.0469262801954248
