
#id1 id2 FENE BEXC STCK NEXC HB CRSTCK CXSTCK total, t = 100
0 1 0.012163 0 -1.05874 0 0 0 0 -1.04657
1 2 0.0829321 0 -1.33346 0 0 0 0 -1.25053
2 3 0.157795 0 -1.18189 0 0 0 0 -1.02409
3 4 0.0677764 0 -1.17712 0 0 0 0 -1.10934
4 5 0.193936 0 -1.28656 0 0 0 0 -1.09262
5 6 0.0169597 0 -1.02399 0 0 0 0 -1.00703
6 7 0.0331247 0 -1.21808 0 0 0 0 -1.18496
7 8 0.544361 0 -1.08795 0 0 0 0 -0.543589
8 9 0.0389594 0 -0.794433 0 0 0 0 -0.755473
9 10 0.0551124 0 -1.36893 0 0 0 0 -1.31382
10 11 0.63686 0 -0.928831 0 0 0 0 -0.29197
11 12 1.2481 0 0 0 0 0 0 1.2481
12 13 1.96247 0 0 0 0 0 0 1.96247
13 14 0.102216 0 -1.33137 0 0 0 0 -1.22916
14 15 0.0209232 0 -1.0088 0 0 0 0 -0.987879
15 16 0.163519 0 -1.40954 0 0 0 0 -1.24602
16 17 0.0783961 0 -1.23826 0 0 0 0 -1.15986
17 18 0.00382579 0 -1.3421 0 0 0 0 -1.33828
18 19 1.96805 0 0 0 0 0 0 1.96805
19 20 2.01376 0 0 0 0 0 0 2.01376
20 21 0.00124438 0 -0.324091 0 0 0 0 -0.322847
21 22 0.0399551 0 -1.04144 0 0 0 0 -1.00148
22 23 0.00560681 0 -1.35434 0 0 0 0 -1.34874
23 24 0.0122889 0 -1.31088 0 0 0 0 -1.29859
25 26 0.00415608 0 -1.2383 0 0 0 0 -1.23414
26 27 0.0823595 0 -1.15521 0 0 0 0 -1.07285
27 28 0.0374493 0 -0.996783 0 0 0 0 -0.959334
28 29 0.0642317 0 -0.277009 0 0 0 0 -0.212778
29 30 1.93779 0 0 0 0 0 0 1.93779
29 31 0 0 0 0 0 0 -1.64745e-15 -1.64745e-15
28 31 0 0 0 0 0 -9.21238e-05 0 -9.21238e-05
30 31 1.91464 0 0 0 0 0 0 1.91464
31 32 0.0152684 0 -0.511835 0 0 0 0 -0.496567
32 33 0.0263624 0 -1.25541 0 0 0 0 -1.22904
33 34 0.0585303 0 -1.17197 0 0 0 0 -1.11344
34 35 0.113656 0 -0.976593 0 0 0 0 -0.862937
35 36 0.00628312 0 -1.39104 0 0 0 0 -1.38476
36 37 0.00551108 0 -0.949386 0 0 0 0 -0.943875
37 38 0.034487 0 -1.03938 0 0 0 0 -1.0049
38 39 0.27056 0 -0.865317 0 0 0 0 -0.594756
39 40 0.0629649 0 -1.30047 0 0 0 0 -1.2375
40 41 0.043527 0 -1.22144 0 0 0 0 -1.17792
41 42 0.478041 0 -1.33053 0 0 0 0 -0.852486
42 43 0.259038 0 -1.25487 0 0 0 0 -0.995835
43 44 0.0832497 0 -1.20172 0 0 0 0 -1.11847
44 45 0.0985663 0 -1.31746 0 0 0 0 -1.21889
45 46 0.692713 0.0215921 -1.0069 0 0 0 0 -0.292597
46 47 0.145601 0 -0.908854 0 0 0 0 -0.763253
47 48 0.116783 0 -1.19984 0 0 0 0 -1.08306
48 49 0.23245 0 -1.36706 0 0 0 0 -1.13461
49 50 0.0880339 0 -1.24856 0 0 0 0 -1.16052
50 51 0.109766 0 -1.20153 0 0 0 0 -1.09176
52 53 0.0204987 0 -1.32863 0 0 0 0 -1.30813
53 54 0.365931 0 -1.32694 0 0 0 0 -0.96101
54 55 0.0906219 0 -1.2217 0 0 0 0 -1.13108
55 56 0.15745 0 -1.15357 0 0 0 0 -0.996117
56 57 0.16867 0 -1.25797 0 0 0 0 -1.0893
57 58 0.0101296 0 -0.153628 0 0 0 0 -0.143499
58 59 0.065021 0 -0.439062 0 0 0 0 -0.374041
59 60 0.0259475 0 -0.812183 0 0 0 0 -0.786236
60 61 2.18597e-05 0 -1.09809 0 0 0 0 -1.09807
61 62 0.0135968 0 -1.19503 0 0 0 0 -1.18144
62 63 0.186355 0 -0.802829 0 0 0 0 -0.616475
63 64 0.0744931 0 -1.337 0 0 0 0 -1.26251
64 65 0.0148881 0 -1.13363 0 0 0 0 -1.11874
65 66 0.156733 0 -1.26084 0 0 0 0 -1.1041
66 67 0.0779725 0 -1.4236 0 0 0 0 -1.34563
67 68 0.198026 0 -1.20219 0 0 0 0 -1.00416
68 69 0.0994371 0 -1.24295 0 0 0 0 -1.14351
69 70 0.011893 0 -1.20283 0 0 0 0 -1.19093
70 71 1.46166 0 0 0 0 0 0 1.46166
71 72 1.44897 0 0 0 0 0 0 1.44897
71 73 0 0 0 0 0 -0 -3.33404e-14 -3.33404e-14
72 73 0.0331914 0 0 0 0 0 0 0.0331914
73 74 0.0695655 0 -0 0 0 0 0 0.0695655
74 75 0.879035 0 -0.0153785 0 0 0 0 0.863657
75 76 0.0499807 0 -0 0 0 0 0 0.0499807
75 77 0 0 0 0 -1.59042e-65 0 -0 -1.59042e-65
76 77 0.0153663 0 -1.08521 0 0 0 0 -1.06984
75 78 0 0 0 0 0 -0.0488323 0 -0.0488323
77 78 0.0641273 0 -0.788551 0 0 0 0 -0.724423
79 80 0.0461036 0 -1.29811 0 0 0 0 -1.252
80 81 0.275526 0 -1.03157 0 0 0 0 -0.756048
81 82 0.296988 0 -1.31692 0 0 0 0 -1.01993
82 83 0.188643 0 -1.29129 0 0 0 0 -1.10265
83 84 0.0854177 0 -1.08196 0 0 0 0 -0.996544
84 85 0.00639552 0 -1.26818 0 0 0 0 -1.26178
85 86 0.0556487 0 -1.24695 0 0 0 0 -1.1913
86 87 0.0676629 0 -1.03861 0 0 0 0 -0.970952
87 88 0.110511 0 -1.24312 0 0 0 0 -1.13261
88 89 0.359834 0 -1.2711 0 0 0 0 -0.911262
89 90 0.157704 0 -1.31488 0 0 0 0 -1.15717
90 91 0.0482889 0 -1.23743 0 0 0 0 -1.18914
91 92 0.160903 0 -1.26309 0 0 0 0 -1.10219
92 93 0.0368171 0 -1.08778 0 0 0 0 -1.05097
93 94 0.215384 0 -1.38851 0 0 0 0 -1.17313
94 95 0.406249 0 -1.36563 0 0 0 0 -0.959379
95 96 0.302055 0 -1.3562 0 0 0 0 -1.05415
96 97 0.201121 0 -1.0456 0 0 0 0 -0.844477
97 98 0.178799 0 -0.852279 0 0 0 0 -0.67348
98 99 0.340323 0 -1.25763 0 0 0 0 -0.917305
99 100 0.00504083 0 -1.31417 0 0 0 0 -1.30913
100 101 0.329092 0 -1.13914 0 0 0 0 -0.81005
101 102 0.0416434 0 -1.06271 0 0 0 0 -1.02106
102 103 0.0190977 0 -0.805878 0 0 0 0 -0.786781
100 104 0 0 0 0 -4.95358e-78 -0.00319826 0 -0.00319826
103 104 0.754297 0 0 0 0 0 0 0.754297
104 105 0.831481 0 -0 0 0 0 0 0.831481
#Total energy per particle is  -0.675249 and should be -0.67524910

