t = 100
b = 30 30 30
E = -0.662162664985275 -0.84427151577308 0.182108850787806
11.7147606748287 13.8486616980431 8.75355395573689 0.924781828259366 -0.380340287913325 -0.0109418844894796 0.154304072115638 0.348587751576199 0.92448727128104 0.429403973386526 0.626358121952366 0.144087402605737 0.302853325264517 0.115272008963001 -0.760458403988095
11.8224795118496 13.7995545811019 9.1092166469071 0.918065196017546 0.327596950263895 -0.223240716564261 0.147778912591414 0.23972963263962 0.959526436344648 0.216156825099422 0.477300359368191 0.0735996789728637 0.437828297761039 0.0292802147767285 -0.246441159795442
12.0459220008779 13.7653741302564 9.55293745020954 0.466493537378825 0.800196257560157 -0.37692122620699 0.218389742704925 0.308739138742261 0.925735355358563 -0.0467939333758636 0.424541939422768 -0.0214721938741906 0.429201544417513 0.164162799422103 0.0562455053642611
12.3926617041586 13.8897771370646 9.85417934993972 -0.302970374504524 0.923805509133525 -0.234077370412326 0.268105411899538 0.318324282482342 0.909279397119914 -0.207992328036986 0.117429117080734 -0.00300454961354708 0.245307495340272 -0.367537579601244 0.155482832067607
12.6376908241501 14.1820185011153 10.1522175102983 -0.782120548667048 0.601821636506947 -0.161548897438532 0.201283763970843 0.489360881783427 0.848534416389526 0.271729002599713 0.619819667663813 0.219053665805664 0.527146181328792 -0.135331559941433 -0.0775953400432561
12.8293649922764 14.563353775615 10.2855543412983 -0.952222595209137 0.0842032502354716 0.293567410934218 0.286033102699317 0.582779244309938 0.760626913673433 -0.586232403611801 -0.368137727537481 -0.293181303219751 0.283297068308615 -0.294344749999321 0.341651150625812
12.8444950701033 14.9127001576661 10.630228035172 -0.839263939618178 -0.430261873973293 0.332431406884232 0.102968700910865 0.474562934942347 0.874178098739293 -0.418921891985051 -0.327306856154252 -0.163350448902786 0.374322505316043 0.138384961863053 -0.20666804040219
12.6865869339794 15.2654486348496 10.8823411549621 -0.328449911749902 -0.779845539550141 0.532880353348172 0.00935502935007312 0.561466664864493 0.827446403630874 0.0412649265633685 -0.0180852514519558 0.442473294516643 0.379228151046292 -0.122391790748101 0.260733882480012
12.4881704093477 15.5016719824683 11.2493985342565 0.274315834103027 -0.847552922000123 0.45431789376371 0.10103679850224 0.495228264313456 0.86286755204157 0.111417746041179 0.168029389563266 0.442095886827856 0.277772248280805 -0.134323971774074 0.133200395606443
12.3200641546249 15.6140574346117 11.6875380071199 0.77760697396754 -0.607422854064117 0.162372262095205 0.0900247909486662 0.363146526562998 0.927372642929463 0.442180708110999 0.0673439101199735 0.646154877519418 0.277423926144958 -0.338712232137395 -0.0800642601385536
12.2769906233033 15.6206822571319 12.2232903072409 0.957663910276878 -0.25351618652824 -0.136415760244728 0.186120158788472 0.183704256369225 0.965200456684317 1.08450902567784 0.240418386939548 0.517980971257693 0.365807692232913 0.214212085029713 0.00100699283383986
12.5762583470796 15.5431725651137 12.7030407652117 0.807398216687854 0.425046816083939 -0.409198246677584 0.231900262229398 0.409111793064847 0.882524612063952 1.62877784340115 0.512378329058323 0.0792844728633943 0.45007001246507 0.392528396729958 0.471801048889113
12.8739038634667 15.7529240918085 13.1850815040683 0.416026063846669 0.649889280463154 -0.63605512233169 0.48079652186698 0.436495225208299 0.760464671634544 1.01561003945159 0.207178713022178 0.60561311424002 0.691855859410368 0.551095454364197 -0.582935443208987
13.0494975174736 15.5025676421273 13.3744961779569 0.0285434609881 0.970985875395486 -0.237427014070619 0.217781203003206 0.225777156673824 0.949524040962283 1.13205308369702 0.62865387919966 0.0961017530367345 0.307106134677984 -0.754557878341325 -0.745215370290694
13.2246188899371 15.7463854468776 13.6835162563162 -0.670194590341829 0.708710571669334 -0.220382437219916 0.292583204538857 0.525177005644849 0.799114551881528 0.521306247177646 0.162578555688504 0.773084168167065 0.190474873525612 0.247253855588222 0.0153533603685644
13.2867749473123 16.1467140593247 13.9323767075154 -0.979841210270306 0.199432657895474 0.011734526497716 0.132745800606818 0.606053100815389 0.784269135284224 0.0623897803616944 -0.505459327791665 0.0592747641645039 0.472703535975166 0.129346335219434 -0.215980852666853
13.1939431514725 16.5797858457229 14.1233950832025 -0.811189109712029 -0.4154940605093 0.41150552271481 0.0479804918494523 0.654026580412137 0.754948337485756 -0.147641975953517 -0.0742555404742688 0.138402698287796 0.638328004766912 -0.247621905307404 0.0321195103450448
13.0095644276487 17.0177768271873 14.34807023053 -0.381426316895155 -0.716232067357442 0.584401806346663 0.0706051135511888 0.607776980695645 0.790962667839695 0.0699889791612167 0.0335221619664989 0.832752436135653 0.305329620734586 -0.569135422991647 0.257713337585938
12.9179496752351 17.1985347641426 14.7497090423416 0.133379309211289 -0.909220957638208 0.394369232421528 0.123811171518899 0.410093967052716 0.90360036121534 -0.0315221131789452 -0.215252699161898 0.694593585453926 0.259154980770794 -0.166699287412063 -0.385654691095408
12.7511690648501 17.304533196356 15.1595017607798 0.688579027330444 -0.678166810102146 0.25680456036774 0.0132995752991641 0.365885093968951 0.930564937105723 0.405679130903193 0.0618509628180984 0.0232512295752939 0.41518088988915 0.172662031185339 -0.0634466955145286
12.6025356759754 17.2748317346122 15.6276827773311 0.97777132421385 -0.200854901077413 0.0601699949771534 0.00184569868944332 0.295203370105295 0.955432597376914 0.0806660262187073 0.0296419363505835 -0.381237757742987 0.491248363665569 -0.184802022541185 -0.326843385003699
12.6199375359588 17.248709903606 16.1350961092993 0.928454697168171 0.261168192014999 -0.264126739731218 0.17471219438051 0.320455759355956 0.931012158243941 0.215975104661581 0.370486471941094 0.170260200670705 0.126164313743293 0.397948479123647 0.101682374266406
12.8248121371052 17.2519028438717 16.5456861832308 0.339333086916131 0.796493503862905 -0.500450832526465 0.224761452487084 0.447954406638517 0.865343296649824 0.0229472035470236 0.277972358206087 0.243897440344015 0.284089195871673 -0.507328961917487 -0.401130936808843
13.1439799574028 17.3804901905515 16.8277843151782 -0.43397110104053 0.885497100359162 -0.16602366850214 0.191254956157336 0.270629322959502 0.943494140065972 -0.0576699055363683 0.295320604864119 0.280850089268247 0.209205327333538 0.00583534942977529 0.968000389843606
13.2473401447868 17.6888545925248 17.2988471863336 -0.765934233580244 0.493961718843687 -0.411517254973139 -0.1162669598938 0.523101610859549 0.844302422375605 -0.798187696777819 0.594715547228596 0.491928369875321 -0.165190846583028 0.185255303722172 0.131030120668661
13.4939948880858 5.30978071992248 22.529272736772 -0.942835305495858 0.306157851498993 0.131639047579101 0.330417311520022 0.807304726756675 0.488961513048771 -0.307903232923041 -0.151764605215368 0.320969478220588 0.103344788092779 0.00452573172352189 -0.354847545472058
13.5988745222726 5.77332959854952 22.5501503161962 -0.687345095510881 -0.200058605653369 0.698235745093966 0.360018852097668 0.741077207501263 0.566737046871467 -0.0750625973355522 0.112324038001834 -0.519470889236328 0.471024306929734 -0.121314883628066 -0.0968749704948176
13.5926222702298 6.22297332697349 22.7757788815765 -0.220990629081892 -0.561967331384078 0.797092053476292 0.267884138543013 0.7508867394582 0.60366139355738 -0.103803576990186 -0.0986690631554613 -0.213497683741494 0.43017759056425 0.244736542608817 0.193630675570124
13.5579290894258 6.53903707823531 23.086672877749 0.275055354260187 -0.678791844480905 0.680871547997375 0.25318998473621 0.734330175774286 0.629804660808195 0.0898624110719079 -0.333436153074383 0.21695268676097 0.568218431978038 0.18971799334344 -0.0404658781175924
13.5342839660154 6.78639494477271 23.4887327335755 0.752749436232355 -0.60520817863994 0.259019743559169 0.253491965096388 0.629601632741822 0.73440009305762 0.179037608687069 0.0496406485149443 0.225378295128013 0.305010314540811 -0.151912453124589 0.114622848601177
13.7686346039001 6.99293708210496 23.8587234485974 0.885054158143905 -0.409412727662949 -0.221495456911017 0.451294491496513 0.6380929120688 0.623835394246471 0.343233254335031 0.0110371658619364 -0.224666320160339 0.483663296676913 0.243159695331912 -0.0408573149123515
13.9771012325163 7.02857508015027 24.2900246661015 0.699304311803228 0.210427536396796 -0.683149773643266 0.494498367913135 0.547706260775765 0.674899326183353 0.209246818500682 0.187649198015889 -0.331311161756118 0.541278505605179 -0.0570346354601673 -0.10002893987126
14.2775721442234 7.08305950035608 24.6314837878287 0.299304844826243 0.475378417492485 -0.827303965279518 0.608843796461123 0.572440384579234 0.549200439572611 -0.220353919143356 0.529634147155264 0.222874881163727 0.307349849040004 -0.172970654415965 0.231153904114201
14.6370019195167 7.35482731958381 24.7641046582306 -0.24463037396977 0.61771164678203 -0.747387572387384 0.578858743174724 0.711414684373962 0.398511715198463 -0.094099880975822 0.705738216097389 -0.411561781573346 0.368206309916707 0.142013706628705 -0.390514448720044
14.9544927363191 7.64514719293653 24.6767095171018 -0.709359991802187 0.693329886217048 -0.12689346760518 0.591857587933815 0.683681625576304 0.426947203880397 -0.268036391680845 0.637730219292219 -0.273383546020721 0.449901654102641 0.0817271682493698 0.343930804097235
15.1372324293973 8.06003631204757 24.698603886093 -0.854823564775414 0.410019562662957 0.318057403849715 0.518371380145442 0.646578026997598 0.559667622906566 -0.151546915967022 0.687467237389116 -0.190932050925754 0.352431535460749 -0.0426913391517269 -0.0214583331102288
15.2509295494552 8.51840207473722 24.8322727858113 -0.775495077344061 -0.0871013815745776 0.625316412290171 0.417239397017231 0.672624333704073 0.611136377667113 -0.150612992464811 -0.0488875823055381 0.314588907883537 0.183164657619615 0.0883849040994621 0.214295688656003
15.1673364647179 8.96525808780023 24.9682302698731 -0.0250945255069048 -0.536678136978388 0.843413735784459 0.460735543124514 0.742524557343475 0.486189183228848 -0.92160768650455 0.0695948652361359 0.205021458899513 -0.0287523740203469 -0.439038355080777 0.0957602869097086
15.3457010695844 9.29487671262806 25.3064351730459 0.157921296276181 -0.840186660093087 0.518793910124053 0.539832929013992 0.513382469477636 0.667097241631207 0.245762770736913 -0.309793638110151 0.205482310787201 0.476374931625954 0.490724619901157 -0.0142917732226568
15.3377277240937 9.49083126566733 25.7111647603256 0.61569368209103 -0.772327348037111 0.156306232095955 0.333603771518259 0.435190066823926 0.83625236956815 0.186771195540357 -0.260183989867109 -0.0846505695015506 0.279425198908658 0.440388172775257 -0.100956898960882
15.4712342811982 9.58710866494608 26.1731314287577 0.802445707441885 -0.533526281758739 -0.267264804606359 0.582793995867253 0.60449570628939 0.543080086577484 0.392926271080948 -0.381796304982371 -0.0990882551105164 0.692634712993129 0.189190879745985 -0.219616315197346
15.710762194505 9.55473446477603 26.517257694879 0.727548666986465 0.179951679839295 -0.66203490191909 0.411407896073445 0.657788987278958 0.630917642952769 0.268672861725308 -0.0259463386339971 -0.492815955488636 0.570464662089543 -0.00946043722638958 0.174763350213654
16.0560832033108 9.67282442034059 26.8173780045867 0.327209416130978 0.492144632557852 -0.806676849510766 0.598267303402899 0.552893346783179 0.579987125737096 0.285753032119225 0.0101988618752488 -0.106239556800188 0.158108034454626 0.0847899416958069 -0.0147611125452838
16.4915904525721 9.87869296513346 26.9395831266565 -0.203553335809409 0.640406957698146 -0.740570624626912 0.456772447993207 0.731159184935549 0.506719900817636 0.0532815260208128 0.363624226604376 -0.518191088467275 0.549771001609808 0.38421750079689 0.0118223280251736
16.8649175949497 10.2282985184322 26.8126352319368 -0.759624713552823 0.638234518951611 -0.125007503446353 0.535988485737203 0.723229648364043 0.435494089973166 0.0281965318630337 0.427256189932064 -0.756235915050011 0.414945406575035 0.0780077890118152 0.688451370459817
17.3896846742229 10.7190214942096 26.5551877678307 -0.831804416264558 0.439164133849324 0.339464515696438 0.550657258422862 0.575932499423034 0.60421703215491 -0.143317142227472 0.231680998212574 -0.852626448339785 0.0101013648655329 0.0831233858473149 0.202153504347886
17.3115321746928 11.2772421568212 26.7219612265911 -0.536390690464125 -0.178309717490478 0.824918517060643 0.33263733111864 0.85364112730401 0.400810579056833 0.595204496941994 0.564643695040864 -1.11439263711458 0.439011528247262 0.422144665607793 0.42337384489436
17.2535395360504 11.6295086097566 27.1607930470969 -0.527786287360448 -0.48102135609616 0.70004283806543 0.35199494463932 0.626211967977492 0.695670907294173 0.196633942269282 0.0740146506827131 -0.132549052419182 0.562467742116371 0.635354054872668 -0.226421006571607
17.0503360440042 11.9003783440242 27.5410660414182 0.297369563525448 -0.719893437798564 0.627156010937509 0.304525774488473 0.694078061085909 0.652318620195143 0.649748148511757 -0.155698685110441 0.243938327665319 0.321504662420153 -0.309685767222742 0.166316426233015
17.2155571193545 12.2575072864614 27.9034332734852 0.490468514756992 -0.830342762979583 0.264521108215881 0.44335374648441 0.499073144923872 0.744555798720813 0.366823664563127 -0.091602079938767 -0.188231722516487 0.559832050236167 0.363508253094863 -0.657392432976365
17.2272232890687 12.3399525398515 28.3213165320668 0.927938488045268 -0.34253128674032 -0.146977418258495 0.340409191300493 0.618175411237367 0.708505912053372 0.377018895344824 0.294237636669603 0.240682627788087 0.526597973081595 -0.302663431137163 -0.0252873830222526
17.4052749977949 12.4251277295614 28.7709064588856 0.775541777376247 0.0977933766460069 -0.623675627125745 0.42891613142636 0.64326644286438 0.634223238971272 0.223912904864259 -0.0815083705129897 0.121758799176586 0.1878833876523 0.174096728851837 0.251225073452373
23.1957796707814 14.8015213580145 18.7866483777953 0.950723101912618 -0.301767802986069 -0.0711453704970885 0.235322638396599 0.552942710899187 0.799298126564572 0.333789199783337 -0.386011266378325 -0.37193890797784 0.17016785304251 -0.0939015400660135 -0.660902456285674
23.3344931671164 14.9112442709158 19.2554128046762 0.820991426783697 0.244797159866085 -0.515797741873894 0.350734597220324 0.496611915297767 0.793953228763645 -0.102786392181066 -0.195442097396538 -0.102463999597372 0.0970837634158846 0.454023716626749 -0.188765711295334
23.7001253066362 15.0030181791879 19.648622965964 0.301971490477109 0.592805840692112 -0.746588464898283 0.448823806995013 0.602518094750682 0.659946223982861 -0.226928809192769 -0.0305265395600527 -0.526717015021245 0.432004732985953 0.307372150793294 -0.288058933087891
24.1290685767771 15.0789584043217 19.782292916611 -0.412536637591008 0.823554224098875 -0.389322289554202 0.468301556910438 0.558318863964187 0.684816459555915 -0.496092282682665 -0.233540590170453 -0.10662840268627 0.474371740597323 -0.337631741218999 0.0919299148929924
24.4724346047146 15.3543677988627 19.9435855756811 -0.853755414900794 0.520674101246251 0.000236649025095776 0.366916198207347 0.601314177863315 0.709784224370225 -0.011956005791249 0.000940874455067904 -0.164089129242078 0.374871134101965 -0.462997623914192 0.121934493491983
24.5242542958978 15.7114911256611 20.1619651697435 -0.976615987924472 -0.0163555475215871 0.21436788630386 0.138645792100319 0.714146148522499 0.68612863794408 -1.5319444174402 -0.605524243566864 0.620021882986787 0.378254151830599 0.65600934810051 0.6835733146353
24.2421016290153 15.9757915703493 20.6136095691657 -0.74990330206699 -0.314664253829674 0.581920377466013 0.193345395653391 0.736981464298719 0.647669488848744 -0.873390783676718 -0.977051328337108 1.11116800956739 0.624825534422346 0.00802856097374788 -0.0690709260715496
24.3973798218705 16.6696929663666 20.4964784264688 -0.309933893706161 -0.616219685434348 0.724026354710383 0.305189166961408 0.656744610558576 0.689598411939837 -1.1260974512106 0.0448801513944589 1.17798848900167 0.133310897678287 -0.798303528204132 -0.6144278221189
24.4299382153017 16.9545953566918 20.8594886076048 0.107863865958395 -0.907587131654349 0.405771941823288 0.247986366040154 0.419814057397244 0.873074338961662 -0.223173640070337 -0.225041312790189 0.353181409670483 0.150880664533677 -0.226522270661553 -0.663176903076062
24.3019316817307 17.108894553857 21.2473676166319 0.734816109507933 -0.665654294604121 0.130190346704223 0.291801979475857 0.483526706248933 0.825259601889746 0.197339917720376 -0.00101711632151613 -0.0435636942927864 0.482667495575602 0.041137144155162 -0.0156954523377939
24.3931922315413 17.1310829374501 21.7199943080322 0.944829091434216 -0.148461267134596 -0.291988220833868 0.32753621370476 0.439700669319756 0.836291356434658 0.527519589420224 -0.36098271862431 -0.0391571955106461 0.169865902839137 0.309309905363192 0.161076052645739
24.6373858137683 17.1933433516783 22.1656362135168 0.681813359487784 0.301812393016199 -0.666363041757529 0.478451698046419 0.50508668647343 0.718311418781968 0.241761350768514 0.0469413442440974 -0.438827499626254 0.4591877742741 0.0686046787781752 -0.102407418506938
24.9103714530578 17.1404694797811 22.4573832983917 0.20849527515043 0.79827343295413 -0.565056748155296 0.356813562613676 0.475845756353777 0.803899732171174 0.0405293025479998 0.258289199391596 -0.246531003040506 0.350402386035454 -0.178186719268161 0.339458006071068
25.2508391613792 17.4087014959229 22.7386610335008 -0.369938108759735 0.7534337401978 -0.543583733960951 0.298778357910371 0.650491361750755 0.698278140973614 -0.587318189802938 0.628807922792578 -0.863526318102631 0.259958179696537 -0.204598023184556 -0.240405678349687
25.5612723828089 17.6317857456545 22.8941323597473 -0.769542298825433 0.633894040033763 -0.0773490608340181 0.372732654548714 0.544206789560335 0.751604430244528 -0.340457025452466 0.564505350813203 -0.268311705159346 0.438862751731101 -0.0226400562423577 0.0931070229671023
25.7110584038016 18.0485759724454 23.0370209676769 -0.938484312062439 0.203957638060435 0.278654550805914 0.345257598307401 0.538647329039503 0.768541558100466 -0.36971162621235 -0.382878865985834 -0.083896353673528 0.080877457889019 -0.0887213789061538 0.13037843653083
25.8815883912552 18.4449166370661 23.3016363675848 -0.78468238008667 -0.355329558577602 0.507951127545997 0.308043181134951 0.487569363403777 0.816936592285297 0.347975030530068 0.0329986869022114 -0.0743641489106931 0.0768649310854247 0.0398470319989635 0.131352952630144
25.7930445785323 18.8085115883778 23.5228647993947 -0.0267505543125626 -0.780400401908577 0.624707539615347 0.267080884620876 0.596633820400928 0.756766652560091 -0.414905361352707 -0.0665959371263594 0.167638233352042 0.106175493606632 -0.170144678106922 0.319945811245429
25.5875527694068 19.0019164439985 23.9614262121705 0.729227372560379 -0.627307472090796 0.273336212402093 0.195618026825765 0.573900297238642 0.795218157678571 -0.250702358832021 -0.534458441321862 0.793468949042918 0.171057256882769 -0.156303262774692 1.18529967974128
24.2420050886392 18.6196116846127 23.4733270182587 0.720395281861148 -0.659570101347911 0.214470979426527 0.27593742792749 0.556267798959325 0.783852379292733 -4.36733520527634 -2.73165295449106 -3.43196890368111 0.115665381129591 0.331834414529685 -0.112300085776423
25.0533759130897 18.464976927246 24.0562007976932 0.960374117694712 -0.15380578229589 -0.232433251105012 0.271325926763804 0.325186238127696 0.905889640583215 -1.67294363246355 -3.38480272592221 -3.06205280986131 0.565770824861976 -0.157371004188235 0.055906177306524
25.6797421783176 19.0328490314328 24.9712400085155 0.793938777207246 0.349449673922917 -0.497539972504715 0.430837150551745 0.254049318487226 0.865931976275367 -0.0552066425037992 -0.468072705076959 -0.527034170567772 0.653640651497952 -0.433630703630138 -0.0732063325651604
26.026631068831 19.0754412824581 25.4389128499981 0.351195051676665 0.707608034193814 -0.613149889224934 0.440922570150161 0.452715975120256 0.775006720901415 -0.221624274876423 -0.840711968650265 -0.875828564883701 0.413398417152378 0.094704803878827 -0.10635688395701
26.3563157806297 19.3335455034283 25.8036352166619 -0.217651294913362 0.691638815929708 -0.688667949744153 0.348027645949782 0.714198603595487 0.607286583959731 -0.64652508483724 0.0209679095952694 -0.416754212785403 0.247690927581753 0.0912387641969384 -0.255140504897106
26.6821160126242 19.6372067227121 26.043569566252 -0.860029185642881 0.459061667172398 -0.222737665590552 0.284276833654822 0.793594677871384 0.537953584105904 -0.0698536678406484 -0.132320677078482 -0.339884600421506 0.329550832597225 -0.0446245305664551 -0.226249327799171
26.9202283428873 20.0511529902152 26.2399132152901 -0.974275253624164 0.00205844540226952 0.225351672438758 0.167996550513372 0.673161883516369 0.720159788063431 -0.29320642450888 0.289051962334127 0.154403055042837 0.297642129398018 -0.0381685318518309 0.287655792418854
26.8855255625278 20.4710753731742 26.5192293416896 -0.672368069227464 -0.651551881092045 0.35128508922734 0.125383834823299 0.367463736067085 0.921547165689249 -0.862862136322515 -0.350629672515129 0.803668344796164 0.0583817068345185 0.456902111984309 0.711850570547764
17.0568751265102 5.36848999298486 15.9793347664745 -0.158490083087778 0.980131056577164 0.119263935455219 0.901662939192965 0.0944521112787545 0.42199837316244 -0.711124559215369 0.294633401124144 -0.242583300470897 0.228069194669074 -0.299986174469561 0.00684270942548527
17.5530516327074 5.57703012618991 16.0473930846966 -0.553339071823295 0.620709389374467 0.555459815614861 0.828186567446906 0.338720784029243 0.44651441491402 -0.3967670664183 -0.117695526569253 -0.230664580755071 0.218436246512048 -0.330148031755374 -0.10740209165265
17.8547070294052 5.92427271381747 16.2823209211912 -0.627285471410465 0.0553032412195246 0.776823255277299 0.716664968965221 0.431382285578341 0.547996832814246 0.101789773234789 -0.315998020086452 0.0059401492864617 0.605829600097656 0.408874516639862 0.447327135979318
17.950972217313 6.33514517193835 16.4360601937685 0.0494948432499525 -0.58611866211631 0.808711980747891 0.628513061383513 0.647559961153138 0.430856496441664 -0.285830675410735 -0.102067954933827 0.258516156044286 0.375026521962616 -0.618068285590569 0.586214318408107
18.2340180460209 6.55552442396296 16.8255651587796 -0.0245933559014183 -0.866175909907484 0.499133590067176 0.613055503119669 0.381315518094157 0.691925798681656 0.0968910085752538 -0.26781313784645 0.138705290898974 0.522109188150366 0.266366639940366 0.0567954258574509
18.2630248980068 6.77921916952851 17.3064401377184 0.397028690314196 -0.917077209722943 0.0365717280084891 0.586636260334092 0.284212994314246 0.758340793814597 -0.0208159112966088 -0.00953689650927764 0.252059631989881 0.458879553188928 -0.402245728588819 -0.138463412715679
18.4780558097931 6.84059695321467 17.7432599712396 0.540619655605778 -0.746726873242095 -0.387465156789359 0.707390236047909 0.154216790413784 0.689794259685916 -0.078317687605634 -0.215910595166781 0.121807864614242 0.369350786458975 0.088769228846022 -0.243808950672273
18.7537145087822 6.70160589299446 18.143184401903 0.60817134738782 -0.0900696036812122 -0.788679250147962 0.776190827935049 0.275617867250821 0.567064785360004 0.776894087127902 -0.685368270592405 0.0524372644861097 0.484631226459817 -0.429573139808501 -0.369308222979283
19.1379889785482 6.48127207453737 18.4171920299317 0.383806351472062 0.631394234457608 -0.673820369121394 0.79421712688824 0.146541496273569 0.589698761131877 0.413754851423014 -0.392822514109458 -0.0937020813972239 0.535894718836868 -0.107199425943332 0.433559723819542
19.5886606710065 6.42839548250188 18.6603873163675 0.0446026392186211 0.817319337300713 -0.57445590501799 0.844235016000421 0.276598951171735 0.45908620269951 0.337681905597147 0.656978061763757 0.0248603874438817 0.315151029488026 0.0310456263892851 -0.0424942660110729
20.1403638171622 6.60173070153179 18.6502707849409 -0.556386995225536 0.830056433873303 0.0379435517847405 0.753342604293883 0.484646049280451 0.444514353795668 0.155289813394686 1.24912074135151 0.114212276654351 0.421114379972488 0.0723136988428911 0.374307739288615
20.6938570388487 7.0500765602217 18.5691882709432 -0.555157931257471 0.703523419398544 0.443682714191085 0.81806069290393 0.36548462962677 0.444069332007889 0.243065769764041 1.24852333955641 0.689391767047299 0.517921646607127 0.197725849705748 -0.197785635551181
21.0961748071948 7.52433905775462 18.7383081704512 -0.796995575242358 0.00667556795873021 0.603948152380955 0.495424305565788 0.579182516265453 0.64738107814008 0.484345137907506 0.646433474556109 1.64524317125534 0.338201832738867 0.205116077361 0.0205174017681812
21.4133540165758 7.89741306975123 19.0786400201972 -0.524938335871261 -0.677899045376549 0.514677095671331 0.313718325732367 0.408014245157482 0.857382694286897 0.857524110048683 1.51421701913182 1.43407698804798 0.729056686906723 0.859969388801856 0.390437936478215
20.8189976888255 8.00860168437692 19.2136749439552 0.147155446027673 -0.775290498077215 0.61422292301042 0.618445218435125 0.556748600564001 0.554577669822805 -0.503581858214353 -0.269893302894606 0.386575500540415 0.407620374332163 -0.206906807356168 -0.0609237376490552
21.1038639481446 8.12439389113929 19.5983355385413 0.321052785749633 -0.946647761701193 0.0279822234323881 0.643193430855433 0.239633830275864 0.727239797481309 -0.432570471426034 0.2310492534021 0.13540502189286 0.317702629685557 0.116699263945338 -0.29895199545719
21.4385260950794 8.06811501208349 20.0296846991781 0.376407499211264 -0.817900763389827 -0.435150112271774 0.763162137523929 0.00743553432183395 0.646164184162551 0.301446018762541 0.605047820334638 0.0303861651901395 0.388525669118172 0.28551099935368 -0.283672777371069
21.6544730516016 7.86295003473146 20.3255173996121 0.583643466554024 -0.147558678477697 -0.798490213555882 0.808278676248623 0.199733820325926 0.553887953136388 -0.323468673404593 -0.49621614758039 -0.135226690891927 0.662791547560159 0.180509538644512 -0.168379232320019
22.0809122130726 7.78207348414937 20.4622029465009 0.41523658222829 0.30766948001945 -0.856106275315827 0.892544926214109 0.044182424510325 0.448788771144605 0.478681367858243 0.428751023031643 -0.109398736759788 0.36017847067256 0.118836021704606 -0.134905298401992
22.4541327609515 7.72917969644519 20.6077102354482 0.169146057504879 0.658523905755164 -0.733304689918291 0.863967334902883 0.258973105995313 0.431848653608335 -0.501434784212545 0.27464284718654 -0.194327870687897 0.58899737785733 0.135031199606118 -0.708569641508352
22.9074270156408 7.79662016365501 20.6150458941359 -0.199385896626693 0.972918522518313 -0.116938856021693 0.790559949672047 0.230219616556822 0.567462575827193 -0.219534253932579 0.171869975167225 -0.0295492887230274 0.151005989946327 0.0106840360067528 -0.0422168916126619
23.358437730138 7.99024252833456 20.6693815711038 -0.590404066631754 0.730667476078066 0.342852679614818 0.718079402650192 0.281589428769496 0.636450505847756 -0.197713348738968 0.161823952299883 -0.287080719238744 0.323196476947205 0.36358480378338 -0.155297919451852
23.4888947385482 8.45496571998555 20.7283945172603 -0.546030779025856 0.115441942290738 0.829773118068952 0.783866058518961 0.419928265715256 0.457399318930717 -0.720358123720472 -0.662059865958782 0.152160308676659 0.217224875311079 -0.0291570045346902 0.293794651833918
23.7746697771424 8.74422277309832 20.9595289297287 -0.51677151288395 -0.40058980415276 0.756620706641824 0.699661056025022 0.311701218318668 0.642897066541053 -0.371745009986025 0.143932846286841 -0.138081145934961 0.429292363719705 0.127292216128282 -0.410516937550239
23.8586368033108 9.06613720045371 21.2337988464137 0.0217693335237529 -0.818839357741083 0.573609695807165 0.657054470791004 0.444154225564442 0.609102888961831 -0.188826463986273 -0.217622127392651 -0.475551753042677 0.411795250513995 -0.168777651285438 0.199615190500904
24.045998196222 9.2833297121585 21.5555452322882 0.322855630685738 -0.938506866215816 0.12234780382822 0.646393816595492 0.313075323557576 0.695815176021428 0.231013248242699 0.0964617266157469 -0.284913066421498 -0.0107720868505317 -0.490365056712145 -0.161119551223446
24.1155333407989 9.35567159460566 21.937008638456 0.735869583401193 -0.578681041498591 -0.351602174907352 0.666321074900031 0.52647349070868 0.528054706109548 -0.642411600896169 -0.223788743352089 -0.210881561803665 -0.106212058632823 -0.244325342480319 0.288977898384792
