
#id1 id2 FENE BEXC STCK NEXC HB CRSTCK CXSTCK total, t = 100
0 1 0.560388 0 -0 0 0 0 0 0.560388
1 2 0.0855973 0 -0.872315 0 0 0 0 -0.786718
2 3 0.305088 0 -1.16006 0 0 0 0 -0.854971
3 4 0.171604 0 -1.04036 0 0 0 0 -0.868754
4 5 0.304419 0 -1.24685 0 0 0 0 -0.942435
5 6 0.305389 0 -1.14122 0 0 0 0 -0.835826
6 7 0.16982 0 -1.19635 0 0 0 0 -1.02653
7 8 0.0860546 0 -1.05702 0 0 0 0 -0.970965
8 9 0.232939 0 -1.39705 0 0 0 0 -1.16411
9 10 0.169113 0 -1.30697 0 0 0 0 -1.13785
10 11 0.298744 0 -1.21718 0 0 0 0 -0.918431
11 12 0.111301 0 -1.27345 0 0 0 0 -1.16215
12 13 0.0410548 0 -1.19368 0 0 0 0 -1.15262
13 14 0.18274 0 -1.37445 0 0 0 0 -1.19171
14 15 0.117365 0 -1.21877 0 0 0 0 -1.1014
15 16 0.618578 0 -1.19249 0 0 0 0 -0.573915
16 17 0.000828719 0 -0.798411 0 0 0 0 -0.797582
17 18 0.0341044 0 -1.05265 0 0 0 0 -1.01854
18 19 0.0775274 0 -0.847824 0 0 0 0 -0.770297
19 20 1.92043 0 0 0 0 0 0 1.92043
19 21 0 0 0 0 0 -0 -0.154713 -0.154713
20 21 1.80781 0 0 0 0 0 0 1.80781
21 22 3.33206e-05 0 -0.739072 0 0 0 0 -0.739038
22 23 0.0227628 0 -1.28087 0 0 0 0 -1.25811
23 24 0.0666881 0 -1.18408 0 0 0 0 -1.1174
24 25 0.0991491 0 -0.803259 0 0 0 0 -0.70411
25 26 0.0136036 0 -1.42362 0 0 0 0 -1.41001
27 28 0.0242939 0 -1.19616 0 0 0 0 -1.17187
28 29 0.0871365 0 -1.05769 0 0 0 0 -0.970556
29 30 0.00831038 0 -1.35919 0 0 0 0 -1.35088
30 31 0.0882505 0 -1.33711 0 0 0 0 -1.24886
31 32 0.321315 0 -1.30934 0 0 0 0 -0.98803
32 33 0.246339 0 -1.04829 0 0 0 0 -0.80195
33 34 0.0756217 0 -1.35603 0 0 0 0 -1.28041
34 35 0.0595785 0 -1.38949 0 0 0 0 -1.32991
35 36 0.0944895 0 -1.36326 0 0 0 0 -1.26877
36 37 0.170975 0 -1.22313 0 0 0 0 -1.05216
37 38 7.52545e-05 0 -1.20599 0 0 0 0 -1.20592
38 39 1.8789 0 0 0 0 0 0 1.8789
39 40 1.92445 0 0 0 0 0 0 1.92445
40 41 0.0500676 0 -1.1416 0 0 0 0 -1.09153
41 42 0.0536147 0 -1.29807 0 0 0 0 -1.24446
42 43 0.14367 0 -1.08906 0 0 0 0 -0.945395
43 44 0.0827136 0 -1.26816 0 0 0 0 -1.18545
44 45 0.101623 0 -1.29099 0 0 0 0 -1.18936
45 46 0.454242 0 -1.16316 0 0 0 0 -0.708921
46 47 0.196409 0 -1.37276 0 0 0 0 -1.17635
47 48 0.149636 0 -1.0335 0 0 0 0 -0.883865
48 49 0.150818 0 -1.32222 0 0 0 0 -1.17141
49 50 0.337593 0 -1.13564 0 0 0 0 -0.798042
50 51 0.121162 0 -1.28859 0 0 0 0 -1.16743
51 52 0.653237 0 -0.962492 0 0 0 0 -0.309254
52 53 0.0138201 0 -1.22513 0 0 0 0 -1.21131
54 55 0.0108104 0 -1.38434 0 0 0 0 -1.37353
55 56 0.163554 0 -0.953876 0 0 0 0 -0.790321
56 57 0.555093 0 -1.25933 0 0 0 0 -0.704233
57 58 0.0450126 0 -1.3174 0 0 0 0 -1.27238
58 59 0.0456787 0 -1.38057 0 0 0 0 -1.33489
59 60 0.563537 0 -1.19636 0 0 0 0 -0.632827
60 61 0.202913 0 -1.28221 0 0 0 0 -1.07929
61 62 0.255918 0 -1.08296 0 0 0 0 -0.827042
62 63 0.12053 0 -1.24716 0 0 0 0 -1.12663
63 64 0.0392707 0 -1.34309 0 0 0 0 -1.30382
64 65 0.108708 0 -1.30029 0 0 0 0 -1.19159
65 66 0.170415 0 -1.154 0 0 0 0 -0.983586
66 67 0.012093 0 -1.20609 0 0 0 0 -1.19399
67 68 0.117599 0 -0.832612 0 0 0 0 -0.715012
68 69 0.0274861 0 -1.3711 0 0 0 0 -1.34362
69 70 0.0971464 0 -1.40102 0 0 0 0 -1.30387
70 71 0.070266 0 -1.30698 0 0 0 0 -1.23672
71 72 0.152227 0 -1.38499 0 0 0 0 -1.23276
72 73 0.376684 0 -1.01757 0 0 0 0 -0.640886
73 74 0.0445344 0 -1.37533 0 0 0 0 -1.33079
74 75 0.0938293 0 -1.25068 0 0 0 0 -1.15685
75 76 0.172234 0 -1.21922 0 0 0 0 -1.04698
76 77 0.110779 0 -0.663289 0 0 0 0 -0.55251
77 78 0.0102352 0 -1.13189 0 0 0 0 -1.12166
78 79 0.00589683 0 -1.05674 0 0 0 0 -1.05085
79 80 0.295882 0 -0 0 0 0 0 0.295882
#Total energy per particle is  -0.82184 and should be -0.8218410

