t = 0
b =  30.0 30.0 30.0
E = 0. 0. 0.
8.62732289276 5.38727870725 3.00421951329 0.175481215196 -0.632601222299 0.754335493438 0.708921011066 0.612862388001 0.349042538156 0.0 0.0 0.0 0.0 0.0 0.0
8.68330084872 5.72064223416 3.42185611309 0.542703084155 -0.790088776896 0.285014187493 0.708921011066 0.612862388001 0.349042538156 0.0 0.0 0.0 0.0 0.0 0.0
8.86298798978 5.87390499951 3.9044617059 0.703742977932 -0.64740839557 -0.292588773463 0.708921011066 0.612862388001 0.349042538156 0.0 0.0 0.0 0.0 0.0 0.0
9.20309336482 5.87959100073 4.32037167859 0.597419148438 -0.258766740676 -0.759032367557 0.708921011066 0.612862388001 0.349042538156 0.0 0.0 0.0 0.0 0.0 0.0
9.67938045353 5.82629111526 4.56326019921 0.264125796137 0.22818472535 -0.937106874872 0.708921011066 0.612862388001 0.349042538156 0.0 0.0 0.0 0.0 0.0 0.0
10.2158750258 5.82500594512 4.59253517822 -0.169513362065 0.62844499917 -0.759158812831 0.708921011066 0.612862388001 0.349042538156 0.0 0.0 0.0 0.0 0.0 0.0
10.7137290218 5.96697483231 4.44875988196 -0.538751559906 0.789948510766 -0.292793625338 0.708921011066 0.612862388001 0.349042538156 0.0 0.0 0.0 0.0 0.0 0.0
11.0887745828 6.28901250739 4.23824226958 -0.703309032692 0.651337375887 0.28480875567 0.708921011066 0.612862388001 0.349042538156 0.0 0.0 0.0 0.0 0.0 0.0
11.3035008277 6.75952255779 4.09264682203 -0.600667645259 0.265272282128 0.75420752865 0.708921011066 0.612862388001 0.349042538156 0.0 0.0 0.0 0.0 0.0 0.0
11.3813048639 7.29050143325 4.11897300436 -0.269822576765 -0.221574186727 0.937070251819 0.708921011066 0.612862388001 0.349042538156 0.0 0.0 0.0 0.0 0.0 0.0
11.3976028353 7.77097246588 4.35890438008 0.163532599836 -0.624240917522 0.763924319342 0.708921011066 0.612862388001 0.349042538156 0.0 0.0 0.0 0.0 0.0 0.0
11.451178068 8.10914776171 4.77297232843 0.534759007639 -0.789748086998 0.300550765814 0.708921011066 0.612862388001 0.349042538156 0.0 0.0 0.0 0.0 0.0 0.0
11.6266516332 8.26729995627 5.25555083331 0.702821527747 -0.65521675434 -0.277007048588 0.708921011066 0.612862388001 0.349042538156 0.0 0.0 0.0 0.0 0.0 0.0
11.9623333879 8.27609547106 5.67498557274 0.603870398914 -0.271757622069 -0.74932525392 0.708921011066 0.612862388001 0.349042538156 0.0 0.0 0.0 0.0 0.0 0.0
12.4356674189 8.22294382734 5.92361159697 0.275498809359 0.214946774372 -0.936962267238 0.708921011066 0.612862388001 0.349042538156 0.0 0.0 0.0 0.0 0.0 0.0
12.9718014123 8.21878930761 5.95865704289 -0.157539383966 0.61998929751 -0.768631650059 0.708921011066 0.612862388001 0.349042538156 0.0 0.0 0.0 0.0 0.0 0.0
13.4720242981 8.35596136775 5.81849288 -0.530725731404 0.789487520856 -0.308285018186 0.708921011066 0.612862388001 0.349042538156 0.0 0.0 0.0 0.0 0.0 0.0
13.8512682367 8.67309713311 5.60805513752 -0.702280500221 0.659046235501 0.269184246346 0.708921011066 0.612862388001 0.349042538156 0.0 0.0 0.0 0.0 0.0 0.0
14.0704273132 9.14046250859 5.45897795245 -0.6070271655 0.278222266614 0.744385915171 0.708921011066 0.612862388001 0.349042538156 0.0 0.0 0.0 0.0 0.0 0.0
14.1512145282 9.6712486585 5.47958356018 -0.281154061653 -0.208302992988 0.936782929354 0.708921011066 0.612862388001 0.349042538156 0.0 0.0 0.0 0.0 0.0 0.0
14.1679126661 10.1545521346 5.71372886612 0.151534170862 -0.615690462914 0.773280446499 0.708921011066 0.612862388001 0.349042538156 0.0 0.0 0.0 0.0 0.0 0.0
14.2191530229 10.4975089503 6.12414347418 0.526652038349 -0.789166832183 0.31599579346 0.708921011066 0.612862388001 0.349042538156 0.0 0.0 0.0 0.0 0.0 0.0
14.3904437285 10.6605751618 6.6065893333 0.701685991316 -0.66282552774 -0.261340944682 0.708921011066 0.612862388001 0.349042538156 0.0 0.0 0.0 0.0 0.0 0.0
14.7216837778 10.6725502734 7.02946251586 0.610137704617 -0.284665723457 -0.739389888552 0.708921011066 0.612862388001 0.349042538156 0.0 0.0 0.0 0.0 0.0 0.0
15.1920047361 10.6196358243 7.28379175005 0.286787902976 0.201643348525 -0.936532251822 0.708921011066 0.612862388001 0.349042538156 0.0 0.0 0.0 0.0 0.0 0.0
15.727699006 10.6126859829 7.32463842798 -0.145517417844 0.611344741105 -0.77787035464 0.708921011066 0.612862388001 0.349042538156 0.0 0.0 0.0 0.0 0.0 0.0
16.2302225758 10.7450921945 7.18816953409 -0.522538238703 0.7887860454 -0.323682504432 0.708921011066 0.612862388001 0.349042538156 0.0 0.0 0.0 0.0 0.0 0.0
21.6437189394 2.60603405077 14.4446861693 0.911814627717 -0.166123156668 -0.375495914092 0.313815316633 0.871694159887 0.376389743039 0.0 0.0 0.0 0.0 0.0 0.0
21.9631160926 2.76465159508 14.8465705249 0.583341962005 0.135770943752 -0.800798605267 0.313815316633 0.871694159887 0.376389743039 0.0 0.0 0.0 0.0 0.0 0.0
22.4154860645 2.95421813028 15.0659128132 0.0332479319698 0.386083392671 -0.921864517661 0.313815316633 0.871694159887 0.376389743039 0.0 0.0 0.0 0.0 0.0 0.0
22.8754349034 3.231792387 15.0751160557 -0.529477543296 0.489716305745 -0.692698687044 0.313815316633 0.871694159887 0.376389743039 0.0 0.0 0.0 0.0 0.0 0.0
23.2146893197 3.62099749102 14.9264186108 -0.891045647472 0.407297806646 -0.200365043914 0.313815316633 0.871694159887 0.376389743039 0.0 0.0 0.0 0.0 0.0 0.0
23.3508298526 4.10304614287 14.7320479477 -0.914090612684 0.170140061146 0.368090629324 0.313815316633 0.871694159887 0.376389743039 0.0 0.0 0.0 0.0 0.0 0.0
23.2786034016 4.62387822702 14.6215835552 -0.589857271357 -0.131656738173 0.796702518334 0.313815316633 0.871694159887 0.376389743039 0.0 0.0 0.0 0.0 0.0 0.0
23.0719189671 5.11469915356 14.6927275268 -0.0415272907545 -0.383434941478 0.922633800474 0.313815316633 0.871694159887 0.376389743039 0.0 0.0 0.0 0.0 0.0 0.0
22.8557683853 5.51811607313 14.9741859022 0.522579601905 -0.489539799824 0.698041076199 0.313815316633 0.871694159887 0.376389743039 0.0 0.0 0.0 0.0 0.0 0.0
22.7587398402 5.80994237992 15.414762763 0.888149766736 -0.409660303548 0.208250876451 0.313815316633 0.871694159887 0.376389743039 0.0 0.0 0.0 0.0 0.0 0.0
22.8641650623 6.00838660763 15.9028104176 0.916296986112 -0.1741440088 -0.360657313029 0.313815316633 0.871694159887 0.376389743039 0.0 0.0 0.0 0.0 0.0 0.0
23.1784602113 6.16713470306 16.3086462263 0.596327660795 0.127532506425 -0.792545759421 0.313815316633 0.871694159887 0.376389743039 0.0 0.0 0.0 0.0 0.0 0.0
23.6286882693 6.35495383733 16.5338212042 0.0498034870752 0.380757290228 -0.92333282115 0.313815316633 0.871694159887 0.376389743039 0.0 0.0 0.0 0.0 0.0 0.0
24.0902690338 6.6295666079 16.5485224365 -0.515641864054 0.489326013552 -0.703330306823 0.313815316633 0.871694159887 0.376389743039 0.0 0.0 0.0 0.0 0.0 0.0
24.4343092192 7.01572125864 16.4028995032 -0.885186249957 0.411991603233 -0.216120849878 0.313815316633 0.871694159887 0.376389743039 0.0 0.0 0.0 0.0 0.0 0.0
24.576571171 7.49578940831 16.2080118154 -0.918433579977 0.178134694713 0.353196531283 0.313815316633 0.871694159887 0.376389743039 0.0 0.0 0.0 0.0 0.0 0.0
24.5094761593 8.01646336725 16.093635288 -0.602752637572 -0.123398562582 0.788328645079 0.313815316633 0.871694159887 0.376389743039 0.0 0.0 0.0 0.0 0.0 0.0
24.304983665 8.50900861996 16.1589583001 -0.0580758906675 -0.378050642837 0.923961526457 0.313815316633 0.871694159887 0.376389743039 0.0 0.0 0.0 0.0 0.0 0.0
24.0872527695 8.91537721674 16.4348983712 0.508664858079 -0.489074963209 0.708565976122 0.313815316633 0.871694159887 0.376389743039 0.0 0.0 0.0 0.0 0.0 0.0
23.9854720445 9.21026116027 16.8723560788 0.882155322819 -0.414291528161 0.223974364866 0.313815316633 0.871694159887 0.376389743039 0.0 0.0 0.0 0.0 0.0 0.0
24.084778653 9.41070733692 17.36086875 0.920500231569 -0.182111814979 -0.345708852254 0.313815316633 0.871694159887 0.376389743039 0.0 0.0 0.0 0.0 0.0 0.0
24.3939133183 9.56964111961 17.7705770774 0.609131712403 0.11925522146 -0.784051496459 0.313815316633 0.871694159887 0.376389743039 0.0 0.0 0.0 0.0 0.0 0.0
24.8418995766 9.75575913379 18.0015608415 0.066343871556 0.375315205426 -0.924519868517 0.313815316633 0.871694159887 0.376389743039 0.0 0.0 0.0 0.0 0.0 0.0
25.3050089225 10.0274302609 18.0218002725 -0.501649115305 0.488786667915 -0.713747685378 0.313815316633 0.871694159887 0.376389743039 0.0 0.0 0.0 0.0 0.0 0.0
25.6537673368 10.4105203243 17.8793408962 -0.879057216136 0.416559903186 -0.231810823338 0.313815316633 0.871694159887 0.376389743039 0.0 0.0 0.0 0.0 0.0 0.0
25.802144631 10.8885652307 17.6840402354 -0.922496783504 0.186075066726 0.338194846158 0.313815316633 0.871694159887 0.376389743039 0.0 0.0 0.0 0.0 0.0 0.0
25.7402387544 11.4090259544 17.5658311004 -0.615464399495 -0.115102798592 0.779714639282 0.313815316633 0.871694159887 0.376389743039 0.0 0.0 0.0 0.0 0.0 0.0
18.1077867116 15.2383902655 16.8530740281 -0.0153918913267 -0.204495733732 0.978746435277 0.646432039231 0.744745478749 0.165770294502 0.0 0.0 0.0 0.0 0.0 0.0
18.0896109827 15.7288508994 17.0717132552 0.434826318992 -0.538139916641 0.72203289567 0.646432039231 0.744745478749 0.165770294502 0.0 0.0 0.0 0.0 0.0 0.0
18.1705539268 16.0966425224 17.4549399035 0.719846740817 -0.667335747998 0.191006987252 0.646432039231 0.744745478749 0.165770294502 0.0 0.0 0.0 0.0 0.0 0.0
18.4155859582 16.3123149406 17.8817066006 0.73138535061 -0.542999571432 -0.412585669089 0.646432039231 0.744745478749 0.165770294502 0.0 0.0 0.0 0.0 0.0 0.0
18.8273373033 16.4042105894 18.2144243814 0.465058437596 -0.21236877921 -0.859430131679 0.646432039231 0.744745478749 0.165770294502 0.0 0.0 0.0 0.0 0.0 0.0
19.3450987338 16.4476967683 18.3512350367 0.0220480487759 0.19894446285 -0.979762718339 0.646432039231 0.744745478749 0.165770294502 0.0 0.0 0.0 0.0 0.0 0.0
19.8678860178 16.5365323438 18.2647087495 -0.429338762397 0.5346753773 -0.727867067542 0.646432039231 0.744745478749 0.165770294502 0.0 0.0 0.0 0.0 0.0 0.0
20.2928055174 16.7472471883 18.0122651413 -0.717612599575 0.667274176617 -0.199442548498 0.646432039231 0.744745478749 0.165770294502 0.0 0.0 0.0 0.0 0.0 0.0
20.5541452023 17.1100672024 17.714358598 -0.733253412331 0.546364360009 0.404753529222 0.646432039231 0.744745478749 0.165770294502 0.0 0.0 0.0 0.0 0.0 0.0
20.6483397488 17.5974309896 17.5087156344 -0.470318994399 0.217881588308 0.855176974073 0.646432039231 0.744745478749 0.165770294502 0.0 0.0 0.0 0.0 0.0 0.0
20.6353250657 18.1344608917 17.4980102889 -0.0287025271808 -0.193378041577 0.980704388676 0.646432039231 0.744745478749 0.165770294502 0.0 0.0 0.0 0.0 0.0 0.0
20.6157676406 18.6274102631 17.7108565397 0.423818509994 -0.531170120358 0.733645809519 0.646432039231 0.744745478749 0.165770294502 0.0 0.0 0.0 0.0 0.0 0.0
20.6928196583 18.9992793888 18.0909373758 0.715323809354 -0.667161789725 0.207862921422 0.646432039231 0.744745478749 0.165770294502 0.0 0.0 0.0 0.0 0.0 0.0
20.9329297608 19.2190689636 18.5184005714 0.735065633965 -0.549687540824 -0.396890565807 0.646432039231 0.744745478749 0.165770294502 0.0 0.0 0.0 0.0 0.0 0.0
21.3405980977 19.3135572462 18.8553925501 0.47554373459 -0.223377804879 -0.850858691429 0.646432039231 0.744745478749 0.165770294502 0.0 0.0 0.0 0.0 0.0 0.0
21.8566666438 19.3571265511 18.9984312632 0.0353548197771 0.187796893817 -0.981571374578 0.646432039231 0.744745478749 0.165770294502 0.0 0.0 0.0 0.0 0.0 0.0
22.3807943222 19.4435041639 18.9177207507 -0.41826598217 0.527624412756 -0.739368681527 0.646432039231 0.744745478749 0.165770294502 0.0 0.0 0.0 0.0 0.0 0.0
22.8095782569 19.6501537782 18.6684711239 -0.712980544457 0.666998595879 -0.216267464779 0.646432039231 0.744745478749 0.165770294502 0.0 0.0 0.0 0.0 0.0 0.0
23.075838254 20.0088457434 18.3699233218 -0.736821877505 0.552968860806 0.388997377638 0.646432039231 0.744745478749 0.165770294502 0.0 0.0 0.0 0.0 0.0 0.0
23.1741396809 20.4935869778 18.1600474841 -0.480732260284 0.228857010366 0.846475612601 0.646432039231 0.744745478749 0.165770294502 0.0 0.0 0.0 0.0 0.0 0.0
23.1628581739 21.0304961749 18.1431257889 -0.042004419967 -0.182201444597 0.982363610019 0.646432039231 0.744745478749 0.165770294502 0.0 0.0 0.0 0.0 0.0 0.0
23.1420017582 21.525872547 18.3501339095 0.412681601772 -0.524038524512 0.745035247748 0.646432039231 0.744745478749 0.165770294502 0.0 0.0 0.0 0.0 0.0 0.0
23.2152161265 21.9017943209 18.7269728383 0.71058298333 -0.666784607508 0.224655538531 0.646432039231 0.744745478749 0.165770294502 0.0 0.0 0.0 0.0 0.0 0.0
23.4504079082 22.1257225226 19.1550220042 0.738522009207 -0.556208070067 -0.381074565813 0.646432039231 0.744745478749 0.165770294502 0.0 0.0 0.0 0.0 0.0 0.0
23.8539458052 22.2228630772 19.4962052108 0.485884176356 -0.234318787505 -0.842028071378 0.646432039231 0.744745478749 0.165770294502 0.0 0.0 0.0 0.0 0.0 0.0
24.3682410154 22.2665906568 19.6454480921 0.0486508213577 0.176592120031 -0.983081034668 0.646432039231 0.744745478749 0.165770294502 0.0 0.0 0.0 0.0 0.0 0.0
24.893626182 22.3505724158 19.5705976206 -0.407065794073 0.520412728705 -0.750645076649 0.646432039231 0.744745478749 0.165770294502 0.0 0.0 0.0 0.0 0.0 0.0
11.7015823175 12.1737843012 22.1179111146 0.124832077057 0.50512148339 -0.853972622252 0.700997033597 0.56421071385 0.43619884143 0.0 0.0 0.0 0.0 0.0 0.0
12.2360668461 12.2214937078 22.0907964799 -0.310604461724 0.792119770273 -0.525424721439 0.700997033597 0.56421071385 0.43619884143 0.0 0.0 0.0 0.0 0.0 0.0
12.6997490778 12.4497668409 21.9439112635 -0.628037172467 0.778178512894 0.00274081568138 0.700997033597 0.56421071385 0.43619884143 0.0 0.0 0.0 0.0 0.0 0.0
13.0202702162 12.8554257906 21.7976508161 -0.706868061168 0.468594228015 0.5298650711 0.700997033597 0.56421071385 0.43619884143 0.0 0.0 0.0 0.0 0.0 0.0
13.1796607579 13.3679008092 21.7721731283 -0.517147955227 -0.0190168385646 0.855684727137 0.700997033597 0.56421071385 0.43619884143 0.0 0.0 0.0 0.0 0.0 0.0
13.2211674069 13.876040939 21.941748801 -0.130954694843 -0.499403090229 0.856415449048 0.700997033597 0.56421071385 0.43619884143 0.0 0.0 0.0 0.0 0.0 0.0
13.2328229292 14.2703421186 22.3065444022 0.304990443557 -0.790057758341 0.531779623363 0.700997033597 0.56421071385 0.43619884143 0.0 0.0 0.0 0.0 0.0 0.0
13.3140010326 14.4845496073 22.7925591854 0.625064613282 -0.780556274997 0.00511182788179 0.700997033597 0.56421071385 0.43619884143 0.0 0.0 0.0 0.0 0.0 0.0
13.5376626343 14.5208292686 23.2797392098 0.707666285898 -0.474508412578 -0.523498036477 0.700997033597 0.56421071385 0.43619884143 0.0 0.0 0.0 0.0 0.0 0.0
13.9226367881 14.4489447222 23.6475878404 0.521413704952 0.0118131291376 -0.853222244358 0.700997033597 0.56421071385 0.43619884143 0.0 0.0 0.0 0.0 0.0 0.0
14.4264672123 14.3797529791 23.8209444335 0.137067339922 0.493646665589 -0.858793056492 0.700997033597 0.56421071385 0.43619884143 0.0 0.0 0.0 0.0 0.0 0.0
14.9615421411 14.4230880089 23.7985391224 -0.299353199188 0.787935580451 -0.538094028211 0.700997033597 0.56421071385 0.43619884143 0.0 0.0 0.0 0.0 0.0 0.0
15.4283794986 14.6460329791 23.6534752606 -0.622044453008 0.782874594719 -0.0129640821595 0.700997033597 0.56421071385 0.43619884143 0.0 0.0 0.0 0.0 0.0 0.0
15.7534218035 15.0474342377 23.5054562359 -0.708410619101 0.480386461488 0.517091135452 0.700997033597 0.56421071385 0.43619884143 0.0 0.0 0.0 0.0 0.0 0.0
15.9169818855 15.5583396054 23.4753081517 -0.525639747005 -0.00460852009512 0.850694785403 0.700997033597 0.56421071385 0.43619884143 0.0 0.0 0.0 0.0 0.0 0.0
15.9607223706 16.0681944608 23.6390759707 -0.143169546793 -0.487852647844 0.86110526352 0.700997033597 0.56421071385 0.43619884143 0.0 0.0 0.0 0.0 0.0 0.0
15.9718273531 16.4668432897 23.9991327616 0.293693157913 -0.785753398216 0.544367455115 0.700997033597 0.56421071385 0.43619884143 0.0 0.0 0.0 0.0 0.0 0.0
16.0498797001 16.6863796068 24.483278131 0.618976921639 -0.785133295509 0.0208153491721 0.700997033597 0.56421071385 0.43619884143 0.0 0.0 0.0 0.0 0.0 0.0
16.2690278559 16.7269447645 24.9721683599 0.709101004093 -0.48622792711 -0.510644855935 0.700997033597 0.56421071385 0.43619884143 0.0 0.0 0.0 0.0 0.0 0.0
16.6498156078 16.6566742509 25.3446570778 0.529825759555 -0.00259643990403 -0.848102542746 0.700997033597 0.56421071385 0.43619884143 0.0 0.0 0.0 0.0 0.0 0.0
17.1513771584 16.5858118788 25.5238207945 0.149260850748 0.482021478231 -0.863351894049 0.700997033597 0.56421071385 0.43619884143 0.0 0.0 0.0 0.0 0.0 0.0
17.6869627245 16.6248263177 25.5061834197 -0.288010750767 0.783511377817 -0.550599426329 0.700997033597 0.56421071385 0.43619884143 0.0 0.0 0.0 0.0 0.0 0.0
18.156896231 16.8424421999 25.3630368883 -0.615862252782 0.787332205359 -0.0286650310153 0.700997033597 0.56421071385 0.43619884143 0.0 0.0 0.0 0.0 0.0 0.0
18.4864439176 17.2395304831 25.2133561622 -0.709737388298 0.492032364592 0.504159688835 0.700997033597 0.56421071385 0.43619884143 0.0 0.0 0.0 0.0 0.0 0.0
18.6542069441 17.7487775593 25.1785986531 -0.533971423823 0.00980120217423 0.845445713796 0.700997033597 0.56421071385 0.43619884143 0.0 0.0 0.0 0.0 0.0 0.0
18.7002511678 18.2602588198 25.336560521 -0.155340787912 -0.476153600817 0.865532776988 0.700997033597 0.56421071385 0.43619884143 0.0 0.0 0.0 0.0 0.0 0.0
18.710885454 18.6632008521 25.6918206127 0.282306410487 -0.781209689994 0.556789467265 0.700997033597 0.56421071385 0.43619884143 0.0 0.0 0.0 0.0 0.0 0.0
