
#id1 id2 FENE BEXC STCK NEXC HB CRSTCK CXSTCK total, t = 100
0 1 2.2378 0 0 0 0 0 0 2.2378
1 2 0.0651659 0 -1.30898 0 0 0 0 -1.24382
2 3 0.184212 0 -0.851745 0 0 0 0 -0.667533
3 4 0.148255 0 -1.33439 0 0 0 0 -1.18614
4 5 0.0510888 0 -1.33438 0 0 0 0 -1.2833
5 6 0.697194 0 -1.15006 0 0 0 0 -0.452861
6 7 0.210378 0 -1.32702 0 0 0 0 -1.11664
7 8 0.0460549 0 -1.2731 0 0 0 0 -1.22705
8 9 0.445344 0 -1.08575 0 0 0 0 -0.640403
9 10 0.0670681 0.00587258 -1.03954 0 0 0 0 -0.966601
10 11 0.164234 0 -0.997498 0 0 0 0 -0.833263
11 12 0.346109 0 -1.02093 0 0 0 0 -0.674822
12 13 0.581721 0 -0 0 0 0 0 0.581721
13 14 0.864838 0 0 0 0 0 0 0.864838
14 15 0.0310843 0 -1.05325 0 0 0 0 -1.02217
15 16 0.530539 0 -1.16294 0 0 0 0 -0.632405
16 17 0.419245 0 -1.06495 0 0 0 0 -0.645704
17 18 0.00875099 0 -0.518224 0 0 0 0 -0.509473
18 19 0.709585 0 -0.00326083 0 0 0 0 0.706324
19 20 0.0179586 0 -0.0104264 0 0 0 0 0.00753217
20 21 0.000465056 0 -0.0145809 0 0 0 0 -0.0141158
21 22 0.00162489 0 -0.909356 0 0 0 0 -0.907731
22 23 0.532196 0 -1.28666 0 0 0 0 -0.754466
23 24 0.0555191 0 -1.31829 0 0 0 0 -1.26277
24 25 0.0418802 0 -1.02935 0 0 0 0 -0.987467
25 26 0.0583819 0 -1.38796 0 0 0 0 -1.32958
27 28 0.020788 0 -1.04024 0 0 0 0 -1.01946
28 29 0.0459944 0 -1.29167 0 0 0 0 -1.24567
29 30 0.125192 0 -1.22084 0 0 0 0 -1.09565
30 31 0.199224 0 -1.31789 0 0 0 0 -1.11867
31 32 0.129448 0 -0.800247 0 0 0 0 -0.6708
32 33 0.0178391 0 -1.33329 0 0 0 0 -1.31545
33 34 0.017212 0 -1.1299 0 0 0 0 -1.11269
34 35 0.183982 0 -1.16937 0 0 0 0 -0.98539
35 36 0.190577 0 -1.18343 0 0 0 0 -0.992856
36 37 0.0650582 0 -1.41414 0 0 0 0 -1.34908
37 38 0.053467 0 -1.24368 0 0 0 0 -1.19021
38 39 1.60748 0 0 0 0 0 0 1.60748
39 40 1.12661 0 0 0 0 0 0 1.12661
40 41 0.695448 0 -1.25977 0 0 0 0 -0.564323
41 42 0.180627 0 -1.25731 0 0 0 0 -1.07669
42 43 0.567692 0 -1.40538 0 0 0 0 -0.83769
43 44 0.0590674 0 -1.39091 0 0 0 0 -1.33184
44 45 0.0432539 0 -1.36132 0 0 0 0 -1.31807
45 46 0.280578 0 -1.3317 0 0 0 0 -1.05112
46 47 0.118398 0 -1.27372 0 0 0 0 -1.15533
47 48 0.20345 0 -1.38757 0 0 0 0 -1.18412
48 49 0.255254 0 -1.04891 0 0 0 0 -0.793654
49 50 0.0644363 0 -1.27187 0 0 0 0 -1.20743
50 51 0.275665 0 -1.4087 0 0 0 0 -1.13304
51 52 0.378547 0 -0.786373 0 0 0 0 -0.407826
52 53 0.00660924 0 -1.3465 0 0 0 0 -1.33989
54 55 0.0145758 0 -1.31407 0 0 0 0 -1.2995
55 56 0.10902 0 -1.21187 0 0 0 0 -1.10285
56 57 0.121618 0 -1.3211 0 0 0 0 -1.19948
57 58 0.279254 0 -1.34027 0 0 0 0 -1.06102
58 59 0.212462 0 -1.24293 0 0 0 0 -1.03047
59 60 0.13995 0 -1.38926 0 0 0 0 -1.24931
60 61 0.22396 0 -1.04871 0 0 0 0 -0.824746
61 62 0.206926 0 -1.09852 0 0 0 0 -0.891595
62 63 0.116283 0 -1.15774 0 0 0 0 -1.04146
63 64 0.0519385 0 -1.43353 0 0 0 0 -1.38159
64 65 0.0480283 0 -1.25937 0 0 0 0 -1.21134
65 66 0.10545 0 -1.3304 0 0 0 0 -1.22495
66 67 0.371802 0 -1.32613 0 0 0 0 -0.954333
67 68 0.240197 0 -1.27206 0 0 0 0 -1.03186
68 69 0.116389 0 -1.01853 0 0 0 0 -0.902142
69 70 0.206876 0 -1.05156 0 0 0 0 -0.844682
70 71 0.0737821 0 -1.04373 0 0 0 0 -0.969944
71 72 0.102983 0 -0.887784 0 0 0 0 -0.784802
72 73 0.346937 0 -1.30991 0 0 0 0 -0.962976
73 74 0.232099 0 -1.19889 0 0 0 0 -0.96679
74 75 0.0296434 0 -1.19914 0 0 0 0 -1.1695
75 76 0.0290602 0 -0.220283 0 0 0 0 -0.191223
76 77 0.0657314 0 -1.18562 0 0 0 0 -1.11989
77 78 0.202156 0 -1.27543 0 0 0 0 -1.07328
78 79 0.000622285 0 -1.16439 0 0 0 0 -1.16376
79 80 1.64146 0 0 0 0 0 0 1.64146
81 82 0.0358039 0 -0.683595 0 0 0 0 -0.647791
82 83 0.864919 0 -1.02028 0 0 0 0 -0.155365
83 84 0.0214116 0 -1.202 0 0 0 0 -1.18059
84 85 0.0516823 0 -1.38277 0 0 0 0 -1.33109
85 86 0.187793 0 -1.19087 0 0 0 0 -1.00308
86 87 0.216507 0 -1.35045 0 0 0 0 -1.13395
87 88 0.0657871 0 -1.41584 0 0 0 0 -1.35006
88 89 0.134557 0 -1.33697 0 0 0 0 -1.20241
89 90 0.256102 0 -1.22132 0 0 0 0 -0.965218
90 91 0.067924 0 -1.28524 0 0 0 0 -1.21731
91 92 0.0105929 0 -1.23719 0 0 0 0 -1.2266
92 93 1.96471 0 0 0 0 0 0 1.96471
93 94 2.03504 0 0 0 0 0 0 2.03504
94 95 0.0333805 0 -1.22423 0 0 0 0 -1.19085
95 96 0.0181906 0 -0.977124 0 0 0 0 -0.958933
96 97 1.59247e-06 0 -1.31015 0 0 0 0 -1.31015
97 98 0.621106 0 -1.2319 0 0 0 0 -0.610794
98 99 0.0396864 0 -1.34693 0 0 0 0 -1.30724
99 100 0.00429755 0 -1.38223 0 0 0 0 -1.37793
100 101 0.254526 0 -1.18357 0 0 0 0 -0.929049
101 102 0.38156 0 -1.16076 0 0 0 0 -0.779195
102 103 0.0730615 0 -1.21665 0 0 0 0 -1.14358
103 104 0.0700041 0 -1.28474 0 0 0 0 -1.21473
104 105 0.157109 0 -1.00572 0 0 0 0 -0.848611
105 106 0.186877 0 -1.3607 0 0 0 0 -1.17382
106 107 0.0175109 0 -1.23463 0 0 0 0 -1.21712
#Total energy per particle is  -0.76121 and should be -0.7612110

