
#id1 id2 FENE BEXC STCK NEXC HB CRSTCK CXSTCK total, t = 100
0 1 0.000591337 0 -1.3136 0 0 0 0 -1.31301
1 2 0.49304 0 -1.22216 0 0 0 0 -0.729124
2 3 0.47299 0 -1.27673 0 0 0 0 -0.803737
3 4 0.276491 0 -1.20684 0 0 0 0 -0.930352
4 5 0.077321 0 -1.17412 0 0 0 0 -1.0968
5 6 0.119338 0 -1.26612 0 0 0 0 -1.14678
6 7 0.12225 0 -1.43445 0 0 0 0 -1.3122
7 8 0.146433 0 -1.20192 0 0 0 0 -1.05548
8 9 0.175521 0 -1.34744 0 0 0 0 -1.17192
9 10 0.295275 0 -1.17124 0 0 0 0 -0.875969
10 11 0.259289 0 -1.28503 0 0 0 0 -1.02574
11 12 0.174254 0 -1.17292 0 0 0 0 -0.998667
12 13 0.0177458 0 -1.31787 0 0 0 0 -1.30013
13 14 0.0177962 0 -1.23599 0 0 0 0 -1.21819
14 15 5.06869e-05 0 -1.11241 0 0 0 0 -1.11236
15 16 0.00262799 0 -1.32469 0 0 0 0 -1.32206
16 17 0.0149389 0 -0.632432 0 0 0 0 -0.617493
17 18 0.088991 0 -0.576088 0 0 0 0 -0.487097
18 19 0.0237258 0 -1.3656 0 0 0 0 -1.34188
19 20 0.0605883 0 -1.12456 0 0 0 0 -1.06397
20 21 0.447932 0 -1.13701 0 0 0 0 -0.689077
21 22 0.000926367 0 -0.814482 0 0 0 0 -0.813556
22 23 0.0523852 0 -1.30559 0 0 0 0 -1.25321
23 24 0.0444642 0 -1.04288 0 0 0 0 -0.998416
#Total energy per particle is  -0.987088 and should be -0.98708810

