
#id1 id2 FENE BEXC STCK NEXC HB CRSTCK CXSTCK total, t = 100
0 1 0.49813 0 -0 0 0 0 0 0.49813
1 2 0.0216158 0 -0.577883 0 0 0 0 -0.556268
2 3 0.211237 0 -1.25616 0 0 0 0 -1.04492
3 4 0.247318 0 -0.769845 0 0 0 0 -0.522527
4 5 0.498363 0 -1.14796 0 0 0 0 -0.6496
5 6 0.158189 0 -1.01274 0 0 0 0 -0.854554
6 7 0.154893 0 -1.28421 0 0 0 0 -1.12931
7 8 0.201992 0 -1.40299 0 0 0 0 -1.20099
8 9 0.0451531 0 -1.26756 0 0 0 0 -1.22241
9 10 0.234226 0 -1.24142 0 0 0 0 -1.0072
10 11 0.0492666 0 -0.795813 0 0 0 0 -0.746546
11 12 0.00636266 0 -1.17018 0 0 0 0 -1.16382
12 13 0.0152217 0 -0 0 0 0 0 0.0152217
13 14 2.53538e-05 0 -0.697749 0 0 0 0 -0.697724
14 15 0.0444659 0 -1.12102 0 0 0 0 -1.07656
15 16 0.350768 0 -1.30079 0 0 0 0 -0.950021
16 17 0.256814 0 -0.850702 0 0 0 0 -0.593888
17 18 0.1487 0 -1.29973 0 0 0 0 -1.15103
18 19 0.11318 0 -0.618279 0 0 0 0 -0.505099
19 20 0.219638 0 -0.384435 0 0 0 0 -0.164798
20 21 0.762492 0 -0.0550963 0 0 0 0 0.707396
21 22 0.0171694 0 -0.555832 0 0 0 0 -0.538663
22 23 0.0121227 0 -1.16138 0 0 0 0 -1.14925
23 24 0.131255 0 -0.97311 0 0 0 0 -0.841855
24 25 0.0937259 0 -1.22184 0 0 0 0 -1.12811
25 26 0.0141695 0 -1.15179 0 0 0 0 -1.13762
27 28 0.00835331 0 -1.34131 0 0 0 0 -1.33296
28 29 0.501256 0 -1.1413 0 0 0 0 -0.640047
29 30 0.00041164 0 -1.19306 0 0 0 0 -1.19265
30 31 0.299963 0 -1.07115 0 0 0 0 -0.771185
31 32 0.0389363 0 -1.24939 0 0 0 0 -1.21046
32 33 0.150496 0 -1.2306 0 0 0 0 -1.0801
33 34 0.178232 0 -1.28041 0 0 0 0 -1.10218
34 35 0.0770653 0 -1.33867 0 0 0 0 -1.2616
35 36 0.105233 0 -1.30778 0 0 0 0 -1.20255
36 37 0.0631297 0 -1.19679 0 0 0 0 -1.13366
37 38 0.00446373 0 -1.3015 0 0 0 0 -1.29704
38 39 1.41033 0 0 0 0 0 0 1.41033
39 40 1.18177 0 0 0 0 0 0 1.18177
40 41 0.000226751 0 -1.19925 0 0 0 0 -1.19903
41 42 0.0407874 0 -1.19631 0 0 0 0 -1.15553
42 43 0.163565 0 -0.987984 0 0 0 0 -0.824419
43 44 0.189137 0 -1.32093 0 0 0 0 -1.1318
44 45 0.066664 0 -1.29167 0 0 0 0 -1.22501
45 46 0.0424866 0 -1.08854 0 0 0 0 -1.04605
46 47 0.080193 0 -1.04367 0 0 0 0 -0.963472
47 48 0.0208728 0 -1.09777 0 0 0 0 -1.0769
48 49 0.432907 0 -1.34755 0 0 0 0 -0.914643
49 50 0.061818 0 -1.16687 0 0 0 0 -1.10505
50 51 0.177343 0 -1.21092 0 0 0 0 -1.03358
51 52 0.160303 0 -1.08276 0 0 0 0 -0.922454
52 53 0.768345 0 -1.06049 0 0 0 0 -0.29214
54 55 0.0150439 0 -1.2324 0 0 0 0 -1.21736
55 56 0.0490048 0 -0.831645 0 0 0 0 -0.782641
56 57 0.126179 0 -1.29542 0 0 0 0 -1.16924
57 58 0.0612105 0 -1.20822 0 0 0 0 -1.14701
58 59 0.220775 0 -1.17079 0 0 0 0 -0.950016
59 60 0.0486312 0 -1.16055 0 0 0 0 -1.11192
60 61 0.116924 0 -1.41892 0 0 0 0 -1.30199
61 62 0.395576 0 -1.33856 0 0 0 0 -0.942987
62 63 0.104972 0 -1.4124 0 0 0 0 -1.30743
63 64 0.0534478 0 -1.18348 0 0 0 0 -1.13004
64 65 0.453883 0 -1.23042 0 0 0 0 -0.776535
65 66 0.129781 0 -1.27088 0 0 0 0 -1.1411
66 67 0.108318 0 -1.33763 0 0 0 0 -1.22931
67 68 0.492233 0 -1.21309 0 0 0 0 -0.720855
68 69 0.221879 0 -1.2831 0 0 0 0 -1.06123
69 70 0.445325 0 -1.40198 0 0 0 0 -0.956656
70 71 0.107784 0 -1.32915 0 0 0 0 -1.22137
71 72 0.0663841 0 -1.29757 0 0 0 0 -1.23119
72 73 0.0703323 0 -1.30034 0 0 0 0 -1.23001
73 74 0.0807145 0 -1.1348 0 0 0 0 -1.05408
74 75 0.0427233 0 -1.26164 0 0 0 0 -1.21892
75 76 0.568346 0 -1.23051 0 0 0 0 -0.662168
76 77 0.114978 0 -1.15309 0 0 0 0 -1.03812
77 78 0.0131149 0 -0.843523 0 0 0 0 -0.830408
78 79 0.00685492 0 -1.06643 0 0 0 0 -1.05957
79 80 0.0646616 0 -0.406513 0 0 0 0 -0.341851
81 82 0.00540837 0 -0.979692 0 0 0 0 -0.974283
82 83 0.020973 0 -1.1767 0 0 0 0 -1.15572
83 84 0.151472 0 -0.947814 0 0 0 0 -0.796342
84 85 0.0701981 0 -1.3023 0 0 0 0 -1.2321
85 86 0.0772079 0 -1.29229 0 0 0 0 -1.21508
86 87 0.29318 0 -1.29193 0 0 0 0 -0.998753
87 88 0.397193 0 -1.39225 0 0 0 0 -0.995061
88 89 0.139648 0 -1.2675 0 0 0 0 -1.12785
89 90 0.342169 0 -1.3834 0 0 0 0 -1.04123
90 91 0.11238 0 -1.26194 0 0 0 0 -1.14956
91 92 0.178787 0 -1.25932 0 0 0 0 -1.08054
92 93 0.104584 0 -1.35768 0 0 0 0 -1.2531
93 94 0.185459 0 -1.32675 0 0 0 0 -1.14129
94 95 0.434826 0 -1.27601 0 0 0 0 -0.841185
95 96 0.266712 0 -1.40281 0 0 0 0 -1.13609
96 97 0.117594 0 -1.323 0 0 0 0 -1.20541
97 98 0.286868 0 -1.24958 0 0 0 0 -0.962716
98 99 0.265488 0 -1.20197 0 0 0 0 -0.936478
99 100 0.0267506 0 -0.951954 0 0 0 0 -0.925203
100 101 0.028708 0 -1.08878 0 0 0 0 -1.06007
101 102 0.2198 0 -1.35489 0 0 0 0 -1.13509
102 103 0.114338 0 -1.04779 0 0 0 0 -0.93345
103 104 0.00487572 0 -1.41186 0 0 0 0 -1.40698
104 105 0.0282438 0 -1.21393 0 0 0 0 -1.18568
105 106 0.517281 0 -0.310864 0 0 0 0 0.206417
106 107 0.148427 0 -0.0239024 0 0 0 0 0.124525
#Total energy per particle is  -0.86784 and should be -0.8678410

