t = 100
b = 30 30 30
E = -0.657083906427821 -0.867840201669787 0.210756295241966
22.839085336605 24.3759669510423 16.7141882051539 0.871687078680528 -0.447770721235061 -0.199155464213225 0.485360426741419 0.732656802598013 0.477115444038038 1.48372729077233 3.34568452588251 -0.121705566547351 -0.0360562485725788 1.19055948924453 0.331036947932518
22.8785071339775 23.9115795949681 17.1667192155022 0.853056247592493 0.252957891032769 -0.456406863008417 0.0803221957071538 0.800568781186082 0.593833185565991 0.305769907837631 0.426807058277672 -0.588612453806542 0.474024793990558 -0.228547738356739 -0.768804806701028
23.1007415590954 23.9219083046084 17.6136224809041 0.36020671324899 0.529649049004214 -0.767934170020857 0.271872749510179 0.72785644177756 0.629531646317284 0.160141198036827 0.47193845547983 0.0543442055251581 0.462272529931154 -0.316691738624325 0.154596254479079
23.3656432020328 24.2286612650734 17.9103867670665 -0.194837949896037 0.577278401722931 -0.792961349083134 0.3365172634166 0.798726712634242 0.498790194193292 0.0721251589691069 0.654657617680767 0.228163072146021 0.523193103792254 -0.0886219123640634 -0.127768263487203
23.5809160405487 24.5644359689083 17.8303532783691 -0.785928855887374 0.541856172186524 -0.297838218358788 0.399599875266547 0.812696338697997 0.424080760483129 0.0165495124031197 0.772093776666275 -0.336272495388835 0.5444119568642 -0.0157725868902823 0.474805412731677
23.6602734760009 25.0113604490707 17.8913610473521 -0.958867367577476 0.282250696156456 0.0301296707773959 0.25153940210311 0.795720592694389 0.550959661293232 0.11830223356263 0.227877253717339 0.292229518443341 0.376133552428453 -0.0813411285050286 -0.005889200068469
23.5561515917281 25.4636429635943 17.9347972766208 -0.856724628258981 -0.148868995582171 0.493822654788114 0.167770624136453 0.824937912934914 0.539750255470649 0.212522054892535 -0.342003589403041 0.345468108248859 0.172445466441116 0.0607055541024429 0.0782352643454821
23.452693370308 25.9275388815345 18.0163668841496 -0.469303308226894 -0.501117314237283 0.727073396515505 -0.0271356682654679 0.831173488921209 0.555350492489808 -0.0624502006370372 0.156751687029516 0.0373262613235247 0.235769528817878 0.0503428562655194 -0.365731113269657
23.2210266859009 26.2738980137296 18.2351144492923 0.120307590092583 -0.627322409101459 0.769410528083305 -0.0701732821718411 0.767727317921071 0.636922570380783 0.0331177901919896 -0.030319937338614 0.251770024410399 0.735300501554458 0.322736310447159 0.076431375774814
22.9510756869665 26.4248638532002 18.5362846645309 0.85251681756605 -0.199318236826738 0.483205132776291 -0.190273301316803 0.742678432568675 0.64204727696844 0.324342602409673 -0.222211695715488 0.107737280535276 0.393800292377776 -0.0652580313012798 0.468778131574387
22.9104099028103 26.6603053029777 18.9317430627072 0.994646922062979 0.0730962675010324 -0.0730364381785344 -0.00229520536750038 0.722271393872885 0.691605848426887 0.33381057859595 -0.282115418893558 0.335977302759536 0.527985410867222 -0.3472373849124 -0.0273789825322382
23.1745757622709 26.8023728688875 19.3925717206818 0.842857050560521 0.283041251121604 -0.457689330672715 0.116133467972046 0.734795447748785 0.668272811081316 0.853353758645807 0.60400814424615 0.00630965077822233 0.464595717592506 0.0518336684860735 0.448938651565897
23.5100813097142 26.993434974264 19.7510690680074 0.212137995682365 0.563266497710459 -0.798578868195504 -0.0368955491560279 0.82121185800406 0.569429262915973 0.633821770829646 0.514672785445812 -0.0323224604241647 0.185708340771932 0.00673605123917543 0.811411938052447
24.1656954519165 27.0894068546777 19.973807286417 0.000701183777120325 0.555044529501373 -0.831820272086903 0.139429141681646 0.823641025580008 0.549704335464252 1.34494160552656 -0.763841771384335 0.12128261260346 -0.0607327478900271 -0.440726744293007 -0.418966375205956
24.240349682367 27.6430870878131 20.0593777793537 -0.672958758359403 0.264276458350441 -0.690857688068001 -0.0379414666401995 0.920432731802201 0.389055153688587 1.03395104817485 -0.290468471711851 -0.0109716047357276 0.23022567800078 0.569372625384465 -0.399488341739312
24.2107347547955 28.1037964644176 19.9482970576381 -0.998311089072085 0.0180511627395068 0.0552178225987053 0.0399153919737624 0.903743422696344 0.426209421853764 0.461781295375146 -0.360187790188335 -0.171611702456914 0.270087243961208 0.325182445813388 0.466051305605714
24.1264903183812 28.5443175987098 20.0643383150263 -0.807451030407249 -0.355260384639536 0.470970035970367 -0.048512947362285 0.835625369440502 0.547153194158329 -0.309942809802478 -0.602069073420524 -0.833808215375412 0.539816254778872 0.546222871050771 -0.172527618930613
23.8181033354492 28.9091086478335 20.0773942023735 -0.439348827997895 -0.519590937423434 0.732801300496788 -0.114737994932664 0.841526025780242 0.527891112643995 0.336086243699422 -0.477519470091588 0.102593649175793 0.69842937773704 0.348153491964165 0.328160990009821
23.5516542912873 29.2712406121838 20.2553887370936 0.112179668757733 -0.643516924931125 0.757166805209002 -0.201974918068283 0.731304072504669 0.651460189723748 -0.862574924706864 -0.66509998239583 0.191748522267454 0.622760437961474 0.442785988416821 -0.232882540262609
23.2222168543596 29.3449924353025 20.7656194213251 0.653626218326423 -0.599417523176202 0.462029524200626 -0.028530320237405 0.590540412343486 0.806503524776174 0.164100333734238 -1.41314226499127 0.236964174744864 1.02329219464851 0.586781299052197 0.0899883390744178
23.1215836351374 29.0740372432364 21.2253248370282 0.956661416602851 0.234360188652919 0.172841308097612 -0.286671773703683 0.653652007445069 0.700398625810173 -0.384126333249109 -2.25672668228741 -0.130555307017927 0.524406150804328 -1.02828047768855 0.316360877647889
23.3233936360794 29.7895192750859 21.5436619540342 0.866264565572434 0.000746083736731933 -0.499584855071037 0.256099553957905 0.85794892380309 0.445349911322429 0.0407854643092746 -1.00178401765093 -0.116895040022418 0.0350868126155613 0.0294049126477064 -0.401084803093338
23.6693843153995 30.0903400833571 21.9970838892205 0.39630843728653 0.484680475557857 -0.779759155106117 0.175859710581594 0.79350294121724 0.582603060404178 0.0615315387678292 -1.11742990250131 -0.618721934701364 0.354460690569773 0.157082565410739 -0.312963394466126
23.9986370247713 30.4333845699038 22.2888420211699 -0.107001831341661 0.438322883016748 -0.892425649802775 0.153954473844369 0.894057429612965 0.420665204421712 -0.162356429841876 -0.158757183403757 -0.435338934238892 0.381472876744287 0.167469483395808 -0.176921756100157
24.2231876908232 30.8370569766706 22.5431605626049 -0.602819784168325 0.264831040652723 -0.752643814891158 0.0535163697469007 0.954603936101425 0.29303107120241 -0.383479774738749 0.238245399499603 0.155234544820311 0.552284243736393 0.19907317069278 -0.479870361087449
24.4290696864634 31.2287179808957 22.5103145668488 -0.994013517639416 0.10443438153815 0.0321009088867318 0.108736752791914 0.916992085039663 0.383799062772988 -0.377313036656216 0.362227636704025 0.656977927494782 0.341811027552085 -0.120192578139332 0.298327358159109
24.4269337639592 31.7195576679017 22.5617135951668 -0.74765534024806 -0.423165815495608 0.511802766015839 -0.0495633922052766 0.804093822881375 0.592432675714111 -0.371704129150083 0.219957087576097 0.524863489053263 0.161237642163034 0.139769171589979 0.514505683902645
17.1490533226123 10.9743335079211 13.5561079396426 0.48734108958721 -0.827285035177836 0.279460219504802 0.65656185612113 0.5581518343784 0.507339078184811 0.570012842360688 -0.115510673672112 -0.31593680252567 0.0961143537621661 0.118457578387888 -0.0942484720322
17.3368974113015 11.0933306539312 13.9880811294741 0.72474240543404 -0.521777638882647 -0.449996027865677 0.677016819010689 0.417895788753565 0.605814513303167 -0.287020851958324 -0.0864891425064176 0.0773469314058726 0.216906300757614 -0.0469781370268337 0.172477105732994
17.7160586976197 11.2725470746464 14.2532414878431 0.615375748547852 -0.292504928224605 -0.731951799501026 0.766340544432865 0.439353432656275 0.468711655763933 -0.094025475538081 0.0607090485690608 -0.182254428499607 0.479465179813792 0.352776379379155 -0.0711506848719797
18.1343321031015 11.1473340460604 14.4038737192014 0.282784016376313 0.64379596031608 -0.711027320252943 0.589301790751871 0.468270979889316 0.658365832855103 -0.0585497230840504 -0.113878537580328 -0.578439933655435 0.398848164671406 -0.467772375779508 0.39468636940486
18.4974454026564 11.3863369830558 14.6556238165473 -0.0959828433762444 0.657703529405743 -0.747136696078638 0.776840422896595 0.518792585506147 0.356893673996952 0.308392280396058 0.388111280110915 0.0706280157645333 0.30082573442171 0.0658457988557293 -0.231401580474756
18.9112276579829 11.5030315845046 14.4986539764001 -0.372365279841896 0.92748706087345 0.033342670543314 0.831817649219781 0.317591645833279 0.455208552178549 -0.378063960300327 0.292943595069428 -0.275631180785067 0.342841660852025 -0.496457045224681 0.274922837929914
19.3500216052538 11.7242988160432 14.5790243564681 -0.667803272625929 0.618416466499436 0.414245995291596 0.743875961835721 0.534884792549834 0.400682783379061 -0.119244967830584 0.0384737115759585 0.21150958948968 0.0899169316495685 -0.256151387970901 0.0753835260945308
19.5941729164724 12.1381382625333 14.6538494742983 -0.64925392617859 0.142642067102307 0.747075940542289 0.584475197570883 0.722106010574427 0.37006963712347 -0.0559895517851403 0.241744610257491 0.702762378654275 0.435053770856538 0.0335787865704849 -0.0508854905714822
19.6302948014688 12.6320084880578 14.7348982253633 -0.269031596885012 -0.308564155291821 0.912365081977572 0.449905077286537 0.797322385449524 0.402321171821496 0.0329840907006818 -0.116859709945193 0.637061278454474 0.471455931690085 0.0286691054623351 0.225392795911413
19.7116319092266 13.0764401550921 14.9642597318285 0.169000257557997 -0.676731964630376 0.716570053660897 0.569414526783596 0.66046045706525 0.489447610899315 0.334626850854406 0.538472256911837 0.850484146397665 0.605390640604534 -0.368449216195485 0.0448100889553016
19.833207768334 13.4068688548576 15.3361999271949 0.628576450272848 -0.755626981631535 0.184172183024686 0.51089027516311 0.57970485013321 0.634770274826345 0.28199059844556 0.0664082019522591 0.601252849669707 0.381379113527907 -0.218480046963238 0.238128925021715
20.0005021312149 13.5433977304249 15.8071750692629 0.799628920543203 -0.263796477222562 -0.539448706576829 0.581432936575184 0.564671523967127 0.585731759534824 0.565352926171578 -0.298707578191312 0.548698031483835 0.324818089884523 -0.0631716536925416 0.74633438088621
20.5010618337043 14.8371921329802 16.4365504077205 0.654283755629618 -0.148823456580099 -0.741460873403814 0.72391523992732 0.406875826368909 0.557134342138984 1.35155097598346 5.03821126560472 1.45232043266514 0.498824116720318 -0.0452812781470792 0.287611779403361
20.7291459816928 13.6621551794813 16.27858505089 0.510478094910011 0.0677195646795224 -0.857219964281202 0.683156469984077 0.573479220661162 0.452126864919435 0.552592591094802 0.861700748516995 -0.164209292932536 0.422351971873115 0.121929092193694 -1.12784834649465
21.1906866781274 13.571748169247 16.4180032440287 -0.00753847501732776 0.70044015183047 -0.713671245577933 0.799049449099538 0.433315802820046 0.416842029686818 -0.117500854718441 0.894583303081336 0.0699025943311369 0.538412189655298 -0.19874618880008 -0.0783525797461891
21.6373356180442 13.7144745196683 16.2904134552265 -0.424549052976808 0.884287807308466 -0.194404362744136 0.850029672715174 0.463225484638514 0.250742086182752 -0.331546663717198 -0.165869966245644 -0.479742152470003 0.444041830647068 0.144151958401087 -0.022956159442442
21.9513075067793 14.0773957438674 16.2336461586794 -0.712913322472397 0.673524587738989 0.195241150002027 0.686165372207472 0.612552372947484 0.392372977343074 0.0347361189554545 -0.177463216834537 0.312291270967989 0.273673178503313 -0.00673137511947705 -0.0165074748862547
22.2339030621806 14.4248763893137 16.2450123302634 -0.675586402085764 0.151353939386477 0.721578047878098 0.640887123135421 0.604386340729537 0.473266021776053 0.280286713695647 0.308896435542289 0.211499624424596 0.318096345480918 -0.120140500104327 -0.18281383323175
22.2764753719817 14.8848132990768 16.3015247066609 -0.170355465552233 -0.373821676945755 0.911721587408565 0.559794089034311 0.724726719628057 0.401748233769311 -0.00939358982866337 -0.60611575368933 0.723910485757867 0.28587048852568 -0.420605909164953 0.146209515785732
22.363195696434 15.3794583703744 16.53290749514 0.0864822537377044 -0.704566765350285 0.704348190713093 0.586437460598876 0.607533961451581 0.535717717353482 0.0400249501732394 0.0522403068441545 0.689641747605759 0.633663706864375 0.127076113659552 -0.0333537569995324
22.2903593365584 15.7374536832754 16.8948575846295 0.619353246969004 -0.705930419068993 0.343603957649139 0.537195686041525 0.700202636760501 0.470252000685445 -0.324502080573061 -0.593298814134519 -0.383564448817893 0.236739157597127 0.299960514480818 0.328742465826976
22.5722800541934 15.9393703025853 17.2589256933295 0.614162771756826 -0.728188313840066 -0.304213330468439 0.772419690741989 0.475641756547756 0.420871265151829 0.257132035938149 -0.330611575364664 -0.218201223772206 0.210662353229654 -0.037181051651655 -0.418580428755304
22.9247999836785 15.9848317895091 17.5427472359006 0.549613400607324 -0.423325051416323 -0.720222808405284 0.834860159255258 0.309844447828673 0.454977828483095 0.217092970880616 -0.242047887122577 -0.659614130285223 0.652073458978828 0.676780163843861 -0.244229367679864
23.2239149944117 15.8636422118146 17.8772140557025 0.368473308213358 0.357778839388665 -0.858033568142329 0.779748116396381 0.383609005421394 0.494809957457394 -0.184531805518996 -0.168948764255879 -0.141252087714814 0.616816806832128 -0.44942832390353 -0.12599179668632
23.6559364090386 15.9093263064632 18.0317609675441 -0.148682817367035 0.690962113116192 -0.707435268411445 0.772234780473403 0.527985936141182 0.353389556786665 0.415418992182339 0.219030046908675 0.346615995433784 0.489593946025716 -0.529700844977195 0.00982369961003188
24.0877204098435 16.0986877873668 18.0112479210494 -0.598133924883711 0.706497831961491 -0.378280983347758 0.729978496361465 0.675102148106533 0.106622592671175 0.04466192939551 0.304259570284961 -0.0174636125201526 0.726219928065279 -0.00324888890305083 -0.135970085348401
24.4036693846046 16.2320514875131 17.8355342077224 -0.382558002283656 0.899380459060315 0.211575168053452 0.92389870739956 0.370452617325936 0.095791034195988 -0.434551283751402 -0.396609281039747 -0.380658873242673 0.639260344217992 -0.629532466173915 -0.0576410058847943
28.8038248909699 16.0807953559887 14.8039746728371 0.852229467056442 -0.396177960788537 -0.341683832845795 0.498075343104345 0.414572566881033 0.761610416869192 0.255937219510659 -0.418952721256552 -0.100523958099154 0.403170327935089 0.155344755291115 -0.700120095073463
29.0399957344208 16.0693939582656 15.2752546872575 0.703841788782958 0.261069663773583 -0.660643056280749 0.452469511905467 0.552179471897463 0.700263561744407 -0.0210128528360664 -0.25594053955348 0.198800234457244 0.446900354588164 0.0344290301385926 0.324280546976538
29.3387577705723 16.3694543278186 15.6576208613082 0.218734960279899 0.508347102354912 -0.832909431938752 0.30158340411981 0.776569120578092 0.553161578784945 0.0889451507614432 0.104385489865704 0.000628533396503708 0.229380859972685 0.0525279742406285 -0.336371097791125
29.6762708850529 16.673908708289 15.8451192565566 -0.399403973194764 0.557799656237841 -0.727554733740902 0.442203378465185 0.812396110423821 0.380090281859726 0.146369101618291 0.712341814064661 -0.0617097240078318 0.521195762452847 0.248010096075109 -0.300782474552826
30.0377401021878 16.9422016239759 15.74164416066 -0.755931255117121 0.652883235516998 0.048075980759113 0.565781320101224 0.614604835407285 0.549683800345645 -0.289915794846211 0.159536342413223 -0.139784637194273 0.769039334847015 -0.251405586113247 0.443109256771035
30.3110117444191 17.3065172191246 15.9631486470045 -0.927983739494492 0.246729091873031 0.279232547592422 0.366648802059866 0.738236743723724 0.566193473372349 0.0421504298836293 -0.0100456632863886 0.0200392621469149 0.134993646847987 -0.00444676295994566 -0.0777401955968638
30.4287497603536 17.7603211140264 16.203355610639 -0.824401259644855 -0.305808756736018 0.47628085162314 0.129744841097244 0.716968040082351 0.684925535404993 -0.176661620379128 -0.321915603618975 0.420460738076047 0.469177402992253 0.159302036633813 -0.644515586192651
30.2589348643982 18.1747081826529 16.3820871824524 -0.306482384662086 -0.636082577568993 0.708143618087768 0.0796389224904211 0.724201683772567 0.684974050680005 0.0517055077860067 -0.459715464410981 0.697852353646209 0.730475185414103 0.00854974251429987 -0.184006928103203
30.0587808527412 18.4973148161822 16.6398826007308 0.189443769026008 -0.724563274608672 0.662660550043124 0.0610776361342802 0.682270499261561 0.728544010291205 0.426038135293611 0.0955226559112759 0.101659996550243 0.601340225569622 0.0856364650162234 0.0952354858727264
29.9041095542503 18.6804129596474 17.0237934232971 0.847160630326412 -0.430349672899294 0.311637459640577 0.113429629215113 0.719473763561918 0.685194208922828 0.327502806054882 0.0101709716886257 0.142331014241725 0.254628265262761 -0.550951380455705 -0.140086490225346
29.9994442424578 18.7793687789575 17.4723658101051 0.956495904176078 -0.0054406875884953 -0.29169481862813 0.242128262342148 0.572574947661276 0.783282654219097 0.435358054239743 0.0284598307278136 0.134543229971114 0.297593742295231 -0.13899314953024 0.226098077294646
30.1633668510727 18.9367413977427 17.8753697801047 0.766112699941664 0.199244528455782 -0.611042413044181 0.47751417151518 0.459887376223563 0.748654597629799 0.154427266233869 0.306179867320986 -0.0778996377330202 0.34365085931743 0.0966148847250307 -0.191373848361166
30.5185678616682 18.9732357671603 18.1395429725851 0.201343686888756 0.774296892769075 -0.599937432845871 0.266229930740583 0.546164827298675 0.794245230520513 -0.00663196149667314 0.213813787420617 -0.353509027207137 0.361215986931297 -0.504328259318854 0.121222493092862
30.8497073398061 19.1682635076745 18.4579529127639 -0.425097811968707 0.764469953862666 -0.484641539704131 0.293717806104599 0.622958523954158 0.725018902268095 -0.0585822241474343 0.265712277863479 -0.437304451573169 0.337195773103655 -0.145218924425913 -0.170005027448983
31.1311761873902 19.4905790620823 18.5174683002801 -0.777105045265936 0.625371666464493 -0.0708371964689382 0.483918709804343 0.665677276321813 0.568063668164907 -0.847236951692478 -0.395525286074391 -0.472692902319313 0.307026792980331 0.228523040478362 0.259885740836967
31.3475331982413 19.8969652788782 18.6001217959462 -0.941422224768928 0.20824080310469 0.265254299643056 0.334431804836745 0.677625230773173 0.654965110139965 -0.328467765296812 -0.0823054389976348 -0.131911333654517 0.378414440494858 0.146422137426203 0.0375144259499682
31.4314605581868 20.3064352784141 18.7801105401457 -0.826656635336003 -0.22568311563381 0.515466605599533 0.214208179231429 0.720867659361834 0.659139253714922 0.0755681260829872 0.0938111783382613 0.395913799829162 0.346620831917363 0.194576022125611 -0.201387983574315
31.3022537634103 20.7319093214825 18.9360955700919 -0.33482536887498 -0.619760697323236 0.709780622541254 0.147119396067713 0.709637164099447 0.689036183658307 0.0163942598845883 -0.69716029466292 -0.134655863849998 0.376347737832098 0.0205860941280463 -0.24585236240206
31.1530631049348 21.0616045232712 19.2710080039639 0.218820327751003 -0.824447775959603 0.52192280143394 0.233875551226804 0.563608644597749 0.792242011265298 0.31730413133095 -0.0354603912358158 0.475659694204089 0.647963803303202 0.156175010633772 -0.11170911483776
31.0304133157482 21.1257217992859 19.7324806896926 0.839425507443192 -0.487777970328975 0.239660906374382 0.0583010175171071 0.519254840829491 0.85262846155226 0.210305584617945 -0.30308156315447 0.0879709166381323 0.551036592983643 -0.199214980659156 0.339220721510118
31.0829602790475 21.3166986245012 20.2170579199272 0.919001091387874 -0.32270982747294 -0.226484533343756 0.345256841973498 0.381382163480067 0.857522740903405 0.202976409461467 -0.18703129512152 -0.252279408752995 0.391447550601178 0.0331144362272162 -0.270275105635828
31.320300474352 21.3063997060367 20.6264231026725 0.719401850506249 0.309728948013081 -0.621714433832278 0.380794163727833 0.572713488256894 0.725944176788945 -0.00876691076220729 -0.0355185890340457 -0.258356130364632 0.526182040620505 -0.152611457117949 0.0459622153232543
31.5998348277454 21.5297543720254 20.9028871667718 0.304552662631613 0.630454565551789 -0.713985012113416 0.427132703973382 0.579601800288439 0.693987960840905 0.154333342096756 0.588821902789641 0.214818091598142 0.246281403030726 0.250842995855604 0.157128444577791
31.9211611466721 21.7690838920574 21.2224174964885 -0.248841710696213 0.655254884964337 -0.713245204360508 0.481297666168183 0.722707934112481 0.496029925622409 -0.237001904469068 0.380923618889815 -0.0952764317197738 0.343580565151171 -0.0590495935378208 -0.416769207490098
32.1944332054826 22.1807871768394 21.2059165784567 -0.78590930093057 0.616384349370506 0.0491608388231262 0.472248193242374 0.54700259634605 0.691208857406728 -0.925259973656525 0.311089063220979 -0.00167604281638078 0.553878923781462 -0.205455966694588 0.335279434024354
32.3136930882435 22.6806063197526 21.4099647727966 -0.947358905129113 0.114223384818102 0.299105340878298 0.28752236543882 0.714511550370252 0.637811896490022 -1.36182567994921 0.541403235878098 -0.0970229269901404 0.238381581965977 0.66460889636052 0.381003269188924
32.0111884272912 23.1723624743411 21.5078955361028 -0.581169920961326 -0.346061546752428 0.736534326774486 0.298169116165446 0.75158151607277 0.588404864896682 -2.21089315146757 0.903951618869023 0.153121786300974 0.327517447554282 -0.23124184032464 0.660474567271243
18.6134940490583 28.9058194767917 15.1742360428444 0.666982942140609 -0.555960654690278 0.496025594937083 0.643438428159293 0.765463488254425 -0.0072473664186591 0.116914929179834 -0.163091078620661 -0.307606996919262 -0.131584764623489 -0.153478852090137 -0.615634791556669
18.8802352092463 29.1514126171167 15.5122699146658 0.79956911831448 -0.507460722104496 -0.321205108043805 0.600186235025147 0.694382860621644 0.396999762139373 0.126123375022666 -0.384698933593477 0.0443532802775843 0.118367851822792 0.434888664877326 0.0759544696698858
19.267946784426 29.1934208211797 15.7874613787438 0.540701808886163 0.103891165624052 -0.834774261319509 0.460598069455187 0.79381041355232 0.397132630922302 0.126015018922578 -0.249994716098209 -0.175144886724203 0.583340918433024 -0.0301774323587283 0.501790878137493
19.723868543586 29.4566912388335 15.8998147680445 0.189282662820041 0.194833041091412 -0.96239910667052 0.734727370910635 0.622119383537154 0.27044971493403 -0.198907050895168 0.478897037230834 0.126886961466396 0.454953337698629 -0.160657037363475 -0.110828993248959
20.2024523960447 29.4883317764746 15.930919686592 -0.28860624717304 0.626265759309561 -0.72422200591248 0.685847374391384 0.663020505745466 0.300028447283439 0.262144837268475 0.543702640206603 -0.159131021441273 0.314035508986133 -0.358845360635695 0.264647954959145
20.6141415286451 29.7788007771682 15.9058050521486 -0.726627358202978 0.57188550115492 -0.380735521204763 0.550157281551171 0.816276134932669 0.176125290462946 -0.117446990675058 0.37026504947239 0.463021709124031 0.10986771674502 -0.331755411521887 -0.373469838379229
20.8700915758939 30.083408637053 15.7570139506117 -0.827141791449808 0.463715869901897 0.317496346221746 0.536034408868333 0.820689274615581 0.197828481557912 -0.00371155809441107 0.0269004838253413 0.067903748248998 0.37720458630565 0.700800878466835 0.0913408110746693
20.9705579028895 30.4994220096438 15.6410642637823 -0.575120309186374 0.206433447642296 0.791594430560822 0.475858204476107 0.871508816836911 0.11845352101002 -0.309794745436428 0.411954170875328 0.324006302080705 0.460447520256506 -0.125488752163067 -0.244595732110095
20.9294773993649 30.9777519480327 15.5736556657968 -0.120812806324686 -0.113986652968283 0.986109116468873 0.498641068149459 0.851993467645167 0.159574744916839 0.179045586675096 0.347233702868059 0.540055278490763 0.67297731986795 -0.19849684793387 0.285554899092144
20.9472705657713 31.3919096582615 15.7444382155215 0.393656277684672 -0.417537033658125 0.818961196492487 0.450722862552744 0.864125355843184 0.223911040434673 -0.0203276095497208 0.224818881764376 0.58400101649952 0.276853952399639 -0.336528140819938 -0.0792432762840691
21.0937536747777 31.8443099925809 15.9556521174379 0.625468899058967 -0.667435082280208 0.404127392613627 0.600715632740426 0.742457774703061 0.296474387947795 0.264496193627527 0.243931075438949 -0.150110645715854 0.394757402471845 0.0743975485845504 -0.0898339041664568
21.2889601472305 32.1329923681986 16.2646455429352 0.694955022510361 -0.687283961540837 -0.211372077493272 0.706387398047658 0.597619418536608 0.379299038732653 0.511531003136535 0.600476796031499 -0.439419353163728 0.374381972922638 0.0728262586655305 -0.183939119070264
21.6008530881176 32.1970241768932 16.5919715806637 0.567814265828083 -0.248530030721736 -0.784741781826052 0.760437527177395 0.52336622895108 0.384476853881861 0.0760475723174674 -0.175589229151633 -0.0372464532112073 0.461271279936316 -0.00756708363033494 -0.108939135422849
22.0379497916589 32.3354082450804 16.7691537231961 0.166651736668484 0.121692035559588 -0.978477454049807 0.769460833136881 0.604482076747113 0.20623125930902 0.0795418419530322 -0.113808415586364 0.119448011490905 0.627784226571361 0.23539329505308 0.0695942353156652
22.4492215426882 32.5048287116106 16.8189393678896 -0.279165839029184 0.399375853321224 -0.873249817974434 0.791522694993549 0.610577590085651 0.0262053812385838 -0.141391203340025 -0.295379506685622 -0.0103128357052337 0.574136706525714 -0.107715749178871 -0.531578883391819
22.8644579427696 32.6941850500119 16.6985564803392 -0.629342139774006 0.622577128494403 -0.465108668915738 0.717440126525756 0.695480530115411 -0.0398294842945282 -0.679278528206176 -0.0321546355202549 -0.226342670705426 0.605640431100418 0.00864398802252002 -0.398215474936868
23.1639196683033 32.9791564153369 16.4752001713804 -0.777568541861169 0.601448973365392 0.183428943413164 0.62249155484928 0.777500957685852 0.0894226348749289 -0.514112642056636 -0.0869300233866887 0.0973983139634308 0.604745692592065 0.244931495277173 -0.101548218465345
23.2456713191409 33.4148191193701 16.3327582424733 -0.596662534266414 0.388829260354695 0.702001075135222 0.552546796465996 0.833443402470982 0.00800111780482502 -0.0722238014930814 -0.384106310713783 -0.0717155752650505 0.438217759784514 0.130544052420221 -0.0475290326139337
23.2841687750042 33.8581558541688 16.3080198216585 -0.218945724437281 -0.0203746368352964 0.975524231754894 0.545175024618276 0.826613254699596 0.139623068766736 0.0546611616912151 -0.240148240303376 -0.0394592117880044 0.574896525696332 -0.153808272221205 -0.347760757603745
23.1377210283518 34.2601372029976 16.5059912889412 0.489315568293905 -0.279495101701051 0.826106920187548 0.416495081641638 0.907141594096951 0.0602150921240994 -0.0245396826770263 0.121910449971842 0.715168942822201 0.208557261535843 -0.309686576696715 0.458874468295449
23.3607507645116 34.6915113506713 16.6983085771114 0.567390228490347 -0.685040555086103 0.456932873007608 0.641838699845945 0.715542387516446 0.275757240978208 0.357132974016982 -0.239748488544142 0.0172932442517415 0.209804386848724 -0.362491993391964 -0.481341751970928
23.5615667177348 34.891134884316 17.0393028834614 0.833245098915514 -0.495004467196006 -0.246319027658215 0.550988267242349 0.780455143598635 0.29546840677556 -0.352070965553718 -0.800148232484061 -0.301912933740845 0.643495288640428 0.177295343923542 -0.157089189985368
23.7861594060562 35.1001298053376 17.4326872812473 0.631236752262556 -0.283769553152645 -0.721813608002037 0.69722059921569 0.61528630105904 0.367839762315935 -0.379024561531925 -0.54341132208116 -0.919743584965938 0.376870430023146 0.245877377489772 0.0825819063025905
24.2346911335842 35.1452379111381 17.6777454561056 0.093438669240663 0.358651781454607 -0.928783074591813 0.666818188546616 0.670190781946599 0.325879888241574 -0.160088087121454 -0.361366555007529 -0.232421698733055 0.497797934913214 -0.463198897693482 0.079207794605514
24.7388668969329 35.306533536554 17.7516276419658 -0.416226369077427 0.646263035782354 -0.639608931475795 0.734958485818452 0.653285677238766 0.181806853852977 -0.209607462810633 -0.596132953999445 0.033722966716973 0.366031328505665 -0.231057519228586 0.428167667989827
25.173617935671 35.3648533149492 17.8195093084519 -0.731396962335927 0.601243934480716 -0.32181375925245 0.60271874260991 0.790689570476825 0.107424403754307 -0.597505001355869 -1.02850926510679 0.689840392192188 0.346499019436566 -0.250998037923294 0.163069727791731
25.5351472570309 35.4026794766797 17.4316978175665 -0.641661847257585 0.423037099261039 0.63977307480855 0.642485559020898 0.752044875072503 0.147107761815631 -0.0922836418004825 -1.7903213889606 -0.135080638020607 -0.0162219210378017 -0.883272090167721 0.70255557152796
