t = 0
b =  30.0 30.0 30.0
E = 0. 0. 0.
26.125105931 8.51866915014 0.636723707767 0.759960625386 0.615966089342 -0.207474395151 0.0871554420544 0.219750492796 0.971655108481 0.0 0.0 0.0 0.0 0.0 0.0
26.472301588 8.40836930644 1.03165942707 0.237917786996 0.942550128003 -0.234508811844 0.0871554420544 0.219750492796 0.971655108481 0.0 0.0 0.0 0.0 0.0 0.0
26.873730612 8.51292379406 1.37313885533 -0.374513996447 0.911043614438 -0.172449410138 0.0871554420544 0.219750492796 0.971655108481 0.0 0.0 0.0 0.0 0.0 0.0
27.1897891587 8.82515070227 1.67530843512 -0.8446616511 0.533416399911 -0.044873594321 0.0871554420544 0.219750492796 0.971655108481 0.0 0.0 0.0 0.0 0.0 0.0
27.3133070555 9.25896989562 1.96724907767 -0.99390822251 -0.0468646231885 0.0997504502253 0.0871554420544 0.219750492796 0.971655108481 0.0 0.0 0.0 0.0 0.0 0.0
27.2102635417 9.68210629663 2.2819278385 -0.76555244293 -0.609340992404 0.206477630993 0.0871554420544 0.219750492796 0.971655108481 0.0 0.0 0.0 0.0 0.0 0.0
26.9327123244 9.96634339926 2.6436731818 -0.246350490926 -0.940318530967 0.234760507624 0.0871554420544 0.219750492796 0.971655108481 0.0 0.0 0.0 0.0 0.0 0.0
26.599005505 10.0362348632 3.05893219021 0.366444131341 -0.914053338329 0.173853942422 0.0871554420544 0.219750492796 0.971655108481 0.0 0.0 0.0 0.0 0.0 0.0
26.3488296369 9.89776783984 3.51382121026 0.840020501493 -0.540524000302 0.0468973578117 0.0871554420544 0.219750492796 0.971655108481 0.0 0.0 0.0 0.0 0.0 0.0
26.2901364684 9.63608835363 3.97940048449 0.994459038733 0.0383594425188 -0.0978763171135 0.0871554420544 0.219750492796 0.971655108481 0.0 0.0 0.0 0.0 0.0 0.0
26.4581302692 9.38315290356 4.42266884917 0.77108596069 0.602669491791 -0.205465142763 0.0871554420544 0.219750492796 0.971655108481 0.0 0.0 0.0 0.0 0.0 0.0
26.801893139 9.2675959831 4.81910142808 0.254764434312 0.938015325035 -0.234994325482 0.0871554420544 0.219750492796 0.971655108481 0.0 0.0 0.0 0.0 0.0 0.0
27.2037295696 9.3658596855 5.16196704311 -0.358346360096 0.916993453519 -0.175245235055 0.0871554420544 0.219750492796 0.971655108481 0.0 0.0 0.0 0.0 0.0 0.0
27.5238809361 9.67315207448 5.46488550129 -0.835315381072 0.547590437697 -0.0489175498871 0.0871554420544 0.219750492796 0.971655108481 0.0 0.0 0.0 0.0 0.0 0.0
27.6536221352 10.105267721 5.75665320244 -0.99493412305 -0.029851340629 0.0959947303412 0.0871554420544 0.219750492796 0.971655108481 0.0 0.0 0.0 0.0 0.0 0.0
27.5565680697 10.5305787534 6.07030290539 -0.77656075727 -0.595952095563 0.204437007567 0.0871554420544 0.219750492796 0.971655108481 0.0 0.0 0.0 0.0 0.0 0.0
27.2824969551 10.8200424869 6.43055403064 -0.2631589764 -0.935640685604 0.235210247613 0.0871554420544 0.219750492796 0.971655108481 0.0 0.0 0.0 0.0 0.0 0.0
26.9484387435 10.8962268967 6.84442133924 0.350221299389 -0.919863736107 0.176623182085 0.0871554420544 0.219750492796 0.971655108481 0.0 0.0 0.0 0.0 0.0 0.0
26.6942134882 10.7627283389 7.29854990775 0.830546648151 -0.554615173961 0.0509340167016 0.0871554420544 0.219750492796 0.971655108481 0.0 0.0 0.0 0.0 0.0 0.0
26.6293113675 10.5028052348 7.76428888698 0.995333439281 0.021340965444 -0.0941058331985 0.0871554420544 0.219750492796 0.971655108481 0.0 0.0 0.0 0.0 0.0 0.0
26.7912955355 10.2477468044 8.20857643856 0.781976415741 0.589189315275 -0.203393303701 0.0871554420544 0.219750492796 0.971655108481 0.0 0.0 0.0 0.0 0.0 0.0
27.1315312522 10.1269940969 8.60650048017 0.271533477912 0.933194793513 -0.235408257573 0.0871554420544 0.219750492796 0.971655108481 0.0 0.0 0.0 0.0 0.0 0.0
27.5336630336 10.218963172 8.95076320205 -0.342069567973 0.92266396751 -0.177987678576 0.0871554420544 0.219750492796 0.971655108481 0.0 0.0 0.0 0.0 0.0 0.0
27.8578200463 10.5212535275 9.25445362701 -0.825714665887 0.561597674132 -0.0529466046936 0.0871554420544 0.219750492796 0.971655108481 0.0 0.0 0.0 0.0 0.0 0.0
27.9937553749 10.9515600905 9.54607487176 -0.995656957018 -0.0128289650619 0.0922097695322 0.0871554420544 0.219750492796 0.971655108481 0.0 0.0 0.0 0.0 0.0 0.0
27.9027306689 11.3789422905 9.85871533637 -0.787332523681 -0.58238166594 0.202334110648 0.0871554420544 0.219750492796 0.971655108481 0.0 0.0 0.0 0.0 0.0 0.0
27.6322334892 11.6735705715 10.2174778679 -0.2798873011 -0.930677835025 0.235588340282 0.0871554420544 0.219750492796 0.971655108481 0.0 0.0 0.0 0.0 0.0 0.0
17.1329031654 18.1118476093 28.8871706534 -0.437672540567 0.763191851934 0.475374530633 0.866406241482 0.216630173711 0.449901758786 0.0 0.0 0.0 0.0 0.0 0.0
17.5052840263 18.4974488475 28.8507113379 -0.495485691329 0.261247113253 0.82839837971 0.866406241482 0.216630173711 0.449901758786 0.0 0.0 0.0 0.0 0.0 0.0
17.7647189082 18.9426013734 29.0030854592 -0.365055543875 -0.339949771572 0.866699834253 0.866406241482 0.216630173711 0.449901758786 0.0 0.0 0.0 0.0 0.0 0.0
17.9409393674 19.3102623382 29.353023835 -0.0959346919003 -0.81199405452 0.575727531315 0.866406241482 0.216630173711 0.449901758786 0.0 0.0 0.0 0.0 0.0 0.0
18.0952915106 19.4928292327 29.8341993197 0.20963335347 -0.975548220339 0.0660267135793 0.866406241482 0.216630173711 0.449901758786 0.0 0.0 0.0 0.0 0.0 0.0
18.2974295832 19.4530198797 30.3304255958 0.435558182974 -0.768475306955 -0.468758756553 0.866406241482 0.216630173711 0.449901758786 0.0 0.0 0.0 0.0 0.0 0.0
18.5988531574 19.2380365562 30.7197982986 0.496007176622 -0.269445776236 -0.825454937842 0.866406241482 0.216630173711 0.449901758786 0.0 0.0 0.0 0.0 0.0 0.0
19.0133415831 18.9616330597 30.9210085224 0.368014751074 0.331950709767 -0.868546987374 0.866406241482 0.216630173711 0.449901758786 0.0 0.0 0.0 0.0 0.0 0.0
19.5117189829 18.7608977378 30.924233433 0.100207368714 0.807233571211 -0.581663515072 0.866406241482 0.216630173711 0.449901758786 0.0 0.0 0.0 0.0 0.0 0.0
20.0329386556 18.7441713339 30.7948681271 -0.205670468399 0.975834902725 -0.0737963484985 0.866406241482 0.216630173711 0.449901758786 0.0 0.0 0.0 0.0 0.0 0.0
20.5072757385 18.9498865268 30.6486809413 -0.433410655939 0.773700239605 0.462107284679 0.866406241482 0.216630173711 0.449901758786 0.0 0.0 0.0 0.0 0.0 0.0
20.8828168487 19.3319667136 30.6078311255 -0.496490889049 0.277623919881 0.822448634385 0.866406241482 0.216630173711 0.449901758786 0.0 0.0 0.0 0.0 0.0 0.0
21.1451828452 19.7773312818 30.7544585018 -0.370945932524 -0.323926368631 0.87032799728 0.866406241482 0.216630173711 0.449901758786 0.0 0.0 0.0 0.0 0.0 0.0
21.3229917047 20.148856824 31.0994771724 -0.104472414348 -0.802411613939 0.587555202901 0.866406241482 0.216630173711 0.449901758786 0.0 0.0 0.0 0.0 0.0 0.0
21.476986074 20.3374726135 31.5784290701 0.201691920725 -0.976047271506 0.08156036354 0.866406241482 0.216630173711 0.449901758786 0.0 0.0 0.0 0.0 0.0 0.0
21.676956123 20.3035983968 32.0759726552 0.431230123005 -0.778866251987 -0.455420621546 0.866406241482 0.216630173711 0.449901758786 0.0 0.0 0.0 0.0 0.0 0.0
21.9752250922 20.0921815935 32.4697030952 0.496936791772 -0.285780921389 -0.81937969828 0.866406241482 0.216630173711 0.449901758786 0.0 0.0 0.0 0.0 0.0 0.0
22.3867708186 19.8156210201 32.6766559073 0.373848865005 0.315877359247 -0.872042728339 0.866406241482 0.216630173711 0.449901758786 0.0 0.0 0.0 0.0 0.0 0.0
22.8835354056 19.6110647007 32.684826552 0.108729504003 0.797528549917 -0.593402146126 0.866406241482 0.216630173711 0.449901758786 0.0 0.0 0.0 0.0 0.0 0.0
23.4050848864 19.5883050394 32.5577311588 -0.19769801343 0.976185310507 -0.0893181674441 0.866406241482 0.216630173711 0.449901758786 0.0 0.0 0.0 0.0 0.0 0.0
23.8815690989 19.7880668503 32.4102756866 -0.429016750227 0.783972950688 0.44869927637 0.866406241482 0.216630173711 0.449901758786 0.0 0.0 0.0 0.0 0.0 0.0
24.2602589296 20.16653532 32.3651012285 -0.497344850835 0.293916159573 0.816248363239 0.866406241482 0.216630173711 0.449901758786 0.0 0.0 0.0 0.0 0.0 0.0
24.525578986 20.6120019875 32.5059906105 -0.376723327448 -0.307804294579 0.873691049969 0.866406241482 0.216630173711 0.449901758786 0.0 0.0 0.0 0.0 0.0 0.0
24.705024948 20.9873046563 32.8460378948 -0.112978313486 -0.792584751008 0.59920389948 0.866406241482 0.216630173711 0.449901758786 0.0 0.0 0.0 0.0 0.0 0.0
24.8587174999 21.1819376063 33.3226737269 0.193689050667 -0.976249009218 0.0970691694239 0.866406241482 0.216630173711 0.449901758786 0.0 0.0 0.0 0.0 0.0 0.0
25.056561477 21.1540345638 33.8214364792 0.426770706162 -0.789019946813 -0.441943761006 0.866406241482 0.216630173711 0.449901758786 0.0 0.0 0.0 0.0 0.0 0.0
25.35168785 20.9462743997 34.2194581372 0.497715035161 -0.302029014904 -0.813054867724 0.866406241482 0.216630173711 0.449901758786 0.0 0.0 0.0 0.0 0.0 0.0
26.0971615776 15.2330808558 11.6081986425 0.334278898231 0.488474180113 -0.806009053026 0.613089914599 0.536822667145 0.57960519378 0.0 0.0 0.0 0.0 0.0 0.0
26.6260580423 15.255966874 11.7000129223 -0.14894908356 0.799053375479 -0.582518560771 0.613089914599 0.536822667145 0.57960519378 0.0 0.0 0.0 0.0 0.0 0.0
27.1210015586 15.4609971343 11.6590420779 -0.575588818211 0.80605883404 -0.137719528087 0.613089914599 0.536822667145 0.57960519378 0.0 0.0 0.0 0.0 0.0 0.0
27.4847395857 15.8497685312 11.5866780627 -0.783552737491 0.506829064965 0.359401455864 0.613089914599 0.536822667145 0.57960519378 0.0 0.0 0.0 0.0 0.0 0.0
27.6698667417 16.3540716294 11.5962396207 -0.693831871495 0.0150464603791 0.719979817861 0.613089914599 0.536822667145 0.57960519378 0.0 0.0 0.0 0.0 0.0 0.0
27.6968349007 16.8618045687 11.7699206008 -0.340512677268 -0.482452546068 0.807025809632 0.613089914599 0.536822667145 0.57960519378 0.0 0.0 0.0 0.0 0.0 0.0
27.6461831843 17.259562435 12.1275631396 0.142172976121 -0.796659764088 0.587469203571 0.613089914599 0.536822667145 0.57960519378 0.0 0.0 0.0 0.0 0.0 0.0
27.6279398022 17.475721683 12.6191193018 0.570844738877 -0.808202618289 0.144723225113 0.613089914599 0.536822667145 0.57960519378 0.0 0.0 0.0 0.0 0.0 0.0
27.7398204963 17.5076511187 13.1436651278 0.782643041318 -0.512695785376 -0.353005526209 0.613089914599 0.536822667145 0.57960519378 0.0 0.0 0.0 0.0 0.0 0.0
28.0301046963 17.4227115339 13.587743333 0.697102167269 -0.0224072517814 -0.716621576187 0.613089914599 0.536822667145 0.57960519378 0.0 0.0 0.0 0.0 0.0 0.0
28.4792933572 17.3326642155 13.8684676273 0.346720524947 0.476394171394 -0.807981108097 0.613089914599 0.536822667145 0.57960519378 0.0 0.0 0.0 0.0 0.0 0.0
29.0075169728 17.3512109634 13.9650126026 -0.13538604166 0.794205483971 -0.592375108318 0.613089914599 0.536822667145 0.57960519378 0.0 0.0 0.0 0.0 0.0 0.0
29.5048793358 17.5507968763 13.9265256533 -0.566057187506 0.81028485478 -0.151715900905 0.613089914599 0.536822667145 0.57960519378 0.0 0.0 0.0 0.0 0.0 0.0
29.8732089452 17.9350872474 13.8534550597 -0.781673743848 0.518523462017 0.346582713817 0.613089914599 0.536822667145 0.57960519378 0.0 0.0 0.0 0.0 0.0 0.0
30.0633560001 18.437575058 13.8593880065 -0.700319376013 0.0297663367847 0.713208761005 0.613089914599 0.536822667145 0.57960519378 0.0 0.0 0.0 0.0 0.0 0.0
30.0938652311 18.946848106 14.0278969129 -0.352901968516 -0.470299517459 0.808874875673 0.613089914599 0.536822667145 0.57960519378 0.0 0.0 0.0 0.0 0.0 0.0
30.0439304474 19.3489163642 14.3807888726 0.128588797027 -0.791690722031 0.597235901406 0.613089914599 0.536822667145 0.57960519378 0.0 0.0 0.0 0.0 0.0 0.0
30.023307484 19.5705186974 14.8698207749 0.561226528689 -0.812305384941 0.158697022943 0.613089914599 0.536822667145 0.57960519378 0.0 0.0 0.0 0.0 0.0 0.0
30.1306161254 19.6069559925 15.3950276685 0.780644918895 -0.52431165109 -0.340133507809 0.613089914599 0.536822667145 0.57960519378 0.0 0.0 0.0 0.0 0.0 0.0
30.4158728007 19.5238764303 15.8427011183 0.703483252726 -0.0371231549662 -0.709741632215 0.613089914599 0.536822667145 0.57960519378 0.0 0.0 0.0 0.0 0.0 0.0
30.8614885055 19.4323346437 16.1285889408 0.359056537233 0.464169048395 -0.809707044296 0.613089914599 0.536822667145 0.57960519378 0.0 0.0 0.0 0.0 0.0 0.0
31.3889511593 19.4466002063 16.229904017 -0.121781759859 0.789115669779 -0.602051212668 0.613089914599 0.536822667145 0.57960519378 0.0 0.0 0.0 0.0 0.0 0.0
31.8886536572 19.6407447107 16.1939815003 -0.556353130299 0.814264054903 -0.165666059589 0.613089914599 0.536822667145 0.57960519378 0.0 0.0 0.0 0.0 0.0 0.0
32.2615354414 20.020500732 16.1202954001 -0.77955664481 0.5300599118 0.333658399317 0.613089914599 0.536822667145 0.57960519378 0.0 0.0 0.0 0.0 0.0 0.0
32.456717264 20.5210839269 16.1226667426 -0.706593556466 0.0444771460758 0.706220453852 0.613089914599 0.536822667145 0.57960519378 0.0 0.0 0.0 0.0 0.0 0.0
32.4908310631 21.0318056886 16.2860210597 -0.365183762405 -0.458003231061 0.810477550592 0.613089914599 0.536822667145 0.57960519378 0.0 0.0 0.0 0.0 0.0 0.0
32.4417012121 21.4381255994 16.63412376 0.114965448539 -0.786480523312 0.6068206754 0.613089914599 0.536822667145 0.57960519378 0.0 0.0 0.0 0.0 0.0 0.0
26.1612256918 12.4178683793 5.26879233742 -0.436085723111 0.797082914727 0.41771769073 0.821696845911 0.16342014734 0.545992810267 0.0 0.0 0.0 0.0 0.0 0.0
26.5608871223 12.7769389808 5.27370622571 -0.568409926061 0.304790417716 0.764207404586 0.821696845911 0.16342014734 0.545992810267 0.0 0.0 0.0 0.0 0.0 0.0
26.8309794922 13.2054865675 5.45282121593 -0.484785694792 -0.30329705481 0.820361948574 0.821696845911 0.16342014734 0.545992810267 0.0 0.0 0.0 0.0 0.0 0.0
26.9905649478 13.564897581 5.81893773814 -0.216983272888 -0.796156905357 0.564847272578 0.821696845911 0.16342014734 0.545992810267 0.0 0.0 0.0 0.0 0.0 0.0
27.1006890595 13.742824603 6.3138112139 0.133254722153 -0.986543436525 0.0947376739874 0.821696845911 0.16342014734 0.545992810267 0.0 0.0 0.0 0.0 0.0 0.0
27.2411885893 13.6958690175 6.83028014544 0.432867020349 -0.802125622031 -0.411364350881 0.821696845911 0.16342014734 0.545992810267 0.0 0.0 0.0 0.0 0.0 0.0
27.48036017 13.4660688712 7.25297856024 0.568025900363 -0.312966872902 -0.761182181204 0.821696845911 0.16342014734 0.545992810267 0.0 0.0 0.0 0.0 0.0 0.0
27.8490132726 13.1649279164 7.50216547289 0.487382243942 0.29509322377 -0.821814174601 0.821696845911 0.16342014734 0.545992810267 0.0 0.0 0.0 0.0 0.0 0.0
28.328765173 12.9310534713 7.56401981858 0.221573924452 0.791042471036 -0.570225223066 0.821696845911 0.16342014734 0.545992810267 0.0 0.0 0.0 0.0 0.0 0.0
28.8590248564 12.8774971823 7.49589130673 -0.128414033456 0.98646145803 -0.101998175631 0.821696845911 0.16342014734 0.545992810267 0.0 0.0 0.0 0.0 0.0 0.0
29.3600125569 13.0488048137 7.40451230753 -0.429615353086 0.807107244363 0.404979684044 0.821696845911 0.16342014734 0.545992810267 0.0 0.0 0.0 0.0 0.0 0.0
29.7630694242 13.4040925669 7.40544844006 -0.567598617293 0.321119494449 0.758098990852 0.821696845911 0.16342014734 0.545992810267 0.0 0.0 0.0 0.0 0.0 0.0
30.0367421687 13.8325795189 7.5791932614 -0.489941677048 -0.286866920238 0.823203816296 0.821696845911 0.16342014734 0.545992810267 0.0 0.0 0.0 0.0 0.0 0.0
30.1987326926 14.1956751474 7.94058741857 -0.226147702304 -0.785867795767 0.575559748696 0.821696845911 0.16342014734 0.545992810267 0.0 0.0 0.0 0.0 0.0 0.0
30.3091728406 14.3796321872 8.43318043857 0.123563565534 -0.986304356676 0.109250909719 0.821696845911 0.16342014734 0.545992810267 0.0 0.0 0.0 0.0 0.0 0.0
30.4477793073 14.3387611178 8.95067720687 0.426330968952 -0.812027402354 -0.398564176437 0.821696845911 0.16342014734 0.545992810267 0.0 0.0 0.0 0.0 0.0 0.0
30.6835679317 14.1127883765 9.37732125862 0.567128109392 -0.329247661503 -0.754958068327 0.821696845911 0.16342014734 0.545992810267 0.0 0.0 0.0 0.0 0.0 0.0
31.0486334265 13.8117636204 9.63187259493 0.492463799197 0.27861877068 -0.824530767834 0.821696845911 0.16342014734 0.545992810267 0.0 0.0 0.0 0.0 0.0 0.0
31.5259560599 13.5742500218 9.69847211678 0.230704258132 0.780633273624 -0.580850443222 0.821696845911 0.16342014734 0.545992810267 0.0 0.0 0.0 0.0 0.0 0.0
32.0558677361 13.5146818026 9.63266676181 -0.118703687767 0.986072144426 -0.116495323928 0.821696845911 0.16342014734 0.545992810267 0.0 0.0 0.0 0.0 0.0 0.0
32.558720903 13.6798887597 9.54030629409 -0.423014118063 0.816885721314 0.392118316624 0.821696845911 0.16342014734 0.545992810267 0.0 0.0 0.0 0.0 0.0 0.0
32.9651479884 14.0313048426 9.53732920898 -0.566614412489 0.337350755074 0.751759652822 0.821696845911 0.16342014734 0.545992810267 0.0 0.0 0.0 0.0 0.0 0.0
33.2424153006 14.4596200408 9.70571576039 -0.494948418322 -0.270349403223 0.825794928162 0.821696845911 0.16342014734 0.545992810267 0.0 0.0 0.0 0.0 0.0 0.0
33.4068591053 14.826309084 10.0623422917 -0.235243244938 -0.775339303234 0.586096903738 0.821696845911 0.16342014734 0.545992810267 0.0 0.0 0.0 0.0 0.0 0.0
33.5176792049 15.0162595087 10.5525696306 0.113834770255 -0.985764838965 0.123730866566 0.821696845911 0.16342014734 0.545992810267 0.0 0.0 0.0 0.0 0.0 0.0
33.654447944 14.9815048073 11.0710014244 0.419665053012 -0.821681831264 -0.385642595484 0.821696845911 0.16342014734 0.545992810267 0.0 0.0 0.0 0.0 0.0 0.0
33.8868793451 14.7594477066 11.5015259765 0.566057565705 -0.345428158078 -0.748503987909 0.821696845911 0.16342014734 0.545992810267 0.0 0.0 0.0 0.0 0.0 0.0
