t = 100
b = 30 30 30
E = -0.651895217467969 -0.864292998410435 0.212397780942466
26.3727921220529 8.91535205167116 1.08458657773484 0.750758994366986 0.594986362689279 -0.286970453847276 0.174923629610258 0.239851596817344 0.954920319338308 0.181096088426972 1.93788594124677 1.66936379354712 0.163525677476451 0.450350539615639 -0.206030409819784
26.4294882296309 8.27241752363169 1.2552140013 0.393538125056056 0.864616536898349 -0.312355362666125 0.190812260446917 0.255549109518618 0.947779096460585 0.636100185612548 -0.198044157469628 0.0948224244738935 0.297910668944902 -0.0291566407931478 -0.877975604897911
26.8136377180627 8.45573811170781 1.55069874857961 -0.50464756866572 0.858996443389769 -0.0863471206001484 0.242790519773429 0.237189284869958 0.940634833661938 0.0829523357246292 -0.134051456878937 0.298442212917849 0.570405286134523 0.265463489155534 0.298459190571304
27.1185554365124 8.82169954716738 1.80091178887075 -0.913989648136776 0.405568877687561 0.0116915428651982 0.194259951297099 0.412122397004119 0.890178683440286 0.2191281459667 -0.378760813972832 0.199494279304956 0.677135633055053 -0.0146372500563371 0.287602467432631
27.1043308745326 9.21650406741028 2.099377262668 -0.991438233800331 -0.0824505617359191 0.101252231413303 0.0503870023573367 0.473794507184777 0.879192700394568 -0.408199397399713 0.0657386835186216 0.427429423929749 0.7536686468354 -0.000484132771863703 0.138658237870176
27.0428411746818 9.58464713268054 2.34173270481553 -0.721765283965944 -0.651016681379112 0.235014971206573 -0.123262123773222 0.455023219631493 0.881907144614493 -0.410878689408945 -0.243185865862506 0.314430000843967 0.65592130436302 -0.336864162553063 0.0631055406708076
26.8572055985079 9.8293992246476 2.69493852409421 -0.273657742826782 -0.937833171479725 0.213495346872965 -0.159888919543237 0.263236648594773 0.951389451506734 0.0511324266593931 -0.126345880574446 0.435300082069294 0.713166188842185 -0.254612907263846 -0.082700224626724
26.5950812456371 9.8869654306005 2.99338731992022 0.433567018975015 -0.834026576303379 0.341202566426147 -0.113175118147238 0.325245187440993 0.938832702857463 -0.0368407950327463 -0.414342472491206 0.15537331733003 0.325684962702337 -0.314981255480436 0.257809083112316
26.4917229617601 9.9201115476707 3.48463324816875 0.813390080130376 -0.580531397863856 0.0371450490265029 0.102489132294873 0.205868494212332 0.973197832737674 0.16606284918277 -0.171399116011891 0.0720724771374541 0.32044476674825 0.175942860002544 -0.196246557264779
26.4582615476812 9.78771027926732 3.98542400639456 0.976828794022184 -0.0631126998147643 -0.204504708383884 0.209343595373601 0.0830627543014855 0.97430781639351 0.384697808039984 0.329145435925469 0.153072885198477 0.424261694140532 0.669176175628718 0.153125867153561
26.7163350364178 9.57884800214577 4.41280230330525 0.747333678261497 0.586211083580379 -0.312807959681883 0.378125810224465 0.0118953906418077 0.925677733178366 0.241591003700827 0.549779587788 0.0631909343346453 0.67268352174632 -0.0987454377233573 -0.168107008297615
27.0518871909767 9.48881978295901 4.79987866361905 0.199035312699878 0.962861119387558 -0.182437085906567 0.475388032469537 0.0679284386983794 0.877149843141809 0.656642918291741 0.774201548480043 0.0240258194347581 0.668161491014297 -0.176190906386288 0.187265663274008
27.3445762993717 9.69284110730285 5.16972135379925 -0.431900507130504 0.892966613303366 -0.126777210488335 0.278682331536809 0.265812066802042 0.922865097857997 0.269836840663627 1.22745917844123 0.593746474485699 0.491939672566842 -0.00910965478706716 0.433714283027131
27.4386004057366 9.94842964635436 5.66446275762153 -0.7389360917137 0.621875368238934 -0.259315180078683 0.00119290409071762 0.386075726959438 0.922466255205391 -0.16263318463177 0.511911870112687 0.173041089215711 0.299887269697766 0.753587519686698 -0.624858212803676
27.4633225658173 10.3382180826514 5.84963672179558 -0.980488217949916 -0.0725795312162145 0.182688114954795 0.159413929864968 0.250205317186514 0.95497873228325 -0.285882074511082 0.802809348086168 0.590222963421522 0.407073174313179 -0.0477723037309851 0.259351434913242
27.4682045896271 10.5575040105836 6.16475626044424 -0.79193613461206 -0.519124990001896 0.321475169497931 0.142467911052573 0.354861675279054 0.923999982256315 0.161317628313643 0.31791070665851 0.379512317154521 0.331671671969843 -0.0444456231724854 0.00110965797220115
27.2068830142964 10.7517170652684 6.54890659181475 -0.216344613765533 -0.906518160823936 0.362518569342995 0.00812438337371103 0.369627885485434 0.929144285389002 0.0620864872322275 -0.304697485747567 0.309421975167396 0.281669852603134 -0.0739062631585452 0.15769129058271
26.9371493653103 10.7894399809747 6.95031375873854 0.563858895010558 -0.756150265653211 0.332114150945039 -0.0871349355156363 0.345424876877927 0.934392337210862 -0.354699042593777 -0.103730907639456 1.13142004239607 0.325419243539241 -0.455753092380521 0.487389507426002
26.8419029170289 10.7837597149535 7.44854244483504 0.915942216894768 -0.374473745481131 0.144288438522036 -0.0546520268074471 0.239798510572786 0.969283091533932 -0.025790557357867 0.243461384366733 0.54714184559732 0.431431322183553 -0.180548175676504 0.413809324482757
26.7623808302221 10.624732207664 7.94564725290047 0.966629136563379 0.232354087131647 -0.107886869386494 0.114972774601193 -0.0171314020589836 0.993220853407696 0.711896928169117 0.37105033910275 0.478821200744592 0.325546440376787 0.117620648654202 0.471545034729511
26.1861646684356 11.28088300557 9.76936948780353 0.502530864980826 0.711595363393758 -0.491013910416769 0.424985511250451 0.29126184968409 0.857061102398023 -2.15295093816566 3.92221010415158 7.08589615315977 0.412108074236153 0.570185082503849 0.621986936047504
27.0542892951144 10.2086939430136 8.50196765627911 0.383843888035198 0.883163459868917 -0.269603515098834 0.293180164296521 0.16030101230783 0.942522606104809 -0.470075857470956 0.769335235900705 -0.842508982291785 0.406692972965599 0.192715549539374 -0.48417652389377
27.4263817194229 10.2550101911627 8.8102651246963 -0.405319248635127 0.913958553332093 -0.0198985215468077 0.171704942181204 0.0974902967545127 0.980312672488965 0.189292222960975 0.136551969035408 -0.220080455473435 0.465283062306707 -0.192363004081242 -0.0117771536707896
27.6542797413101 10.5028191235453 9.19872117203172 -0.803285720414898 0.594185024721835 -0.0409400624896245 0.0863446483720665 0.184190857581265 0.979090501733022 -0.357119838038733 -0.450608804264341 0.0382627534484949 0.259243540048535 -0.100654755576398 0.00996942739588758
27.7671690030909 10.8240061063694 9.60627275782192 -0.99272534571225 0.0730223225830455 -0.0957288411371191 -0.0757020234802542 0.2397032702537 0.967890193534669 -0.673371668045198 -0.253986687787026 0.16447218783828 0.264571920017652 0.327930855965334 -0.133640116643987
27.7562706316149 11.221851758557 9.96147124724353 -0.779800592707006 -0.588297315627043 0.214049491577846 -0.013922398074913 0.358129258993688 0.933568147010394 -0.0401162502615054 -0.24778866478119 -0.10588468324031 0.178950786555814 -0.296599733384006 -0.111725281083606
27.664587417524 11.368547006773 10.4591766205822 -0.418218555468843 -0.908108332351773 -0.0207937370695128 0.0127155337918499 -0.0287425346802326 0.99950590928336 -0.145616508929377 -0.670239713372012 1.53472840039813 0.192623267821454 0.304995951450719 0.0243585692424726
16.8754333395462 18.1178284697225 28.8137326673668 -0.397078568257588 0.79173223138051 0.464207459402254 0.909193902506118 0.408377457296574 0.0812046823507172 -0.523357520855421 0.100164068705978 0.365659744964653 0.697093102968534 -0.387533709719449 -0.169902888324769
17.304055594525 18.4738446468133 28.9448167724753 -0.455444097810405 0.324735234527826 0.828925559025466 0.870271908149275 0.358613509567492 0.337672979239794 -0.138428379614341 -0.0985308566096316 0.123150636935558 0.43281874704013 0.173534612829677 0.166090665279715
17.6628584901157 18.8506124365697 29.0901024184151 -0.283049497714647 -0.375189938507109 0.88267512316878 0.873063658179834 0.280190516062474 0.39906516323226 -0.0851651022016436 -0.0619730690164328 -0.0724032433500561 0.254599191241938 -0.390727505439022 -0.0713484017632069
18.0446095628056 19.053713992289 29.4294336756933 -0.22420277779879 -0.730463015949671 0.645102147252515 0.798549433574036 0.241735761184951 0.551255391174579 0.296378607722376 -0.435281718795441 -0.0434666725554577 0.157766544672317 0.268622224624109 -0.211054367510748
18.3169312390468 19.2963931866403 29.8244972814772 0.000495628992881833 -0.985923327634056 0.167196983409775 0.810357575645923 0.0983626331168522 0.577620355637015 -0.160746126216962 -0.580488540739879 0.0342833611210731 0.377997317803974 -0.0440339061985521 -0.73320079631695
18.4566845915042 19.3244955050915 30.243709334022 0.468800668362564 -0.763130110793754 -0.444812598899096 0.819277804853056 0.18743216569019 0.541897539853405 -0.188834851831312 -0.118955882475044 -0.666533875828746 0.600894418322033 0.311938599654866 0.181012173062855
18.793722979601 19.1952802848317 30.5451674065502 0.529391746195146 -0.17796134789763 -0.829502272072048 0.836057122643992 -0.0565903196056903 0.545715964612019 0.192537518666741 -0.301558598269642 -0.452512165273089 0.438995880386414 -0.0189870529790274 -0.149533619261282
19.1670662363295 18.9753330796625 30.7352039122419 0.457740219339499 0.420839867007221 -0.78317787206685 0.88508780714587 -0.132247704537468 0.446239859102865 0.309201201813946 -0.128271969416333 -0.574257476815217 0.757647735848608 0.0434081143288913 0.247234305465665
19.5737436248103 18.7429066378165 30.8126019562803 0.194357640625329 0.821867004893223 -0.535499406717767 0.930792241412609 0.0177799111562721 0.365115822110678 -0.284223928644119 -0.265344105454501 -0.281700574188554 0.491768271890285 -0.151569593702495 -0.0457673217718006
20.0667850907839 18.7409711333981 30.8001632422113 -0.194967106066196 0.97317958105619 -0.122103282633655 0.846160725663435 0.229847086075558 0.48081412657623 0.430933652579665 -0.105919613274588 0.669421660767204 0.342165372191652 -0.30196540819295 0.0402977497159184
20.5257089311275 18.9179302861204 30.8189896655408 -0.56144873474422 0.716356464298632 0.414256702063588 0.819880118087729 0.413720528406061 0.395767355541639 0.611279661636127 -0.322694479279746 0.194579393833097 0.212773904051928 0.155756446478036 -0.0902343152182824
20.7335480108475 18.9868424807544 30.0736091795875 -0.1541615438398 0.351927304943513 0.92324496817401 0.986145753858057 0.112722856806255 0.121696304402242 -0.238059330377895 -0.498788590924918 -1.97458087705459 0.198717419169362 -1.13636058509255 -0.291307792387516
21.9846256535836 19.1998395693658 29.0841949180333 -0.0563968164763725 -0.12832474693888 0.990127284935203 0.914048904450035 0.392331178862728 0.102911262026732 3.04287633444181 -2.47821016972384 -6.81179010075296 0.157596580608367 -1.16176849305276 -0.343360530330649
21.5307569690698 19.9641951042092 31.2228160008076 -0.325250483687334 -0.720326111861863 0.612651858464659 0.787426743203082 0.152435206631656 0.597262516736157 0.856356544905392 -0.328591682628119 0.346862864827167 0.239260474304127 0.293633156218536 -0.617444556763014
21.6874253537923 20.08651119125 31.643795973348 0.114468248336971 -0.991867889876496 0.0556326341369136 0.77719306727209 0.124292503302789 0.616864810919367 0.46096468311123 -0.206483775216543 0.187743938792911 0.596531316592202 -0.334437926895618 -0.404620921902775
21.8329433976373 20.1254755052604 32.0993231861493 0.362435731854241 -0.837238369521826 -0.409477880438801 0.814198520350092 0.0706159139506689 0.576276016796345 0.235823354170057 -0.559666556747528 0.0778140883447619 0.473222358725245 0.263633293710448 0.210984960058702
22.0574603020751 19.9869065151685 32.4581345876726 0.536875599802815 -0.0379946119539375 -0.842805367403133 0.829782240740749 0.204239113486681 0.519372408205739 0.16941910627255 -0.290087045890222 0.0111634548372431 0.244065515294589 -0.294658967501439 0.321227546831781
22.5320605393444 20.0464723774772 32.6382407468508 0.130747770338675 0.260819384943237 -0.95649262924529 0.985376598502794 0.0721372195898508 0.1543666666048 -0.249285415812466 0.134804401158629 -0.196845710598967 0.374817561610299 0.46582080504397 -0.433218588594317
22.8987423625378 19.7860969420946 32.6060168747649 0.029493778919653 0.814445895850017 -0.57948932770358 0.98342583370963 0.0801148321302793 0.162650351044624 -0.0333936034556747 0.0303733091883724 -0.457280874169572 0.773029356246605 -0.0499303712487778 0.0447932355974188
23.4274969027477 19.7645921399965 32.4929950192712 -0.204970268724682 0.973441567413016 -0.101973450313917 0.895070983963178 0.228577597397482 0.382883921127585 0.356093180705786 0.483850013465419 -0.257400656823258 0.714551265923375 -0.378231436065635 -0.152698047460622
23.8762980798326 19.8885527387545 32.400893747373 -0.36360513908033 0.777388099854085 0.513282501157177 0.919303781667475 0.210381113997324 0.332596190415222 -0.0964831895587279 0.421449216494657 0.0437728769045423 0.418595926562368 0.121698009290241 0.276843167123598
24.2654829616404 20.1097023625941 32.4363069302082 -0.553066148256556 0.306067520449476 0.774880887277941 0.805103863207278 0.435579140581578 0.402589702421059 -0.0395051611739321 -0.406243308227398 -0.1267629370706 0.38932587764286 -0.0351431991707808 -0.246000962862842
24.5111209472496 20.4716546920462 32.5993060720457 -0.440282130002356 -0.242355031867969 0.864531992513221 0.777233381023265 0.379186681473996 0.502121117945555 0.142773210208051 -0.482366549740614 0.126665697794512 0.452738987049006 -0.0644167482871627 -0.0776714231710849
24.7086714893845 20.7644766062375 32.8540980515833 -0.221340453589252 -0.762488690200354 0.607963224541732 0.807401167955116 0.20634624336904 0.55274267395289 0.140648629882985 0.158374124720044 -0.0486652581180996 0.345934085809242 -0.0123969228217907 -0.289364661812958
24.9431413413089 21.0367874795919 33.2091868518171 0.105242971342941 -0.98905122716167 0.103447900319056 0.862645912632762 0.142551961130855 0.485304902838502 -0.0280878966939503 0.0576036299622967 -0.436178217084976 0.175844892189465 0.150424787136263 0.127101687672167
25.1737688747433 20.9600713585677 33.5764795336639 0.513004531621081 -0.586939720673406 -0.626360922374892 0.854443542306106 0.279312910751013 0.438075806112458 0.234929164358271 -0.341779592100652 -0.401124335309776 -0.249486094532247 -0.345299875997173 0.523439377156279
25.5060684621738 21.0328870544614 33.7309559571096 0.417949537073626 -0.19947328758793 -0.88630044266348 0.89098197221231 0.280506078089329 0.357025695379032 0.368560006081323 -0.408160952414587 -0.741176688179294 -0.151361708209835 0.175778735111105 0.323747589394987
26.0824323900611 15.2362933361849 11.4073232347915 0.374747507486191 0.489953779180727 -0.787089245745488 0.687321614304232 0.422936843673797 0.590519523457488 -0.327426963035777 0.333771981810079 -0.989404790977344 0.305682676641852 0.186903561762877 -0.137205110477849
26.5653526684158 15.2812780995486 11.4930870947932 -0.237698459415314 0.846923551874754 -0.475625717230696 0.76061820462867 0.466832569164656 0.451139873027145 -0.157618426841125 -0.0997231090763153 -0.083229230245595 0.17784442697651 -0.0670102098959727 0.301383832705816
26.9932329454267 15.5919668192786 11.6002040591736 -0.628407367485964 0.774027971765149 -0.0773612374984958 0.587695502598666 0.537565736329029 0.604679217665716 0.102125708095566 -0.10804396616266 -0.0349248563559385 0.51848133186363 0.105352924065023 0.282826910071043
27.2334924591084 16.0039279227766 11.5698299561144 -0.74661073881691 0.393740191164219 0.536228451496552 0.639728206837542 0.646094163605166 0.416305222756164 -0.864153803737403 -0.0505258072318807 -0.27656182033502 0.413249753504776 -0.026567035801088 0.163589262949329
27.3969913724531 16.4659840248717 11.621728690137 -0.633705193845923 0.019143831739223 0.773337650691006 0.538716302053741 0.728356543102047 0.423416320210957 -0.572549606947809 0.589310289686669 0.40502459161102 0.552561348146694 -0.240032145279015 0.171361721060886
27.5048342241442 16.8411460436687 11.8527456785456 -0.435278659735817 -0.346444732552344 0.830968362621438 0.621708962956382 0.551909169013528 0.555764442304427 -0.40404653410444 -0.414688550276577 0.0238698442022725 0.558103368017383 0.341686120560572 -0.0672948588610279
27.6425894329348 17.191611334791 12.2032333465265 -0.131176422819831 -0.7344804890758 0.665831094948701 0.434579307384635 0.561059212539636 0.704523436069093 0.546462399161685 0.20228307594994 0.431299286639513 0.197854782989202 0.170639283114495 -0.336357219188041
27.61305593167 17.410249223023 12.5997032484525 0.584921527312205 -0.770075798899839 0.254656537774155 0.537593075627629 0.603181368971667 0.589207774967865 0.15149915938737 0.050897153835918 -0.0598111593398628 0.41498084965586 -0.28923602231833 -0.163612026521446
27.7730777910678 17.4753176856792 13.0462298119703 0.850264180893877 -0.360101685277488 -0.383897749177656 0.525139301717149 0.530792202489053 0.665197890146493 0.376079096578972 0.0817917932539784 -0.132320129420647 0.416855472069218 0.0364014145869497 0.321010540873858
28.1204934739187 17.4667163848075 13.4068795880156 0.682653310817691 0.0481682075398174 -0.729153044554494 0.698049081035289 0.252138218719398 0.670189295005924 -0.00920016747271782 -0.360905448338909 -0.474536770192436 0.592984974668858 0.373631236735397 0.00401539412768326
28.5651342321932 17.3650102794449 13.709935026172 0.339247400378943 0.474793417987144 -0.812085150931825 0.808516952885545 0.294105096616994 0.509708173046979 -0.0214731821096275 0.149536416553118 -0.303111340937685 0.691081901653658 0.161704509829835 0.230816567004452
29.075874382256 17.4655413935126 13.767842561513 -0.236220501223949 0.837629174592184 -0.492521191454018 0.770007574384155 0.470528422462956 0.430919047884299 0.58291927523071 0.34518634388599 -0.996041491606623 0.589158298224936 -0.250060500900143 0.461612122632597
29.4869461587444 17.1522708189713 13.3012256618224 -0.540432421657603 0.840665497011848 -0.0348453895027629 0.741774935520535 0.495588166797092 0.451843112089516 -0.666298364047743 -1.41365649857813 -2.04444596896005 0.37925854750104 -0.17879405745905 0.0734030442396689
29.8282524340728 18.0431792705494 13.9199413833326 -0.821608170854872 0.569116590585579 -0.0326529028239524 0.488112460230398 0.731942179269062 0.475401680244144 -0.00215258468061417 0.250836234193811 0.255614450273008 0.168763999555056 0.170214634333543 -0.91891249130035
30.0363320894079 18.4611093239957 13.9848451902685 -0.829130132657685 0.0260661866337307 0.558447543764952 0.472311462265139 0.567100235154669 0.674773359638215 0.346125448267072 -0.0893460057000349 0.498640459062051 0.41167245218592 0.450282494829337 0.0888277565107981
30.193291084853 18.8619412465853 14.3135724569564 -0.610424664842485 -0.538143981904021 0.581190730808529 0.233912696876285 0.578555393989368 0.781382364217845 0.178564209248682 -0.496562197077136 -0.0255798726597682 0.471618432720025 0.0882556911319489 -0.859791141878622
30.0390457409401 19.2465781617758 14.5149595190818 0.155147326816193 -0.781991832366026 0.603670408342815 0.399141149821655 0.608592178434267 0.685785528358567 -0.19206374612619 -0.177975952460963 0.210681474130849 0.736605219483433 0.0812568096592976 0.286985260840775
30.027181959549 19.4493353449689 14.9381208186174 0.70158974112902 -0.704863469657612 0.104590666928445 0.463245123179939 0.562689139553151 0.684678590271045 0.0877229982849633 0.0368325809620298 0.0782493659014272 0.30184184425995 -0.486454429073589 0.244901883221275
30.2938701345299 19.6442308507599 15.3806792437191 0.730789892725567 -0.567982223063537 -0.378605609796466 0.636099338705353 0.365434911038277 0.679584315551444 0.0327504977942611 -0.15006525355912 0.443220966556461 0.349790959341413 0.30788437925704 -0.0599891547381911
30.5509800707911 19.5483264250595 15.7566761138436 0.67764997728658 0.210311215436088 -0.704669842754779 0.608485697985276 0.377743935170366 0.697892942673851 0.227647962297987 -0.0173756033085655 -0.0833341942219176 0.573816737485785 -0.233786313260844 0.375084023482848
30.9995488906098 19.6501711286742 15.9934929728703 0.315980001153644 0.483433942421339 -0.816362752212582 0.796812826568502 0.331859848393554 0.504933907173825 0.32079963003438 0.251939812514097 -0.345982572466316 0.570264365491607 -0.326351644331517 -0.311493504446327
31.4552267733618 19.6137803822875 16.153218264892 -0.0482410877495302 0.802020756534844 -0.595344761148793 0.792962004554037 0.393182525894471 0.465423085664499 -0.205446700135712 0.23048691225526 -0.458478299527315 0.631214422820824 0.0539468955681365 0.147747182723898
31.8777497617362 19.756363259652 16.1701824634802 -0.527435656263546 0.84899269558108 -0.0319830104833873 0.634497177850019 0.41865675579043 0.649722812826628 -0.0777308936874136 0.146845763466795 -0.311537871234995 0.405226421688517 -0.0067579210392149 0.204031231697992
32.1915607484447 20.0470443683989 16.302100714288 -0.842777188050774 0.484065149523109 0.235387814580271 0.538254942152496 0.755593984840463 0.373308502391871 0.0489071436655803 0.221556699100648 0.479033707242507 0.164913041441412 0.0211500779992881 -0.244441476839836
32.3588776076955 20.4952890503234 16.2740783953838 -0.704742186383521 0.0346030486020391 0.708619051791987 0.55253307696783 0.653290209206806 0.517608910954219 -0.0506053212443674 0.244802378589121 0.290046039516529 0.878066068385858 -0.231531406625286 -0.0733101530304181
32.4643218188089 20.9615392109831 16.3378369644384 -0.342674938826783 -0.421063699664759 0.839808983004712 0.436688700147622 0.720094853459921 0.539227474658376 -0.0967525533344582 -0.410089680396354 -0.0648348633142387 0.671049393703852 -0.170110115709092 0.034918564571861
32.3447185034453 21.3525945381849 16.54838096291 0.544178486613916 -0.583962211134943 0.602376792835899 0.43175353394137 0.810547446770892 0.395729206813894 -0.39274758447227 -0.443346119370009 0.139402636626827 0.22554231695577 -0.899309177078653 0.741041897787669
26.0327581047386 12.586577220761 5.22560966296327 -0.368452788456346 0.87424816108102 0.316121145716329 0.861248767873938 0.192984643100556 0.470114208519496 -0.855716782661474 0.531976087572274 -0.0563667224318501 0.249457292810694 -0.0428588519063989 -0.557987566395532
26.4163931821442 12.9126498158364 5.27977676728813 -0.506730476753786 0.308717036211661 0.804933473201142 0.86210437197 0.181029861462876 0.473290737392688 -0.115377244572153 0.231735264152808 -0.179626965337352 0.317038551735677 -0.0815467419439062 0.0887507930913333
26.8190403263447 13.0959436684529 5.55864806634772 -0.654727478767023 -0.067924292948332 0.752806819741083 0.726829986572003 0.21681362602457 0.651697709134458 0.0143824436799671 -0.0158952371225331 0.171526524286744 0.36624116932456 0.46982377287996 -0.440931136967232
26.9454560707024 13.4511158715148 5.84442964764004 -0.239313609148284 -0.745385357231291 0.62219735389639 0.766919551376436 0.247881415967163 0.591936725907025 -0.0513490848487024 -0.456467724101611 0.00453766740319416 0.463371301440148 -0.114145124496573 -0.226130174206648
27.1632960554961 13.6688663486379 6.25709800556195 0.0257651458418417 -0.98742773590538 0.155956743587656 0.731244087095484 0.124991365369696 0.670566273588929 0.267084639103178 -0.0898147186918177 -0.217447450581394 0.429793219170036 -0.21177101573112 -0.308877324229248
27.3132913572401 13.6722682805538 6.73516700210467 0.479774547681923 -0.793841645628628 -0.373673260826304 0.761439124085737 0.165122103892365 0.626853278430082 -0.280207649316416 -0.301767898883365 -0.0529994976046929 0.380173789584574 0.155612818145046 0.00117879584576026
27.6345182111481 13.6012713029887 7.11694052037055 0.436720713821598 -0.424277911008775 -0.793261088361488 0.876030682873017 6.22774853552732e-05 0.482255245207845 0.187833284308012 0.383179543702368 -0.365981850849691 0.371453788594818 0.136896026589959 -0.262492986423618
27.96010569075 13.3705967030846 7.32199076427677 0.396126432756071 0.277468168924946 -0.8752686132248 0.916000421703709 -0.0535376986619853 0.3975887710688 0.236007172303204 0.13659008938726 -0.23906127954632 0.562416086274707 0.228763414719463 -0.0591660818831375
28.3516000754752 13.1873258215393 7.36494159247799 0.170867671877406 0.830896451226412 -0.529542451093314 0.941507361553044 0.0207486321891786 0.336352898389821 -0.381709366849077 0.387005684582947 -0.901386535307923 0.597583826904718 -0.135150522076031 -0.136308151765529
28.7720123718119 13.0433381378755 7.29312453834491 -0.0963555275656546 0.991270215686699 0.0899936386130076 0.880011602422695 0.0425954048375155 0.473038151683292 -0.109646824619538 0.0917554881973474 -0.385828716165435 0.637751232774432 -0.592516027839906 0.286587122777524
29.2180031176844 13.0889955875513 7.30711653682531 -0.407889646676956 0.743878217053305 0.52940638153007 0.883713140630206 0.175894110140989 0.43371906736789 -0.232582323690371 0.533860078862388 -0.530631316943764 0.270098007678938 0.0138614017654427 0.142291805794436
29.6475629150048 13.3389523313437 7.36127914467683 -0.693921462306945 0.339011961802907 0.635250954380752 0.720039734719646 0.321855523599021 0.61477775236677 -0.153128017665951 -0.265005948143641 -0.140477585727517 0.375765288702909 0.00716942724522459 -0.254654238056716
29.972864751125 13.6658663224042 7.52236079061396 -0.572008881223422 -0.202625734643254 0.794826102629071 0.797658786510948 0.0884292717479009 0.596590819040457 0.17999984091592 -0.675406474085625 0.225186022408241 0.362110975745871 -0.351667355931089 0.15128997607029
30.209445306965 13.9198666868342 8.02399011064202 -0.31966695861812 -0.713526021541816 0.623452912971928 0.711855676118852 0.253409673177086 0.655015204758142 0.357158983814765 -0.670950224944711 0.0945141889990106 0.264256918810139 0.30380408407949 -0.349069738372511
30.423666863945 14.3215237093811 8.40160896872769 -0.0590559935013054 -0.97904109502933 0.194912309078995 0.835817771719723 0.058264985576897 0.545906333299465 0.605315216141559 0.17963270715478 -0.500792937581485 0.575909662296856 -0.123153244966538 -0.47216328602853
30.5741682958402 14.2585081754699 8.84795835151167 0.485684852465718 -0.80390032096019 -0.343299255546611 0.617752033156759 0.0377951907191864 0.785464093637204 0.205123376802838 -0.157241492925841 -0.445530414888878 0.19894685930601 0.200326407418056 0.179066191166178
30.8076709925095 14.1275997050627 9.25983248159783 0.635680026207671 -0.275874024729386 -0.720974554164477 0.741807512918383 -0.0401464551808289 0.669410011498391 0.031919707774737 -0.594867283553775 -0.295953631634471 0.592905320875356 -0.193363251057333 -0.342383158408543
31.1677091385509 13.8472032328435 9.42725676831279 0.633581623006325 0.257683097938087 -0.729502316014441 0.761300970515391 -0.0396787214686568 0.647183370608479 0.00641469661164906 -0.16942956279493 -0.12638642107296 0.61647949439747 -0.0327767234375408 0.154543784694597
31.5850549145246 13.7399029579058 9.63194475564175 0.334065454343109 0.64067639252858 -0.69132764885519 0.826799296989829 0.152975474594164 0.541295951838811 -0.224230427503583 0.385177239769075 -0.430279689305212 0.369809986811991 0.385280735302145 -0.154152100122439
32.0273092869418 13.5919146281222 9.68048265242351 -0.134921262830974 0.975276219622223 -0.175021225155598 0.938635804568134 0.18238721687775 0.292741557161039 -0.439199621673565 0.202703413681655 0.122033243120161 0.598336307269203 -0.0976475287877135 -0.390433280430942
32.5177148079517 13.7497828907568 9.59698217507016 -0.422514006532876 0.859366261691494 0.288047608130643 0.902746423581129 0.370676685769882 0.218283274888135 -0.0860638752617605 0.128760941830028 0.472581006179811 0.996241521477203 0.0972932704885844 -0.127198450393754
32.9340663154685 14.0299596974082 9.57179132208414 -0.613485032212393 0.528664998774938 0.586642413849207 0.771329655523183 0.560461736358669 0.301551173271334 0.153411443102107 -0.202005897434195 0.181216862817704 0.697114570725534 -0.0345127662232156 -0.447170175199028
33.1935485424498 14.3985935628319 9.6970468311194 -0.572248420801148 -0.0786291841489614 0.81630207764381 0.758273457571184 0.328372130620566 0.563198891950353 0.439634456592762 -0.130163367008325 0.0758705816829776 0.614098784482331 0.0970993211391121 -0.0377033623527835
33.3001617901172 14.6813317361383 10.0200624246453 -0.162004337320559 -0.761390246006907 0.627725552106739 0.755236776998624 0.313755639124778 0.575477795265783 0.00238785468294785 -0.215468011966878 -0.164778081183012 0.166403198975153 -0.468468449765193 -0.141539559262542
33.5932022836089 14.7847434348916 10.3960951219201 -0.0276026832909859 -0.985163019935329 0.169386535607129 0.855397043858624 0.0644010804087353 0.513953576970042 -0.0852647757335108 -0.126834374638334 -0.782455736649631 0.561751142380072 0.504349284243153 -0.140261431687356
33.7341823130814 14.7963413434124 10.7928858865449 0.44407198581923 -0.856713598392066 -0.262377140310569 0.652042451142639 0.108155761881966 0.750428451740251 -0.121798625384569 -0.0356446210114271 -0.791634350797575 0.178483715339036 -0.0244434020397571 -0.0965092146550789
33.8649316356682 14.6605086373556 11.1977564976771 0.718864093667929 -0.156162840243775 -0.677382806055228 0.690255559111004 0.275788830144426 0.668945188606052 -0.200812914644738 -0.710549015326786 -0.529596355668593 0.0534171700428531 -0.54948774278943 0.458145598341752
