
#id1 id2 FENE BEXC STCK NEXC HB CRSTCK CXSTCK total, t = 100
0 1 0.0157863 0 -1.24023 0 0 0 0 -1.22445
1 2 0.318867 0 -1.21528 0 0 0 0 -0.896417
2 3 0.390298 0 -1.32165 0 0 0 0 -0.931349
3 4 0.000343931 0 -1.3255 0 0 0 0 -1.32516
4 5 0.011993 0 -1.04922 0 0 0 0 -1.03722
5 6 0.113084 0 -1.35733 0 0 0 0 -1.24425
6 7 0.287766 0 -1.3546 0 0 0 0 -1.06683
7 8 0.187816 0 -1.39535 0 0 0 0 -1.20754
8 9 0.508433 0 -1.26002 0 0 0 0 -0.751582
9 10 0.0960552 0 -1.26872 0 0 0 0 -1.17266
10 11 0.246352 0 -1.12914 0 0 0 0 -0.882785
11 12 0.172337 0 -1.31458 0 0 0 0 -1.14224
12 13 0.0590725 0 -1.41731 0 0 0 0 -1.35824
13 14 0.0115742 0 -1.3308 0 0 0 0 -1.31922
14 15 0.237522 0 -1.25078 0 0 0 0 -1.01325
15 16 0.0532535 0 -1.32357 0 0 0 0 -1.27032
16 17 0.159765 0 -0.792592 0 0 0 0 -0.632827
17 18 0.438403 0 -1.29834 0 0 0 0 -0.859934
18 19 0.164372 0 -1.25343 0 0 0 0 -1.08906
19 20 0.0122563 0 -1.28098 0 0 0 0 -1.26872
20 21 0.197908 0 -1.39123 0 0 0 0 -1.19332
21 22 0.110122 0 -1.20711 0 0 0 0 -1.09699
22 23 0.0422251 0 -1.35759 0 0 0 0 -1.31537
23 24 0.288353 0 -1.12198 0 0 0 0 -0.833626
#Total energy per particle is  -1.04533 and should be -1.0453310

