t = 0
b =  30.0 30.0 30.0
E = 0. 0. 0.
9.27043389257 24.7367803287 27.8476036189 0.227161959921 -0.40595746614 0.88520956821 0.788448080004 0.610198659051 0.0775062683288 0.0 0.0 0.0 0.0 0.0 0.0
9.40252388021 25.1677019826 28.140082448 0.519191605176 -0.727772270119 0.448093293814 0.788448080004 0.610198659051 0.0775062683288 0.0 0.0 0.0 0.0 0.0 0.0
9.65296361057 25.4327279247 28.5347041575 0.613971679203 -0.773094220976 -0.159261114621 0.788448080004 0.610198659051 0.0775062683288 0.0 0.0 0.0 0.0 0.0 0.0
10.0433582045 25.5215270148 28.8930222909 0.475493647242 -0.524704751838 -0.706109562909 0.788448080004 0.610198659051 0.0775062683288 0.0 0.0 0.0 0.0 0.0 0.0
10.5421415903 25.4907196401 29.0903827272 0.156367628864 -0.0769711748814 -0.984695182724 0.788448080004 0.610198659051 0.0775062683288 0.0 0.0 0.0 0.0 0.0 0.0
11.0765689821 25.4423666838 29.0632818657 -0.222165066047 0.400005038302 -0.889178639398 0.788448080004 0.610198659051 0.0775062683288 0.0 0.0 0.0 0.0 0.0 0.0
11.56035384 25.4851948885 28.8334927053 -0.516293537964 0.725012649707 -0.45584826469 0.788448080004 0.610198659051 0.0775062683288 0.0 0.0 0.0 0.0 0.0 0.0
11.9264495697 25.6932897495 28.4997929186 -0.614273462842 0.774575833923 0.15066648715 0.788448080004 0.610198659051 0.0775062683288 0.0 0.0 0.0 0.0 0.0 0.0
12.1525216442 26.0779491962 28.2004375624 -0.478880629081 0.529864708615 0.699940521513 0.788448080004 0.610198659051 0.0775062683288 0.0 0.0 0.0 0.0 0.0 0.0
12.2694328643 26.58339132 28.0606336701 -0.161553037875 0.0838491216378 0.983295449371 0.788448080004 0.610198659051 0.0775062683288 0.0 0.0 0.0 0.0 0.0 0.0
12.3495180643 27.1079468536 28.1449720065 0.217151253442 -0.394022148532 0.89307999619 0.788448080004 0.610198659051 0.0775062683288 0.0 0.0 0.0 0.0 0.0 0.0
12.4791028994 27.5426850261 28.4328879561 0.513356153002 -0.722197816775 0.463568520955 0.788448080004 0.610198659051 0.0775062683288 0.0 0.0 0.0 0.0 0.0 0.0
12.7257072856 27.8127981835 28.8264743646 0.614528467178 -0.775998459922 -0.142060385843 0.788448080004 0.610198659051 0.0775062683288 0.0 0.0 0.0 0.0 0.0 0.0
13.1123934553 27.9060224676 29.1876781037 0.482231142306 -0.534984314142 -0.693718176936 0.788448080004 0.610198659051 0.0775062683288 0.0 0.0 0.0 0.0 0.0 0.0
13.6090042291 27.8772970605 29.3907487625 0.166726143997 -0.090720682959 -0.981820834262 0.788448080004 0.610198659051 0.0775062683288 0.0 0.0 0.0 0.0 0.0 0.0
14.1436202326 27.8278918708 29.3700133313 -0.212120903929 0.388009252449 -0.896913341483 0.788448080004 0.610198659051 0.0775062683288 0.0 0.0 0.0 0.0 0.0 0.0
14.6298832695 27.8669334024 29.1448264756 -0.51037967398 0.719327985683 -0.471253474683 0.788448080004 0.610198659051 0.0775062683288 0.0 0.0 0.0 0.0 0.0 0.0
14.9998052435 28.069945771 28.8122173756 -0.614736672793 0.777361990634 0.133443466087 0.788448080004 0.610198659051 0.0775062683288 0.0 0.0 0.0 0.0 0.0 0.0
15.2295979737 28.4501578298 28.5100267179 -0.485544931763 0.540063178543 0.687443003035 0.788448080004 0.610198659051 0.0775062683288 0.0 0.0 0.0 0.0 0.0 0.0
15.3487107214 28.9534773071 28.3645387143 -0.171886553278 0.0975853355488 0.980271449696 0.788448080004 0.610198659051 0.0775062683288 0.0 0.0 0.0 0.0 0.0 0.0
15.4286419239 29.4790413648 28.4425036185 0.207074400588 -0.38196680796 0.900678383352 0.788448080004 0.610198659051 0.0775062683288 0.0 0.0 0.0 0.0 0.0 0.0
15.5557757425 29.9175360765 28.7257781886 0.50736432757 -0.71640337498 0.478902540634 0.788448080004 0.610198659051 0.0775062683288 0.0 0.0 0.0 0.0 0.0 0.0
15.7985632755 30.1927266164 29.1182186079 0.61489806383 -0.77866632222 -0.124816384095 0.788448080004 0.610198659051 0.0775062683288 0.0 0.0 0.0 0.0 0.0 0.0
16.1815168415 30.2904201436 29.4822071285 0.488821745093 -0.545100915042 -0.681115477687 0.788448080004 0.610198659051 0.0775062683288 0.0 0.0 0.0 0.0 0.0 0.0
16.6758973397 30.2638579002 29.6909353545 0.177033872732 -0.104442556638 -0.978647413663 0.788448080004 0.610198659051 0.0775062683288 0.0 0.0 0.0 0.0 0.0 0.0
