
#id1 id2 FENE BEXC STCK NEXC HB CRSTCK CXSTCK total, t = 100
0 1 0.226547 0 -1.27575 0 0 0 0 -1.0492
1 2 0.35836 0 -1.23992 0 0 0 0 -0.881559
2 3 0.136067 0 -1.32414 0 0 0 0 -1.18807
3 4 0.605618 0.000936093 -1.08797 0 0 0 0 -0.481419
4 5 0.121615 0 -1.26133 0 0 0 0 -1.13972
5 6 0.0514967 0 -1.14175 0 0 0 0 -1.09025
6 7 0.0509911 0 -1.19311 0 0 0 0 -1.14212
7 8 0.0090659 0 -1.26491 0 0 0 0 -1.25584
8 9 0.183092 0 -1.18556 0 0 0 0 -1.00247
9 10 0.203722 0 -1.25395 0 0 0 0 -1.05023
10 11 0.153791 0 -1.28146 0 0 0 0 -1.12767
11 12 0.089712 0 -1.14225 0 0 0 0 -1.05253
12 13 0.318979 0 -1.40803 0 0 0 0 -1.08905
13 14 0.334476 0 -1.32501 0 0 0 0 -0.990537
14 15 0.132192 0 -1.06697 0 0 0 0 -0.934773
15 16 0.152427 0 -1.12529 0 0 0 0 -0.972862
16 17 0.101071 0 -1.18916 0 0 0 0 -1.08809
17 18 0.072659 0 -0.955455 0 0 0 0 -0.882796
18 19 0.0015513 0 -1.34055 0 0 0 0 -1.339
19 20 0.0444715 0 -1.08515 0 0 0 0 -1.04068
20 21 0.557544 0 -1.14522 0 0 0 0 -0.587671
21 22 0.0274584 0 -0.984755 0 0 0 0 -0.957296
22 23 0.0927466 0 -1.14084 0 0 0 0 -1.04809
23 24 0.0923443 0 -1.04079 0 0 0 0 -0.948447
#Total energy per particle is  -0.973615 and should be -0.97361510

