t = 100
b = 30 30 30
E = -0.852118675365107 -1.0266872510445 0.174568575679388
10.7263957560537 27.6030917976476 10.2456782519032 0.845033945368666 0.177063774789689 -0.504545281781522 0.462946224619895 0.229916764197713 0.856048454893941 0.221780478853735 0.191716824722124 -0.145961348390232 -0.163881455116803 -0.214452576524555 -0.713461671054596
11.0982218517234 27.5208587634137 10.5509059993259 0.415589939132576 0.779113193854168 -0.469326664184951 0.551470875411458 0.194495179785247 0.81120366086947 0.0968328399486168 0.0819429826837619 -0.301280008555701 0.0675531836709186 0.0136028092040413 -0.596785359899346
11.5174602016786 27.593578044928 10.8148459568299 -0.100049821206368 0.985394609037576 -0.137794704861881 0.54940585484287 0.170175352672162 0.818042442068126 -0.224459142677861 0.228192027252052 -0.016101281878969 0.323033031444535 0.371260333866351 -0.00435382254981938
11.9352355609588 27.7563876682056 10.9665740282329 -0.608820039578419 0.660553383454978 0.439325925270086 0.625894416531849 0.0596898737420391 0.777620202496401 -0.0769319507064513 0.534797861168109 -0.159730356832365 0.550014166052561 -0.158909483695263 -0.0840276313447863
12.2280467901847 28.050984329917 11.2289361953971 -0.803766549574074 0.209795655817725 0.556727040395991 0.591384319503288 0.383957615533606 0.709112844674232 -0.719726767199715 0.135064287135989 0.351611565375822 0.280007688026605 0.491884136369769 0.180675129482226
12.4504804265566 28.3704264045176 11.5355812736235 -0.831521843934317 -0.340615539643589 0.438807884660893 0.388116490797223 0.208904357235993 0.897621547295142 -0.13766592424281 -0.211165137414051 0.314229116695484 0.36450577977888 -0.299717128808891 -0.351790452344474
12.5735311626869 28.6256972918355 11.9993737419341 -0.440735763461687 -0.865155361502337 0.239286581876781 0.436712791629097 0.0262333667688042 0.899218343395092 0.245648962327678 -0.266166285554743 -0.0489978719933314 0.537102340626579 0.33692574656205 -0.284441200086894
12.4541174179232 28.748986901705 12.4190487600544 0.242713394260168 -0.969744529406014 -0.0261846816814115 0.388308788549847 0.0723823056120991 0.918682192241594 0.604657685322264 -0.533170580197754 -0.112529987934216 0.331494419570784 -0.207762068429226 0.221311336842385
12.452393807035 28.6722095545316 12.9031997053388 0.63619778791811 -0.698694457359786 -0.327228224328799 0.480889833699091 0.0274428149749027 0.876351380368512 -0.113046968352424 -0.0720951826763786 0.103456352325356 0.404325164838542 0.15924692949239 -0.0433013971266736
12.5498124159049 28.3998255142775 13.2307845835631 0.895090593778038 -0.059458928858492 -0.441901965225397 0.445819071433448 0.136280733288824 0.884687966502109 0.306989371446633 -0.0167894965491752 0.342886300989022 0.525754368761619 -0.353393476142956 0.364548458540404
12.8430301569547 28.3663815921876 13.5878047180916 0.725924227908801 0.250576282968405 -0.640504040572747 0.670921853684395 -0.053102217895882 0.739624166906531 0.534249894298935 0.346313712891239 -0.0647307551788893 0.318339493940283 0.19986593446698 -0.363041866244616
13.1628229279846 28.092481946678 13.7764783702623 0.371141774442908 0.905898848943558 -0.203963084645966 0.577012229539442 -0.0528968703133032 0.81502066919157 0.406526435285683 0.474870928023465 -0.396776883642964 0.486496071129269 -0.267768322069475 0.00699598611242147
13.5802874455591 28.1226636141614 14.0126229362117 -0.256046696090722 0.962393328634983 0.0907692321567689 0.619065552703991 0.0911338832007613 0.780033549955838 -0.164059711272661 0.243579706451418 0.00222003354539616 0.38348714447867 0.0913248081031746 0.417415176446626
13.9283906317877 28.3301237531155 14.2681093778964 -0.687708193440992 0.634039299934539 0.353626200145379 0.649179216354845 0.319009767181547 0.690506338316077 -0.127376470668387 0.490062034157566 0.099089392071572 0.375780064645975 -0.298832036475119 0.135166292413139
14.2021167818834 28.5396485661979 14.6584743065532 -0.905946674189603 0.327075386610899 0.268853490989215 0.397055167308167 0.435858871093176 0.807696805686065 -0.42138997025461 -0.294557850698965 0.595225726014112 0.495745014678865 0.544235011517847 -0.25134215298609
14.3510515899983 28.9143579718424 14.9017057677936 -0.763980653336041 -0.3893618877594 0.514519934156692 0.445747832769831 0.258062963171181 0.857153580255393 -0.198700008182786 -0.210853389392383 0.234153231973699 0.525880291745899 -0.2284441905061 -0.195603044695598
14.3314360166733 29.1457554766302 15.2912941122433 -0.360041143098746 -0.870220834078758 0.336282553818651 0.385560320814185 0.189439586858125 0.903025894296023 -0.702262753035361 0.174599912503182 -0.093045290816439 0.504862549825523 0.546653731939403 0.0861790950564217
14.2483282326116 29.1946013269375 15.7433733449024 0.309123939723609 -0.945952604166403 0.0980609115667624 0.34459966985428 0.207517068008527 0.915525869932692 -0.191168972912888 -0.0873990607045916 -0.0890916389438004 0.404981525378789 -0.168940738416482 0.290842063541895
14.3572837277986 29.1706610178526 16.2130456525464 0.577495490212611 -0.764319553855355 -0.286904965911094 0.433179868492903 -0.0110044074568391 0.901240250313836 -0.3194069970306 -0.296661726409038 -0.251159088820582 0.270473468813588 0.341134728195928 -0.178320900711642
14.5580662195025 29.0174997968556 16.6343099602449 0.700681987452267 -0.381935278709835 -0.602635942998248 0.653169832057372 0.00352545253385108 0.757203158601733 0.135495134285501 0.194265418696751 -0.128263614943538 0.305531588724805 0.141370416175694 -0.14083365538922
14.7869441938072 28.7411802411925 16.9742050923611 0.647117655242748 0.50069967221041 -0.574924743629884 0.599735496862688 0.131261504387178 0.789359000839025 0.125428102711535 -0.226818973034695 0.173770961477222 0.44262516964009 -0.0221943380249236 0.14570701940295
15.162692865106 28.5696547789518 17.1426746370824 0.0880214617831913 0.991159225846302 -0.0992749155920808 0.594199188116584 0.0277440620982892 0.803839209291552 0.10116084924352 0.169046105127103 -0.107763284851664 0.39444837254962 -0.556315172414055 0.525777748015092
15.6266345303173 28.6377820054809 17.4790355511582 -0.295303838727534 0.955299212283866 -0.0141046361892675 0.753479602849228 0.241943136761063 0.611336160042258 0.376285164677312 0.845003100302882 0.0202458906513352 0.258266813272944 0.0743939138655995 0.0839278871850514
16.1029518281669 28.7546259346724 17.7072645533748 -0.692327341576786 0.710881957601263 0.123812662014064 0.459431652052953 0.301955854469544 0.835311379483889 0.133081243558661 0.314323190676177 0.355454757988635 0.563061686464994 0.0457908551391017 -0.0348494762205549
16.2961360210854 28.9620656090967 18.0052367626392 -0.889119766823513 0.363972689379263 0.277470371578688 0.399075437069626 0.319745466007538 0.859361109645546 -0.261800850143065 -0.0661892109178544 0.680835959714426 0.587110796098693 0.125946328849997 -0.550806300994251
16.5189341605191 29.3094333242106 18.2361096190735 -0.766251938024524 -0.371888217404247 0.523981872003545 0.407332879556058 0.34953391862438 0.843745135155982 0.10338134580492 -0.336163648520556 0.464806339347971 0.404927093363189 0.0717689526176171 0.232361596461908
16.6011773013372 29.5723360014451 18.5784518316544 -0.109798159987831 -0.954108848186044 0.27860466572312 0.447081126264258 0.202936017274033 0.871168939732732 -0.404015628917598 0.103885009474707 0.499858779267276 0.181206244450739 -0.0504540984933122 0.437642299571442
