
#id1 id2 FENE BEXC STCK NEXC HB CRSTCK CXSTCK total, t = 100
0 1 0.190064 0 -1.31163 0 0 0 0 -1.12157
1 2 0.168014 0 -1.24636 0 0 0 0 -1.07834
2 3 0.0370629 0 -1.43966 0 0 0 0 -1.4026
3 4 0.106215 0 -1.21858 0 0 0 0 -1.11237
4 5 0.465504 0 -1.35691 0 0 0 0 -0.891403
5 6 0.0494862 0 -1.269 0 0 0 0 -1.21951
6 7 0.000132791 0 -1.35829 0 0 0 0 -1.35816
7 8 0.0765595 0 -1.09353 0 0 0 0 -1.01697
8 9 0.171051 0 -1.05125 0 0 0 0 -0.880203
9 10 0.638387 0 -1.32373 0 0 0 0 -0.685343
10 11 0.000484935 0 -1.38268 0 0 0 0 -1.38219
11 12 0.0709459 0 -1.28899 0 0 0 0 -1.21805
12 13 0.0299434 0 -1.09909 0 0 0 0 -1.06914
13 14 0.0441037 0 -1.34097 0 0 0 0 -1.29686
14 15 0.0543977 0 -1.377 0 0 0 0 -1.3226
15 16 0.656411 0 -1.15345 0 0 0 0 -0.497037
16 17 0.105644 0 -1.20196 0 0 0 0 -1.09631
17 18 0.0210625 0 -1.22925 0 0 0 0 -1.20819
18 19 0.371224 0 -1.3059 0 0 0 0 -0.93468
19 20 0.131175 0 -1.34746 0 0 0 0 -1.21628
20 21 0.131603 0 -0.907327 0 0 0 0 -0.775724
21 22 0.294635 0 -1.16265 0 0 0 0 -0.868018
22 23 0.110452 0 -1.24907 0 0 0 0 -1.13862
23 24 0.735513 0 -0.915166 0 0 0 0 -0.179653
24 25 0.0660927 0 -1.26426 0 0 0 0 -1.19817
25 26 0.00361206 0 -1.21793 0 0 0 0 -1.21432
#Total energy per particle is  -1.01416 and should be -1.0141610

