t = 0
b =  30.0 30.0 30.0
E = 0. 0. 0.
5.33250019955 3.10868931727 2.27398168713 -0.257830190535 -0.0739920484872 0.963352879068 0.817782513113 0.514273162189 0.258369649723 0.0 0.0 0.0 0.0 0.0 0.0
5.44082667939 3.60130864763 2.45912128647 0.0928610883727 -0.560949972397 0.822625034104 0.817782513113 0.514273162189 0.258369649723 0.0 0.0 0.0 0.0 0.0 0.0
5.57032084725 3.96605941412 2.83177828821 0.408272887253 -0.834793623209 0.369368185126 0.817782513113 0.514273162189 0.258369649723 0.0 0.0 0.0 0.0 0.0 0.0
5.79288083261 4.14051894795 3.28863277937 0.568574990307 -0.79148521956 -0.224217812888 0.817782513113 0.514273162189 0.258369649723 0.0 0.0 0.0 0.0 0.0 0.0
6.14504750489 4.13455940107 3.69437681303 0.512865948476 -0.447478348072 -0.732619715064 0.817782513113 0.514273162189 0.258369649723 0.0 0.0 0.0 0.0 0.0 0.0
6.61412198627 4.02659715066 3.93312015959 0.262310558158 0.0665330292871 -0.962687138739 0.817782513113 0.514273162189 0.258369649723 0.0 0.0 0.0 0.0 0.0 0.0
7.14299016763 3.93380110638 3.95241894259 -0.0879009988026 0.555267396447 -0.827013623136 0.817782513113 0.514273162189 0.258369649723 0.0 0.0 0.0 0.0 0.0 0.0
7.65182131355 3.96757828258 3.78319994416 -0.404717496692 0.833046396121 -0.377143805173 0.817782513113 0.514273162189 0.258369649723 0.0 0.0 0.0 0.0 0.0 0.0
8.06839709337 4.191248411 3.52801100349 -0.567775051073 0.794337142116 0.216009249883 0.817782513113 0.514273162189 0.258369649723 0.0 0.0 0.0 0.0 0.0 0.0
8.35554853243 4.59598771595 3.32206137811 -0.515125370858 0.453845927212 0.727096779426 0.817782513113 0.514273162189 0.258369649723 0.0 0.0 0.0 0.0 0.0 0.0
8.52527712699 5.1041812143 3.28185348649 -0.266770949817 -0.0590689433393 0.961948086056 0.817782513113 0.514273162189 0.258369649723 0.0 0.0 0.0 0.0 0.0 0.0
8.63419527515 5.59890994515 3.46092169135 0.0829342152311 -0.549542534736 0.831339231878 0.817782513113 0.514273162189 0.258369649723 0.0 0.0 0.0 0.0 0.0 0.0
8.76201828028 5.96837043791 3.82949370028 0.401131285327 -0.831235729325 0.38489070426 0.817782513113 0.514273162189 0.258369649723 0.0 0.0 0.0 0.0 0.0 0.0
8.98127917452 6.14835072002 4.28580155735 0.56693187357 -0.797128572823 -0.207784236936 0.817782513113 0.514273162189 0.258369649723 0.0 0.0 0.0 0.0 0.0 0.0
9.32977220718 6.14662551888 4.69474499108 0.517345564448 -0.460178944227 -0.721518472553 0.817782513113 0.514273162189 0.258369649723 0.0 0.0 0.0 0.0 0.0 0.0
9.79619417753 6.04000251291 4.93921826628 0.271211025836 0.0516003590627 -0.961135777302 0.817782513113 0.514273162189 0.258369649723 0.0 0.0 0.0 0.0 0.0 0.0
10.3244387098 5.94514181042 4.96460061081 -0.077961115898 0.543775823232 -0.83560153092 0.817782513113 0.514273162189 0.258369649723 0.0 0.0 0.0 0.0 0.0 0.0
10.8349120032 5.97423482395 4.79950756007 -0.397514526262 0.829361760709 -0.392608292429 0.817782513113 0.514273162189 0.258369649723 0.0 0.0 0.0 0.0 0.0 0.0
11.2547718478 6.19238087692 4.54491943671 -0.566045522011 0.799859299103 0.199543400416 0.817782513113 0.514273162189 0.258369649723 0.0 0.0 0.0 0.0 0.0 0.0
11.5456015979 6.5928548823 4.33581723777 -0.519526360171 0.466476916834 0.715885219256 0.817782513113 0.514273162189 0.258369649723 0.0 0.0 0.0 0.0 0.0 0.0
11.7180052978 7.09966231554 4.28990109707 -0.275630448085 -0.044127845219 0.960250274337 0.817782513113 0.514273162189 0.258369649723 0.0 0.0 0.0 0.0 0.0 0.0
11.8275790284 7.59641080508 4.46287403663 0.0729820795241 -0.537967701095 0.83980019567 0.817782513113 0.514273162189 0.258369649723 0.0 0.0 0.0 0.0 0.0 0.0
11.9537890264 7.97052954022 4.82727945721 0.393867494926 -0.827424632985 0.400295981957 0.817782513113 0.514273162189 0.258369649723 0.0 0.0 0.0 0.0 0.0 0.0
12.1697811322 8.15603680425 5.28293235948 0.565116063893 -0.802529113001 -0.191287367894 0.817782513113 0.514273162189 0.258369649723 0.0 0.0 0.0 0.0 0.0 0.0
12.5145914625 8.15860753171 5.69498130021 0.52166759195 -0.472739365417 -0.710197448527 0.817782513113 0.514273162189 0.258369649723 0.0 0.0 0.0 0.0 0.0 0.0
12.9783159369 8.05341730595 5.94514071021 0.280028880008 0.0366519708691 -0.959291644597 0.817782513113 0.514273162189 0.258369649723 0.0 0.0 0.0 0.0 0.0 0.0
