t = 100
b = 30 30 30
E = -0.707036872297397 -0.883611291556294 0.176574419258897
12.7033454430786 21.7989774984022 20.3831608172614 -0.0240219915540266 0.432978915751723 -0.901083840030048 0.348712864092661 0.84836152104265 0.398349029304385 0.298673139234122 -0.125594185312115 -0.243834449884765 0.164153207795294 0.135440962217295 -0.664994070173165
13.0649253938519 22.1656076143313 20.3994078769211 -0.715943912698803 0.475260718453887 -0.511421004889095 0.313046377536267 0.87329355773512 0.373309805246878 -0.382669103937469 -0.483101302657129 0.157554134241883 0.30075715457586 0.348364204744802 0.271122326762953
13.244294935272 22.6137425509902 20.4337909469789 -0.968006596020107 0.24820143962349 0.0368667419809673 0.242586923463582 0.888126959774642 0.390361336344367 -0.18468694982669 0.0894601254410802 -0.727069068857595 0.374020699029518 0.329935727474979 -0.0616637091892311
13.223036106857 23.0751216401726 20.4097648731378 -0.698261494521841 -0.157501794620468 0.698300765584702 0.279739571867939 0.837888381595101 0.468709627070935 -0.390297280057728 -0.0728179071372243 0.2389026416324 0.676011522233283 -0.332771279502891 0.445578104456304
13.1913382703867 23.5423846457751 20.6291707154295 -0.52965758871605 -0.465145251512285 0.709297268275321 0.0186497734556981 0.829638412631626 0.557989409413997 -0.375435791243045 -0.119888762077911 0.44039522919554 0.557873677902507 0.449178727852425 -0.0346051854063521
12.9105761667396 23.8341490156264 20.8588649004328 0.303716384088539 -0.494308659106133 0.8145030328629 0.18588213020569 0.869200194934739 0.458190721645681 -0.363685366196038 -0.0368794478342822 1.05352492349176 0.692485107181353 -0.185035779336028 0.361771851810395
13.0236440019445 24.3178506927602 21.1845700320569 0.36872912175845 -0.804493982935908 0.46564810090449 0.280890212244445 0.57396183061854 0.769199838969807 0.423769358421744 -0.174646575494181 0.452087640370829 0.319344320378409 0.356456023247129 -0.532477588742624
13.0122420601347 24.4592504645968 21.6510087231653 0.838772878435383 -0.533951314393355 -0.106564221494006 0.45283435655849 0.575426896961823 0.6810468533988 0.772811167241125 -0.0452904232289471 0.107745180380881 0.588898178423871 0.299668103244952 -0.012762153083078
13.2729582887147 24.487867632131 22.0562577936073 0.724762507191494 0.0155949000107554 -0.688822176880134 0.572894371282409 0.54175980211095 0.615051417669342 0.388514441377417 -0.196755178321472 0.0323657562521424 0.682718340131393 -0.123515454984175 -0.0310792364972986
13.5953209336235 24.5068093554111 22.3509980312056 0.344170762879319 0.540592200278591 -0.767662974897573 0.410528465307659 0.648671392318679 0.640852313208273 0.280535898554998 -0.104908105935911 0.0239768756649654 0.547296467181012 -0.315092337758617 0.525829249370635
13.9598129749236 24.7150311825927 22.5461689330944 -0.281541366999187 0.695192156656417 -0.661394141063186 0.379261391214504 0.713772415992345 0.588803546503955 0.139688817572202 -0.244312905281406 -0.452046972519919 0.322557770693548 -0.403742963170985 0.106876633883819
14.3005368252154 25.0940680450042 22.6596474172163 -0.708880377507464 0.553201625766988 -0.437557371191452 0.378179971073621 0.821756315350539 0.426258549078063 -0.0551818496376574 0.210047204554005 -0.552469294140028 0.414047649444256 0.438296414883493 0.152845785922379
14.5038632708366 25.5902012973769 22.5931266881338 -0.924648415971811 0.369045036548148 0.0939731290505486 0.372473719774185 0.825026998469954 0.424963131684171 -0.472981715180498 -0.329514805142818 0.1496956645051 0.519892427102194 0.209364673357354 0.394786176152184
14.597987460678 26.0231317786703 22.6551462370525 -0.789364737389211 -0.000728065545269136 0.613923988018493 0.35143406900615 0.819411053455159 0.452834961594418 -0.198414838387916 -0.162113076028851 0.0699577205166812 0.574284235898333 -0.0494224695705066 0.0277068113707278
14.5721151873021 26.4814626730272 22.7831372541618 -0.469913080162693 -0.389410851897583 0.79217470693489 0.0420177422674574 0.886547049423291 0.460726308669781 0.247699989347922 -0.300129405724066 0.67848159944606 0.340841739371148 0.0892573653317269 0.147126196883658
14.3379327818902 26.8906768268582 22.9276423995362 0.153336306088964 -0.598026077119425 0.786671894309748 0.236612042339519 0.795147952981598 0.558349671885347 -0.428777563947488 -0.90076091078111 -0.314715537244212 0.345631752009597 -0.00846685205890197 -0.0546006744039501
14.232462569584 27.2587414999879 23.2008449537543 0.621094677466415 -0.686019362686132 0.378970601212481 0.456739566428273 0.709773093402821 0.53629376851555 -0.288066426754109 0.314946827262466 -0.290670786638559 0.154547874362235 0.0912355736039673 0.171963443112891
14.3613610442538 27.4416764167539 23.6416850205149 0.851819106918127 -0.468646643562139 -0.234039344759787 0.505302902477327 0.617322964465359 0.602976961325733 0.296128059150171 -0.434298025666653 -0.197731447948933 0.363702581499185 0.110098336858005 -0.116815160333943
14.4007339082174 27.503401737763 24.0455741485714 0.842584561984828 -0.0479047826331474 -0.536429183114744 0.478111718397201 0.525030199758991 0.704096844456273 0.417669064226063 -0.396955624404445 -0.770685666835151 0.64885103271607 0.0358285581504425 -0.155117049398164
14.7074390086822 27.5211749674503 24.3823959283239 0.507141430658049 0.486278434379117 -0.711576232293454 0.227124314996904 0.721036359563844 0.654615150046421 0.278212824542887 0.146056893553118 -0.520509645808704 0.422698744016694 -0.49880924485585 0.685555330931669
15.2428120666143 27.5578758441564 23.8550488304885 -0.115227326129489 0.745869276964989 -0.656049972572831 0.426933662359006 0.633522894316635 0.645272246568925 0.619983023407499 -1.31847361072446 -3.3733373014397 0.271500107160883 -0.470613096620706 0.356048810406731
15.4570149962888 28.0649491181474 24.4839178198704 -0.69849181866477 0.586044494081053 -0.410683469490212 0.323520307002839 0.770493691178963 0.549248544470326 -0.579172632486357 0.0618934202564112 -1.60655357043291 0.103920055902739 -0.395480393766234 -0.207025107386926
15.7602051873272 28.5376472210738 24.6322664016685 -0.919270813980927 0.33625864349165 0.204624485041456 0.390370018638812 0.71208150234076 0.583567531256145 -0.500172110309171 0.152212498082103 -0.503040764363305 0.410667147030869 0.199995462255352 0.389320332875612
15.8730750214137 29.039736349717 24.7528572203632 -0.798947217933284 -0.114265800843591 0.59044606328177 0.225497616573541 0.853238843309447 0.470249066717152 -0.070572185230998 -0.40109423767749 0.499762798891235 0.295714558540592 -0.147198461652543 0.306185009418776
15.7692899542621 29.5197676014762 24.8847999030557 -0.295901157079453 -0.398845341264315 0.867965888529919 0.158921539058681 0.875437449221561 0.45645712117983 -0.351262030488924 -0.191895000722909 0.569538749506767 0.537331891531896 -0.291871346034936 0.341517224211076
15.7207505687792 29.9684921133809 25.1419432031954 0.112759457435449 -0.54250602443721 0.832449637517562 0.209036930877702 0.831995025773776 0.513894659405697 0.330329876099765 -0.282331525124675 0.156846584258357 0.540118836819306 -0.141034893744537 0.0537611099911348
15.6116228362674 30.3899837630219 25.4418372514516 0.59878806061052 -0.556412526240548 0.576071037743197 0.197554659134187 0.799658892912508 0.567025302320314 -0.0605646881874271 0.0206535266899472 -0.00453032431795099 0.193324536164953 0.385104280431097 0.207548922585262
11.0421390568626 18.2142221492278 5.33567953219201 0.64677132115516 0.330631629557193 -0.687291397228423 0.511077943856726 0.481007021933088 0.712342237468585 0.156107504815215 0.191601016380128 -0.204666441068903 0.254392406303096 0.0572117002742342 -0.145581153221425
11.4645338079616 18.2697297568277 5.64855170827829 -0.00814101432792209 0.813217920767401 -0.581902243814584 0.562426311191236 0.484876661561323 0.669754549293832 0.202762625926383 -0.697200733196167 -0.51268718861902 0.37571510499807 0.124136175812073 0.226950533111704
11.7488986029953 18.6115050800941 5.91287095381282 -0.364566118805542 0.724153962722227 -0.585399407120934 0.439449908535586 0.688053262786755 0.57746547343716 -0.190454717394729 -0.167227970388541 0.046786055512409 0.456136178140032 0.344502977164686 -0.292081640659587
12.0584747354231 19.0050912134274 6.04746898078829 -0.856206758832855 0.513140736129134 -0.0599704248467673 0.340338977106591 0.64755693442391 0.681791229820071 -0.201792194679072 -0.169060831453757 -0.405949455036932 0.513486907052232 0.298740752818966 0.0860750095479219
12.1673572301137 19.4652634118862 6.23795525405515 -0.938529299644089 0.0419842013225391 0.342636777619946 0.264860037514914 0.724148098535075 0.636756296045131 -0.233757515287732 0.596591425845218 -0.266882100773407 0.435433082032285 -0.038220047946319 -0.176934765209918
12.179748179587 19.9016936355178 6.36771243920179 -0.590295264421752 -0.449040300940672 0.670756431601034 0.339764048049748 0.615554659821835 0.711092633784154 -0.333401754369396 -0.227543456258032 -0.311923820748951 0.593271391292017 0.186895682860441 0.420810884965403
12.1740056907862 20.3115661895606 6.7274904235779 -0.310290229099171 -0.830043451161138 0.46340880958247 0.0324781903415667 0.477928737180743 0.877797914487808 -0.300253358622135 -0.0155130943607481 0.144099060048491 0.24846649770055 0.0167980194964707 -0.40615228086939
11.961161242933 20.5145320705104 7.13662633000591 0.34885829188539 -0.901712732357529 0.255366249296885 0.17934052101518 0.331681657748929 0.926187962672707 0.0119100736806498 -0.26892246673038 -0.108474131338726 0.55786362671751 0.000551903007960834 -0.0703092309108887
11.9062157284738 20.5850601683714 7.58155772166331 0.859970978164931 -0.492563235497114 -0.133533738443608 0.348351900596917 0.375332936118709 0.858938893675757 0.217091943095283 -0.275133140463237 0.0597389445745244 0.590916015844444 -0.286328768017313 -0.0189265936135939
12.0762310003317 20.5479163309155 8.01645092729364 0.880346034755553 0.0214276665968774 -0.473847652572934 0.450096185727954 0.277500761439063 0.848767718220197 0.7416567239168 -0.23127832400072 -0.0284178523335606 0.476273647062538 0.11294500290123 0.278053968646679
12.2467022580364 20.368856515802 8.43686336084769 0.584355625186639 0.608451373463925 -0.536950010871871 0.28062211970833 0.469342667620432 0.837238656022726 0.304408711809698 -0.429498151489737 -0.618010647401376 0.593185839557864 -0.204621504660721 0.253961582445659
12.5709736910906 20.568742363736 8.73352608340776 0.213776679343547 0.697319270769578 -0.684138324807149 0.418366834736524 0.567500119296091 0.709163371821529 -0.189544346805318 0.777911146983143 -0.143437284628256 0.207120320025082 0.0408819968132202 -0.0418374528969171
12.947957033046 20.7161565994024 8.94678007063759 -0.431814236168351 0.811843037597873 -0.392997746337218 0.331097883559782 0.547970716897416 0.76818107617157 0.210948126383244 0.271924796502618 -0.769402075934903 0.446921316264547 0.0679902790669059 -0.204743928820251
13.2274147739763 21.0734307542701 9.13975152332961 -0.81691233349054 0.565113938874686 -0.115327172306256 0.300276438601121 0.587435501945959 0.75150081346517 -0.430024783016167 0.229862175074665 0.549722150844736 0.422554490826435 0.0981314115907086 0.263259770649501
13.3777678268763 21.4888981289514 9.36239188692757 -0.976866704783491 0.080951852673029 0.197934635995054 0.201354064287149 0.659930924844718 0.723842247472075 -0.593495463711444 0.0546013526979452 0.505185756758072 0.198872687808243 0.207589418659417 0.094842152968953
13.2947267191471 21.9019606993671 9.56253811014012 -0.484183185606108 -0.558532994946005 0.673503841492064 0.319001214763589 0.604080356532957 0.730291057913998 -0.729063342168039 -0.0862199916144124 0.220761730870559 0.216015717727096 -0.109751278999557 0.411335859744599
13.4307440278333 22.2299290644013 10.0182573527481 -0.350064961563627 -0.793080191470985 0.498475892599045 0.363401032724411 0.375488780255748 0.852612307485444 0.408163392442763 0.133204837540832 0.425516342508449 0.286234268390295 0.10156757679504 -0.407229430043867
13.2700652521358 22.4696351627547 10.4835418077659 0.313658763247637 -0.870419736933949 0.379456905554377 0.274014671937862 0.46559534022148 0.841508657224566 0.0918985310965997 -0.239058639223227 0.861630617196931 0.226984820028601 0.276982604147819 0.0816799394346989
13.1180768643393 22.7376439914005 11.0495295922113 0.846651234321334 -0.531715596403286 0.0214497780409417 0.236025935699746 0.411339966884124 0.880392567771848 0.0573619361060622 -0.215961784882425 0.919540065236024 0.318723603497798 0.174408937620394 0.124691151823219
13.1920355533328 23.1262956731761 12.0351109640004 0.843433988344468 0.0899495920635549 -0.529649003807471 0.448264795945919 0.425553957212346 0.786105835150286 -0.191263905979949 1.3692571592238 3.07211859518637 0.226896558363503 0.533808203201061 0.782778013016816
13.5038815753694 22.5175759669385 11.6140015059471 0.733785885458505 0.43885652690776 -0.518616528815221 0.191587860823444 0.598714164628729 0.777711594234304 0.0621529158635253 0.902165855576546 -0.357423163041488 -0.171898757374149 0.0619564646814689 -0.287675197242824
13.9220968373079 22.7111730754415 11.9817104518402 0.161060561447132 0.689031449607214 -0.706608121819575 0.466847700776602 0.577603796282879 0.669646893338516 0.312465239181481 -0.408779781849341 -0.153052389458606 0.179470706157182 0.386121073666163 -0.674066764163251
14.25456168202 22.9683233156272 12.051091396231 -0.4307761970995 0.873498428574966 -0.226786784321147 0.515310895457774 0.44438543020431 0.732786568632709 0.379611901366663 0.836407267634006 0.380603029055396 0.578477087777389 -0.401524893630329 0.442220470515093
14.4556147191099 23.2824519064666 12.2351683870771 -0.772994465303833 0.631516555093424 -0.0605498028679232 0.422101941043951 0.583209813662989 0.694043332884385 0.0312266607113418 0.404048464194499 0.260317725528069 0.304549836201939 -0.129813165851893 -0.0786830077498834
14.7574500847978 23.6668422105289 12.4925907849177 -0.954991048110317 0.191928561634415 0.226175613787618 0.29651179543455 0.63956507513586 0.7092511213083 0.386078593376162 0.504267673358268 0.398663480923227 0.0789711459866205 0.223879527784609 0.0344932932590977
14.7961179858516 24.1017199025052 12.7086083244987 -0.648433398232704 -0.456281916466211 0.609377405357661 0.307860794393013 0.57492581168878 0.758077781936914 -0.0155720292129792 0.466784763475904 0.160650584900995 -0.0158468099856523 -0.400527886385305 -0.127018842060472
14.7242624852397 24.3900247977705 13.1089102778043 0.00121594634080772 -0.895202082556472 0.445658659986617 0.352116628285501 0.417500499274196 0.837679589345727 -0.178151630464066 -0.0430564072671114 0.451975148302258 0.0277328932735929 0.389409104473343 0.756580123130735
