t = 100
b = 30 30 30
E = -0.631923451796321 -0.845063772288996 0.213140320492675
20.0862525878166 13.6595191337821 22.6670416745118 -0.244335926295864 0.491938944996922 0.83564102004214 0.882925621278513 0.469166250885186 -0.0180349002122205 -0.303045425217822 -0.375393219764023 0.616940083773398 0.0842525855455525 0.00586817156020357 -0.458377772843761
20.2416929536984 14.1031259064707 22.7201622372209 0.0442744495412956 -0.180815755342911 0.982519881183544 0.66352041206722 0.74055547396208 0.10638675113414 -0.113591289372407 -0.43616541051275 0.401628836051312 0.383213271231997 0.124591952085278 -0.325352540309345
20.3785032153311 14.5184654724583 22.9497154597195 0.444673447861394 -0.545278806523957 0.710588790663111 0.696469809517638 0.70933874025165 0.108481519412814 -0.633444077351497 -0.515826081586404 -0.0208478135914548 0.586531898806901 0.207467698512799 0.0958588531913576
20.7145648675242 14.8791063989338 23.0936950458791 0.489079203106406 -0.802377520811786 0.342040547669695 0.812829608242999 0.561509839944612 0.154966478409244 -0.103374730821707 -0.286095540193628 -0.115680459422564 0.554033009799175 0.10053479960659 -0.622316345127591
20.9702886778118 15.1039702139091 23.483926117055 0.483353915390392 -0.813215260856226 -0.324113896929239 0.873329958071074 0.422332441025604 0.242754980426318 0.419669770721745 -0.106287501876756 -0.188925791609164 0.538461441730912 -0.0857059394533993 -0.186894232373
21.2873429400001 15.0043432087792 23.855819939685 0.430731560598655 -0.07131035144017 -0.899658289630275 0.790995405700037 0.509783976218693 0.338299347419527 -0.264779205939945 -0.310842225835189 0.61247161138276 0.621861120101568 -0.718127774540233 -0.143838994980177
21.7307264211106 14.9836276485804 24.0846046992589 0.0284383920054894 0.431108134622916 -0.90185193734919 0.893582087374334 0.393390686960956 0.21622835957707 -0.481647912213249 -0.363635673147587 0.672872789274761 0.38477729545079 -0.230546827358103 0.482821022288627
22.1722730336832 15.1127555418491 23.6430271770258 -0.208111393598554 0.84394125070247 -0.494421578003601 0.948471033522237 0.297610185572002 0.108769294858643 -0.751681768170333 0.475048302166868 0.348765924836362 0.66943212988182 -0.284372052255841 0.270501967782675
22.6935123162586 15.2175832177844 23.4158372251561 -0.470594470703106 0.879143264092474 0.0751521737326949 0.855275115588382 0.475434109855946 -0.206074679592821 -0.666789719464333 0.362590722504175 0.501942502318175 0.381404771361588 -0.134919680149938 0.362245592004076
23.079256689825 15.5542721865466 23.2272153686146 -0.642670447687173 0.662644706305224 0.384547229162523 0.646217548579071 0.738467943995731 -0.192530180865664 -0.353882604755613 0.295466616518392 0.54158777145509 0.714002827923138 -0.277222800148267 -0.56332230284562
23.244549684079 15.9634725077536 22.9706636305758 -0.247959906083882 0.363422579344707 0.898019930085716 0.707013385311268 0.701613119337393 -0.0887186052308398 -0.555797975278555 -0.116022537112039 0.645164215113161 0.539689277811233 0.0838063098110759 0.129485056306244
23.4682161369855 16.4278224091338 22.9289790800271 0.0430664722738869 -0.156569282076099 0.986727530836723 0.785728794962855 0.615319349201494 0.0633422499523744 -0.0882399517062097 0.0688307696475526 0.182140458707914 0.41380092819125 -0.114867723778252 -0.113988727316055
23.7394171893794 16.812002845812 23.0987437639232 0.285587609303709 -0.645572855005245 0.70829039784271 0.788668328262787 0.578202451200931 0.209007359662156 0.00677310945331187 0.0433630208071275 0.0417070612023285 0.368140266566347 0.318815051843548 -0.113444298679075
23.9500268814967 17.1102675060479 23.3726112153978 0.562268052150603 -0.825084023329806 0.0555956205926171 0.796606520964316 0.558453879068737 0.231402679257741 0.155568369033726 -0.381053855425011 -0.0289746525832414 0.447746833680731 -0.0657852013345989 0.0232002633972262
24.3068237614374 17.2040465092479 23.6187969809904 0.488119168595924 -0.656294315783748 -0.575341055439995 0.866565971976024 0.442938397547271 0.229932333465087 -0.201896946196043 -0.618557712126518 -0.591759084055648 0.574933368660579 0.120959979279245 0.0625740724714482
24.674707250883 17.1317925272843 23.8139352581099 0.297027947942245 -0.0581164921693725 -0.953098503261275 0.843091008045699 0.484578850651752 0.233196853683304 -0.159487922613692 -0.659409690873148 -0.406604028054961 0.587373201431534 0.159451171351716 0.59249726301637
25.1765448439367 17.175256789466 23.9304178997258 -0.0413885151443611 0.246252976700687 -0.968321404871891 0.873224783142786 0.479897030886513 0.0847183538628246 -0.0883777013937728 -0.150852056309389 0.0274104433698836 0.22293425131489 -0.292571808413676 -0.0290492111021479
25.6461482052041 17.3530528779611 23.8504259997457 -0.431896871097913 0.337762151931892 -0.836290446114267 0.705123465734815 0.704604739167086 -0.0795797742470685 -0.34418821877004 0.460292658308347 -0.0541512224565266 0.362457627538107 0.54323196298462 -0.313009219783859
25.9764564351719 17.343338129468 23.5804522842816 -0.54993907860841 0.827636436153138 -0.112182084848681 0.832626863159916 0.553818652217777 0.00415793336224287 -0.404036054125778 -0.123344050556547 0.28648025272061 0.240121150309364 -0.0494257020948867 -0.109238282156904
26.2782386619063 17.5939542517082 23.4437690095849 -0.535346945320288 0.623134127486596 0.570181891355982 0.789826726161265 0.608537770446576 0.0765206208582821 -0.467516427789785 -0.944265343203716 0.464274785028212 0.169003411722764 0.645317366231811 0.582957237430726
26.1710259385472 18.0392677468361 23.5312082939145 -0.365539322609949 0.439001615192462 0.820767000999471 0.763924974632279 0.645286233044113 -0.00491866531576749 -1.27719212740169 0.547421084539689 1.17893910780679 0.436063668634272 -0.316431187381555 -0.16433969634514
26.5989338490562 18.4441567902371 23.2772377055672 -0.0882704062862345 -0.105544968974358 0.990489009880037 0.600224811741836 0.78793217137623 0.137451672260425 -0.445689166340526 -0.779917512046493 0.696153483796628 0.191012512302079 0.0155521008243954 -0.365437930223091
26.8099151298482 18.9070674193494 23.3619342810055 0.273230302943115 -0.699100760430152 0.660759569823046 0.767588247600099 0.572458089939535 0.28827053763235 -0.340804136331709 -0.252124049743205 0.356219829724233 0.427627315793961 -0.0254193910423826 -0.207408545632249
27.1946844497379 19.147220379819 23.6432122447031 0.444941796899445 -0.881687740367362 0.15701403410348 0.795538830106512 0.469641655322014 0.382824474137037 -0.262525414641891 -0.208774778986093 0.121985549674863 0.817164184675058 0.161984605243254 -0.487234800066414
27.4590594653646 19.282911208645 24.0005810700086 0.636959441336753 -0.65490777443004 -0.406667380676755 0.77089707148802 0.541472519934954 0.335447615187583 0.0681253783348238 -0.397065583216388 0.0468956275874359 0.603999307786554 0.141294259358748 0.363551116826155
27.8351289404058 19.475220002019 24.30265821998 0.340848984350704 -0.370479215844086 -0.864041088214505 0.876806665951605 0.456847904612192 0.149999818862174 -0.169115726891563 0.194849666848621 0.0370734613300134 0.204837160791046 -0.372616548198538 -0.176528591960595
28.3418576536046 19.4727907883759 24.2978175283088 -0.124956516568678 0.365648998624339 -0.922326712153632 0.897500833173269 0.437933596339079 0.0520221368009617 0.235542579163332 -0.254010662837131 0.0586771338579166 0.218461487738334 0.0849885534862617 0.500334886645663
15.6970165154656 4.5286650243175 25.7243021986433 0.969313335995131 -0.206017133434434 0.134121133231204 0.0502649685737431 0.7001616152804 0.712212769685081 -0.043028121422758 -0.132694864348442 0.0217044694411456 0.563435028652687 0.00393812184463982 -0.257248395786051
15.7877601425301 4.71094623286617 26.2103777865089 0.927898050375362 0.0594681781113784 -0.368060626394464 0.281203694112012 0.536571773308036 0.795622470501207 0.0871447854950228 0.130253650295252 -0.234990194844647 0.419079220064151 0.214073851430008 0.000892406680288272
15.9644755224053 4.94035807997096 26.606961328076 0.641889470023154 0.380385909842461 -0.665796027398948 0.223602294224966 0.737691269951026 0.637034921507609 0.232271770467207 -0.0440014777082546 0.0107247968187044 0.72080308697112 -0.00697064987279141 -0.394383845025912
16.2455879910702 5.20989415408501 26.87508319689 0.0304724633983921 0.579082232296461 -0.814699379247704 0.155121443457035 0.80246265789028 0.57618651810949 0.0312400409238331 -0.0226657894958086 0.00684973259316359 0.288538072203146 0.132989316581512 0.0967093602086472
16.448744359885 5.6440707704312 27.0069573492276 -0.467568368766128 0.422922356732945 -0.776219289305169 -0.0233799163748607 0.87189493723533 0.489134417999334 0.0921144480228475 0.508049671870056 -0.0156402293000793 0.438126393461121 0.153235886264381 -0.55638599581845
16.6545512394218 6.0204282989694 26.9305515459607 -0.929102537495521 0.29583223144982 -0.221927121414052 0.0995849441689493 0.778058002722144 0.620248711568579 -0.174799663638082 0.399196187271839 -0.220430901048157 0.298519813624864 -0.0135393413350097 0.0930446257845746
16.6239042104328 6.47885271750416 27.1143931053516 -0.983059628839056 -0.182872497843216 -0.012300548754975 -0.153142531125288 0.782660769470231 0.603315312189331 -0.72094147785171 -0.0280830336998706 0.550328127634008 0.199520620733878 0.242749172858817 -0.543012406788923
16.4416673301739 6.87951415267741 27.1913228967137 -0.66166573547498 -0.539648007304593 0.520555823642145 -0.197674935399857 0.795247372411882 0.573154534820282 -0.216643026630858 -0.397665148815296 0.505382763694083 0.553849223967997 0.414925033824346 -0.177373960591484
16.1365440704815 7.25054320627362 27.1686531880981 0.0881407668200778 -0.474920549966798 0.875603539075587 -0.063402029796502 0.874567498465908 0.480740839411829 -0.233937040249994 -0.257007685146293 0.344396546031209 0.499256303210154 -0.0231423880307175 0.105109967528093
15.888424499453 7.52895710905247 27.5422209705169 0.492585056234359 -0.619074594706279 0.611642453855809 -0.0462531170727724 0.683206874374547 0.728758464909633 0.471640958764371 0.10488824394009 0.315287136020571 0.544878066214313 -0.141035022066538 -0.396508019045719
15.7325612610933 7.55774119996414 27.9376646012873 0.966532557811055 -0.0132459547594281 0.25620156265059 -0.166063184944346 0.728907066742012 0.664166689018953 0.333298728154885 -0.329993020356647 0.259434130137493 0.622942198717864 0.111067410967775 0.402560275235141
15.7148986022902 7.84635510709579 28.2984581122979 0.968598594736781 0.088219528510835 -0.232452057206306 0.103535449025166 0.706896289940631 0.699698457118467 0.0553314682216373 -0.0616312714885674 -0.0210784907335847 0.0504267271647356 0.0180457289028916 -0.2643716318749
15.8551210122535 8.0746666355503 28.7484980358469 0.652593433699668 0.270281074907524 -0.707862863364165 0.0825136443317797 0.903309545597849 0.420978912008343 -0.367645879159939 0.0353161797205951 -0.0751422109678391 0.681651665503922 0.209894894391592 -0.196678658161591
16.2280849694271 8.28778332505421 28.9538554876093 -0.0750825127483055 0.571858114547422 -0.816909293779064 0.282809468658032 0.797795912495386 0.532485094582666 -0.232292360890395 0.0836895891327715 -0.427822160094007 0.406113723310038 0.0587638536995441 0.166098993030839
16.548951037202 8.64265444150521 29.0592430374834 -0.681108059845381 0.49585642867683 -0.538718938892296 0.186517705461086 0.829001325309529 0.527226547428158 -0.0115699844221705 0.281545179282522 -0.608380283726134 0.346812456344899 -0.384435543667898 0.132877247615717
16.6484079700718 9.08801995847113 29.2516402618691 -0.951281201531867 0.175293186166674 -0.253645925089626 -0.0146151335455227 0.796097754614761 0.604991441230702 -0.281024906027893 -0.388559494902997 0.0140532943704864 0.628897055535032 0.111569661869645 -0.134873137553499
16.6914371248715 9.57127692240296 29.2126708323941 -0.902286375912771 -0.0890162686966202 0.4218474621929 0.0770852412759849 0.92937824464421 0.360990068989043 -0.182058869955235 0.0797803736240448 0.0703358324361682 0.525745319367568 0.0292020636917303 0.382636884948969
16.5806870718752 10.0444277032097 29.1401963041202 -0.403747355799522 -0.256268783701679 0.878244992749685 -0.0525578701960817 0.964878205589275 0.257386105106116 0.220986430926615 0.200073867338124 0.0657078766383137 0.171688667953688 -1.02680325366345 0.399916389260968
16.4489837147831 10.5412349663529 29.2721842873514 0.231826143466105 -0.448761738399338 0.863058183373572 0.0719823396233464 0.892710280835129 0.44484466783437 0.000852385371548037 0.60906391421602 0.0673447516606494 -0.017941379336741 0.0590185953513685 0.571370863611996
16.9527512705599 11.3671054450186 29.4076307158074 0.564997271516716 -0.671329773362596 0.479681456148088 0.0566639452052195 0.611564771888386 0.789162600587475 3.66818085868434 1.89853447438075 -1.27483529795773 0.224910427311889 0.46439721595168 0.0728256488994776
15.9450794165019 10.833204465283 30.203937415828 0.799047155290043 -0.429331293665964 0.420949138347179 0.0136677333497709 0.712890628284653 0.701141946231784 0.383494732052759 0.0617151790103375 0.226592843282292 0.284601219249318 -0.141083569996943 -0.990856519349201
15.8984571030516 11.0423155743804 30.6318979304206 0.974605870324061 -0.0332622522995887 -0.221442777499549 0.142647731716464 0.854510804933263 0.499462500968107 0.79583192631822 -0.411854835942994 -0.142065556868628 0.419359887086058 0.351411733132326 -0.302126760445039
16.0082362337182 11.195353456569 31.1069584217557 0.485473142156007 0.397856239802058 -0.778476796665407 0.311640070968035 0.753200747626393 0.579283168321116 -0.17159451453627 0.311853600312455 -0.650110126462826 0.273698562207231 0.00479297187461962 0.034425614667959
16.3254326573445 11.5117862396258 31.2750857709973 -0.207444954243811 0.572837322209248 -0.792984160663316 0.177802933394125 0.819194586867853 0.545257947900165 0.114380842039323 0.0314373994960313 -0.263296054075227 0.576298667217431 -0.0151547509811036 0.372649445381846
16.5183876119282 11.8555789791822 31.4378481064354 -0.698082885413388 0.434396877529708 -0.56919198970723 0.156392796790105 0.868252731151199 0.470827328019401 -0.0926776669080931 0.402693185003209 -0.233969705825815 0.669544231680033 0.0440240570883242 0.241980183348494
16.8438236261036 12.5055547025138 31.2433150868513 -0.831988765793847 0.422681375533644 -0.359353637444522 0.306622518765828 0.890138072799505 0.337100482330476 0.461159639474013 0.889475587723464 -0.875680530847757 0.717897322384029 0.018202894178123 -0.264483480072265
17.1820096985003 12.9318895895183 31.0807668445129 -0.975595308736785 0.0737450819371874 0.206822003366495 0.179562052059803 0.81006472261885 0.558168877319353 1.02259863644185 0.182600963396711 -1.54357559486735 0.169802577770879 -0.701116420486115 -0.243549646783701
