
#id1 id2 FENE BEXC STCK NEXC HB CRSTCK CXSTCK total, t = 100
0 1 0.0100238 0 -1.24214 0 0 0 0 -1.23212
1 2 0.0913522 0 -1.00357 0 0 0 0 -0.912215
2 3 0.422694 0 -1.02315 0 0 0 0 -0.600455
3 4 0.000207024 0 -1.28047 0 0 0 0 -1.28026
4 5 0.0195436 0 -1.32879 0 0 0 0 -1.30924
5 6 0.00832824 0 -1.06123 0 0 0 0 -1.0529
6 7 0.142198 0 -0.570414 0 0 0 0 -0.428216
7 8 0.186058 0 -1.18701 0 0 0 0 -1.00095
8 9 0.0732142 0 -1.34633 0 0 0 0 -1.27312
9 10 0.367293 0 -1.39565 0 0 0 0 -1.02836
10 11 0.0847216 0 -1.12807 0 0 0 0 -1.04334
11 12 0.0130321 0 -1.12948 0 0 0 0 -1.11645
12 13 0.127603 0 -1.40225 0 0 0 0 -1.27465
13 14 0.143028 0 -1.29897 0 0 0 0 -1.15594
14 15 0.562536 0 -1.22134 0 0 0 0 -0.658804
15 16 0.150802 0 -1.39767 0 0 0 0 -1.24687
16 17 0.0542388 0 -1.01044 0 0 0 0 -0.956204
17 18 0.0956446 0 -1.42874 0 0 0 0 -1.3331
18 19 0.0472952 0 -1.38421 0 0 0 0 -1.33691
19 20 1.92286 0 0 0 0 0 0 1.92286
20 21 1.82962 0 0 0 0 0 0 1.82962
21 22 0.0281784 0 -1.21597 0 0 0 0 -1.18779
22 23 0.00134814 0 -1.29078 0 0 0 0 -1.28943
23 24 0.0401998 0 -1.06502 0 0 0 0 -1.02482
24 25 0.182103 0 -1.28195 0 0 0 0 -1.09984
25 26 7.29983e-05 0 -1.05748 0 0 0 0 -1.0574
27 28 0.0197991 0 -0.456959 0 0 0 0 -0.437159
28 29 0.119506 0 -1.18072 0 0 0 0 -1.06121
29 30 0.12818 0 -1.22948 0 0 0 0 -1.1013
30 31 0.0480729 0 -1.14383 0 0 0 0 -1.09575
31 32 0.316289 0 -1.23692 0 0 0 0 -0.920636
32 33 0.0877799 0 -1.33482 0 0 0 0 -1.24704
33 34 0.00686676 0 -1.09385 0 0 0 0 -1.08698
34 35 0.0974546 0 -1.34649 0 0 0 0 -1.24904
35 36 0.314412 0 -1.42754 0 0 0 0 -1.11312
36 37 0.0867093 0 -1.15758 0 0 0 0 -1.07087
37 38 0.0220646 0 -1.09403 0 0 0 0 -1.07197
38 39 0.394931 0 -1.17992 0 0 0 0 -0.784988
39 40 0.199001 0 -1.3777 0 0 0 0 -1.1787
40 41 0.333479 0 -1.36074 0 0 0 0 -1.02726
41 42 0.0487391 0 -1.30494 0 0 0 0 -1.2562
42 43 0.201245 0 -1.21466 0 0 0 0 -1.01342
43 44 0.0450698 0 -1.3467 0 0 0 0 -1.30163
44 45 0.0760733 0 -1.32486 0 0 0 0 -1.24879
45 46 0.105134 0 -1.07202 0 0 0 0 -0.966885
46 47 0.034452 0 -1.40536 0 0 0 0 -1.3709
47 48 0.118967 0 -0.597572 0 0 0 0 -0.478604
48 49 0.0189368 0 -1.26928 0 0 0 0 -1.25035
49 50 0.0576345 0 -0.857312 0 0 0 0 -0.799678
50 51 0.000277634 0 -1.19803 0 0 0 0 -1.19776
51 52 0.0101013 0 -1.16128 0 0 0 0 -1.15117
52 53 1.85285 0 0 0 0 0 0 1.85285
#Total energy per particle is  -0.866212 and should be -0.86621210

