t = 100
b = 30 30 30
E = -0.650562553647275 -0.866212417584763 0.215649863937488
3.79851710682905 7.84048952428999 4.6033200297735 0.911568514698583 -0.409319161040853 0.0387372224634022 0.324857867915385 0.774798206178609 0.542360569564139 0.213556097924355 0.420887722813489 -0.379277303063476 -0.250818120046053 -0.0572576260770821 -0.799163180437627
4.01751665496412 7.91768530680605 4.9917297225568 0.660194651087938 0.323172298726739 -0.678013693694991 0.317173857726992 0.698312324548245 0.641685688064277 0.460620452151746 -0.360416914611149 -0.0656983658865391 0.104968263577626 -0.0989725496925469 -0.560889544251203
4.4283906090296 8.20046326461192 5.17878847935458 0.186699364230857 0.53237215598256 -0.825665256799231 0.409433206580883 0.721811146947164 0.55799014323643 0.131826654216527 0.433433483151981 -0.522353843114853 0.525233050915161 0.427677338114388 -0.0191654775330086
4.81003291134101 8.48034955299419 5.3993216844481 -0.223242542188858 0.747971415087817 -0.62506112949538 0.465993451255627 0.645115308731083 0.605537963871725 -0.0962695332088376 0.469781635425007 0.110982414236127 0.474797719157964 0.389687328261386 0.0459466406353937
5.20375298231584 8.82050610426873 5.50746617933078 -0.798727583189713 0.586480781086369 -0.134441147963585 0.468828836721756 0.746671003015774 0.47189174780109 -0.474880447079422 0.116616228261928 -0.407485580976353 0.266096453247288 -0.446964270347922 -0.412070807390853
5.35419257907344 9.30723376390441 5.5504592829727 -0.927353397132033 0.123911837969124 0.353074233178692 0.303619278147351 0.80067681826533 0.516460888994489 0.0817371666668445 0.442638659311564 0.340620431946197 0.113319803057897 0.212761325673209 0.349580656744998
5.39666405915929 9.77299738796279 5.76370859006006 -0.731567516044719 -0.487238060261566 0.476873067904023 0.0872093977614449 0.626840016325094 0.774251894249338 0.000823345261443859 -0.028415526157867 -0.109187106081241 0.49987920761579 0.826793012616702 -0.130670819017519
5.05601562247717 10.0435599491129 5.79095172942745 -0.102156386967458 -0.466578024824184 0.878560698043646 0.0384481655015578 0.880669361970689 0.472168511739143 0.213079118002913 -0.419079058160981 -0.0314947523336325 0.730848366297227 -0.657219835734746 -0.0463661336461505
4.9008606204296 10.4256189787955 6.02244666968256 0.388561071104826 -0.629265032044393 0.673086691939727 0.0680989198090391 0.748100082849498 0.660082334679654 -0.0849398263018727 0.0704942090103984 0.348339953798774 0.602935531022332 -0.157047200995175 -0.12471032150193
4.75040318388937 10.6215736655735 6.45341810912596 0.831246808899543 -0.47897013101655 0.282163494767122 0.106565291247068 0.63545818859363 0.764746111818589 0.174013392523528 0.472358794998093 -0.667762019756023 0.543461556337511 -0.128736486968455 0.0388241318435736
4.75879680090693 10.7160300767026 6.87857204513157 0.987652331902677 -0.0168055956533615 -0.155757260473319 0.135751277722164 0.588056914879089 0.797345935029248 -0.324042835705159 0.117856340524839 -0.0868755623653532 0.348478599333062 -0.431950270483443 -0.136275128857403
5.01827743767334 10.8909182789542 7.28025592590186 0.776984797283207 0.182300425101412 -0.602545486831161 0.374348523644014 0.63572916538385 0.67506406635962 0.169337874995371 0.451178999963899 -0.188414618166645 0.362117988227929 0.0799017128907521 -0.253097837615399
5.35570000342645 10.8818140883107 7.66081215571689 0.255008773410462 0.60888802327105 -0.751149640405167 0.343641487544208 0.669050252484539 0.659000886947355 -0.28934681434219 0.0104165905544611 -0.303136070718671 0.547544391124621 -0.357973687797081 -0.370423362946759
5.7537689674102 11.0751446251773 7.8392696689304 -0.372640321557787 0.778502544356893 -0.505047383891623 0.341577468336489 0.621106062162816 0.705373641030912 -0.489043356521563 0.0119067216673342 -0.385541640135854 0.282207747165753 -0.13253558853154 0.191657753324082
6.04693813551015 11.4131316950436 7.97790808633741 -0.854403707917083 0.502514101624654 -0.132188360229742 0.363402935207068 0.759723024923738 0.539220840543281 -0.502564174733948 0.238787603796178 -0.506828594977459 0.28811854354183 -0.426643198746368 -0.339312227360301
6.27074870944966 11.7525947031714 7.98658629217269 -0.896409631736186 0.206863702861054 0.391991149666094 0.382127950264719 0.808786764404201 0.447037005616534 -0.597144144725266 -0.46445431920448 0.370558408074516 0.467156909637658 -0.204139693725467 0.295736210484822
6.29458766411104 12.1967620343118 8.04583747560568 -0.447326874767299 -0.251487013364094 0.858284821843559 0.385008191385249 0.812035422607914 0.438596678650304 -0.700050233721404 -0.420562014763912 0.072814534588386 0.27661366097672 -0.088625339062156 0.493687933038002
6.36285428171029 12.6207513338082 8.35157329718319 -0.1821166150833 -0.671986444264998 0.717821452763271 0.101129441435308 0.713357627614955 0.693464934799064 0.231693840844178 -0.597559177247621 0.426504387385807 0.329130257397962 0.0924463719422744 -0.0995971061447242
6.13109951083891 12.8860889678997 8.66778698414436 0.51410548845314 -0.62791100267861 0.584314300188086 0.0938134491223994 0.718312784747946 0.68936613296175 0.40743685239669 -0.488251409679836 -0.139229892009134 0.468986148905453 -0.218371881226553 0.332064415901069
6.04478727695526 13.0825820322155 9.09705369960283 0.947505233920292 -0.316463256624511 0.0456588115912089 0.225003492618889 0.761391020506698 0.607994262325689 0.402134692309073 -0.948610637484684 -0.0691293151164301 0.137924784262623 -0.0702781940824262 0.722274962569529
6.13867013616262 15.6048792865064 9.3256666316265 0.910430399663328 -0.172606029522637 -0.375930215505214 0.377789379782088 0.717122894471728 0.585670401876049 0.962300252276506 8.48985546869461 -1.26583419498132 -0.0254187069828644 0.191216547004627 0.197281242959632
6.29443933175203 13.5520016041203 9.93075905148788 0.821674690488152 0.0862531054426441 -0.563392397077386 0.369272619760649 0.672392409393965 0.641502970892978 0.545663333769142 0.382464947720159 -0.524677242155985 0.287634267384904 0.24802953749952 -0.779189555542215
6.601118239499 13.6693651190352 10.3194124815319 0.295966957797748 0.51603574931997 -0.803810020145137 0.560036019644645 0.587955246529895 0.583667864764065 0.0302272356737951 -0.0242042007509526 -0.276796462990311 0.619997545716162 0.157644763079221 -0.403680558405537
7.08232398640001 13.8685545985529 10.3881719467667 -0.34167855121106 0.789759172602903 -0.509446854706308 0.534627616486331 0.609150207856689 0.585755258681102 -0.0130798973814707 0.260564830094425 -0.0168133494313342 0.493677082791883 -0.318992088140281 0.105829059645703
7.45554288645125 14.1778085682378 10.6114616044438 -0.767612240207786 0.52798055916676 -0.363328861814054 0.264060520751221 0.777073968007733 0.571338753250962 0.114331526026005 -0.272329750589191 0.19374279520511 0.463159186910797 -0.414347890355919 -0.598801497112879
7.6832805728446 14.5860891911305 10.7010015112849 -0.976223414667779 0.151331304957261 0.155198462702813 0.209409930599622 0.843343759217129 0.494892584614107 0.281978002698731 0.00847951110325812 0.304635452818688 0.350401768991005 0.34665651155678 -0.0287190746495654
7.75598025547492 15.1156087549792 10.7647612933972 -0.703580976071193 -0.388264634616465 0.595167425684568 -0.0248264761875924 0.850457539352238 0.525457433212081 -0.181822737031124 -0.178725747532403 0.440597272017616 0.542318044446314 0.0991359854979258 -0.0478461656341295
0.342349222964362 29.74060311906 6.01806599648465 0.553382912180281 -0.427225593725078 0.715014357064509 0.619570007820935 0.784870437713254 -0.0105490430560374 -0.57428691983207 -0.00453099888189348 0.212976519392956 0.192505498447436 -0.112557189102306 0.255785134508812
0.749885341657215 30.0374961167781 6.32871374489677 0.693896709209742 -0.666061494014506 0.273622596509241 0.557170761375588 0.737354205164363 0.381928547984967 -0.0219771328941518 0.197966273477588 -0.26497588624075 0.496221249779026 0.496296222459496 0.392240166153279
1.07206964659173 30.3430460845208 6.60908723848139 0.684134821027948 -0.681861991164754 -0.258889266881503 0.729317415068384 0.64317945989616 0.233272755500719 -0.273710823661908 -0.201379198133198 -0.0643418125051308 0.703720950157841 0.285184998213409 -0.0360025726300004
1.51359279739786 30.4528773017664 6.80873119053674 0.43982265842261 -0.524602788099889 -0.72893609108247 0.855143596618941 0.49260802513438 0.161451718735054 -0.407432163500821 0.0570631846912092 -0.921991111936627 0.689141911316998 -0.064321964659395 -0.175924542899528
1.98145277027561 30.4246345219317 6.91025496605904 0.140015916271892 0.208394579847056 -0.967970621671527 0.680745943914119 0.68964081376492 0.246942076909311 -0.385812639510039 -0.773184243799117 -0.9260886333928 0.738346231287163 0.0172432059369539 0.431882818474024
2.40388006003828 30.6417332205744 6.91728481514903 -0.316662413540216 0.414352542152836 -0.853250706103254 0.791526460946161 0.611127347505322 0.00301844497518353 -0.302166596370141 0.0469903167966876 0.00309593340776199 0.138689158818028 0.00207668628362542 0.0997260907101665
2.84253564598948 30.8694402314744 6.77334552115213 -0.681054398515811 0.584708033769476 -0.440773527728948 0.666652977846096 0.744130092353258 -0.042942914877493 -0.0926859109530511 0.115402938931068 -0.223733370551332 0.53917264376853 0.238988512505932 -0.0921027314335908
3.1241354484555 31.2216390072462 6.42206528991492 -0.778510272886382 0.592151748247704 0.208033513887126 0.523404322170623 0.795445495783193 -0.305473850132091 -0.29900370655348 0.545230503479704 0.262348303152057 0.342704979060661 0.113528525189846 -0.0180867919843711
3.23754487129822 31.6207404507172 6.14888398448709 -0.521803322686772 0.418044931879502 0.74361253902723 0.521633720786945 0.846097558034594 -0.109622394111289 -0.369603753599973 -0.117506022106003 -0.128471343961589 0.704528939959257 -0.0722178782893923 -0.182312412201209
3.26435446872509 32.0541695984864 6.05106366161273 0.0139754267582506 0.105400608466277 0.994331574505778 0.559021754779037 0.823673280131495 -0.0951676838304964 -0.207658749474519 0.062469196711413 -0.139098925967367 0.180885995729201 -0.237469688194491 0.241327333877302
3.46147560825696 32.5264532847173 6.03139533825133 0.209623042717202 -0.388183061081028 0.897425190891148 0.738056446302749 0.664835636295051 0.115178730059709 -0.0321975475209423 -0.350342972825801 0.0501419510341242 0.403330169800071 0.305549893474739 -0.278088458096677
3.51802341492775 32.8695237717166 6.36307779955323 0.816709868603307 -0.496196812905264 0.294573582298829 0.47705196967859 0.86779316271114 0.139127030321001 0.412873871274925 -0.078857333090943 0.149045143650235 0.527521569886379 -0.33952594374073 0.0502889782066702
3.72225235659595 33.1471787659536 6.63081126682296 0.815322465024221 -0.517569642082696 -0.259558903986141 0.565189845624014 0.808766368274881 0.162656947552979 0.102764935779814 -0.538881952551578 -0.315429683667751 0.534717881761173 0.20772095814659 0.310917410465935
4.06983013760178 33.3926810740104 6.85682353123121 0.551880582952713 -0.343065881349629 -0.760087826541916 0.691056837490525 0.698304048442644 0.186579171450979 -0.0246978821164713 -0.11612592393367 -0.424165788347857 0.517495582933661 -0.259771806495052 -0.088101873120874
4.45875256068726 33.4823412302736 7.05509606739949 0.175142397058816 0.108982481830006 -0.978492636826747 0.735207006429404 0.646540722085343 0.203606570976154 -0.345947210633491 -0.0354569462898604 -0.423699097546297 0.59296869868139 -0.3819143891741 0.119363242582774
4.96235520875061 33.6081487964752 7.10317457251944 -0.310738779964986 0.410944614657258 -0.857068150791382 0.765710873808884 0.642464555865511 0.0304308199711068 -0.335032390312107 0.406005698465456 -0.253349570631315 0.208612842461163 -0.240271043431009 0.088969907080841
5.34435781344987 33.8290957496675 6.96271394230571 -0.715352470456033 0.533534950707031 -0.451232955967181 0.624256307775727 0.778111407390756 -0.0696173906372771 -0.315622680415304 0.351009347680297 0.267594627879563 0.303955731608568 0.22284156522006 -0.0220665020333713
5.62131411206156 34.179963044176 6.7088492890107 -0.796036967051015 0.558669699938384 0.232837270027539 0.542815491376393 0.829149103157273 -0.133652502053712 0.0326918978819333 0.357128175360797 0.306352584551084 0.51271477203104 0.32772804566685 0.157625320957955
5.70690713941364 34.5146103437603 6.388227798822 -0.333375678233457 0.44302609605421 0.832218972896187 0.467467014042295 0.84424158132109 -0.262165285936499 -0.173945967689502 -0.206618342430844 0.0569185865880328 0.551704782563293 -0.578714056244133 0.25906810271814
5.90244606237264 34.977604510287 6.232113866844 -0.23889076949536 0.0509480468985319 0.969708914599969 0.385026311134471 0.921737148693523 0.0464247855513288 -0.19022820335643 -0.173444537638924 0.407850658507505 0.686128600531105 0.316432008144456 -0.269910431229028
5.81116228348514 35.4187580962316 6.32117659424672 0.544025371313558 -0.241198863415949 0.803653772128533 0.340765628385839 0.938760097365719 0.0510701483247429 -0.102455658016863 0.0989088103892036 0.457656899866608 0.577892695213266 -0.482755009195597 0.391184012571311
6.15324373322936 35.8592840174208 6.3503058625229 0.590037495998219 -0.570722930162897 0.571078781988507 0.490906722557347 0.815160119833393 0.307448309865509 0.145587002960258 0.0215844820475769 -0.189874902913457 0.569299420449931 0.398672596068166 -0.432224334011234
6.30260386013076 36.0799421102646 6.6993769591292 0.872704274659575 -0.373735712699139 -0.314179484917159 0.46330178432037 0.836947579072479 0.291324722325008 -0.0706632685661993 -0.12609738908379 -0.228163668541781 0.765812744554732 -0.293412118556219 0.338633977995039
6.63802195823499 36.4136803893668 6.920172456554 0.57464034524464 -0.509700218196556 -0.64030777303263 0.806438475392229 0.485959464840246 0.336898036659813 0.080922344655037 0.1851170444143 -0.0561354025862286 0.414353002726169 -0.130884598347776 -0.328714518643367
7.12773592701056 36.519681307843 7.12023822117865 0.117939211557775 -0.072207429476577 -0.990391998335728 0.826442681658639 0.560068459644606 0.0575821430403479 -0.169665560324294 0.144438356842078 -0.177008910431215 0.543519702546372 -0.0351761829571581 0.185998704878267
7.62059094161067 36.6427695310978 7.03326193400036 -0.52521715299575 0.430024905731339 -0.734319691771622 0.779660679844876 0.588953872755234 -0.21274973682477 0.195514980260291 -0.207788918040717 -0.706839260362348 0.423994808653183 -0.167990973905409 0.416350866011563
7.90521800719435 34.4480216202481 7.23911634252514 -0.658519452893874 0.69015472614611 -0.300064104334537 0.750515882859777 0.572872310596305 -0.329458835139208 -0.906881062851557 -9.00453799634228 1.19000240131504 0.838244839543107 -0.179111673436684 0.249726520682306
