t = 100
b = 30 30 30
E = -0.275057833748014 -0.538166933859276 0.263109100111262
23.5185084323135 7.30180601757344 22.2884627063718 0.406038160608166 -0.488084953696298 0.772596905494293 0.648654086692786 0.749449869318281 0.132561876146779 0.663064722291361 -0.623600470748492 0.272973276897795 0.0668890469738239 0.10876434769486 -0.551992777091135
23.6756492336653 7.65697436360982 22.5702578758451 0.697611873998066 -0.715886443468627 0.0290543312997612 0.701034033335463 0.690388955985282 0.178645616620157 -0.0116749001491941 -0.435269188871149 0.359042845280734 0.500583079874959 0.0345251713212301 -0.391335239496591
23.9969297434338 7.71769877370537 22.8482279292993 0.692149780340385 -0.310358188867751 -0.651618261591012 0.603606355360128 0.74389549651207 0.286842712319785 0.299393621838679 -0.445639592132061 -0.351669593788269 0.407406120076701 -0.285024576193402 0.655150878025975
24.2449218772351 8.11776602340914 22.9844489654336 0.320460204687898 -0.380858095455297 -0.867324768195345 0.77639801293986 0.630161090646139 0.010149267139143 -0.481025283156022 -0.294316674184761 -0.321550953424771 0.0742399351371287 0.252851374300074 -0.614417358794885
24.7079360680603 8.23629458699256 23.0500128720083 -0.227861939043939 0.106570749394187 -0.967843733919154 0.711088602042145 0.697235481077669 -0.0906397566308364 -0.49057079660423 0.409820276920661 0.158407250750622 0.206307653746113 0.341884487061258 0.0217863990618138
24.8411970680396 8.44052147562652 22.650296925223 -0.684223415648045 0.535296377408205 -0.495273650127926 0.632533404633939 0.773614002317917 -0.0377193361027456 -0.687095102370211 0.820515596558726 -1.00596291184479 0.154652944741256 0.63229627848868 0.575475949074045
24.2920063559878 10.0540634464976 23.3906683505283 -0.671509661753201 0.675430194210939 -0.3047436918353 0.709625173640544 0.704576288646139 -0.00206095375048189 -5.27309448196928 6.63832321205147 3.31495322104921 0.167500863839152 0.0558696244466574 -0.689252460625744
25.4396032994537 9.52813244375403 22.2003900812391 -0.445934378834354 0.825644366829007 0.345620886103544 0.793646157345045 0.543275278030283 -0.273820438505818 -1.33112944142631 2.03954719020851 -0.0871888355744852 0.294417617331391 -1.24245051785091 -0.899671187987165
25.806961442732 9.5792900159957 22.1723352552618 -0.132140254989521 0.186682056973008 0.973493012180905 0.643649363240899 0.763046102376573 -0.0589578203299504 -0.540109495112146 0.578697981190544 -0.0527824161791118 0.0102795858125463 -0.139751472174543 0.0404466677791757
26.1004754299656 9.87772580923674 22.259560107612 -0.053649862887279 -0.257237724267787 0.964857672848049 0.644482041877288 0.729134954025777 0.230228143658348 0.200053629665798 0.359891224784295 0.521405233428627 0.270035086628357 0.509748319392919 -0.255722278021305
26.0160465709979 10.2938173858393 22.5257700659408 0.608432619240599 -0.549224827758811 0.57285401057606 0.639423360803084 0.766809472814778 0.056043546173897 0.0844841607336573 0.298246160880794 0.263429157533565 0.488826707780533 -0.413773931417439 -0.143174880116397
25.9998581263508 10.7120064802562 22.583750279449 0.817484820604613 -0.56582018656752 0.107545181244792 0.568608990168245 0.822588441223066 0.00565275541904354 -0.090867356900514 0.346163095017701 -0.413435830184842 0.128540528460102 -0.720763778126843 -0.0577119992082555
25.0845217819348 12.2711009938722 23.8816048257251 0.736063017276298 -0.457746510116383 -0.4986774993196 0.61780096869872 0.755357149532883 0.218534715138111 -5.71014660759555 5.96450293295518 3.02853780598161 0.274646671065155 -0.512059563734673 -0.311931476878825
26.7461142007656 11.0559499966163 23.1241162880278 0.342317029659413 -0.0295892115668749 -0.939118422283643 0.855808702459162 0.422379494423213 0.298641804092227 0.00136882400982474 0.191131071313822 -0.841032998295629 0.922091398295566 -0.424517024725395 -0.0588201378179156
27.2391765713745 11.0023363714186 23.1696039319002 -0.0665051504662504 0.529432924284886 -0.845740933909718 0.874487605084669 0.439083257930226 0.206100002490481 -0.6696891674996 0.478905366244408 -0.0619344105790539 0.802556279767648 -0.37711988530987 0.584182807991068
27.7560721357421 11.1233508882193 23.0830284291168 -0.466889693721246 0.738511372858498 -0.486430723527379 0.851064949573379 0.524667259058568 -0.0203126820509077 -0.471040982328641 -0.0720241950963502 -0.0416325919873216 0.539388111954793 -0.359987241583858 0.152140837829693
28.1766283585223 11.3223707156439 22.8386065510486 -0.69647960713942 0.715914617474927 0.0488087993890669 0.672822321373669 0.675174263111277 -0.302406570199047 -0.244511459100669 0.341952983534009 -0.0520123048432699 0.459687845665256 -0.163035602902655 0.142522546523358
28.4842194065554 11.6512484782933 22.5756510129449 -0.637454135456247 0.470042766943131 0.610501354485527 0.525134495998019 0.844864208685716 -0.102167105343346 -0.382467491225528 -0.291603611469601 0.408014539018306 0.429175859152812 0.122651993373728 0.167121530290147
28.6494796971272 12.1502527591293 22.5446885871518 -0.34071094419659 0.0614456695481563 0.938157962893339 0.423569017217729 0.900887213029491 0.0948230293108781 -0.146085621406707 0.142101000583989 0.516585011262778 0.425734699307182 -0.15371432832277 -0.34424132656453
28.5843252511667 12.6035323644715 22.5490357303636 0.31790587740868 -0.239981807684865 0.917248313161948 0.70403201349123 0.707726071531249 -0.0588439698910612 -0.0316696884077281 -0.0194346905651608 0.718701128456447 0.616748364526173 -0.279346221046639 0.298913154209166
28.8449022728861 13.0089414184385 22.7254107722363 0.431790872770471 -0.628844723116781 0.646614906636588 0.725281076503644 0.66824876516586 0.165562160518274 0.729467402263052 -0.186698722711005 -0.0307407392567906 0.176400049543367 0.432119171701186 0.148927354780169
29.0414280637897 13.2975512695584 22.949911979823 0.694922418600664 -0.710398818889227 0.111428145581614 0.683975934870843 0.700837088086413 0.202494888943372 0.615105809684918 -0.157862485344326 0.634583698611758 0.403196776663036 0.0444597533192862 -0.331339958302702
29.3286647567224 13.5401224474715 23.2644906455885 0.65908263167988 -0.565597879389092 -0.495690432338878 0.717430923900134 0.670562462661094 0.18878224646094 0.294940259871519 -0.0306621589610987 -0.164706618512554 0.294254449107835 -0.374924616779281 -0.0505239183833657
29.7034054244113 13.8199790946668 23.4761921623583 0.352080733816605 -0.378935405155105 -0.855831175129702 0.710333203355825 0.703600607609793 -0.0193081841851946 0.572640677210981 0.278021961567937 0.356541248839857 0.345938251122242 0.172300310986463 -0.327628289379444
30.2001633357627 13.9426573991692 23.4986835017837 -0.20908272582886 0.178591324017229 -0.961451732307283 0.775754026866796 0.628899005145544 -0.0518807742446074 0.166249201389397 0.032543110011615 -0.34430332024614 0.192846785604869 0.365564382102373 0.157289816876116
5.77352876927817 25.2531259425309 27.6995045529518 -0.199117579361179 -0.124415832981792 0.972045663768829 0.213285891443851 0.9626282483108 0.16690076737531 -0.159123824140997 -0.420990775047463 0.522191617238762 0.19396849455599 -0.0573945723524458 -0.376079266023623
5.6776662762023 25.6909187850322 27.86249656454 0.479137225771203 -0.336598464771043 0.81063485811258 0.185663999785349 0.94151615074621 0.281204730783794 -0.212086478223703 0.116146268152327 0.0707504197808879 0.42373632752179 -0.0189274979036574 -0.0554372378808258
5.72785767721732 26.0302041859083 28.1904080376626 0.912824866462783 -0.296711850682752 0.280557876896038 0.204043999170974 0.92655092225114 0.316021072791073 0.194749315225143 0.157515985764078 0.127098300157938 0.462763676102003 0.260562554928965 0.489963456295091
5.83577305397057 26.3260912552129 28.5350983023046 0.918733306795253 -0.112550485121536 -0.378498854213703 0.27800441898995 0.865074584748118 0.417563638776739 0.294888483645334 -0.309785589598258 0.395070018854524 0.637611686946247 0.0688071845787782 0.0758764150604111
6.16540423130035 26.6179259976677 28.8622346773996 0.600054717650363 0.030707090256233 -0.799369308830014 0.48600708950208 0.779709742004954 0.394778062517505 0.0761972991672982 0.298268174788666 -0.304611406380856 0.49236133093652 0.420549853115568 0.509325046480344
6.60038726222422 26.9416667627244 28.9939539550765 -0.0221639047649319 0.11554015688832 -0.993055444312998 0.497178463629499 0.863038831607158 0.0893164915565974 0.256372456834899 0.0635914440949431 -0.337872981050948 0.434881809073674 -0.0931412437164179 0.366472681901552
8.66559107331575 25.5599804143466 28.2857864913948 -0.478918232857879 0.469779012793474 -0.741582690452437 0.408430967070321 0.867003202673114 0.285463610099948 7.16452709537192 -6.14800802584395 -2.69815042987748 0.0967300954129311 -0.281829521603095 0.00557395310873258
7.3030403529038 27.2142637648556 28.68056311759 -0.805216875490958 0.334409972363023 -0.489689327423713 0.298444914012888 0.942141217992824 0.152644815155392 -0.0658868768404321 -1.5654754235231 -0.107890451940275 0.192766204437257 0.106748079804992 -0.491188772379549
7.39598249502577 27.674869675112 28.5676818667454 -0.999278699145893 0.0372023259812249 -0.00761276588644442 0.0374314020481325 0.998768429418319 -0.0325638609044952 0.0700906623575488 -0.871474821547937 -0.0785274995960653 0.153351334285029 0.826876063692282 -0.390215063793062
7.3811797921229 28.1050061707921 28.4118665778087 -0.614188353306199 -0.0480941869263224 0.787692514422406 0.100115944051143 0.985327666291327 0.138224720963577 -0.213406510721987 -1.11260252499822 -0.250319793361741 0.471184046605321 0.226821426818352 -0.0723074818891389
7.39049039331223 28.3399656807291 28.7027564105238 0.0405582998890385 -0.242455118198566 0.969314409309761 0.112131559941543 0.965088860255713 0.236706338121742 1.10717346295337 -1.96679054385001 1.72707341338279 0.354964556292177 0.484471392350378 0.904218499941584
7.48711033481333 28.7185003272431 28.7241426388627 0.72201445567024 -0.520422630336526 0.455911521885724 0.372955320913233 0.847767481781288 0.377086868439638 0.987932619174508 -0.192920180619594 0.0250436356786791 0.14617218043717 1.03029164643752 0.999767946266158
8.62087643069051 28.5904036935125 28.3312237771284 0.839302094726096 -0.482811352441649 0.249930136821533 0.433458641616967 0.871746778169486 0.228409810597263 6.30839103311556 -4.56880459036199 -2.18065127557723 0.0674729541828335 0.644634778287016 0.105550173458318
8.30302312128681 29.2925963501012 28.733674804395 0.931976240340104 -0.306840147389923 -0.19305256456386 0.360247118316125 0.843419145185535 0.398580037207216 4.65666308894409 -2.4004241830546 -1.87884926783019 0.441046380673421 -0.35584469347359 -0.284984688971354
7.70743516413995 29.8959348241088 29.4683253616801 0.788173380730053 -0.0548772719457782 -0.613001706193297 0.274275350570257 0.922961768150595 0.270026827292393 1.15892707979601 -1.78072834208091 -1.04583906051422 -0.0862842207950422 -0.382750261949029 -0.787296369896886
7.78454713400671 30.3072693129571 29.6454714787766 0.104908902807344 0.122704018784442 -0.986882833306802 0.182721303097211 0.973086395698232 0.140412517190245 0.267524211312453 -0.479027392184255 -0.125010175533786 0.0654092211874306 0.212563000077613 -0.05572969746096
8.11765115631722 30.5653266993918 29.6597555090717 -0.525380317800347 0.360874767268537 -0.770548379962674 0.38118147879683 0.909468278409196 0.166036177650854 0.456640675878779 -0.245490380634007 -0.11839585896453 0.264029978911049 -0.123493854501026 0.0926994392030118
8.50514265294166 30.8621280554377 29.5641746334517 -0.878030061007915 0.397905298657061 -0.265959521577669 0.375387322400294 0.917269264745635 0.133046366842182 0.0785332184444785 -0.206570262451422 -0.263068624112516 0.306454656341497 -0.569518328446207 -0.00754552219256619
8.9123828460329 31.0654135873067 29.3416573247615 -0.925125241666314 0.259667038944594 0.276976889056272 0.30329198330786 0.944297138074385 0.127737109912298 1.49349385325839 -1.05147074329489 -0.702641300372413 0.319662687963569 -0.426432748003089 0.292090395809654
9.21503001072434 31.6908236403609 28.8395296530471 -0.633077002533122 0.308799059142926 0.709828522909868 0.421519081078623 0.906631283302786 -0.0184732648628202 1.06733758000453 -0.0316608230034669 -0.787123522046685 0.141467525800214 -1.31566336483869 -0.709083759670257
8.39415668048926 30.5161369199804 27.5243360405005 -0.165176063944618 0.174126083332388 0.970771269842716 0.452050517259191 0.888178586980114 -0.0823954501061656 0.584170384416134 -9.13482783642765 -6.08098761431034 -0.257555811059732 -0.736120687485668 -0.891727926506896
8.43485976780086 32.5721036005388 29.2744166561763 0.417969338008703 -0.225413298253282 0.88005133872072 0.217181616159422 0.965431133009802 0.144134500433675 0.474230416871303 -0.617152991101441 0.516027920241504 0.223970701464616 -0.28451576620883 -0.390498953798317
8.40743663840001 33.0292470592946 29.5694040684517 0.78217264996464 -0.449515634411597 0.431441214787024 0.328588771674544 0.885933458321478 0.327339592659588 0.640126978948399 -0.329133569803432 -0.453589437844782 0.338788030149204 -0.173097745480912 -0.187777429377794
8.43033109707697 33.4336959655531 29.9124501997178 0.955368407882709 -0.234123624494512 -0.180158859638189 0.274890100708936 0.927895427363194 0.25188368244331 0.23979381811043 -0.656656755835625 -0.115392557206122 0.422238105176137 -0.092486514552581 -0.254634751374321
8.62572554171576 33.771847379348 30.2719346770901 0.66134922074596 0.0128823565310365 -0.749967421965829 0.378388942991498 0.857574142199557 0.34840821267368 0.371194383023681 -0.320244606961464 -0.463860517104405 0.362138977645381 -0.252121141420117 -0.0433335509380557
8.88798457938342 34.1361240837712 30.5733466047693 0.166019547628813 0.121688409201381 -0.978585367690149 0.519604019442737 0.832626180806893 0.191690357068384 0.0810375127249985 0.0896919205887607 0.043430498140063 0.131386972549524 0.118102666781697 0.0259595245362296
9.15246543164416 34.6045485142732 30.6449476901679 -0.463980894016554 0.138804968098047 -0.874902732727943 0.290895453678127 0.956751574750821 -0.00247805964696721 -0.223556279977712 0.299219295271825 -0.266704319158453 0.178143011766057 0.31088209717868 -0.0964164210322199
15.3016580480361 2.45000384097334 6.32277728424218 0.624328410290582 0.645912160504564 -0.439330628891759 0.142838534542517 0.458529283098511 0.877124809086527 -0.09114777327821 -0.119778651530766 -0.69777594283085 -0.0237498319411907 0.0294596168602974 -0.677436977706178
15.5900109194545 2.55188381474924 6.7027973790075 -0.10284048018208 0.835860311177309 -0.539222826523989 -0.0549922609454322 0.536490333672939 0.842112732432765 -0.00543108177850533 -0.241005352110321 0.0178816350394494 0.556634433682563 0.566893498124643 0.239545791461045
15.7944414454317 2.91641666151492 6.9742716435876 -0.726801261724547 0.603192595639221 -0.328509512779933 0.166149471798794 0.618481925307587 0.768032782106246 -0.280450904077568 -0.385482914257144 -0.189992359895502 0.621592768218945 0.261477847510163 0.000613898787702374
15.8995936559988 3.34223315690037 7.20789779234414 -0.977973039607068 0.175519412481675 0.112967035419323 0.197388027997185 0.601695032899401 0.773951514737068 -0.557383388232701 0.204574752505413 -0.258152611439742 0.59138170627563 -0.319900049691359 0.292935968944264
15.9637597649143 3.68619857253244 7.58087526856929 -0.954637807956181 -0.26926181315016 0.127140136027088 -0.0204133153340872 0.485149748717043 0.874192714079798 -0.366000123982908 0.0255443279294588 0.171507417221218 0.452473630838301 -0.306716779304408 -0.392841578200752
15.8002227285642 4.06361259532777 7.85628367840761 -0.618185257590896 -0.735334408491066 0.277723204506982 -0.0490972781276308 0.38875561064843 0.92003174615803 -0.195231876925611 0.16021357201869 -0.054907219814035 0.260599540405893 0.271534351191707 -0.052608782378644
15.5802929502411 4.27532445134054 8.27614978251348 -0.0717272268700626 -0.975317679435282 0.208831304004402 -0.00310164366496372 0.209587672928276 0.977784878217766 0.311218473796902 -0.205898379737676 0.00736697801119586 0.0834745161140754 0.245725933985122 -0.177660506126736
15.4362651202768 4.22470845363534 8.71314697256675 0.647816575545477 -0.760513592385112 0.0441886980959695 -0.0035822094549129 0.0549641695312497 0.998481844566184 0.0407770061409454 -1.04154969964098 0.316980987765143 0.441940395937396 0.0689712525780072 -0.590817689123174
15.2693089207411 4.08130325469486 9.15474761392902 0.984300762451716 -0.0863651482966963 0.153925149473626 -0.130644280051045 0.229880888246656 0.964410043876081 0.891912742568671 -0.367845338484176 -0.0100828338740816 0.584422398719728 -0.294033254783628 0.302191615063024
15.2847565604328 4.11779012522305 9.66877645569272 0.939673818380964 0.311989218502946 -0.140270181857052 0.0166152639414255 0.367948403209175 0.929697685490139 0.481873749422119 0.519161511303205 0.347098997404548 0.300591192279323 -0.0705785476219878 0.0109741097994017
15.4037039163148 4.0812054766383 10.1309962151454 0.407787787409429 0.843843174353707 -0.348765966958662 -0.00874028732180746 0.385557872809199 0.922642192326615 0.0628989488425736 0.77266433632752 0.16446394605095 0.00361116488887784 0.309349600823183 0.432075333730173
15.6110127636817 4.33794967362314 10.4981635156251 -0.334860179798185 0.786603472199748 -0.518771168435151 0.0509635345967004 0.564869349357045 0.823605013063561 -0.0449201256756406 0.950067762731283 0.191204033156154 0.126025409132735 0.668773340305704 0.542745891504052
15.3170524611592 5.47996943133013 11.2539274403515 -0.510090006580295 0.7018269761478 -0.497239343802887 0.0925855776718411 0.619547353105072 0.779479876071632 -2.51419986063745 3.62598384548678 1.90205073200164 0.503803045907783 -0.813893046219115 -0.838254555400946
15.9220394659572 5.47455932333159 11.6998686451089 -0.924549284566857 0.378426011219432 0.0447465888393302 0.183555481660447 0.339363914230199 0.922572165087106 0.849082678219844 3.6153111788269 0.898136557973339 0.212175554304165 -1.54002074354234 -0.734175155134388
16.0498067154841 6.08226295414808 11.4208576808464 -0.985978850134698 -0.063638414004252 0.154258711056744 0.102332864975212 0.49960053863544 0.860190193512561 -1.12708299937971 3.49240475619429 0.448181615431355 0.20757639679141 -0.981520097429354 -1.56525684376566
16.000131507721 5.77557210549566 11.8414940530617 -0.425731701894936 -0.881596097896218 0.203815406773449 -0.183441280227554 0.304661585696109 0.934628534929866 -1.0533574209298 1.32492140197956 1.2830911293854 0.36327233021625 -0.0274199237054517 -0.339110803791682
15.7805830485949 5.68535334589872 12.2411559988404 0.290821312521802 -0.902070320988825 0.318891809161021 -0.170859396716163 0.278975535020761 0.944975979835997 0.230198239481398 -0.144229645985058 3.24710343079006 0.625214782677966 -0.599861110833217 0.794559673948484
15.1767234033003 5.67464566334798 12.3310248459921 0.621914119577717 -0.698975894612206 0.353065727062501 -0.051612067486389 0.4132976598794 0.909132069404372 -0.29884003354113 -0.0749273913294125 -0.241744797224778 0.452286147201468 -0.168315407427262 -0.240947762176658
15.2223415050042 5.58384190418463 12.8041509551256 0.969333630596749 -0.240833296957306 0.0489031338084345 -0.0278442030527492 0.0900828224952542 0.995544913418452 0.432115267064955 0.160602063334913 -0.101889647953422 0.475699875533674 0.0461774629245662 -0.0967735729094257
15.1142701632094 5.47821777311114 13.2582711507822 0.947845417323447 0.297204137529263 -0.115146198086717 0.100518378901838 0.0640944975694403 0.992868491932942 -0.057916049019192 0.379376785691185 0.573768372115824 0.529828155392619 -0.217249139235546 0.0154808716800634
15.3557726167884 5.44429792800765 13.633958088915 0.56705019211099 0.756467725738915 -0.325899586884706 0.1963948329482 0.26007844428861 0.945403701095927 -0.184560501421006 0.250066593912944 0.195572657720657 0.393251264112161 0.122086609586136 0.0818385544027861
15.576519624068 5.57014089147829 14.0468219072642 0.127903921059833 0.789426297519672 -0.600372046062523 0.23674882155728 0.563541864493362 0.791435689327174 0.133542183354598 0.187622028360251 -0.0525857071752027 0.531156352610953 0.64136498812462 -0.448562109507581
15.9346498752986 5.80185930554706 14.2335294936422 -0.676210816590872 0.694147230396634 -0.246776082716584 0.193186170084573 0.490327056745355 0.849857852198133 -0.107037647137241 0.121834100367819 0.0675851593690543 0.702598863273931 -0.380775301479991 -0.037827265080317
16.0523933633096 6.12325968246904 14.6067696174301 -0.966654848278164 0.206128899590936 -0.151951182501281 -0.00598783859462271 0.57501197673743 0.81812301040909 -0.719008437777193 -0.223809331691333 -0.387166876459465 0.357186948512416 0.115860341041449 0.00724708107865767
16.1030485698328 6.50083350773369 14.8712258949529 -0.870508675085026 -0.472630978344931 0.1372387974448 -0.172425022153412 0.554063851808583 0.814421727673202 -0.323219718405983 0.244918235019842 -0.389739062165678 0.22701905931913 -0.00959634605625363 0.126637654957599
15.9692263911581 6.65257048209451 15.1778509599537 -0.504432647833279 -0.813593494591424 0.289159489263029 0.0339978154809979 0.315913574745261 0.948178592239001 0.0546227477343051 -0.323260598246397 -0.184662963417644 0.296193199572629 0.130351804510443 0.119562544119563
15.6622703491008 6.78453255243682 15.5215259135988 0.335872076121591 -0.895208023093535 0.292903453746192 0.0593642627681589 0.330469114691719 0.941947944193548 -0.241807854686407 -0.60581714932892 0.151670430456926 -0.0292508067220518 0.0699454477789807 0.801224654335024
16.6711378902898 22.9395035973705 19.1395022636574 0.857910176482227 0.210973387264887 -0.468487201290788 0.345477184523727 0.438047620627612 0.829915466616669 -0.0873595001041192 0.770344006706906 -0.28984638699763 0.226400018080247 -0.179450163601039 -0.910050494499446
17.019573163712 22.9742638573752 19.507010093838 0.2016621033552 0.729945076823066 -0.65307921719476 0.339481509276279 0.5733550614018 0.745664912373923 -0.408185449994645 0.306758079202158 -0.304564200421403 0.517863245309913 0.358435135791801 -0.173674672331597
17.4018408426608 23.2101171475207 19.6387160198018 -0.515187348428956 0.820223621436409 -0.248626402532861 0.465294703381512 0.511277585810971 0.722562078672532 -0.00910216038132128 -0.329546932271295 -0.460653821848739 0.50327233397171 -0.186901845998057 -0.0864194228532231
17.6058958654793 23.6443571842379 19.8151688038496 -0.852416727824451 0.482430978682159 0.201608419786926 0.452940260409869 0.488692446510392 0.745670634456285 -0.289738598503778 0.5672661082751 -0.205401155084148 0.380386490621731 -0.301458106260147 0.443259084613219
17.8130081695639 23.9887384611215 20.1885138396531 -0.979418919125345 0.0625783185382551 0.191891685349571 0.186332037115895 0.64576663221636 0.740449668251947 -0.181422358364799 0.0193332968503777 0.18117709538456 0.308647563895058 -0.0678845484824621 -0.421102722922221
17.7979688097322 24.4457954337096 20.2808193111776 -0.554874994266016 -0.502114660818471 0.663320804414551 0.204959979228513 0.690241327187965 0.693943945528892 -0.266927484383468 0.0787238783595682 0.231827169855139 0.290376177763526 0.133657973298449 0.276667288886589
17.6519390482436 24.788677008579 20.6545568783776 -0.0636486427020584 -0.862991091993258 0.50119368161249 0.0570756283051019 0.498242158453706 0.865157215281932 0.366877278432355 -0.233455764340656 -0.0985048754447907 0.295591764602249 -0.0562276520058589 -0.283914444252316
17.475567549888 24.9511258700875 21.0677685420509 0.495020647304102 -0.814175605122722 0.303434545900033 0.0558660380751173 0.378326018002282 0.923985008865707 0.196268135315476 -0.383172472843906 0.473473824894545 0.686622448919857 0.305032062293595 0.0570538528416698
17.3282648043014 24.8934663110855 21.511988443149 0.929981223406492 -0.350109923424733 0.112061798818526 0.0476587581372184 0.41709831783289 0.907610886869712 0.488359317429122 -0.111374781593172 0.128794500296711 0.539472010131028 -0.368957030220774 0.144251426004325
17.383808835551 24.9134753167338 21.9514977584448 0.949094698437698 0.152704089725244 -0.275500627599584 0.158872505475147 0.523164897220473 0.837292002936186 0.365264559648391 -0.25182753064483 0.0259883400000853 0.51959019774739 -0.108070447281638 0.131536121662166
17.5161704457537 24.842310189949 22.3679632603226 0.575099367838234 0.667512651121628 -0.472956087147409 0.204206357310285 0.442694062494911 0.873110309369108 0.370159893980075 0.0724778737947302 0.586034082050817 0.185912655031017 -0.494129424265372 0.261879664532234
17.8052018983431 25.0551639980013 22.7641648487514 0.162400323428418 0.746755144461726 -0.64496726326259 0.192520941904388 0.617102036509863 0.762968311452451 -0.0790479169789894 0.232759754848204 -0.193976103876522 0.38091380223824 -0.0510129330085893 -0.386627789601607
18.1369004260747 25.2524631234006 23.0595434072302 -0.434249571827677 0.741735287518934 -0.511132032036545 0.253986042697511 0.645222888663065 0.720540350336906 -0.210962144653914 0.0450692868773639 0.0182785375101398 0.179087197216018 0.358670161459078 0.0276608038143659
18.4038804412548 25.5927500991512 23.2930689041427 -0.872646020158036 0.440030022092035 -0.211807423790223 0.11980322171144 0.613359112513571 0.780664888468282 -0.131643494305209 0.112637480294631 0.35381608123268 0.484261055643251 -0.082009859711158 -0.317263952623379
18.4761518772854 25.9894864510657 23.4416070855382 -0.975101835791421 -0.0540480942679985 0.215069975340032 0.0996602102910862 0.759579692181479 0.642733556095499 -0.688461296942888 0.0682778155421113 0.295315225260333 0.557005503527062 0.165980951026214 -0.138032496697688
18.399842490507 26.473533981626 23.5822230811488 -0.636362797415508 -0.479728612229266 0.604071791648605 0.0873532048828714 0.733242230018537 0.674333105461753 -0.31457940717738 -0.781173568326942 0.273875120867954 0.710335600236582 -0.0712818364827728 0.109480775704942
18.2570590288323 26.8222244983013 23.8248198195274 -0.019269359556548 -0.712323423325317 0.701586711354983 -0.0378207370315626 0.701734087740735 0.711434290946546 -0.157043599721114 -0.198465975309374 -0.139971257073873 0.572725222874566 -0.149276517994035 0.178913355812918
18.0580593751543 26.9922775619133 24.1405082423849 0.685991457050649 -0.479249045628973 0.547481469220505 -0.108580628912176 0.676585931975942 0.728314223855519 -0.05088415210207 -0.0969152238669531 0.417503566016871 0.309631498193545 -0.53216535368622 0.637868420762875
17.9979808043302 27.2476693812639 24.5657597550086 0.882835941025277 -0.463036943701049 0.078723381556875 0.140983090627879 0.42113091938844 0.895975669743009 0.392627331601172 -0.0470483019709457 -0.555343658066234 0.11456936307962 0.227991379094589 -0.0204028448194252
18.0910131948786 27.1202499230938 25.0181470868445 0.926888769675365 0.306224131703046 -0.217034271570415 0.0661081372031345 0.436007169154709 0.897511751964922 0.298383748364635 -0.339821847399695 -0.136584350171477 0.616479514990443 -0.628745668483058 0.0935372317663816
18.3707393472757 27.1621317929579 25.4554401010602 0.648850135443528 0.623214140116813 -0.436574756944287 0.245456647036027 0.371648929076876 0.89533680372631 0.0342006490490873 0.198877222552453 -0.452842220009366 0.653165266316905 0.079457332138257 0.239420503719639
18.6316023541126 27.1583781598373 25.8881606797884 0.181137719755428 0.862111857791812 -0.473235831373893 0.39812648188493 0.375722176305486 0.836856043548343 -0.0630356946136893 0.0758555866720978 -0.214951173936187 0.59516596765361 -0.137827234527461 -0.0225375219076782
19.0015663554873 27.355673419964 26.1854435358836 -0.413269468199146 0.851606115559666 -0.322451936793912 0.445811850682969 0.497983452282335 0.74381729066352 -0.207126874786353 0.244267696485481 -0.132571487637318 0.302256597095869 -0.0654417660703639 0.0609827868069768
19.3104702125773 27.6672053420291 26.4237115803705 -0.875231283888346 0.455723989928511 -0.162128732064046 0.205959705522588 0.654391203727236 0.727566240902584 -0.0560907732558463 -0.0533033918510498 0.151325065784605 0.402610673599055 0.00964295189278003 -0.233725651986659
19.3981024094655 28.1701262296558 26.5928493893786 -0.980760884534645 -0.0878273588388797 0.17433967769413 0.0663802140150304 0.689815058751315 0.720936014520232 -0.36057463318089 0.717031306688689 0.422778370383867 0.500224285922288 0.250249403051822 0.00453445915843662
19.0477277942364 28.6044539670489 26.8144597648146 -0.630666939993548 -0.65254194848929 0.420057255589732 -0.0278876780606432 0.559980178390097 0.828036449248574 -1.70566257515251 -0.243745410003009 0.947637565062246 0.639666268569463 0.354339971173217 0.497434219835983
18.5028337427447 28.9197900534083 27.0860315578047 -0.0856787450707411 -0.797574454243746 0.597104700657729 0.228457227213983 0.56761319584486 0.790962980237549 -2.2539078713211 -0.771448718812226 0.904480215295249 0.147877581974627 -0.33560611712873 -0.0759805693741178
