t = 0
b =  30.0 30.0 30.0
E = 0. 0. 0.
9.15832556504 16.9273026743 23.7018184668 0.922240196281 -0.303318806525 -0.239730519484 0.379520497642 0.828520410239 0.411725784578 0.0 0.0 0.0 0.0 0.0 0.0
9.43730346173 17.0500576714 24.1442974448 0.703815356355 0.0303003326474 -0.709736453904 0.379520497642 0.828520410239 0.411725784578 0.0 0.0 0.0 0.0 0.0 0.0
9.87671609106 17.1797196303 24.4249919758 0.217999295385 0.352407868853 -0.910101643325 0.379520497642 0.828520410239 0.411725784578 0.0 0.0 0.0 0.0 0.0 0.0
10.3658216666 17.389712974 24.4982288085 -0.350638342655 0.540629763736 -0.764704002358 0.379520497642 0.828520410239 0.411725784578 0.0 0.0 0.0 0.0 0.0 0.0
10.7749992209 17.7229428894 24.3971513399 -0.786062611961 0.523457372528 -0.328782525727 0.379520497642 0.828520410239 0.411725784578 0.0 0.0 0.0 0.0 0.0 0.0
11.0049937781 18.1754949292 24.2211278841 -0.922848552716 0.307414773756 0.232048929379 0.379520497642 0.828520410239 0.411725784578 0.0 0.0 0.0 0.0 0.0 0.0
11.0246249787 18.6981221765 24.0979999891 -0.70902889909 -0.0254198372667 0.704721116562 0.379520497642 0.828520410239 0.411725784578 0.0 0.0 0.0 0.0 0.0 0.0
10.8826330194 19.214954971 24.1355132949 -0.225837312368 -0.348597027115 0.909657969255 0.379520497642 0.828520410239 0.411725784578 0.0 0.0 0.0 0.0 0.0 0.0
10.6891614377 19.6523250623 24.3803831633 0.343153645121 -0.53933637813 0.769000550758 0.379520497642 0.828520410239 0.411725784578 0.0 0.0 0.0 0.0 0.0 0.0
10.5739117401 19.9667534091 24.8005467315 0.781774795605 -0.525172821871 0.336186966024 0.379520497642 0.828520410239 0.411725784578 0.0 0.0 0.0 0.0 0.0 0.0
10.6368676318 20.1614685947 25.2973441291 0.923386630662 -0.311487330161 -0.224349667849 0.379520497642 0.828520410239 0.411725784578 0.0 0.0 0.0 0.0 0.0 0.0
10.910309535 20.2851802336 25.7430010129 0.714188446529 0.0205374060669 -0.699652111979 0.379520497642 0.828520410239 0.411725784578 0.0 0.0 0.0 0.0 0.0 0.0
11.3465507171 20.4135733749 26.0291721758 0.233658130965 0.344759638363 -0.909145021209 0.379520497642 0.828520410239 0.411725784578 0.0 0.0 0.0 0.0 0.0 0.0
11.8360542775 20.6205544865 26.1081037025 -0.335642815107 0.538001919972 -0.773238536788 0.379520497642 0.828520410239 0.411725784578 0.0 0.0 0.0 0.0 0.0 0.0
12.2490480476 20.9501731528 26.0107754803 -0.777427444072 0.52684827727 -0.343565804382 0.379520497642 0.828520410239 0.411725784578 0.0 0.0 0.0 0.0 0.0 0.0
12.4848272074 21.3998869004 25.8351314223 -0.92385438914 0.315536165601 0.216633321223 0.379520497642 0.828520410239 0.411725784578 0.0 0.0 0.0 0.0 0.0 0.0
12.5100137301 21.9215271269 25.7088689367 -0.719293605752 -0.0156534108642 0.694529826179 0.379520497642 0.828520410239 0.411725784578 0.0 0.0 0.0 0.0 0.0 0.0
12.3712372528 22.4395991579 25.7409245467 -0.241461155591 -0.340895994831 0.90856283825 0.379520497642 0.828520410239 0.411725784578 0.0 0.0 0.0 0.0 0.0 0.0
12.1774196974 22.8799639362 25.9800870844 0.328106424594 -0.536626490884 0.777417637709 0.379520497642 0.828520410239 0.411725784578 0.0 0.0 0.0 0.0 0.0 0.0
12.0583940118 23.198004689 26.396461997 0.773020888429 -0.528483611134 0.350918478873 0.379520497642 0.828520410239 0.411725784578 0.0 0.0 0.0 0.0 0.0 0.0
12.1155784621 23.395577586 26.892828788 0.92425179253 -0.319560971739 -0.208900477131 0.379520497642 0.828520410239 0.411725784578 0.0 0.0 0.0 0.0 0.0 0.0
12.3834461376 23.5203065494 27.3415767085 0.724343987983 0.0107682235936 -0.689354649243 0.379520497642 0.828520410239 0.411725784578 0.0 0.0 0.0 0.0 0.0 0.0
12.8164280479 23.6474901297 27.6331862152 0.249245792015 0.337006390748 -0.907911464713 0.379520497642 0.828520410239 0.411725784578 0.0 0.0 0.0 0.0 0.0 0.0
13.3062255444 23.8514943274 27.7178372748 -0.320545047506 0.535210195611 -0.781537535268 0.379520497642 0.828520410239 0.411725784578 0.0 0.0 0.0 0.0 0.0 0.0
13.7229547871 24.1774997061 27.6243368287 -0.768555464253 0.530078698924 -0.358244429564 0.379520497642 0.828520410239 0.411725784578 0.0 0.0 0.0 0.0 0.0 0.0
13.9644917877 24.6243365408 27.4491745536 -0.924578810568 0.323561442073 0.201151724459 0.379520497642 0.828520410239 0.411725784578 0.0 0.0 0.0 0.0 0.0 0.0
13.9952710192 25.1449292165 27.3198648205 -0.729339208615 -0.00588221628108 0.684126975283 0.379520497642 0.828520410239 0.411725784578 0.0 0.0 0.0 0.0 0.0 0.0
14.0637020663 11.273239764 8.02576370373 -0.738263650484 0.672114315918 0.056825423108 0.421631421889 0.394082310988 0.816655420751 0.0 0.0 0.0 0.0 0.0 0.0
14.3291269015 11.723988926 8.14848269934 -0.90674459789 0.17686345702 0.382797011179 0.421631421889 0.394082310988 0.816655420751 0.0 0.0 0.0 0.0 0.0 0.0
14.3878592772 12.2150541187 8.35846028569 -0.730738112597 -0.3855807862 0.563337614679 0.421631421889 0.394082310988 0.816655420751 0.0 0.0 0.0 0.0 0.0 0.0
14.280019877 12.6182261589 8.69685069903 -0.277112001038 -0.801536442175 0.529856839859 0.421631421889 0.394082310988 0.816655420751 0.0 0.0 0.0 0.0 0.0 0.0
14.1090127876 12.838687942 9.15602199569 0.281793592781 -0.912975002794 0.295074592843 0.421631421889 0.394082310988 0.816655420751 0.0 0.0 0.0 0.0 0.0 0.0
14.0022405564 12.8510370444 9.68245555507 0.733641089365 -0.677559095722 -0.0518114253781 0.421631421889 0.394082310988 0.816655420751 0.0 0.0 0.0 0.0 0.0 0.0
14.0627018347 12.7089365297 10.1970786984 0.906766070274 -0.184727160002 -0.379013416857 0.421631421889 0.394082310988 0.816655420751 0.0 0.0 0.0 0.0 0.0 0.0
14.3298604672 12.524727453 10.6253057214 0.735395460766 0.378285712276 -0.562221874506 0.421631421889 0.394082310988 0.816655420751 0.0 0.0 0.0 0.0 0.0 0.0
14.7646525181 12.4267486164 10.9253742505 0.284635820556 0.797581517861 -0.531832842182 0.421631421889 0.394082310988 0.816655420751 0.0 0.0 0.0 0.0 0.0 0.0
15.2643273133 12.5105785118 11.1042114664 -0.27426172674 0.913862769959 -0.299391621341 0.421631421889 0.394082310988 0.816655420751 0.0 0.0 0.0 0.0 0.0 0.0
15.7014841393 12.8027234544 11.2148023529 -0.728962658636 0.682952276778 0.0467934820076 0.421631421889 0.394082310988 0.816655420751 0.0 0.0 0.0 0.0 0.0 0.0
15.9724739042 13.25054739 11.336059815 -0.90671848891 0.192576795297 0.375200959196 0.421631421889 0.394082310988 0.816655420751 0.0 0.0 0.0 0.0 0.0 0.0
16.0367771611 13.7422692121 11.5428443476 -0.739996805723 -0.37096183043 0.561063318961 0.421631421889 0.394082310988 0.816655420751 0.0 0.0 0.0 0.0 0.0 0.0
15.9323981229 14.1494302733 11.8775232814 -0.292137963955 -0.793565854626 0.533768343374 0.421631421889 0.394082310988 0.816655420751 0.0 0.0 0.0 0.0 0.0 0.0
15.7614262265 14.375697973 12.3338747259 0.266708974606 -0.914680942936 0.303685850008 0.421631421889 0.394082310988 0.816655420751 0.0 0.0 0.0 0.0 0.0 0.0
15.6512506494 14.3934641229 12.8594513694 0.724228714578 -0.688293448374 -0.0417719751322 0.421631421889 0.394082310988 0.816655420751 0.0 0.0 0.0 0.0 0.0 0.0
15.7061630305 14.2543337596 13.3755060899 0.906601857423 -0.200411765123 -0.37135992853 0.421631421889 0.394082310988 0.816655420751 0.0 0.0 0.0 0.0 0.0 0.0
15.9677353335 14.0695195282 13.806909303 0.744541797059 0.363609698405 -0.559862036272 0.421631421889 0.394082310988 0.816655420751 0.0 0.0 0.0 0.0 0.0 0.0
16.3990259626 13.967590139 14.1106919473 0.299617859917 0.789489758279 -0.53566319604 0.421631421889 0.394082310988 0.816655420751 0.0 0.0 0.0 0.0 0.0 0.0
16.8986144923 14.045624965 14.2923701492 -0.259135911551 0.915429459417 -0.307956951822 0.421631421889 0.394082310988 0.816655420751 0.0 0.0 0.0 0.0 0.0 0.0
17.3391329828 14.3323319651 14.4038495543 -0.719439617699 0.693582203759 0.0367472871593 0.421631421889 0.394082310988 0.816655420751 0.0 0.0 0.0 0.0 0.0 0.0
17.6156551898 14.7771410503 14.5237055046 -0.906416184694 0.208231472817 0.367490617367 0.421631421889 0.394082310988 0.816655420751 0.0 0.0 0.0 0.0 0.0 0.0
17.685559799 15.2694165063 14.7273309527 -0.749030088654 -0.356229876093 0.558618117921 0.421631421889 0.394082310988 0.816655420751 0.0 0.0 0.0 0.0 0.0 0.0
17.5847229759 15.6804893509 15.0582934184 -0.307074938818 -0.78535353923 0.537517255881 0.421631421889 0.394082310988 0.816655420751 0.0 0.0 0.0 0.0 0.0 0.0
17.4138884108 15.9125408315 15.5117829595 0.251543114294 -0.916108262401 0.312204601522 0.421631421889 0.394082310988 0.816655420751 0.0 0.0 0.0 0.0 0.0 0.0
17.3003931066 15.9357654048 16.0364395493 0.714595732709 -0.698818140174 -0.0317198007381 0.421631421889 0.394082310988 0.816655420751 0.0 0.0 0.0 0.0 0.0 0.0
17.3497899221 15.7996943612 16.5538656095 0.906161484864 -0.216035322878 -0.363593320371 0.421631421889 0.394082310988 0.816655420751 0.0 0.0 0.0 0.0 0.0 0.0
13.2234761987 22.0133069738 27.6792980434 0.728809067255 -0.676338454287 -0.10678782112 0.602112822824 0.558782419671 0.570282698368 0.0 0.0 0.0 0.0 0.0 0.0
13.4265174069 21.985164885 28.1759542552 0.781542408504 -0.266447254027 -0.56408981956 0.602112822824 0.558782419671 0.570282698368 0.0 0.0 0.0 0.0 0.0 0.0
13.8077112316 21.8962861361 28.5440261749 0.53735472207 0.244671712799 -0.807084664471 0.602112822824 0.558782419671 0.570282698368 0.0 0.0 0.0 0.0 0.0 0.0
14.3113950822 21.863180312 28.7281231199 0.08901699263 0.66283580524 -0.743454551614 0.602112822824 0.558782419671 0.570282698368 0.0 0.0 0.0 0.0 0.0 0.0
14.8353703591 21.9811679305 28.7427495765 -0.393139780595 0.829177493246 -0.397373624701 0.602112822824 0.558782419671 0.570282698368 0.0 0.0 0.0 0.0 0.0 0.0
15.2697294106 22.2881665846 28.6667947029 -0.725936178225 0.68050078846 0.0996761859687 0.602112822824 0.558782419671 0.570282698368 0.0 0.0 0.0 0.0 0.0 0.0
15.5386112875 22.7502854149 28.6135610189 -0.782937284742 0.273290456771 0.558857347092 0.602112822824 0.558782419671 0.570282698368 0.0 0.0 0.0 0.0 0.0 0.0
15.6290225856 23.2747008134 28.6877188849 -0.542487426772 -0.237747488618 0.805719258458 0.602112822824 0.558782419671 0.570282698368 0.0 0.0 0.0 0.0 0.0 0.0
15.5957738578 23.7449216644 28.9455404811 -0.0959375254653 -0.658461188154 0.746474952629 0.602112822824 0.558782419671 0.570282698368 0.0 0.0 0.0 0.0 0.0 0.0
15.540656168 24.0650462669 29.3735210663 0.387060645756 -0.829014473428 0.4036323319 0.602112822824 0.558782419671 0.570282698368 0.0 0.0 0.0 0.0 0.0 0.0
15.5737689646 24.196196994 29.8935096542 0.723008006345 -0.684611299863 -0.0925569600905 0.602112822824 0.558782419671 0.570282698368 0.0 0.0 0.0 0.0 0.0 0.0
15.7716914589 24.1712905538 30.3923998802 0.784272537275 -0.280112847389 -0.553582315472 0.602112822824 0.558782419671 0.570282698368 0.0 0.0 0.0 0.0 0.0 0.0
16.1483889029 24.0825323813 30.765101 0.547578818956 0.230805159044 -0.804292493804 0.602112822824 0.558782419671 0.570282698368 0.0 0.0 0.0 0.0 0.0 0.0
16.6499069558 24.046386252 30.9544636204 0.102850752287 0.6540364267 -0.749438506686 0.602112822824 0.558782419671 0.570282698368 0.0 0.0 0.0 0.0 0.0 0.0
17.174869841 24.1593277467 30.9729917097 -0.38095203475 0.828788320947 -0.409860300934 0.602112822824 0.558782419671 0.570282698368 0.0 0.0 0.0 0.0 0.0 0.0
17.6129946978 24.4611915653 30.8980921305 -0.720024774606 0.688669675464 0.0854306856413 0.602112822824 0.558782419671 0.570282698368 0.0 0.0 0.0 0.0 0.0 0.0
17.8869898846 24.9200376581 30.8426664788 -0.785548064418 0.28691390633 0.548265126417 0.602112822824 0.558782419671 0.570282698368 0.0 0.0 0.0 0.0 0.0 0.0
17.9819193654 25.4442857848 30.9122178799 -0.552628510893 -0.223845252764 0.802804479162 0.602112822824 0.558782419671 0.570282698368 0.0 0.0 0.0 0.0 0.0 0.0
17.9508771598 25.9175083791 31.1647685873 -0.109756146625 -0.64956185784 0.752344988099 0.602112822824 0.558782419671 0.570282698368 0.0 0.0 0.0 0.0 0.0 0.0
17.8948160371 26.2426633275 31.5888163584 0.374814412771 -0.828499053027 0.416057057519 0.602112822824 0.558782419671 0.570282698368 0.0 0.0 0.0 0.0 0.0 0.0
17.9241938716 26.3789618907 32.1077043488 0.716986710193 -0.692675606204 -0.0782979053147 0.602112822824 0.558782419671 0.570282698368 0.0 0.0 0.0 0.0 0.0 0.0
18.1170088492 26.3573650277 32.6087443293 0.786763769034 -0.293693115665 -0.542906184849 0.602112822824 0.558782419671 0.570282698368 0.0 0.0 0.0 0.0 0.0 0.0
18.4891666528 26.2688208097 32.9860288279 0.55763611803 0.216868299802 -0.801255327851 0.602112822824 0.558782419671 0.570282698368 0.0 0.0 0.0 0.0 0.0 0.0
18.9884376269 26.2297117275 33.1806671492 0.116653182608 0.64503782233 -0.755194175528 0.602112822824 0.558782419671 0.570282698368 0.0 0.0 0.0 0.0 0.0 0.0
19.5142996978 26.3376390371 33.2031589345 -0.368648247224 0.828146691697 -0.422222129749 0.602112822824 0.558782419671 0.570282698368 0.0 0.0 0.0 0.0 0.0 0.0
19.9561283891 26.6343424112 33.129405172 -0.713894044466 0.696628787014 0.0711591622995 0.602112822824 0.558782419671 0.570282698368 0.0 0.0 0.0 0.0 0.0 0.0
20.2352249104 27.0898423392 33.0718721428 -0.787919558543 0.300449959133 0.537505898873 0.602112822824 0.558782419671 0.570282698368 0.0 0.0 0.0 0.0 0.0 0.0
