t = 100
b = 30 30 30
E = -0.844332208352473 -1.02595047296208 0.181618264609609
29.6988453462715 6.56777804573639 20.2821817888569 -0.931472406206522 -0.184674325534137 0.313455630238769 0.171603839833502 0.536697087119284 0.826140569629453 0.685228431635902 0.66883938659564 0.180584799143699 -0.0290157541280097 0.820290307593321 -0.326302623908869
29.5584806992253 6.92817868935847 20.5095103568346 -0.363054336118068 -0.692345302212733 0.62357791344289 -0.00774973164874699 0.671462196247549 0.740998212657162 -0.270354548435142 0.390049513713709 0.861024173872573 0.451632609529425 0.190507425428688 0.0386223768729591
29.3741551362635 7.15440043896226 20.8194271814559 0.245922539918104 -0.763095514906553 0.597668153499464 -0.0853401835377458 0.597163817913632 0.797566504919521 0.251044295563044 -0.298958109851386 0.437492333649463 0.974166655431634 -0.130981429046318 0.0526191826682155
29.226479654697 7.30259353564159 21.2387277827446 0.660223044293102 -0.65558874456186 0.366481664852873 0.0788199667971987 0.545730117659044 0.83424573353927 0.106979102760409 -0.035720711942504 0.00540845950061742 0.808852488527835 0.0976061594139809 0.125179023461225
29.1620326313198 7.37923113307419 21.6903231822219 0.917388142809946 -0.396256556611486 -0.0371432206148768 0.285529254867717 0.590267120660238 0.755021624287613 -0.631910747385178 -0.254162054570786 -0.00218952798898569 0.429199137659487 0.233195479853307 -0.0553204838389383
29.3677179394083 7.40521330729361 22.0604126225628 0.832090955355712 0.170298362038793 -0.527847507257091 0.359289138200745 0.559517911911659 0.746894171901075 0.256064416936448 0.00800267633598596 0.309462827731452 0.299214884628124 -0.275019460183705 -0.0399770963489358
29.7194960542126 7.44339956532303 22.3872614054581 0.330630906648674 0.627262682452498 -0.705141555772721 0.414797879134554 0.574542415889268 0.705580338644894 0.866838939650703 -0.128735405245256 0.0492240612354273 0.481549461012819 -0.16667765565755 0.129727062496504
30.1462127794712 7.69705745004428 22.6876767390539 -0.0321840860227817 0.661694480872947 -0.749082426628405 0.401580749544822 0.694875467292491 0.596557514637051 -0.234587094461116 0.512057209356266 0.0226039290023789 0.525434839630808 0.000668519071795201 -0.132834853173623
30.5584107441397 7.95466762957482 22.789606373211 -0.632830755089947 0.704992670128003 -0.320172533702204 0.414375189771934 0.657666606151084 0.629100722400448 -0.0371156592160467 0.0450151645918621 -0.401330365722813 0.381668847446366 0.252962129312505 -0.0316219701031675
30.8298068215869 8.31937449094841 22.9454758154624 -0.922376464260581 0.332693130693765 -0.19630798659684 0.183961798455849 0.825169736632965 0.534090673551541 -0.0528796061427059 -0.167668809784377 0.579703735932926 0.551167306228568 -0.181788731907298 -0.568354497800914
30.9663054874063 8.77304136819082 22.8362113394191 -0.811606989081298 -0.0475680733730036 0.582263904480513 0.358308630808194 0.746674268299892 0.56043942087139 -0.407084112118192 -0.298633267678273 -0.109637996922241 0.584079339030736 0.106735284620643 0.00611808010109077
31.0084707974655 9.29570282732496 23.1345708916927 -0.5125156860329 -0.541623343583014 0.666312018864292 0.0912378986444352 0.737232208611367 0.66945067350628 0.154309552048434 -0.375923671525724 0.694321549028891 0.341534750636159 0.0130913391252657 -0.159728102857914
30.8161088381139 9.57063390436457 23.466903786819 0.078844922562801 -0.804019462936092 0.589352239540175 0.0670185868473705 0.594130277293156 0.801571963575317 -0.291454425673737 -0.34766859147188 0.638609567279951 0.785846626078707 0.18381516413718 -0.233840285771679
30.535000008247 9.762494287882 23.7840603051661 0.714503821066363 -0.570875929515895 0.404456232086949 0.146251048861847 0.687199800887996 0.711594651108643 0.1111908598125 -0.402034487633699 0.111008026115576 0.72427033442353 -0.402718655927364 -0.0291367421989945
30.5138501684493 9.93655256235281 24.2616364741734 0.908020625236238 -0.40835213956858 -0.0935251591815898 0.354478368606266 0.62996401970229 0.691006730031765 0.664871291614801 -0.476287950123043 -0.273351840957293 0.247639271501292 -0.172585300880032 -0.0410826073859084
30.6612586569879 10.0058036289853 24.7230400824299 0.771663669215731 0.0614940631810749 -0.633050979800679 0.483385647285072 0.590171937445071 0.646556480298406 0.644774226600249 -0.463828374759791 -0.160214220337218 0.324300333124462 0.111241199050629 -0.186170588661714
30.9694789440004 10.0693652308531 24.9714134603638 0.490077317426995 0.38669132946474 -0.781213108390142 0.422772193903101 0.678305416312495 0.600970311614125 -0.419300428962263 0.219781289294158 -0.485418398370193 0.465924409779567 0.492800023901743 0.177182374061013
31.3699097348569 10.191701487972 25.216758548764 -0.210677423920605 0.716576368150722 -0.664930983716039 0.454065503299216 0.674100524073694 0.582591525344791 -0.0511869680869743 0.0157037036147851 -0.325040550860801 0.315615578087671 -0.204246354959455 -0.225592909281785
31.7579216104989 10.4912356946336 25.3066165821181 -0.680505684256754 0.628842942709484 -0.376122915965408 0.337634909373305 0.724670676425594 0.600712044289111 -0.3436680723328 -0.165718004304869 -0.240827646287712 0.648221565088209 0.229640848658446 0.11846111812621
31.9471071879817 10.9035895522472 25.2738352396376 -0.924810887385257 0.368559486993953 0.0942794141953436 0.358160749136466 0.759980073497028 0.54235693950658 -0.51011111795945 0.22846085296003 -0.332548180304919 0.35537509215883 -0.0523984160714763 0.0682854617836492
32.0532304672741 11.3685173700257 25.2724148118143 -0.732145521118549 -0.052498112746435 0.67912205537974 0.561319701450612 0.518288631054346 0.645210796905109 -0.715807664047212 -0.00534367429120777 -0.566503917454905 0.325115080562111 -0.487281873125705 0.2320854212678
32.1094397906307 11.8136871557645 25.6198084016173 -0.493050432751797 -0.577851850865041 0.650375576122184 0.212090015611962 0.645169668709162 0.734012128967127 0.0990622871465006 -0.584457116151957 -0.359615678462123 0.0696957137897498 0.0080392599565597 -0.151921538593537
31.9957913376674 12.2020752379593 25.9405574211663 0.133368945814177 -0.785351290304333 0.604512990833615 0.213398436549434 0.618410737022083 0.756326087369605 -0.383413717426841 -0.588653801690885 0.0956960380624513 0.310213436613201 -0.0780973926665873 -0.189151955041107
31.8856184022434 12.4272461382808 26.3363695635558 0.715496114167791 -0.639678727475152 0.280849280480129 0.302108465730359 0.645780719814917 0.701211535730493 0.499649805585004 -0.571696056399427 0.149722278290125 0.502298051262228 -0.285460345982683 0.0890645202496267
31.8906753282078 12.5935257884886 26.794258257702 0.953723384551402 -0.221658027295429 -0.203173101338855 0.298534551299271 0.617362264216694 0.727832973839912 0.525870745861405 -0.294558412806724 0.122816887006319 0.281847390215072 0.220156300606254 0.54059959898676
32.0850870289897 12.6990315095377 27.2480617645798 0.780479654124403 0.225112363696164 -0.583245932190613 0.396651407815257 0.542806606636861 0.740289491930932 0.40974873049695 -0.403354696892853 -0.523693806761294 0.458561160657481 -0.168177692798696 -0.0293326365000612
32.404183472673 12.7477650364344 27.635843069079 0.396519016094695 0.588303784785019 -0.704749039362478 0.406819552988603 0.575580038745405 0.709369686849593 0.0600717288727869 0.628362233775203 -0.0392432822142674 0.331015467086481 -0.333944915230655 0.424819168190752
32.7289256055209 12.9530253560951 27.9940442359379 -0.252810845939467 0.712498540816064 -0.654547468434231 0.245111519179118 0.701619444613932 0.669066797675282 0.230291572866004 0.670819862635279 -0.186913894903927 -0.045474904847252 0.18985258234028 0.457498428067784
