
#id1 id2 FENE BEXC STCK NEXC HB CRSTCK CXSTCK total, t = 100
0 1 0.0860147 0 -1.24291 0 0 0 0 -1.1569
1 2 0.436784 0 -1.27113 0 0 0 0 -0.834343
2 3 0.368325 0 -1.33449 0 0 0 0 -0.966164
3 4 0.244611 0 -1.11835 0 0 0 0 -0.873738
4 5 0.19634 0 -1.07378 0 0 0 0 -0.877441
5 6 0.0526801 0 -1.37269 0 0 0 0 -1.32001
6 7 0.0507294 0 -0.990036 0 0 0 0 -0.939306
7 8 0.0472801 0 -1.39871 0 0 0 0 -1.35143
8 9 0.176418 0 -1.01303 0 0 0 0 -0.836608
9 10 0.00136589 0 -1.23159 0 0 0 0 -1.23023
10 11 0.00566872 0 -0.94108 0 0 0 0 -0.935411
11 12 0.0921384 0 -1.14717 0 0 0 0 -1.05503
12 13 0.114379 0 -1.14689 0 0 0 0 -1.03251
13 14 0.0592303 0 -1.24938 0 0 0 0 -1.19015
14 15 0.0208577 0 -1.29095 0 0 0 0 -1.27009
15 16 0.645985 0.0174095 -1.01666 0 0 0 0 -0.353267
16 17 0.0303979 0 -1.38949 0 0 0 0 -1.35909
17 18 0.125657 0 -1.2964 0 0 0 0 -1.17075
18 19 0.270486 0 -1.17114 0 0 0 0 -0.900656
19 20 0.0975276 0 -1.09532 0 0 0 0 -0.997787
20 21 0.000297001 0 -0.991877 0 0 0 0 -0.99158
21 22 0.0746443 0 -1.31267 0 0 0 0 -1.23803
22 23 0.187284 0 -1.41147 0 0 0 0 -1.22419
23 24 0.155181 0 -1.34957 0 0 0 0 -1.19439
24 25 0.131377 0 -1.35264 0 0 0 0 -1.22127
25 26 0.181997 0 -1.32144 0 0 0 0 -1.13944
26 27 0.0584684 0 -1.12528 0 0 0 0 -1.06682
#Total energy per particle is  -1.02595 and should be -1.0259510

