t = 0
b =  30.0 30.0 30.0
E = 0. 0. 0.
18.6851522296 9.25169866007 19.4516564401 0.200789303236 -0.258168414374 0.945004087571 0.29759983512 0.935135356835 0.192239960813 0.0 0.0 0.0 0.0 0.0 0.0
18.495660738 9.67211902512 19.727382379 0.709930724919 -0.351400645104 0.610340849392 0.29759983512 0.935135356835 0.192239960813 0.0 0.0 0.0 0.0 0.0 0.0
18.4679979775 10.0124376021 20.1422355338 0.949357594796 -0.311129895654 0.043798918174 0.29759983512 0.935135356835 0.192239960813 0.0 0.0 0.0 0.0 0.0 0.0
18.6567413106 10.2818341095 20.5670726533 0.828107641998 -0.15265569703 -0.539382954337 0.29759983512 0.935135356835 0.192239960813 0.0 0.0 0.0 0.0 0.0 0.0
19.0342518068 10.516432746 20.8689574114 0.392245750783 0.0638149531627 -0.917644224493 0.29759983512 0.935135356835 0.192239960813 0.0 0.0 0.0 0.0 0.0 0.0
19.5011747342 10.7655780031 20.9616651396 -0.192636859154 0.25604123572 -0.947277111571 0.29759983512 0.935135356835 0.192239960813 0.0 0.0 0.0 0.0 0.0 0.0
19.9241860834 11.0730878679 20.8384410205 -0.704333505581 0.350993172046 -0.617023586335 0.29759983512 0.935135356835 0.192239960813 0.0 0.0 0.0 0.0 0.0 0.0
20.186644588 11.4606066373 20.5745663554 -0.94844207741 0.312596934019 -0.0523524845652 0.29759983512 0.935135356835 0.192239960813 0.0 0.0 0.0 0.0 0.0 0.0
20.2329056911 11.9193818877 20.2987579398 -0.832221646925 0.155439894416 0.532208201377 0.29759983512 0.935135356835 0.192239960813 0.0 0.0 0.0 0.0 0.0 0.0
20.0894618436 12.4135896669 20.1442664005 -0.399826298769 -0.060771359892 0.91457409357 0.29759983512 0.935135356835 0.192239960813 0.0 0.0 0.0 0.0 0.0 0.0
19.8548775788 12.8939446127 20.1982520546 0.184469745028 -0.253894558534 0.949477996752 0.29759983512 0.935135356835 0.192239960813 0.0 0.0 0.0 0.0 0.0 0.0
19.6623431981 13.3164242859 20.4686712479 0.69868264852 -0.350558969498 0.623659334542 0.29759983512 0.935135356835 0.192239960813 0.0 0.0 0.0 0.0 0.0 0.0
19.6290735491 13.658994031 20.8812536062 0.947454332488 -0.314040166916 0.0609020641121 0.29759983512 0.935135356835 0.192239960813 0.0 0.0 0.0 0.0 0.0 0.0
19.8117761451 13.9299783101 21.3077185919 0.836272274952 -0.158212254452 -0.524992918703 0.29759983512 0.935135356835 0.192239960813 0.0 0.0 0.0 0.0 0.0 0.0
20.1851070324 14.1648981008 21.6145114252 0.407376398435 0.057723138647 -0.911434314289 0.29759983512 0.935135356835 0.192239960813 0.0 0.0 0.0 0.0 0.0 0.0
20.6512993826 14.4129758829 21.7135427779 -0.176288582817 0.251728546294 -0.951606575507 0.29759983512 0.935135356835 0.192239960813 0.0 0.0 0.0 0.0 0.0 0.0
21.0773067448 14.7184351949 21.5956553818 -0.69297858407 0.350098070528 -0.630247588677 0.29759983512 0.935135356835 0.192239960813 0.0 0.0 0.0 0.0 0.0 0.0
21.3453496169 15.1036993732 21.3341030281 -0.94639443525 0.31545948444 -0.069447005731 0.29759983512 0.935135356835 0.192239960813 0.0 0.0 0.0 0.0 0.0 0.0
21.3976618477 15.5608725509 21.0567202271 -0.840259217607 0.160972566012 0.517737655785 0.29759983512 0.935135356835 0.192239960813 0.0 0.0 0.0 0.0 0.0 0.0
21.2584369635 16.05473943 20.8973557412 -0.414895474811 -0.0546705215615 0.908225125755 0.29759983512 0.935135356835 0.192239960813 0.0 0.0 0.0 0.0 0.0 0.0
21.0246366427 16.5361441621 20.9450212012 0.168093995549 -0.249543363951 0.953662685738 0.29759983512 0.935135356835 0.192239960813 0.0 0.0 0.0 0.0 0.0 0.0
20.8291533535 16.9606654765 21.2100741004 0.687221746618 -0.349610510234 0.636787847018 0.29759983512 0.935135356835 0.192239960813 0.0 0.0 0.0 0.0 0.0 0.0
20.790322283 17.305493064 21.6202828094 0.945262466412 -0.316854778502 0.0779866586915 0.29759983512 0.935135356835 0.192239960813 0.0 0.0 0.0 0.0 0.0 0.0
20.9669638215 17.5780935949 22.0482685797 0.84418217127 -0.163720618888 -0.510442965139 0.29759983512 0.935135356835 0.192239960813 0.0 0.0 0.0 0.0 0.0 0.0
21.3360367125 17.8133740055 22.35989886 0.42238295529 0.0516137411041 -0.904946772363 0.29759983512 0.935135356835 0.192239960813 0.0 0.0 0.0 0.0 0.0 0.0
21.8013918115 18.06041977 22.4652464951 -0.159886607271 0.247339177915 -0.955646170862 0.29759983512 0.935135356835 0.192239960813 0.0 0.0 0.0 0.0 0.0 0.0
22.2303007533 18.3638465079 22.3527545555 -0.681412574569 0.349096325746 -0.643279611499 0.29759983512 0.935135356835 0.192239960813 0.0 0.0 0.0 0.0 0.0 0.0
28.9002970995 27.1619301485 10.5286807071 -0.325017067481 0.944114185162 0.0548845262578 0.630308062307 0.172990543665 0.756826280194 0.0 0.0 0.0 0.0 0.0 0.0
29.3569720895 27.4356739375 10.6007736585 -0.67669093415 0.600250017195 0.426367560324 0.630308062307 0.172990543665 0.756826280194 0.0 0.0 0.0 0.0 0.0 0.0
29.6593953597 27.8462447368 10.7700571086 -0.771278601266 0.0283408320505 0.635866429738 0.630308062307 0.172990543665 0.756826280194 0.0 0.0 0.0 0.0 0.0 0.0
29.7860056485 28.2632758297 11.0842863315 -0.572844632671 -0.554335509023 0.603789011374 0.630308062307 0.172990543665 0.756826280194 0.0 0.0 0.0 0.0 0.0 0.0
29.7820359853 28.5539461258 11.5361492784 -0.156777410672 -0.926410522223 0.342322052776 0.630308062307 0.172990543665 0.756826280194 0.0 0.0 0.0 0.0 0.0 0.0
29.7423289064 28.6334411142 12.0660445481 0.318852170819 -0.946526689273 -0.0491987769917 0.630308062307 0.172990543665 0.756826280194 0.0 0.0 0.0 0.0 0.0 0.0
29.7753041898 28.4971753141 12.584724955 0.673344481693 -0.607041541986 -0.42202816882 0.630308062307 0.172990543665 0.756826280194 0.0 0.0 0.0 0.0 0.0 0.0
29.9617683691 28.2225343753 13.0072040275 0.772021966251 -0.0369311637044 -0.634522003379 0.630308062307 0.172990543665 0.756826280194 0.0 0.0 0.0 0.0 0.0 0.0
30.3242149798 27.9394749766 13.2850437894 0.577395398312 0.547209981124 -0.605950320212 0.630308062307 0.172990543665 0.756826280194 0.0 0.0 0.0 0.0 0.0 0.0
30.8182788898 27.7811521103 13.4247571568 0.163406665018 0.923456905261 -0.347167979448 0.630308062307 0.172990543665 0.756826280194 0.0 0.0 0.0 0.0 0.0 0.0
31.3495913542 27.8333312747 13.4853335723 -0.31266299233 0.948867111713 0.0435092810483 0.630308062307 0.172990543665 0.756826280194 0.0 0.0 0.0 0.0 0.0 0.0
31.8096322796 28.101804727 13.5558279298 -0.669946751446 0.613786838213 0.417656638238 0.630308062307 0.172990543665 0.756826280194 0.0 0.0 0.0 0.0 0.0 0.0
32.116958822 28.5101909084 13.7215271311 -0.772706538775 0.0455186829072 0.633129255714 0.630308062307 0.172990543665 0.756826280194 0.0 0.0 0.0 0.0 0.0 0.0
32.2481468845 28.928953075 14.0315481662 -0.581902193059 -0.540042781067 0.608065483588 0.630308062307 0.172990543665 0.756826280194 0.0 0.0 0.0 0.0 0.0 0.0
32.2466903239 29.2246124726 14.4801777474 -0.170023475314 -0.920432963479 0.351987467934 0.630308062307 0.172990543665 0.756826280194 0.0 0.0 0.0 0.0 0.0 0.0
32.2064769066 29.3104591473 15.009042883 0.306450003343 -0.951135274248 -0.0378164717047 0.630308062307 0.172990543665 0.756826280194 0.0 0.0 0.0 0.0 0.0 0.0
32.2361187773 29.1794945063 15.5292877527 0.66649800216 -0.620485392196 -0.413253301485 0.630308062307 0.172990543665 0.756826280194 0.0 0.0 0.0 0.0 0.0 0.0
32.4176888886 28.9070902006 15.9553315193 0.773332266704 -0.054102735686 -0.631688292804 0.630308062307 0.172990543665 0.756826280194 0.0 0.0 0.0 0.0 0.0 0.0
32.7755401144 28.6223531746 16.2373819196 0.586364673701 0.53283445466 -0.610134340422 0.630308062307 0.172990543665 0.756826280194 0.0 0.0 0.0 0.0 0.0 0.0
33.267053186 28.4590757793 16.3803521779 0.176627337664 0.917338927164 -0.356780151212 0.630308062307 0.172990543665 0.756826280194 0.0 0.0 0.0 0.0 0.0 0.0
33.7988284647 28.5049058213 16.4419943895 -0.300213677003 0.95333100415 0.0321207824903 0.630308062307 0.172990543665 0.756826280194 0.0 0.0 0.0 0.0 0.0 0.0
34.2621700264 28.7680476957 16.5109585345 -0.662998496471 0.627136693814 0.408818493893 0.630308062307 0.172990543665 0.756826280194 0.0 0.0 0.0 0.0 0.0 0.0
34.5743810599 29.1741453992 16.673112868 -0.773899102386 0.0626826683321 0.630199224386 0.630308062307 0.172990543665 0.756826280194 0.0 0.0 0.0 0.0 0.0 0.0
34.7101817687 29.5945316189 16.9789211345 -0.590782500402 -0.525585550847 0.612156733165 0.630308062307 0.172990543665 0.756826280194 0.0 0.0 0.0 0.0 0.0 0.0
34.7113135879 29.8951105958 17.4242705476 -0.183217749158 -0.914175031938 0.3615456643 0.630308062307 0.172990543665 0.756826280194 0.0 0.0 0.0 0.0 0.0 0.0
34.6706809155 29.9873033454 17.9520343063 0.293954488228 -0.955454134204 -0.026422647154 0.630308062307 0.172990543665 0.756826280194 0.0 0.0 0.0 0.0 0.0 0.0
34.6970551779 29.861700295 18.4737750217 0.65944850088 -0.633740236545 -0.404352553191 0.630308062307 0.172990543665 0.756826280194 0.0 0.0 0.0 0.0 0.0 0.0
17.0328242585 0.605022292181 18.6479821311 0.239897922522 0.856677713013 -0.456675248723 0.236439849816 0.404687767478 0.88335950115 0.0 0.0 0.0 0.0 0.0 0.0
17.4835868117 0.747848793774 18.9031268218 -0.357780547949 0.881520643173 -0.308081864397 0.236439849816 0.404687767478 0.88335950115 0.0 0.0 0.0 0.0 0.0 0.0
17.8527932777 1.09161795372 19.0880442418 -0.819532206482 0.571459142752 -0.0424430289323 0.236439849816 0.404687767478 0.88335950115 0.0 0.0 0.0 0.0 0.0 0.0
18.0351873515 1.56565124323 19.263286772 -0.969929877925 0.0442907597118 0.239320622833 0.236439849816 0.404687767478 0.88335950115 0.0 0.0 0.0 0.0 0.0 0.0
17.9964858791 2.04978061281 19.4930824457 -0.751834972381 -0.499704423444 0.430162368757 0.236439849816 0.404687767478 0.88335950115 0.0 0.0 0.0 0.0 0.0 0.0
17.7864036011 2.42000234335 19.8209336449 -0.24810539082 -0.853853541522 0.457578238859 0.236439849816 0.404687767478 0.88335950115 0.0 0.0 0.0 0.0 0.0 0.0
17.5197656915 2.59558813222 20.2530898181 0.349883576815 -0.883609423505 0.311152485718 0.236439849816 0.404687767478 0.88335950115 0.0 0.0 0.0 0.0 0.0 0.0
17.3328837542 2.56975512521 20.7561732102 0.814945923876 -0.577667312337 0.0465147010605 0.236439849816 0.404687767478 0.88335950115 0.0 0.0 0.0 0.0 0.0 0.0
17.3317687658 2.41224283618 21.2698596298 0.970396689288 -0.0522597311297 -0.235794796214 0.236439849816 0.404687767478 0.88335950115 0.0 0.0 0.0 0.0 0.0 0.0
17.5518557334 2.24281793978 21.7297966182 0.757177528271 0.49300219567 -0.428521908128 0.236439849816 0.404687767478 0.88335950115 0.0 0.0 0.0 0.0 0.0 0.0
17.9445413423 2.18577290941 22.0920520242 0.256293964931 0.850964345777 -0.45844638264 0.236439849816 0.404687767478 0.88335950115 0.0 0.0 0.0 0.0 0.0 0.0
18.3956491686 2.32270522843 22.3498045628 -0.341959960693 0.885630913559 -0.314199411572 0.236439849816 0.404687767478 0.88335950115 0.0 0.0 0.0 0.0 0.0 0.0
18.7688072111 2.66151714206 22.5359353357 -0.810297579984 0.58383149032 -0.0505828309142 0.236439849816 0.404687767478 0.88335950115 0.0 0.0 0.0 0.0 0.0 0.0
18.9572578948 3.13341346228 22.7105357507 -0.970789601186 0.0602247227667 0.232251012908 0.236439849816 0.404687767478 0.88335950115 0.0 0.0 0.0 0.0 0.0 0.0
18.9244170583 3.61903800995 22.9380777914 -0.762462422161 -0.486262423869 0.426848813897 0.236439849816 0.404687767478 0.88335950115 0.0 0.0 0.0 0.0 0.0 0.0
18.7177728887 3.9938190228 23.2629200326 -0.264463021265 -0.848010345803 0.459279613954 0.236439849816 0.404687767478 0.88335950115 0.0 0.0 0.0 0.0 0.0 0.0
18.4508443651 4.17529605064 23.6924550763 0.334010302995 -0.887584959389 0.317222409925 0.236439849816 0.404687767478 0.88335950115 0.0 0.0 0.0 0.0 0.0 0.0
18.2600535005 4.15444805906 24.1943009783 0.805587528793 -0.589951207275 0.0546471086895 0.236439849816 0.404687767478 0.88335950115 0.0 0.0 0.0 0.0 0.0 0.0
18.2528963385 3.99912067122 24.7086036905 0.971108583698 -0.068185128058 -0.228689542788 0.236439849816 0.404687767478 0.88335950115 0.0 0.0 0.0 0.0 0.0 0.0
18.4671034087 3.82825048129 25.1707766142 0.767689251586 0.479485621302 -0.425143213475 0.236439849816 0.404687767478 0.88335950115 0.0 0.0 0.0 0.0 0.0 0.0
18.856305268 3.76667905383 25.536038129 0.272611937716 0.844991766558 -0.460077869348 0.236439849816 0.404687767478 0.88335950115 0.0 0.0 0.0 0.0 0.0 0.0
19.307649027 3.89772352614 25.796424879 -0.32603520912 0.889471412189 -0.320221250563 0.236439849816 0.404687767478 0.88335950115 0.0 0.0 0.0 0.0 0.0 0.0
19.6846730498 4.23152303484 25.9838171848 -0.800816128993 0.596025997161 -0.0587072248759 0.236439849816 0.404687767478 0.88335950115 0.0 0.0 0.0 0.0 0.0 0.0
19.8791510109 4.70118668835 26.1578271769 -0.971353612531 0.0761403407877 0.225110657074 0.236439849816 0.404687767478 0.88335950115 0.0 0.0 0.0 0.0 0.0 0.0
19.8522088854 5.18820653494 26.3831511504 -0.772857618501 -0.472672304049 0.423405236752 0.236439849816 0.404687767478 0.88335950115 0.0 0.0 0.0 0.0 0.0 0.0
19.6490938415 5.56748071495 26.7049903609 -0.280740093713 -0.841908837918 0.46084108803 0.236439849816 0.404687767478 0.88335950115 0.0 0.0 0.0 0.0 0.0 0.0
19.3819840843 5.75484174887 27.1318783119 0.318035286401 -0.891290128297 0.323195705113 0.236439849816 0.404687767478 0.88335950115 0.0 0.0 0.0 0.0 0.0 0.0
