t = 100
b = 30 30 30
E = -0.704498355088585 -0.905570122869903 0.201071767781318
18.5520299563793 8.81167670491643 19.8514421406576 0.348480963318478 -0.125779348184456 0.928838229191913 0.390343143436619 0.920411002969479 -0.0218105328495551 0.0773233911195872 -1.41751095365594 1.07387393848634 -0.238895796027371 -0.756881263354481 0.0626090054161695
18.5821057645939 9.43976251919894 19.8914975387654 0.672714377459733 -0.432261774446488 0.600503959621317 0.332772239124832 0.901639417339383 0.276240617858051 0.135135636869237 -0.970045211357692 0.191411369658677 0.0519038627854047 0.0673789506318809 -0.311456346736558
18.6567397871315 9.81286690925281 20.1909903267113 0.966695206906848 -0.255755229210288 0.00946153817108903 0.239752950396414 0.917906975667221 0.316172721167557 -0.14548014825579 -0.58957724383489 0.28067185342277 0.416693759470797 0.127718148744809 0.0934750081051169
18.7946887233721 10.164988556996 20.5194166739565 0.816314283756063 0.0193846469245777 -0.57728251956262 0.222886494072849 0.911458451982897 0.345781698479211 0.397347215957998 -0.551719530386734 -0.285564850797586 0.196435751236367 0.283853406994935 0.445614320025188
19.0875957851242 10.562506556945 20.6831268950792 0.350602975257045 0.0307854554788546 -0.936017996823728 0.365345551563419 0.915775432403312 0.166966662948227 -0.0409498488719274 -0.335050951911536 -0.354215462896856 0.443512623567346 0.104765060226319 -0.272930406837341
19.4742743072023 10.7113789260744 20.749725043738 -0.135781448923414 0.454544864978266 -0.88031371945452 0.549799028348298 0.773741302355386 0.314714653839426 0.0683452931871868 -0.0135204391754611 -0.20060364398594 0.485703441122183 -0.0592119919228484 0.418098151748562
19.8828504133015 10.9713895843526 20.7103031360726 -0.696184902230803 0.474157643435323 -0.538981439663473 0.419320208504223 0.878012553425471 0.230790814109653 -0.0803409065266021 -0.0760431109687826 -0.363068171912324 0.202884298775819 -0.346701454865887 0.0183083285040343
20.030323686617 11.4601847982244 20.6202206392702 -0.972946774599238 0.153073416440699 -0.173040413519513 0.15653493036668 0.987651270186803 -0.00645515926382431 -0.23229051564733 0.15708828961581 0.139683067788124 0.508397267161345 0.0168968608001881 -0.414204464985246
20.0883413931133 11.8516889067265 20.3893969049448 -0.82976516163378 0.208797472923372 0.517584073096072 0.211157119709185 0.975894050665934 -0.0551666689193159 -0.251699598500485 0.02009841528684 0.197284296458685 0.774424653155439 0.0690925978695445 0.0905792196942271
20.0264719128198 12.3074514537517 20.2251869626227 -0.37757743975869 0.00582256063344444 0.925959640353446 0.101816791951976 0.994177813653312 0.0352661839710198 -0.257416052996194 -0.114710583339563 0.0678757850838342 0.58753025593775 -0.307347213672249 -0.114531736522272
19.8888817027216 12.7786158882113 20.1976740942641 0.111750862516725 -0.242666740692587 0.963651637854237 0.0328686331776867 0.970097777743692 0.240478364846767 0.0942670684604587 0.114695633275083 0.472593087134093 0.559748567910821 -0.158097310560477 0.043372387887977
19.731778662882 13.1126879048414 20.5303091080262 0.830475323555394 -0.231776573057163 0.506547373221895 0.135274906577526 0.966021626087883 0.220233513201018 -0.0631432095830301 -0.481822948839887 0.324855600962507 0.489309872681841 0.0687780615321339 0.374064346816613
19.775088775575 13.5409884014421 20.7937012133544 0.913014609804796 -0.407154099775128 -0.0250946729887989 0.387017985173959 0.845134055432586 0.368734853290332 0.28336364624938 -0.490254484290536 0.428827525516394 0.419478911873937 -0.0702290983850115 -0.091303812702019
19.964824882399 13.739041155237 21.1949694758439 0.825735770830504 0.0164033691961961 -0.563818453102452 0.166905483967333 0.947708739228663 0.272012105984637 0.788685942766668 -0.123033952981964 -0.682174919565472 0.520469473408981 -0.540921799441471 0.133943239509462
20.1758583467746 14.1136567113146 21.5048187473626 0.360487314612097 0.134029057310714 -0.923084497323574 0.328980766995537 0.907758997310052 0.260278963786525 0.464368263413178 -0.102449663805481 -0.60398897865815 0.418543541557883 -0.0299397723514145 0.000381857486358161
20.5942056724285 14.4579709600667 21.6489304114992 -0.135677354568806 0.166298108611105 -0.976696716401536 0.478447936176048 0.874242134323455 0.0823902242410537 -0.775916439966768 0.500889801513054 -0.0693028607419877 0.353239361354333 0.28814606549648 0.243979322780602
20.9792864266 14.8248390559594 21.5796952486017 -0.717179050556725 0.276612536591807 -0.639640207332654 0.383300107490982 0.923118014274845 -0.0305621680955892 -0.0856969294961429 0.0401619561082673 -0.0297162571372046 0.383994951325493 0.0501532189779785 -0.16574828803402
21.1782381992285 15.2475767336344 21.4291988814466 -0.970973106038196 0.220634748473693 -0.0923656641262107 0.2334363974835 0.958294671653105 -0.164859532966993 -0.172122730124178 0.418354917098016 0.201531549591446 0.728943413395151 -0.342954516800108 -0.285843220063331
21.296090193414 15.7213962926542 21.1864018364742 -0.856084881836912 0.248270818841946 0.45329919184222 0.198274171926063 0.967722392692274 -0.155565479554588 -0.0643042913816227 0.496239634250803 -0.0146313555425174 0.752595421843632 0.162460073158811 0.0545937065596304
21.3102500255608 16.2173384702847 20.9151133721182 -0.383360661147612 0.107042008844385 0.917374783116501 0.122257201970823 0.990402080464499 -0.0644731321827456 -0.088063593356149 0.360320890779905 -0.214091655811316 0.492298346253465 -0.235184282624473 -0.0233664705950131
21.83703321111 17.2276570007369 20.6352863261793 0.0382345022328722 -0.316529243450882 0.947811818324765 0.204194627636761 0.930965932697196 0.302666265869072 3.0917621258235 3.16542278144276 -1.44584802102436 0.273939237892145 0.423105589701803 -0.00145482700665083
21.1295359361608 16.965067793159 21.2684860628643 0.567742014104374 -0.147287342072556 0.809923040078828 0.14986044964504 0.985915694201087 0.0742426452245934 0.666671243675749 -0.423154903803136 0.143908367422372 0.314885948220439 -0.258929871231085 -1.03292833282132
20.9897188385539 17.4199353521647 21.5751369974233 0.925569978209856 -0.27746734707558 0.257549938970219 0.260640492030938 0.960444662498301 0.0980431842335966 0.644537005357164 0.264354697265497 -0.775776361555821 0.32109194222535 -0.438671874272325 -0.329988423340185
21.041580243936 17.7300215230489 21.939999993059 0.88418822979665 -0.082533975500024 -0.459781685271751 0.194685517879416 0.959819709154121 0.202097887379516 0.280439583380378 0.316946805848697 -0.224247966479844 0.141431219585815 -0.157311805560563 -0.0857349152067916
21.3119944328048 18.0807840885684 22.1967996826476 0.436479456021404 0.118395390181384 -0.891890182057808 0.352261286792586 0.889677064255866 0.290493698980971 -0.18522849651102 0.376503429251996 -0.367483962495281 0.344138679632763 -0.187309404233729 -0.127598845802816
21.6258940605953 18.2810345962164 22.4164838265289 -0.0947500130708644 0.392268183949556 -0.914957915809642 0.437294772498445 0.84207160654909 0.315734974494049 -0.0556039287507761 1.16459985062601 0.484300318250923 0.294771830017553 -0.468452163476529 0.248430963500677
22.001010479533 18.5916559373171 22.4036310289076 -0.754641758699487 0.439590768215064 -0.487109491562575 0.348635563766105 0.897560264917513 0.269886449016032 -0.391315132221257 0.73887623323922 -0.24618286027408 -0.121135147866345 -0.277769158289603 0.404385644896205
28.8459224777537 27.3659413557799 10.4336897045226 -0.289721372461821 0.951302109110548 -0.105288681180273 0.670563777539127 0.280244896286393 0.686882013476646 -0.544299957744038 0.294763160814259 0.21983703071098 0.135971303178049 0.101181241493006 -0.230333906388468
29.2751706898526 27.6324626989792 10.6066959210212 -0.749381266279091 0.512979443488318 0.418664173422945 0.629725221968653 0.356742216798793 0.690058707695788 0.050551227541367 0.375236853664819 -0.656782773422921 0.21008947673944 0.107429238543055 -0.13088410851521
29.5024034241094 27.9603198562912 10.878096503868 -0.827801324668212 -0.0480017704067117 0.558963932749004 0.530836698790785 0.255387024434492 0.808077810957655 -0.21394762076354 -0.199491030230586 -0.103443019095023 0.666649765023869 0.141725381803864 0.0872876342789068
29.4925059983448 28.2846012081759 11.1927768756935 -0.434926550891898 -0.635325790383633 0.63812218124405 0.53807989342102 0.384851954568134 0.749905919347274 -0.761499102073561 0.140505013767086 0.369299461000698 0.387875799943965 -0.103526382177135 0.418253459671208
29.6772122904765 28.4998927752475 11.6064068360761 -0.213649738001631 -0.894878849977542 0.391848841894272 0.57133422501701 0.210902357684429 0.793156529543614 -0.48324070802413 -0.117783208980117 -0.0702243857049482 0.387281803019134 0.242485846366358 -0.132323493290598
29.7711802276568 28.5474842778762 12.0580191655918 0.177296720715002 -0.983844226439852 0.0248252837612577 0.616038507005204 0.130616376102523 0.776811303415196 -0.0509023907484187 -0.113113818986852 0.546064628878562 0.339294373022324 0.262445026604031 -0.147075657261209
29.8096088243141 28.4467444058704 12.5403525280051 0.669750475862878 -0.618737573348323 -0.410606863351116 0.619289628263509 0.160268589870119 0.768631391672089 0.590748087150018 -0.125210680681998 0.187828280763636 0.459854393599216 -0.112039553813222 -0.0576858341579713
30.1058177950734 28.3044126887227 12.9550517748268 0.704656591494177 -0.0912208193303984 -0.703660238423226 0.706955597268629 0.00555864107560854 0.707236006555097 0.0453481005905392 0.458685336370462 -0.438933623320406 0.498773942081805 0.313953398978907 -0.0659175990038737
30.3398744342147 28.0385034916746 13.2386309667426 0.57129685022134 0.572051960163971 -0.588537462427873 0.782065814230634 -0.161889374507244 0.60180128916963 -0.117331195411266 0.169493602689296 -0.113488768546294 0.762415997648837 -0.268160581391334 -0.106188412148384
30.7450986711871 27.8970763204715 13.4374069353961 0.237622084686987 0.85788068453033 -0.455605486213533 0.888580396015255 -0.00251052550806161 0.458713940293369 -0.328396664749809 0.475379567398271 0.389510359891028 0.696353538619219 -0.0321742584142214 -0.11937020961323
31.1843902889629 27.7682260846946 13.489769951305 -0.211599620100276 0.952889216726614 0.217319171740928 0.818689693115679 0.0513617959020204 0.571934470888179 0.0348018576493744 -0.324614358793813 -0.089722969412613 0.324094462209132 -0.603402500116111 0.101404484206686
31.618635427136 27.857664794866 13.8421120922908 -0.67430229733136 0.609766763022675 0.416534257078795 0.597736713595279 0.119475113277905 0.792739805949092 -0.33178011557777 -0.680891985663208 0.546703526755066 -0.0299121506846097 0.162323946877804 0.167290004320998
31.2728207853973 27.783578946261 14.8297641300808 -0.894473853656613 -0.193540041330518 0.403061611372679 0.343164591064924 0.280719744012061 0.896345006603252 -3.43531055712652 -2.94748597147796 3.4741402151384 0.230622011421555 0.684610040186377 0.497807032990923
32.0202610619898 28.7711305496114 14.3405924108345 -0.515854044215225 -0.373632000054145 0.770904414828939 0.734096333815162 0.271060991371811 0.622598098638378 -1.08201069017225 -0.520631452945361 0.9508659061276 0.396052469503431 -0.0608748951020212 -0.721308986016239
32.1712017744248 29.1457211377447 14.6780219887654 -0.195598502866007 -0.851353623971948 0.48676289409829 0.503818315840742 0.338606150043116 0.794677836739554 -0.081834746259767 -0.729779705957668 0.542788473246984 0.299260189038853 -0.197901030015935 -0.106272939148396
32.2112917795541 29.3135186611343 15.1189173753545 0.345619344196934 -0.937172973784883 0.0474759621726091 0.628334488305456 0.26870706916524 0.730063122457339 0.463259145190885 -0.0737210301654485 0.424239959474345 0.352445528248406 -0.126232867703453 -0.0741464552310214
32.445516408416 29.2538336733075 15.6170042188817 0.41958663497453 -0.767900843300702 -0.484019870521421 0.653160274881684 -0.114871783308527 0.748455753272256 0.441108332048333 -0.158542960880221 0.134523225798076 0.345904498967122 0.420970021051188 -0.320894635906353
32.5317523047973 28.9142587626074 15.9444612560273 0.780965867302837 -0.00835288886353218 -0.624517753446065 0.624457038062037 -0.00887555106488399 0.781008653581256 -0.0632803735328936 0.582413479923971 -0.164206010532708 0.651722838282502 -0.1666534991162 0.022954176687839
32.8087396923285 28.7468414146966 16.1780987821663 0.613920177531506 0.53346596898328 -0.581821240891244 0.676967197810508 0.0232634867189926 0.735645367581944 0.33748218646215 0.230322317776413 -0.206864391586634 0.613950454655016 -0.283585311037354 -0.298653824181848
33.2757929668971 28.5947725192326 16.2720868879136 0.238572571241602 0.906809590856911 -0.347533272102932 0.780831454669263 0.0336545649766959 0.623834511002343 0.465748845782485 0.829403798476919 -0.690382906285566 0.733330301540788 0.381644055633539 0.0773447570661224
33.759356324094 28.5961424486702 16.3070832762054 -0.187886925528452 0.97940585836148 0.0739090592404151 0.832754341597399 0.11894969730766 0.540713478390253 0.312910685211932 0.0523600314011181 0.178568786241455 0.667123826724737 -0.0160253558592159 0.350562583068223
34.1881144793317 28.8306064432042 16.4494234627369 -0.568723203497595 0.548440010621025 0.612998658425005 0.763082699684316 0.0736281390033384 0.642093117498958 -0.892128903207307 0.735042682114622 -0.102800657693071 0.418084200501961 -0.308428474498566 -0.0622515067792681
34.4942037668422 29.1927763480182 16.6921584508778 -0.749156415784298 -0.015087453101808 0.662221197992145 0.632070669684266 0.282735962935653 0.721489380464956 -0.384676404233978 -0.960899337535935 0.0815581047508182 0.477434033963304 0.0339283675722556 0.289357027994079
34.6548109755706 29.5903082882918 16.9589808905613 -0.437067058009613 -0.683186739683668 0.585002693856913 0.517449641748412 0.34100348607532 0.784832706027998 0.234847256682125 -0.0571115570340472 0.0420092700858718 0.582877808267192 0.0107636965694026 0.405935471859794
34.6582380151944 29.758194134781 17.4450911885598 -0.271200140062998 -0.913216828675683 0.30411410489056 0.27385749547646 0.229687419756474 0.933940929577907 0.342795420842127 -0.0346256310273988 -0.353441586026987 0.65248123106741 -0.185185090919871 -0.303605043085287
34.5389591883108 29.9662924116563 17.8234643148861 0.396077171898673 -0.916847326873924 0.0501371521119729 0.447193138875498 0.240300441257546 0.861553178448262 -0.490734360133033 0.0415010259242053 -0.226401198657277 0.349570247746971 0.0187185598073021 0.480011565153979
34.6600503433407 29.8818212578715 18.2641046246147 0.740609751057103 -0.42401233354243 -0.521258693903177 0.639310914841796 0.205869327634028 0.740877354933768 -0.227052111250777 -0.411354920558907 -0.563237749891266 -0.102562578809213 -0.369043483820629 0.459821396260637
17.1542008497065 0.579315621531328 18.4253636476068 0.282353642740226 0.912786670995627 -0.295121660468153 0.322181712229765 0.19954177762923 0.925409048192406 -0.165102718764408 -0.00803345084138393 -0.863122811708699 0.186504025011556 -0.25661477263701 -0.132901625522812
17.4421088965611 0.828923144281074 18.7961160622568 -0.329570549369193 0.869318985312113 -0.368330878131258 0.287812879349126 0.464064462814741 0.837739698432273 -0.137949621043737 0.0578011500815222 -0.329207654468419 0.250945418719657 0.00600622260428259 -0.282747724263926
17.737176664791 1.11824555214881 19.0000681073678 -0.809049694071597 0.583873562719987 0.0673062867296244 0.345420266482934 0.37970523787783 0.858200823192691 0.016206738993389 -0.233109763411679 -0.413494107290527 0.63576745022606 0.0577849111645479 0.0740481611746924
17.8701487519533 1.52812072033153 19.2555065647834 -0.953697912423046 0.117248510839722 0.276971044770898 0.291142839601424 0.590967753504308 0.75232496157965 -0.29084056432984 -0.0324468323587902 0.149884154796243 0.390466668152171 0.168671334695847 0.202836095310639
17.9017705949583 1.95969752669582 19.4326612696157 -0.615946212815554 -0.543209684891241 0.570555329822762 0.250577701553152 0.551542241603947 0.79562042062795 0.00386927923422312 -0.255984912202295 0.287285754333369 0.196831192512858 -0.246222341513222 0.496083984562122
17.8447574622427 2.21513730371508 19.8671037387929 -0.134871071667156 -0.908857339802289 0.394699902134304 0.172206452231156 0.370777612662892 0.91261644784267 -0.362663600238912 0.0119135888187985 0.100736178085013 0.230013237487798 -0.416386922494403 -0.233418353980454
17.671296832728 2.40301879999965 20.3148582329288 0.28135531498305 -0.919354550048892 0.275002325854246 0.142146632522755 0.323346712928637 0.935543222246795 0.57118680706532 -0.199177854983768 -0.00169462037447909 0.655046632373031 0.226781977515781 0.0531687801928643
17.4871690738322 2.47399119774367 20.7633498817043 0.785884049329737 -0.616613022994799 0.0466317691424721 0.0594505348084879 0.150400861046701 0.986835907367798 0.386701272680117 -0.301545892088479 0.0953618544291823 0.374554732760449 0.134460977604678 -0.039628278769439
17.5080311900183 2.36836378958105 21.2516763822193 0.981092223259804 0.00663252996215339 -0.193426833587716 0.189626610666317 0.167031724276968 0.967544334787542 0.469370312584493 -0.353990483447466 -0.182962961678694 0.62321595785571 -0.297213610470965 -0.141629828048374
17.7246001779988 2.27460710403887 21.6903313566294 0.725143758710088 0.611434047169597 -0.316725144108856 0.287594540243461 0.148999639393994 0.946091103191549 0.346176013190534 0.168226141711635 -0.204372041191418 0.738247910202693 -0.116254170334634 0.245044685085371
18.0672207766565 2.32632090942 22.0228654697117 0.194446579524134 0.940598329425997 -0.278325695023269 0.415861760966392 0.177931743889781 0.891851544891814 0.546150359683754 0.737017348895912 0.183842401833342 0.535709032819625 0.270347624972888 0.632372327598946
18.3899169466263 2.58531251650338 22.3728779595949 -0.420851262496873 0.858141551996141 -0.294070014189467 0.486778844506278 0.487187995954571 0.72504765689404 -0.0567769794801061 1.18414466326471 -0.187836126096792 0.59599873990195 0.237923050537665 0.252730096357778
18.660120930123 3.00045178874476 22.4105912791851 -0.835768734340455 0.43927241453018 0.329439310830237 0.542548324022145 0.568391381708977 0.618524416193239 -0.228596112960708 0.811656908212637 -0.0321279402994268 0.594777582797774 -0.331934892352749 0.787998334863329
18.8649470486835 3.21719308647059 23.0088991280974 -0.981864156504202 0.185805485233308 -0.0376694392204863 0.0664557473093305 0.523399045385891 0.849492175192794 -0.389449940768747 -0.100077008417915 0.557692578623917 0.347071125957943 0.150634550669551 -0.608602648869859
18.8648922016611 3.6021555791616 23.2111988858746 -0.807662564668149 -0.459459555672547 0.369564581015783 0.0961307251995269 0.515769772751152 0.851316809244642 -0.388580786894655 0.419071149954981 0.17720945314118 0.72285849657292 0.262042201390924 -0.347184485148346
18.6511955213806 3.94034431971305 23.4042927151941 -0.133923657627124 -0.733235992372997 0.666655319250903 0.146059359190519 0.650763947546939 0.74509920940044 -0.044908101474618 -0.204720525606032 -0.0747946912163273 0.494645912039231 0.0182663685567193 0.497505937279857
18.5756599413467 4.25846585218993 23.8062502185377 0.146791758776684 -0.943615964802445 0.296716994812962 0.147769685073692 0.317519466651661 0.936667171909995 -0.100749485565107 0.156962604356735 0.490365337106217 0.212335267579052 -0.130091323291455 -0.276713771163545
18.4143180168429 4.16180957834282 24.273231105256 0.901187361502422 -0.431467062159638 0.0411994894668561 0.110351063629305 0.320325412270898 0.940858202193194 0.239563308181346 -0.0110560628295166 -0.0313580060334941 0.444766428345887 -0.432845191115413 -0.00918604809934183
18.431355518985 4.20106922859647 24.7351376101355 0.955712092425623 -0.0638735688000111 -0.287288086226824 0.293740843274788 0.267333263692605 0.917741317736942 0.578178114515593 0.348327826333552 0.398103759315206 0.520405130548871 -0.304281978612229 -0.155866896096266
18.5764376664274 4.03376454890117 25.1313073629397 0.738454074705065 0.560762240829702 -0.374474525432161 0.286559445415 0.241727435427936 0.927066025294225 0.449131291856117 0.447331117236325 -0.209526929789002 0.565248989821742 -0.311847675186597 -0.0130760848420508
18.8355743222246 3.95202840942734 25.5033429531244 0.321606958590336 0.838871067724111 -0.439163041436898 0.351285052627703 0.324998769858102 0.878051532865751 -0.133709057531581 0.499946699026767 0.182915831547605 0.749298117237161 -0.0977753970969306 -0.0755053448461536
19.2292452957478 4.10033745875168 25.6013589764234 -0.239881226012083 0.970793289555785 0.00415537929486394 0.441944880825581 0.105390659127336 0.890829621109054 -0.292984407670072 0.780029271134034 -0.492124938504685 0.332340738148324 -0.584730788717436 0.296137617375006
19.4714203574118 4.26832547515753 25.9884745435227 -0.710242980179516 0.696852212826336 0.0997586268363748 0.260030911488286 0.128016355562859 0.957076602987659 -0.566905740867759 0.362469149221656 0.116810003467778 0.175506201651488 0.0954390698842715 0.23558910174122
19.6565873395841 4.65748249598001 26.1880124792231 -0.846379266676729 -0.0215058280225715 0.532146147939516 0.482301494898173 0.392849999072356 0.782977667057115 -0.0939067991077953 -0.259732210324284 0.367180839607767 0.184811851674857 -0.400011040930425 0.425135147040613
19.7053568631788 5.0819894559192 26.3947763892881 -0.457301059547155 -0.581094525769171 0.673204861928892 0.389669406962932 0.54952779592757 0.739037777041518 0.0754991779848729 -0.396128022882927 -0.490470121095287 0.1713763038041 -0.914419737976981 0.376570325649542
19.7720332519185 5.52872503338312 26.6864770217501 -0.177628342738886 -0.849744392774234 0.496369338986226 0.141175358109104 0.477170162110069 0.867397277474502 0.502967733193258 -0.0780628727228688 -0.184435210186747 0.00323701443439259 -0.0472957250109277 0.400470421318101
19.5728760252524 5.73099124797031 27.1081611249594 0.675451430763615 -0.720447561072944 0.157227790752152 0.278777741601714 0.446877932575319 0.850048801756079 -0.0654122476310401 -0.749072222564397 -0.0152496458774286 -0.170981611215235 -0.194431207654388 0.771247519139642
