
#id1 id2 FENE BEXC STCK NEXC HB CRSTCK CXSTCK total, t = 100
0 1 0.498671 0 0 0 0 0 0 0.498671
1 2 0.514848 0 -0.00905356 0 0 0 0 0.505794
2 3 0.0607747 0 -0.199139 0 0 0 0 -0.138364
3 4 0.299542 0 -0.0708338 0 0 0 0 0.228708
4 5 0.0260012 0 -1.03847 0 0 0 0 -1.01247
5 6 0.128441 0 -1.17298 0 0 0 0 -1.04454
6 7 0.0747271 0 -1.26747 0 0 0 0 -1.19274
7 8 0.206846 0.478037 -1.01552 0 0 0 0 -0.330636
8 9 0.000338462 0 -1.27794 0 0 0 0 -1.2776
9 10 0.0690264 0 -1.1288 0 0 0 0 -1.05977
10 11 0.128277 0 -1.31587 0 0 0 0 -1.1876
11 12 0.00797268 0 -1.43641 0 0 0 0 -1.42844
12 13 2.16656 0 0 0 0 0 0 2.16656
13 14 1.7294 0 0 0 0 0 0 1.7294
14 15 0.0555113 0 -1.11492 0 0 0 0 -1.05941
15 16 0.0145107 0 -0.0116908 0 0 0 0 0.00281993
16 17 0.0405249 0 -1.0034 0 0 0 0 -0.962875
17 18 0.157817 0 -1.2516 0 0 0 0 -1.09379
18 19 0.0524469 0 -1.11788 0 0 0 0 -1.06544
19 20 0.0851771 0 -1.28652 0 0 0 0 -1.20135
20 21 0.0652247 0 -1.04831 0 0 0 0 -0.98309
21 22 0.0121663 0 -1.22724 0 0 0 0 -1.21507
22 23 0.0778834 0 -1.30163 0 0 0 0 -1.22374
23 24 0.525717 0 -1.36094 0 0 0 0 -0.83522
24 25 0.193222 0 -1.21544 0 0 0 0 -1.02222
25 26 0.00984045 0 -1.08928 0 0 0 0 -1.07944
27 28 0.278574 0 -1.37282 0 0 0 0 -1.09425
28 29 0.218548 0 -1.24022 0 0 0 0 -1.02167
29 30 0.0208058 0 -0.975026 0 0 0 0 -0.95422
30 31 0.0344698 0 -1.27744 0 0 0 0 -1.24297
31 32 0.238015 0 -1.14651 0 0 0 0 -0.908497
32 33 0.0706487 0 -1.08872 0 0 0 0 -1.01807
33 34 0.279996 0 -1.20886 0 0 0 0 -0.928863
34 35 0.165463 0 -1.00809 0 0 0 0 -0.842623
35 36 0.0335499 0 -1.4061 0 0 0 0 -1.37255
36 37 0.20215 0.00244191 -0.79117 0 0 0 0 -0.586578
37 38 0.0230854 0 -1.35728 0 0 0 0 -1.33419
38 39 0.18291 0 -1.22309 0 0 0 0 -1.04018
39 40 0.250266 0 -1.16732 0 0 0 0 -0.917055
40 41 0.172868 0 -1.13911 0 0 0 0 -0.966243
41 42 0.320063 0 -1.1411 0 0 0 0 -0.821034
42 43 0.0908625 0 -1.17152 0 0 0 0 -1.08065
43 44 0.0940142 0 -1.23137 0 0 0 0 -1.13736
44 45 0.482034 0 -1.07502 0 0 0 0 -0.592985
45 46 0.0846836 0 -1.1892 0 0 0 0 -1.10452
46 47 0.270556 0 -0.964048 0 0 0 0 -0.693491
47 48 0.0978265 0 -1.20475 0 0 0 0 -1.10692
48 49 0.370274 0 -1.27526 0 0 0 0 -0.904983
49 50 0.0176661 0 -1.29445 0 0 0 0 -1.27679
50 51 0.0475478 0 -1.10339 0 0 0 0 -1.05584
51 52 0.0659954 0 -1.41415 0 0 0 0 -1.34815
52 53 2.26611 0 0 0 0 0 0 2.26611
54 55 0.0855653 0 -1.23357 0 0 0 0 -1.14801
55 56 0.141406 0 -1.28262 0 0 0 0 -1.14121
56 57 0.0989985 0 -1.0217 0 0 0 0 -0.922698
57 58 0.0373077 0 -1.30149 0 0 0 0 -1.26418
58 59 0.177207 0 -1.36536 0 0 0 0 -1.18815
59 60 0.0457332 0 -1.32049 0 0 0 0 -1.27476
60 61 0.0305611 0 -1.21727 0 0 0 0 -1.18671
61 62 0.169981 0 -1.19052 0 0 0 0 -1.02054
62 63 0.399742 0 -0.050177 0 0 0 0 0.349565
63 64 0.0128528 0 -1.0276 0 0 0 0 -1.01475
64 65 0.116691 0 -1.01623 0 0 0 0 -0.899543
65 66 1.63585 0 0 0 0 0 0 1.63585
66 67 1.66299 0 0 0 0 0 0 1.66299
67 68 0.0879778 0 -1.02371 0 0 0 0 -0.93573
68 69 0.0153618 0 -1.29208 0 0 0 0 -1.27672
69 70 0.099482 0 -1.3341 0 0 0 0 -1.23462
70 71 0.517745 0 -1.2243 0 0 0 0 -0.706557
71 72 0.162303 0 -1.27942 0 0 0 0 -1.11712
72 73 0.142869 0 -1.33705 0 0 0 0 -1.19418
73 74 0.111347 0 -1.20637 0 0 0 0 -1.09502
74 75 0.106325 0 -0.934608 0 0 0 0 -0.828283
75 76 0.0169284 0 -1.06677 0 0 0 0 -1.04984
76 77 0.0495976 0 -1.01619 0 0 0 0 -0.966588
77 78 0.223789 0 -1.22569 0 0 0 0 -1.0019
78 79 0.108288 0 -1.11363 0 0 0 0 -1.00534
79 80 0.153029 0 -1.07087 0 0 0 0 -0.917836
#Total energy per particle is  -0.729732 and should be -0.72973210

