t = 100
b = 30 30 30
E = -0.463464894033798 -0.645066665984281 0.181601771950483
27.8763017551978 15.9576835716252 24.5187581517696 0.439956905806767 -0.492389909443559 0.750992667083252 0.665086212240644 0.740578987360521 0.0959321687342956 -1.9160439380115 -4.94562878086748 2.67897116949392 -0.486706828033218 -0.178833402615342 0.551781908242621
28.3591716522915 17.3483165828643 24.1884015572816 0.642609945748273 -0.577890367119887 0.503085541707772 0.234635722408688 0.773483849771059 0.588785792062521 -0.24479073379819 -1.04543431493127 -0.332930721827633 0.547225612168991 -0.558605286370203 -0.170550996780185
28.5682220267522 17.8149213731017 24.5262375281235 0.80441392020968 -0.590130787716169 -0.0682918733114247 0.557315622805015 0.709837495459016 0.430731829357086 0.394002252400403 -0.403480568139679 0.0209371932577637 0.465801805917014 0.0947229701777676 -0.243636794516105
28.8031127317297 18.1254218431654 24.9225948908618 0.684332229115457 -0.417640114091463 -0.597717339764247 0.714434719598924 0.548000504619206 0.435061339274896 -0.216984441920582 0.0457930649044132 -0.935953699367493 0.50183273332179 -0.0861293542036729 -0.545650062881426
29.1699251193483 18.1677485852734 25.1994480372498 0.444495717073384 0.161186533349818 -0.881159656880891 0.613025626829386 0.662518443111134 0.43042859701912 0.129138703736735 -0.0274095166564466 -0.302730236129108 0.631350627665513 -0.105806446765232 -0.0720184096693212
29.6165823007595 18.3449439391689 25.4044133720149 -0.0571520853089016 0.500578144982115 -0.863802663860276 0.61788146110052 0.697341382932538 0.363231851139858 -0.422844197732932 0.0362503816195361 -0.45839239348321 0.383787446853662 -0.0141327229546133 -0.24769310050356
30.0460557635668 18.5873789894601 25.318623158707 -0.569793195039074 0.75339140418864 -0.328233131056516 0.630192339667115 0.656933557179618 0.413878964514194 0.236916987640885 0.389089049347229 -0.622993749520239 0.139612183004853 -0.146237258207953 0.139441589704634
30.359932087764 18.9569234083535 25.3556130661321 -0.891683156489321 0.452045277675362 0.0235817001681409 0.419617326065194 0.805932212734928 0.417605614894503 -0.257633106011691 -0.068022176309005 0.320699542552123 0.332217043817607 0.084702008064395 -0.167448594539036
30.5618579505003 19.3828380065779 25.2815825599102 -0.777550839345455 0.16134832865547 0.607767463652945 0.343541741630778 0.918528503790094 0.195663864958645 -0.328876151084584 0.118635534722393 0.358714320691535 0.391587873635188 0.257722702486894 -0.0445401780840676
30.536107904231 19.8659337771309 25.2489221914028 -0.403745440183844 -0.233586623080169 0.884548918863325 0.256649473647377 0.899113504560199 0.354578402364058 -0.304289201553019 -0.577785824850013 0.640642489983688 0.747429888348527 -0.147289973609359 -0.36112738859916
30.3577446214569 20.2819075033771 25.276158151668 0.329321838949045 -0.403954892833312 0.853444463802694 0.338764903647584 0.894235708016161 0.292541831524432 -0.325828663084333 0.354577465443183 0.11025780670324 0.548714373510343 -0.11691874824995 0.544385881307035
30.4648525265522 20.7243769624841 25.4707110501864 0.593240176992378 -0.666647121913189 0.451273296415818 0.468065516835242 0.741714812334399 0.480389105290458 -0.303958129679453 0.296913403364639 -0.341148341097998 0.280458301404552 -0.27128814596374 -0.195223245169469
29.7309781811602 21.1331969199864 25.9486873865767 0.945839335124531 -0.323788413624495 -0.0234285322758743 0.314835815649042 0.897299480803472 0.309405772402052 -2.46070437198765 0.60522211159271 0.549177439673299 0.036325924604852 -1.0222718441206 -0.284226484542358
29.339301262086 21.9232311201915 26.6663021244051 0.819205501917982 0.0233639055434967 -0.573023869348742 0.313609845000384 0.818295373666495 0.481706785668413 -6.7700563012869 3.28438510424584 0.392314313860971 0.00887746697632012 -0.935672686620538 -0.274298416907128
31.1846042329513 21.1893116737397 26.6818694110582 0.407205673780851 0.0826852547645553 -0.909585933119719 0.569988911065434 0.755150855911156 0.323820486011268 0.0507132608695999 0.108302458117123 -0.462509038759182 0.24867197015288 0.037934378615216 -0.447428837061598
31.6327144536741 21.3318143140164 26.7054227693886 -0.26430365672482 0.53644190568689 -0.801482090495416 0.647097773396684 0.714846723768958 0.265063231968276 -0.349704935966316 0.181281598561353 -0.413592499374678 0.426850798434903 -0.254846694449021 0.054180452904961
32.0218361957392 21.6474690993057 26.7283867909273 -0.639236678696939 0.573860513441904 -0.511918412076598 0.539383983395651 0.809060183641724 0.233423262650388 -0.655684827484649 0.249792946166221 0.0650782731793235 0.355124347582548 0.0966435092631218 -0.0135140916201832
32.3347005478305 22.048026933118 26.6371260076815 -0.881465292782377 0.471278658738923 0.0302530074060423 0.458907659176004 0.839685130832248 0.290400624315293 -0.867377983642341 0.713258651097543 -0.111595536083763 0.39950286194609 0.346264839000644 -0.119487438003414
32.4004600266437 22.5408657538695 26.531979896941 -0.803808244849503 0.147728249271185 0.576253894308236 0.402606229913992 0.848218969955802 0.344140500800649 -0.459860314966534 0.280041390098197 0.748627611933678 0.457895007428454 0.722280691007052 0.391791201857859
32.4900943990082 23.0524451553517 26.6628277297005 -0.544489683914638 -0.333947647298405 0.769421753207783 0.160439584479404 0.858919855976181 0.486328810694729 -0.281838845484461 0.168212676632505 0.584692100680654 0.518664540908093 0.497968604783444 -0.0526681841563764
29.7805387437005 23.5457662522605 26.2601910583807 0.110357269413176 -0.55621835225499 0.823676088334291 0.140405516431008 0.829151638602553 0.541104197527323 -11.1196067143062 0.480788545213585 -1.12348500209433 0.878855036927971 0.119542741183843 -0.17368478569686
32.5426163032806 23.7216736044353 26.9438656765272 0.619211602047983 -0.513628679200219 0.593938089230379 0.377152363766105 0.857974766869254 0.348762491993329 0.228051569950472 -0.0821134895362237 -0.187686986454097 0.202489851110852 -0.239515375380916 -0.225547484516311
32.6982769286014 24.0237956459632 27.3411232539163 0.821476669974249 -0.569479662215838 -0.0294767107007425 0.50087831144735 0.69587989188269 0.514657146625718 -0.286262722122394 0.154738237380386 -0.104178780028859 0.308747590231176 0.0218053437181459 -0.30957435508257
32.9459166363493 24.2887099769607 27.751877289022 0.778434989018124 -0.254997116927354 -0.573598569977927 0.603798091594288 0.554047706856239 0.573113336877014 0.0951766978603543 0.221020622780551 0.265011353934808 0.449128690589121 -0.00313380354398906 -0.111425953565258
33.3603171195538 24.4296728827008 27.9865673809379 0.432760133195489 0.185823225212801 -0.882149804208952 0.669811427484096 0.588654135627393 0.452591260003851 0.110340593805584 0.205793483203465 -0.185893166615535 0.321832762452638 -0.397314870656601 -0.194567259070756
33.74498913963 24.5835160510839 28.1907986396917 -0.131971193349659 0.505579517380715 -0.852627020757185 0.60160789475615 0.724469932241592 0.336468631498341 0.239286537180792 0.392597220846261 0.340813984168948 0.482286360569646 -0.249489723522307 -0.01544919430418
34.1249322681316 24.9238599895484 28.2695671490944 -0.60026694705836 0.562311623649787 -0.568757515803123 0.634022453603398 0.768037727115914 0.0901857377199608 0.0503346481641919 0.78588562490638 0.117253907636982 0.339758230511616 0.461299452285051 -0.0375031451106017
2.81900818717107 22.1710189624153 19.2629343138968 0.99529943565217 -0.0863234700503315 0.0438995889468359 0.0216318442534321 0.640009030487697 0.768062748573119 0.197183071018772 0.109854944587608 -0.110776829841841 0.163810993788004 -0.186554844930404 -0.284902922459622
2.98839910499428 22.3575395433773 19.6948352969202 0.785350694095901 0.380966304452948 -0.487943483442644 0.203515575743134 0.585510271656672 0.784703140373904 -0.168238875245284 -0.215008884694352 0.0359997609901682 0.349935798728396 0.445678746479269 0.133805331562225
3.27300497136222 22.5037286779007 20.0374263826784 0.0876236857440039 0.793915752531322 -0.601680774259795 0.143402444210076 0.587659619861757 0.796298809543606 -0.147985955735722 -0.361421258695921 -0.227900754778605 0.561433444151438 0.105892421629578 0.486949428283125
3.51550332542394 22.8765608825277 20.2818463021859 -0.447186515164344 0.664595883125844 -0.598612074836687 0.199143044937187 0.726438798349877 0.657745091249991 -0.341553989258766 0.0198717132515628 -0.234661332442949 0.391461821503487 -0.134950935154695 0.243711068256235
3.73797318180493 23.3009206099384 20.4474744861969 -0.860833521592564 0.361739352833646 -0.357924811283685 0.107202193223125 0.816472295547851 0.567345191349919 -0.60190135422557 -0.118090091937917 -0.377009667306857 0.739786346049877 0.0534041828281244 0.00837498791228476
3.84572876648148 23.7464244787467 20.5442837276284 -0.99729403122129 0.0608436679776927 0.0412618973434811 0.072459330288625 0.908325868473516 0.411938901422484 -0.402462654979403 -0.537641387751241 -0.0861158297923722 0.595391445011477 0.0354201248527206 0.0608726713092792
3.811602887187 24.1992308611045 20.5358879570937 -0.705268425974303 -0.298697158175614 0.642943494847825 0.143831892263681 0.827760125558149 0.542333332228578 -0.684265909908414 -0.100990076396155 -0.501192229999705 0.424709929266394 -0.156149719908965 0.378955521932574
3.6732350325108 24.5973109871335 20.7326711011568 -0.117809349104846 -0.653853756843517 0.747392873469287 -0.00905074914882026 0.753309773917743 0.65760348961192 0.191003572131885 -0.10449383413161 -0.216014088390558 0.288576058567551 -0.085487560326332 0.380631867289931
3.4571026934246 24.9209858973829 21.0993999101337 0.279436529134244 -0.765768692438059 0.579235199819548 -0.239852607781825 0.528469486285817 0.814365163984246 -0.365502347845073 0.093996840591588 0.298893349108419 0.341642154334764 0.347068759271799 -0.178963966272991
3.21598711395459 24.9722989826509 21.5671354034915 0.750229627654428 -0.599553750397629 0.278730492256366 0.0506698586443891 0.47246298652116 0.879892707944306 0.762402152611144 0.15297999210349 0.23249847145973 0.851404131625619 -0.105947040655312 -0.166883233188117
3.12634660713532 24.9755315148322 22.0419460992861 0.997206118840874 0.0627366778955827 -0.0405456211033242 0.00797496557444624 0.450273619277986 0.892854948676192 0.451371769522926 -0.302202883391674 0.455741718229931 0.336506538067682 0.30735861912282 0.3341829702415
3.28756663688561 25.2036528167215 22.5077666130279 0.751423869600716 0.268557464137475 -0.602693071063694 0.222200736460631 0.75707318353006 0.614383356200485 0.684811156839772 0.295937598812692 0.217903209542117 0.276156322551322 0.191741904518346 0.307919696825789
6.30854564281086 25.0448791117606 23.0547454949778 0.210093783974046 0.801925647073909 -0.559263570082405 0.00773688577805628 0.570648973568332 0.821157579631307 11.5286503903303 -0.858316037772251 0.856432401664679 0.0560261999328978 -0.453152263940734 0.142742157439414
3.97000692403847 25.5636347301493 23.0836201316938 -0.35349512813638 0.678277902276718 -0.644189539585548 -0.149334435035088 0.638900695134524 0.754655559131834 -0.0634174619186757 -0.0969541202107064 -0.658641350405418 -0.220333401838322 0.0957618005463295 0.00108681064518766
4.05369246480612 25.9619254539273 23.3265721907486 -0.837922772177485 0.410412191042596 -0.359787635488247 0.0732900998056801 0.737846128586477 0.670978042384343 0.517098583106669 -0.181989144215651 0.113238598498647 0.239655406060996 0.462713524840515 0.212868458809478
3.99178017761477 26.4653818134211 23.4596636753222 -0.990967479638483 0.0477381254333269 -0.125317228508857 -0.0202679162896331 0.870440518069193 0.491856082690621 -0.216759049796691 0.165028957835741 0.142438040665399 0.421317657903707 0.0410037506791362 -0.318939830739079
3.9338640329588 26.9287655593721 23.439456189194 -0.805531779272624 -0.325118534361629 0.495395167525455 0.0950181479214605 0.754344802700534 0.649565509455977 -0.404019029754966 -0.115594424085451 -0.034151973277553 0.386820778560125 0.0432665597844928 0.168617500457387
3.75475564892099 27.3429980096851 23.7161091705675 -0.418838366383784 -0.724096443341794 0.547958616590927 0.0228706224373755 0.594834985982676 0.803522342668844 0.0981936948976782 -0.246166245281492 0.0448500237647422 0.218274026334904 0.0450423203268941 -0.411430503172633
3.49977081415492 27.5953978812547 24.0223148640393 0.197424141164182 -0.73619561491698 0.647332686367764 -0.00826983918742407 0.659054970037589 0.752049225259995 0.0197486278276595 -0.178324565554545 0.303207376425093 0.275753482223443 0.0498638408506117 -0.130122297462432
3.28455713112727 27.8428785998517 24.2927841824013 0.741491017803622 -0.523125808188756 0.420155139037438 0.0284597479642783 0.650155315742242 0.759268061488612 0.288681954011127 0.240946350020567 0.58751121659782 0.353023208003309 -0.14851101894705 -0.179439577231604
3.20410195805964 27.8848412249323 24.7458624143734 0.998968897920059 -0.0453965784453481 -0.000415270056551796 0.0282460312876135 0.614351480074783 0.788526665952029 0.365882751571373 -0.226118136179242 0.0753614172079626 0.509882767597335 -0.171251293569602 -0.290589587928942
3.11684933629297 27.9587347330415 25.1508906380846 0.911068283610124 0.321519660970435 -0.258030181693093 0.0302670657193038 0.572042717352495 0.819665125197649 -0.215261685278473 0.457061576931324 -0.410142084777727 0.332084395049084 0.143671865946912 0.117120413605987
3.30496920624416 28.1330172832108 25.6080364329408 0.393033005247209 0.647522453774501 -0.652870285633358 0.11984893009054 0.667878277634465 0.734557501092067 0.0322286862872816 0.380717679877382 -0.154345088018983 0.229521208287976 -0.0975073901349346 -0.214879393770088
3.65342238361434 28.3305167603619 25.8323466401437 -0.438179890698433 0.750119858174752 -0.495296341915952 0.263190361180829 0.633926274492711 0.727233249313091 0.236418486353411 -0.113227897799728 -0.441010421902675 0.41787529307448 -0.544736974933878 0.0406825357948058
3.86567061626744 28.7367894655647 26.1698036403597 -0.635720653264318 0.541791223503478 -0.549837619320595 0.0622938647974405 0.745984344679153 0.663043523088468 -0.648921463412225 0.447892750558673 0.215851081252299 0.470180492519714 0.0488752179117525 -0.0443323283915334
4.82929542376488 28.5606610852032 25.8549080668736 -0.914746771676588 0.402398666588891 0.0362428464873542 0.355619767689665 0.759326368108718 0.544938466182721 1.8405756273143 -1.81012893973909 -1.03605872759325 0.489382690065356 -0.912835620489508 -0.350220005958305
6.59021197249423 29.3443668356199 26.7447457241455 -0.865515910561447 -0.109683136341023 0.48872456575752 0.187517670879971 0.833815740589307 0.519218947849072 9.70717902037127 -1.99297337831545 1.70805841899134 0.223166669953579 -1.0939263582667 -0.439212735228085
16.6191687607035 0.558240832739339 23.1948423722147 -0.644949171102119 0.603124764932988 0.469341002941912 0.761161981140867 0.452018355250241 0.465093249636174 -0.449025891422894 0.0414596280111889 0.0180662524171448 0.284018625243707 0.373507898241438 -0.443117407584035
16.8349556734393 1.01475056145253 23.3439904285413 -0.426136244087258 -0.340961472492141 0.837945737380419 0.712392379043004 0.444425210158186 0.543123573780636 -0.169752057978675 -0.0333747366958022 -0.154602900929414 0.425055781471819 0.12471273722831 0.0497156986954234
16.9722096774565 1.24512716548005 23.7368116459142 -0.0544913250097545 -0.823648908641865 0.564475912624657 0.621326726242739 0.414569909696259 0.66489456149232 0.0142278974686402 0.0233222728145845 -0.553670616124289 0.584880554518262 0.0545218538798178 0.401482236223066
17.1708849021132 1.3935913202781 24.1858643018961 0.323487312507401 -0.937734621925264 0.126529132913013 0.658981054188414 0.319222280261079 0.681058728143145 0.301566881856699 0.0775071824540022 -0.126006438814214 0.327418209864239 -0.255554934825203 0.435121987783906
17.4155603629173 1.47662448595544 24.6214808267076 0.407597617091205 -0.852684584831764 -0.326792077856881 0.811816058043526 0.17450367940602 0.557227991760964 0.383955250652075 -0.0760010925443227 -0.0174789708839131 0.342128287198499 -0.0222757312655218 -0.301982373324198
17.6725272059804 1.28371827430368 24.9760509519002 0.618481486171078 -0.377508054401831 -0.689179367738668 0.78461445516686 0.248534014853579 0.567988451509446 0.839959601581972 0.127038031407978 -0.0468465911652661 0.401856744481755 -0.109802813417926 0.232077727196021
18.0578791425949 1.19681806780862 25.2117136366169 0.549942805670863 0.156133088877458 -0.820478671510363 0.806848378005355 0.154478766210547 0.570203374051775 0.167741179693985 -0.0142909563173569 -0.320638947148891 0.340088684864684 0.559014360697577 -0.11670634693319
18.368754979772 0.983765014739997 25.4036597305419 0.331872112132333 0.847031924087448 -0.415208024627464 0.717284309262653 0.0592813937188684 0.694254144275425 -0.0483664820705236 -0.149290153326585 -0.429968700687381 0.394438395131985 -0.422132240620562 0.167867492991626
18.8487492526521 0.953873941540975 25.5485836504975 -0.111919842040784 0.967069330844641 -0.228584205935126 0.908406459258116 0.192816377483645 0.370970936407614 0.441282808307823 0.231925509196293 0.132130132715285 0.0655380480291553 0.0282544063131747 -0.00629962101772235
19.3502620211628 1.04637405653952 25.5323383228753 -0.530714481089628 0.822132014067079 0.206012067578178 0.759399752018258 0.353317260568335 0.546332143422311 -0.470923542558151 -0.24383015781099 -0.0559007070029782 0.255592106611204 0.0102487179404803 -0.217413274457894
19.7118289358394 1.42013354513402 25.6221113734821 -0.692577595226203 0.263972960424964 0.671308001389044 0.716325371888261 0.361262718994588 0.596964899065507 0.594048511386436 0.338514202728709 0.335361954661437 0.574084325919531 0.0739700828187832 0.161626456579434
19.8384824236666 1.82986248472007 25.7282123917384 -0.386469995432851 -0.370693256644295 0.844527878441421 0.668075896471157 0.518773634217312 0.53343078595796 -0.468587042770304 -0.217848929672855 0.488706555961193 0.421247554089454 -0.203057821922715 0.32493737411992
20.0110079835122 2.18272409489046 25.969747686265 -0.0858638170443238 -0.8277674780243 0.554462165274148 0.688949120456878 0.352682579068892 0.633217175846208 -0.391653931925372 0.0995794281265067 0.240425980521244 0.59329220863393 -0.309742782577295 0.236717383822582
20.225078428479 2.39380107777468 26.3125545149958 0.111339697571824 -0.961523243076315 0.251150165764063 0.606105856853355 0.265978275584102 0.74959398137117 0.683492194229846 -0.214570979562953 0.94880813539052 0.546685966175578 -0.30302575767612 -0.0608933817474535
20.2692136278479 2.40999877207536 26.8333186094595 0.534195985711654 -0.802597723829757 -0.265464542692501 0.689827479454094 0.232345588642715 0.685677373104185 0.0827293678127344 -0.748846476313106 0.149665929214659 0.550558232605875 -0.308490675143446 -0.0421164856394061
20.574115827079 2.39221892328216 27.2257851461573 0.540854624143704 -0.515590595206804 -0.664561882928497 0.823967512315004 0.166047466030397 0.541761625841934 0.126870628188064 0.474441323110258 0.130128806469028 0.163735632212921 0.17056174244465 0.143195098130612
20.9195821273622 2.29489718313094 27.5068002267022 0.39085895255256 0.165147333800922 -0.905513952485131 0.825558866968852 0.372144052325347 0.424218391017514 -0.332008523096093 -0.175899714943691 -0.429639417381638 0.345096393699986 -0.0491903181001753 -0.516117904322125
21.3499418257609 2.09547891366634 27.6505145956971 0.148900833262803 0.788074889717174 -0.59729924883657 0.865790541604744 0.187923879659218 0.463779297022987 -0.384367733463487 0.401766696412874 -0.371580050232189 0.496638021976627 -0.0761143974027801 0.08469516068442
21.830834384446 2.04201803759507 27.6653250466649 -0.109357649410394 0.954029112059232 -0.279050603004819 0.876035467997859 0.225155268212346 0.426458494391317 -0.213296361160272 0.516462859470598 0.19075468481018 0.594542024600574 -0.086973314012149 -0.0121338914888847
22.2160800779294 2.08336888183637 27.5473973297087 -0.315148761893849 0.816618320077102 0.483544888899354 0.912791241206928 0.121341650046425 0.389984917670414 -0.163460170594624 0.327869296156764 -0.414176652987027 0.411585671302557 -0.23688702311415 0.456754808688241
22.6554070775144 2.33072713498645 27.7043571804158 -0.601890368829717 0.361669747612962 0.711985153373283 0.781653575704694 0.449397353350407 0.432503864624088 -0.392983962810506 -0.233876765003002 0.395176453110174 0.0789878806474784 -0.360587155771122 0.00236586722519818
23.0167522848021 2.66715506437742 27.8904867287644 -0.570752862698623 -0.224204432745744 0.78991988383483 0.733075107470791 0.294257019247993 0.613199457388574 -0.438723513159032 -0.382859191594699 0.0819209145711245 0.371522663603666 -0.170290552058956 -0.230295222211815
23.2275157179921 3.04057539108687 28.0407074299219 -0.164875793348309 -0.77671029147617 0.607895532247677 0.848094185477555 0.203010552533032 0.489410717137064 0.0144191360546245 -0.482762585514854 -0.0989713860588047 0.393669176540602 -0.313140104199692 0.071927638670684
23.3899216846915 3.26096830775152 28.3865422948941 0.31250346505859 -0.926752806036193 0.208496291271204 0.706537049190997 0.373478294438612 0.601098364559827 0.0324302062239647 -0.921067519648166 -0.13131943399615 0.238121349471799 -0.0751992931460317 0.1536464729321
23.5160527947424 3.45989786623308 28.8383446201395 0.658904877090502 -0.698805001130271 -0.278416624630829 0.613344632286337 0.284820621129249 0.736671882094193 0.156584936126426 0.138840625249548 0.282860889358099 0.311638486163179 -0.52420473375085 0.321925057679198
23.8194664227316 3.53571161409514 29.2398969331364 0.77579713071083 -0.23435999459843 -0.585844763777734 0.630894912811844 0.303561287063517 0.714018231621359 0.62755482326399 0.319423731295984 -0.089382080035902 0.10540459484668 -0.27333715220497 0.48429296026637
24.4431504921495 4.59766869319162 29.2380457052958 0.252589064757531 0.142073389882782 -0.957086097117508 0.939377239432779 0.20104698912149 0.277759594475771 1.7282497852847 5.20635686410334 -2.16940091041253 0.133695277976211 0.60667268087656 0.0637816012937239
