t = 0
b =  30.0 30.0 30.0
E = 0. 0. 0.
0.0577423587198 3.08789994331 13.2382307225 0.721034214336 -0.578836687563 0.380864478374 0.455016094382 0.810087689499 0.369754363295 0.0 0.0 0.0 0.0 0.0 0.0
0.133421415969 3.3048418501 13.7239199148 0.890483072382 -0.41416971427 -0.188423314857 0.455016094382 0.810087689499 0.369754363295 0.0 0.0 0.0 0.0 0.0 0.0
0.412086117586 3.42737375749 14.1666580065 0.721622523147 -0.0921527419774 -0.686125940504 0.455016094382 0.810087689499 0.369754363295 0.0 0.0 0.0 0.0 0.0 0.0
0.855244696061 3.52889944445 14.4529936685 0.278605512484 0.264874597704 -0.923157849939 0.455016094382 0.810087689499 0.369754363295 0.0 0.0 0.0 0.0 0.0 0.0
1.36191140987 3.69080330429 14.5288954696 -0.270258390409 0.521271649251 -0.809466657807 0.455016094382 0.810087689499 0.369754363295 0.0 0.0 0.0 0.0 0.0 0.0
1.80697271509 3.97153105297 14.4202793205 -0.716446612305 0.57962888605 -0.388245548813 0.455016094382 0.810087689499 0.369754363295 0.0 0.0 0.0 0.0 0.0 0.0
2.08871999248 4.38438522447 14.2231625864 -0.890444787839 0.41777541816 0.180476535295 0.455016094382 0.810087689499 0.369754363295 0.0 0.0 0.0 0.0 0.0 0.0
2.16749035247 4.89247131569 14.0671854842 -0.726148101029 0.0972020840793 0.680632566237 0.455016094382 0.810087689499 0.369754363295 0.0 0.0 0.0 0.0 0.0 0.0
2.08073522999 5.42271462502 14.0663585968 -0.28597561009 -0.260299946876 0.922204905696 0.455016094382 0.810087689499 0.369754363295 0.0 0.0 0.0 0.0 0.0 0.0
1.92879195818 5.89362255328 14.2757483467 0.26284379638 -0.51890967603 0.813416183038 0.455016094382 0.810087689499 0.369754363295 0.0 0.0 0.0 0.0 0.0 0.0
1.83676393803 6.24624500456 14.6705563412 0.711804450091 -0.580376943553 0.39559705285 0.455016094382 0.810087689499 0.369754363295 0.0 0.0 0.0 0.0 0.0 0.0
1.90699176468 6.46657051329 15.1555406963 0.890338692477 -0.421349306835 -0.172516011746 0.455016094382 0.810087689499 0.369754363295 0.0 0.0 0.0 0.0 0.0 0.0
2.18017232429 6.59084943428 15.6012000211 0.730618379921 -0.102244023866 -0.675087359165 0.455016094382 0.810087689499 0.369754363295 0.0 0.0 0.0 0.0 0.0 0.0
2.61989736659 6.6918218268 15.8929731611 0.293323929546 0.255705473199 -0.921181731979 0.455016094382 0.810087689499 0.369754363295 0.0 0.0 0.0 0.0 0.0 0.0
3.12648560786 6.85108228999 15.9747628963 -0.255409185778 0.516508185828 -0.817303763477 0.455016094382 0.810087689499 0.369754363295 0.0 0.0 0.0 0.0 0.0 0.0
3.57485331719 7.12808081039 15.870248213 -0.707108081212 0.581080803104 -0.402918430639 0.455016094382 0.810087689499 0.369754363295 0.0 0.0 0.0 0.0 0.0 0.0
3.86203571717 7.53753671814 15.6738882607 -0.890164794376 0.424891108129 0.164542350435 0.455016094382 0.810087689499 0.369754363295 0.0 0.0 0.0 0.0 0.0 0.0
3.94630502426 8.04384656736 15.5150357423 -0.735033019395 0.107278177375 0.669490741578 0.455016094382 0.810087689499 0.369754363295 0.0 0.0 0.0 0.0 0.0 0.0
3.86302353145 8.57461048049 15.5087936596 -0.300649911249 -0.25109152656 0.920088406706 0.455016094382 0.810087689499 0.369754363295 0.0 0.0 0.0 0.0 0.0 0.0
3.71120888191 9.04813807223 15.7122857581 0.247955124778 -0.514067361527 0.82112910307 0.455016094382 0.810087689499 0.369754363295 0.0 0.0 0.0 0.0 0.0 0.0
3.61591561086 9.40448399274 16.1029542615 0.702357863314 -0.581740411103 0.41020912463 0.455016094382 0.810087689499 0.369754363295 0.0 0.0 0.0 0.0 0.0 0.0
3.68072483686 9.62822216824 16.5871299477 0.88992310678 -0.42840055232 -0.156556158587 0.455016094382 0.810087689499 0.369754363295 0.0 0.0 0.0 0.0 0.0 0.0
3.94839206305 9.75430642435 17.0356186527 0.739391683259 -0.112304161235 -0.663843139678 0.455016094382 0.810087689499 0.369754363295 0.0 0.0 0.0 0.0 0.0 0.0
4.3846036467 9.85479094338 17.3327842931 0.307952997298 0.246458458329 -0.918925013139 0.455016094382 0.810087689499 0.369754363295 0.0 0.0 0.0 0.0 0.0 0.0
4.89101312578 10.0114556757 17.4204809479 -0.240482181036 0.511587389007 -0.824891910503 0.455016094382 0.810087689499 0.369754363295 0.0 0.0 0.0 0.0 0.0 0.0
5.34260468412 10.2847367695 17.3201434657 -0.697554158147 0.582355717317 -0.417468579609 0.455016094382 0.810087689499 0.369754363295 0.0 0.0 0.0 0.0 0.0 0.0
5.63518875016 10.6907658674 17.1246440076 -0.889613648094 0.43187737215 0.148558044381 0.455016094382 0.810087689499 0.369754363295 0.0 0.0 0.0 0.0 0.0 0.0
