t = 100
b = 30 30 30
E = -0.829283403110691 -1.05414756812616 0.224864165015473
0.22625621126398 3.1326665230102 13.2917851666434 0.551037352024649 -0.740069500829517 0.385557846233534 0.47131322249348 0.657297078336767 0.588068263249589 0.648189806749191 0.150490935147605 -0.154708223772101 0.484600742477519 0.707476279249222 -0.594950745521956
0.245840966738198 3.2517501872812 13.7647427015136 0.902273473280135 -0.382043592130822 -0.1998628379259 0.422837375011734 0.693382653684352 0.583462884583244 0.0436893769643119 0.210354896914548 -0.248781353979254 0.568642819599919 0.159484503299556 0.340358212670557
0.565741581281951 3.41474271907415 14.1014198241688 0.690267286910065 -0.0485447670177837 -0.721924067680298 0.567990716802355 0.654453496765138 0.499076199893064 0.177000993199483 0.149427676268372 0.139048489574754 0.41562298979373 -0.0409108196603681 0.025753800581242
1.01328513156699 3.51163322074262 14.2793157680489 0.13897237280084 0.468834203722617 -0.872284962353447 0.596904166526393 0.663183311143262 0.45154534393244 0.587354620400817 0.0368792598097671 -0.0496856489645853 0.665545152722307 0.048259027925336 0.598106960145458
1.45709830764995 3.70235773346693 14.2371728855674 -0.41624954253622 0.66343890012791 -0.621759625769919 0.688303720600515 0.676729539276109 0.261294870272277 0.540376682045633 0.314558486774282 -0.22549878918157 0.435949712754936 -0.312547969564689 0.587985323503636
1.77858805877387 4.06318415399974 14.2108158585809 -0.797370624425774 0.542852385525881 -0.263649878339167 0.510664613225726 0.83973447449614 0.18457396935132 0.246819595661169 0.150786841687507 0.0186006615916614 0.42923506404296 -0.123114254346107 0.466516665327311
1.99244180630151 4.49666756158442 14.1712051908501 -0.937006669384678 0.2588306099367 0.234574293685944 0.310240874091058 0.9252461102335 0.218334881262454 -0.316557285154937 0.162577030774012 -0.3721684414571 0.472653834119558 0.0979612674805442 -0.0720589477616435
2.032863396398 4.97556867369225 14.1507520307929 -0.785846452715366 -0.0810298051836731 0.613090045850719 0.122392701632594 0.951390868414052 0.2826222464768 -0.203850021125095 0.332461645512156 0.589212103204473 0.591821381174387 0.0735733403367124 0.0720077779762112
1.98005830326659 5.43053577646962 14.2110381411628 -0.323975220418721 -0.283462900080155 0.902601086683077 0.298150884007297 0.874849652460181 0.381764351387543 -0.394831125456773 0.137652998060146 0.192346400232196 0.611252500670234 0.293946154454623 0.0906611606273223
2.03587944620759 5.92723382548749 14.4392106219647 0.000467572806311703 -0.564122206369685 0.825691106910282 0.334420340979274 0.778239408002666 0.531513258036453 0.359309492849378 -0.227739636851771 0.119239461734532 0.690017627192598 0.315664437269858 -0.5798858093663
1.89763078663745 6.15629190760455 14.792511106913 0.720009214895541 -0.438712632762388 0.537696790378713 0.204767153773392 0.874629599593235 0.439423896954897 0.221902752936698 -0.0244411638215968 0.0435294620888268 0.292849578023298 0.381962595267721 0.38225905100257
1.98224837785967 6.61468524001665 15.0506018334591 0.765607565686066 -0.641349786624815 0.0501537408906546 0.560757012701572 0.703539443089249 0.436558938486843 -0.165562164522821 0.0271972726212447 -0.377662012495142 0.195539619477881 -0.042518744178835 -0.803045388994575
2.22775834305561 6.69440131293886 15.4372844909272 0.778339149481482 0.0128789521190572 -0.627711862070104 0.410319086189789 0.746301104440051 0.524092349993952 -0.300619678957553 0.417049378729014 -0.170287773086086 0.471943897113647 -0.580343494534231 -0.220041040358173
2.50742957891681 6.90738220563121 15.6967579334258 0.335573940049029 0.271738563416391 -0.901969048696316 0.492578961190529 0.765541461951855 0.41389868114239 -0.524212648702228 0.32855012750637 -0.573472549466608 0.239801228292901 0.351860961324767 0.218317614766651
2.90803668740203 7.05479776458375 15.8388273194739 -0.2868130720837 0.608379535683196 -0.740008435037041 0.597697527602361 0.717317495798562 0.358068651639512 -0.558022408869852 -0.450437194893131 -0.442444717067882 0.46558368944683 0.106717323675124 -0.211638584284164
3.2493242081199 7.32544805502258 15.7352037131395 -0.624990289649837 0.663442298699571 -0.411377363658683 0.671142417704011 0.725808825352172 0.150894980924459 -0.269317789312536 0.435454253182325 -0.0781439333699337 0.892993505631387 -0.224759980239082 -0.0188622630843344
3.67959712508938 7.55035061506508 15.5402021682542 -0.785023017837459 0.617124820731152 0.0538117256520134 0.617338698831272 0.772175454449814 0.150458909750726 -0.330081734706198 -0.0469546750753395 -0.191798124916445 0.447820821383074 -0.192470570728043 -0.094270860853793
3.88288057928083 7.9714617536541 15.5139831792964 -0.810541086937706 0.215077416684269 0.54476117325964 0.425459558454243 0.855443938750712 0.295295976114009 -0.252984444434093 -0.161489913310155 0.0226979741541025 0.228981326364799 -0.189368844530185 -0.434594026426328
3.84423151194485 8.43676258232513 15.5445477135449 -0.2806858790145 -0.229414128802965 0.931978795693705 0.420330014234596 0.843566596512585 0.334242363394564 -0.0490500060376974 -0.0940231815423205 0.0979956896446767 0.364969144424553 0.117137906924477 -0.00644515393910181
3.74420732394062 8.82944086282009 15.787164036474 0.250590354063927 -0.516004415731323 0.819111590802965 0.338013475748862 0.839494300720963 0.425436354999309 0.156646532381019 -0.270575730200663 -0.0388526648952661 0.483407760109869 -0.608161300577834 0.055248582741623
3.72510885386571 9.15012490866793 16.1300162777159 0.726995067710192 -0.57357101711969 0.377484225947302 0.323516212769382 0.771033183479577 0.548493369889548 0.0966697226796107 -0.340739226545827 -0.214130331961849 0.493495468244936 0.141671994622028 0.184513949109802
3.77848535644979 9.37386231512023 16.5222092647929 0.933945574159718 -0.266059580853788 -0.238658431914184 0.35739462072364 0.702334684289268 0.6156256702684 -0.0033514069968268 -0.835898908236118 -0.196337364160614 0.32911377941654 -0.387727423000021 0.149279422749777
3.99845220987307 9.75134557180975 16.8456061222555 0.752375535020835 -0.175776633900885 -0.63484920297946 0.547996990210918 0.701827623643135 0.455123246391409 0.177928323351519 0.0602139382278698 -0.252334742166359 0.396269151976866 0.0900360272635844 -0.140835547285815
4.38772690558302 9.98268253057893 17.1111211339716 0.36428125783646 0.0558111613483339 -0.929615061638248 0.6334380627236 0.716884689779799 0.291260102401968 0.0806935445100274 -0.0257112011902387 -0.322385326914738 0.551053735785152 0.341370677616345 -0.41066433584288
4.8483588772508 10.0564484217784 17.2555778273461 -0.157181507072277 0.577033049582733 -0.801452877299386 0.653549707953622 0.669191254683564 0.353632196381371 0.0652059253023204 -0.177466778600962 0.258552560541634 0.573510486184118 -0.317505407009384 -0.0156903695540657
5.29198346587436 10.2633168773709 17.298138460612 -0.598344152832327 0.70177331977269 -0.386650182186939 0.605504568693223 0.712076764404155 0.355402279977148 0.166372108565409 -0.235607033418799 -0.107747354022014 0.179799278363139 -0.577617598963057 -0.069688358356489
5.643126153162 10.6800450069576 17.304720125531 -0.890749849255625 0.362581226204929 0.274042777081845 0.449383337549865 0.792789349972621 0.411751798467594 -0.424615755246098 0.635782139705716 -0.079353167573231 -0.179134670492589 -0.117820746449346 0.289019376155641
