t = 0
b =  30.0 30.0 30.0
E = 0. 0. 0.
1.95121353925 27.0002396155 1.35081079145 -0.309763923183 0.533331808305 0.787148965663 0.92235601102 0.369579291186 0.112563477474 0.0 0.0 0.0 0.0 0.0 0.0
2.19417921737 27.4727767212 1.27105199811 -0.115539866216 -0.0141495683015 0.993202058512 0.92235601102 0.369579291186 0.112563477474 0.0 0.0 0.0 0.0 0.0 0.0
2.41080757935 27.9420884324 1.41769364525 0.12257971765 -0.556255287342 0.821921083879 0.92235601102 0.369579291186 0.112563477474 0.0 0.0 0.0 0.0 0.0 0.0
2.65537799183 28.2846017333 1.75169222932 0.314129217358 -0.887030322629 0.338378547693 0.92235601102 0.369579291186 0.112563477474 0.0 0.0 0.0 0.0 0.0 0.0
2.97155416929 28.4249164442 2.16282421399 0.38633577543 -0.880807707993 -0.273719656149 0.92235601102 0.369579291186 0.112563477474 0.0 0.0 0.0 0.0 0.0 0.0
3.37579559891 28.3644510104 2.51156179443 0.311766913228 -0.539951518771 -0.781827186272 0.92235601102 0.369579291186 0.112563477474 0.0 0.0 0.0 0.0 0.0 0.0
3.85110430622 28.1809036109 2.68208184316 0.118752588225 0.00604127994022 -0.992905496876 0.92235601102 0.369579291186 0.112563477474 0.0 0.0 0.0 0.0 0.0 0.0
4.35348266974 27.9987333214 2.62626905263 -0.119377830482 0.549738895397 -0.826762408723 0.92235601102 0.369579291186 0.112563477474 0.0 0.0 0.0 0.0 0.0 0.0
4.82864885305 27.9418760303 2.38199574502 -0.312154615498 0.884581513349 -0.346518458765 0.92235601102 0.369579291186 0.112563477474 0.0 0.0 0.0 0.0 0.0 0.0
5.23265938194 28.0866591231 2.05873354383 -0.386338643139 0.883356824965 0.265373647157 0.92235601102 0.369579291186 0.112563477474 0.0 0.0 0.0 0.0 0.0 0.0
5.54860400497 28.4328034319 1.79596327386 -0.313746161014 0.546530109838 0.776445867713 0.92235601102 0.369579291186 0.112563477474 0.0 0.0 0.0 0.0 0.0 0.0
5.79303018072 28.9035292964 1.71018386386 -0.121956266764 0.00206746848791 0.992533321643 0.92235601102 0.369579291186 0.112563477474 0.0 0.0 0.0 0.0 0.0 0.0
6.00965642162 29.3747264405 1.85065245577 0.11616685223 -0.543180638707 0.831540772408 0.92235601102 0.369579291186 0.112563477474 0.0 0.0 0.0 0.0 0.0 0.0
6.25276290015 29.7221055409 2.18067079291 0.310156241856 -0.882065339761 0.354631981115 0.92235601102 0.369579291186 0.112563477474 0.0 0.0 0.0 0.0 0.0 0.0
6.56656950377 29.8684178193 2.5915275013 0.386312089664 -0.885838670894 -0.257007428934 0.92235601102 0.369579291186 0.112563477474 0.0 0.0 0.0 0.0 0.0 0.0
6.96843596038 29.8128031448 2.94379935818 0.315701515816 -0.553067080522 -0.771005419796 0.92235601102 0.369579291186 0.112563477474 0.0 0.0 0.0 0.0 0.0 0.0
7.44226658745 29.6311168119 3.12032050536 0.125150657861 -0.0101760594703 -0.992085561154 0.92235601102 0.369579291186 0.112563477474 0.0 0.0 0.0 0.0 0.0 0.0
7.94462531093 29.4471108459 3.07069571766 -0.112947027422 0.536581016708 -0.836255811044 0.92235601102 0.369579291186 0.112563477474 0.0 0.0 0.0 0.0 0.0 0.0
8.42123775594 29.3854185396 2.83044639151 -0.308134248615 0.879481993483 -0.362718496866 0.92235601102 0.369579291186 0.112563477474 0.0 0.0 0.0 0.0 0.0 0.0
8.82761098929 29.5242041813 2.5075153726 -0.386256117028 0.888253056779 0.2486216386 0.92235601102 0.369579291186 0.112563477474 0.0 0.0 0.0 0.0 0.0 0.0
9.14593712861 29.8654671353 2.24125766402 -0.317632828725 0.559561933006 0.765506256831 0.92235601102 0.369579291186 0.112563477474 0.0 0.0 0.0 0.0 0.0 0.0
9.39185885463 30.3342822495 2.14949713078 -0.128335518251 0.0182838755064 0.991562249509 0.92235601102 0.369579291186 0.112563477474 0.0 0.0 0.0 0.0 0.0 0.0
9.60852649522 30.8072651738 2.28376324351 0.109718601261 -0.529940531988 0.840907165562 0.92235601102 0.369579291186 0.112563477474 0.0 0.0 0.0 0.0 0.0 0.0
9.85020449443 31.159448137 2.60971417109 0.306088789758 -0.876831671247 0.3707773902 0.92235601102 0.369579291186 0.112563477474 0.0 0.0 0.0 0.0 0.0 0.0
