t = 0
b =  30.0 30.0 30.0
E = 0. 0. 0.
21.934939085 4.59908078744 11.0305480375 0.811839739335 -0.505423579132 0.292340970946 0.428210602302 0.855761476055 0.290358358198 0.0 0.0 0.0 0.0 0.0 0.0
22.0547205192 4.83612826864 11.4976090632 0.890371660526 -0.344595987449 -0.297475900817 0.428210602302 0.855761476055 0.290358358198 0.0 0.0 0.0 0.0 0.0 0.0
22.3774622015 4.99462508367 11.896860448 0.630636501662 -0.0528506187961 -0.774276704328 0.428210602302 0.855761476055 0.290358358198 0.0 0.0 0.0 0.0 0.0 0.0
22.8439574942 5.14107459848 12.1196154337 0.131311992137 0.258973583553 -0.956916842648 0.428210602302 0.855761476055 0.290358358198 0.0 0.0 0.0 0.0 0.0 0.0
23.3403853596 5.34655714981 12.124241195 -0.41790013862 0.472409391702 -0.77600827365 0.428210602302 0.855761476055 0.290358358198 0.0 0.0 0.0 0.0 0.0 0.0
23.7415528752 5.65972543684 11.9519758459 -0.808345019798 0.50636897368 -0.300281187326 0.428210602302 0.855761476055 0.290358358198 0.0 0.0 0.0 0.0 0.0 0.0
23.9584581182 6.08832054735 11.7112613907 -0.891686113146 0.34795051652 0.289527742497 0.428210602302 0.855761476055 0.290358358198 0.0 0.0 0.0 0.0 0.0 0.0
23.9721034836 6.59623098905 11.5365447936 -0.636260743914 0.0573398407106 0.7693402423 0.428210602302 0.855761476055 0.290358358198 0.0 0.0 0.0 0.0 0.0 0.0
23.8407131924 7.11721204925 11.5371993288 -0.139109280356 -0.255055199255 0.956867521369 0.428210602302 0.855761476055 0.290358358198 0.0 0.0 0.0 0.0 0.0 0.0
23.6776129364 7.58005326875 11.7559718457 0.410892124592 -0.470550504729 0.780864831099 0.428210602302 0.855761476055 0.290358358198 0.0 0.0 0.0 0.0 0.0 0.0
23.6081755531 7.9356324859 12.1527425254 0.804788741658 -0.507275806271 0.308198536131 0.428210602302 0.855761476055 0.290358358198 0.0 0.0 0.0 0.0 0.0 0.0
23.7221897888 8.17557816704 12.6197670711 0.892932660418 -0.351278547811 -0.281557535519 0.428210602302 0.855761476055 0.290358358198 0.0 0.0 0.0 0.0 0.0 0.0
24.0397480525 8.33544989216 13.0226105677 0.641836532447 -0.0618246959742 -0.764345192034 0.428210602302 0.855761476055 0.290358358198 0.0 0.0 0.0 0.0 0.0 0.0
24.503612974 8.48122867588 13.2512215537 0.146895974865 0.251117391517 -0.956745330925 0.428210602302 0.855761476055 0.290358358198 0.0 0.0 0.0 0.0 0.0 0.0
25.0009628376 8.6842496769 13.2617424115 -0.403852819538 0.468655783512 -0.785661922669 0.428210602302 0.855761476055 0.290358358198 0.0 0.0 0.0 0.0 0.0 0.0
25.4062544383 8.99410077852 13.0931716092 -0.801171175739 0.508144007844 -0.316092414424 0.428210602302 0.855761476055 0.290358358198 0.0 0.0 0.0 0.0 0.0 0.0
25.6289190442 9.41978332271 12.8525475311 -0.894111207409 0.354579827881 0.273565886844 0.428210602302 0.855761476055 0.290358358198 0.0 0.0 0.0 0.0 0.0 0.0
25.6477709723 9.92629234983 12.6742828056 -0.647363442642 0.0663048430478 0.759291933922 0.428210602302 0.855761476055 0.290358358198 0.0 0.0 0.0 0.0 0.0 0.0
25.5190563833 10.447915568 12.6690987003 -0.154671482676 -0.247160460217 0.956550280619 0.428210602302 0.855761476055 0.290358358198 0.0 0.0 0.0 0.0 0.0 0.0
25.3550844249 10.9131985515 12.8819602615 0.396782759528 -0.466725372344 0.790399183041 0.428210602302 0.855761476055 0.290358358198 0.0 0.0 0.0 0.0 0.0 0.0
25.2815591091 11.2720914717 13.2749933414 0.797492597534 -0.508973512284 0.323962221056 0.428210602302 0.855761476055 0.290358358198 0.0 0.0 0.0 0.0 0.0 0.0
25.3898222559 11.5149638637 13.7418736198 0.895221664371 -0.357854105325 -0.265553405067 0.428210602302 0.855761476055 0.290358358198 0.0 0.0 0.0 0.0 0.0 0.0
25.7021512093 11.6762634012 14.1482209911 0.652841053606 -0.070779940751 -0.75418085279 0.428210602302 0.855761476055 0.290358358198 0.0 0.0 0.0 0.0 0.0 0.0
26.1632953015 11.821428649 14.3826528134 0.162435211655 0.243184706692 -0.956282385306 0.428210602302 0.855761476055 0.290358358198 0.0 0.0 0.0 0.0 0.0 0.0
26.6614665052 12.0220278582 14.3991000357 -0.389682482975 0.464759418231 -0.795076251455 0.428210602302 0.855761476055 0.290358358198 0.0 0.0 0.0 0.0 0.0 0.0
27.0708095747 12.3285689916 14.2343096016 -0.793753287179 0.509764256421 -0.331807356711 0.428210602302 0.855761476055 0.290358358198 0.0 0.0 0.0 0.0 0.0 0.0
27.2992165573 12.7513109031 13.9938836701 -0.896263946737 0.361101130793 0.257520700371 0.428210602302 0.855761476055 0.290358358198 0.0 0.0 0.0 0.0 0.0 0.0
27.3233201452 13.2563658289 13.8121595903 -0.658268948195 0.0752496482876 0.749012337866 0.428210602302 0.855761476055 0.290358358198 0.0 0.0 0.0 0.0 0.0 0.0
