
#id1 id2 FENE BEXC STCK NEXC HB CRSTCK CXSTCK total, t = 100
0 1 1.62681 0 0 0 0 0 0 1.62681
1 2 5.10541e-08 0 -1.29601 0 0 0 0 -1.29601
2 3 0.0290099 0 -1.2503 0 0 0 0 -1.22129
3 4 0.0293564 0 -1.15991 0 0 0 0 -1.13055
4 5 0.16876 0 -1.18966 0 0 0 0 -1.0209
5 6 0.0297648 0 -1.2961 0 0 0 0 -1.26634
6 7 0.0545055 0 -1.12045 0 0 0 0 -1.06594
7 8 0.0208418 0 -1.40834 0 0 0 0 -1.3875
8 9 0.0818504 0 -1.32393 0 0 0 0 -1.24208
9 10 0.00747091 0 -1.29924 0 0 0 0 -1.29176
10 11 0.634454 0 -1.37604 0 0 0 0 -0.74159
11 12 0.444994 0 -1.22887 0 0 0 0 -0.78388
12 13 0.0781331 0 -1.35949 0 0 0 0 -1.28135
13 14 0.521424 0 -1.0663 0 0 0 0 -0.544875
14 15 0.0685543 0 -1.18797 0 0 0 0 -1.11941
15 16 0.00136807 0 -1.40028 0 0 0 0 -1.39891
16 17 0.0475016 0 -0.937668 0 0 0 0 -0.890167
17 18 0.168172 0 -1.08767 0 0 0 0 -0.919496
18 19 0.0989807 0 -1.39699 0 0 0 0 -1.298
19 20 0.0320086 0 -1.08682 0 0 0 0 -1.05481
20 21 0.205495 0 -1.23488 0 0 0 0 -1.02938
21 22 0.199494 0 -1.44146 0 0 0 0 -1.24197
22 23 0.125893 0 -1.40597 0 0 0 0 -1.28008
23 24 0.266697 0 -1.22637 0 0 0 0 -0.959672
24 25 0.0809029 0 -1.41833 0 0 0 0 -1.33742
25 26 0.228202 0 -1.09389 0 0 0 0 -0.865683
26 27 0.00555687 0 -1.3344 0 0 0 0 -1.32885
28 29 0.103926 0 -1.03697 0 0 0 0 -0.933044
29 30 0.143458 0 -0.879607 0 0 0 0 -0.736149
30 31 0.0449298 0 -1.13064 0 0 0 0 -1.08571
31 32 0.447601 0 -1.16563 0 0 0 0 -0.718028
32 33 0.320769 0 -1.24777 0 0 0 0 -0.926998
33 34 0.0417738 0 -1.20693 0 0 0 0 -1.16515
34 35 0.108641 0 -1.17736 0 0 0 0 -1.06872
35 36 0.227273 0 -1.41021 0 0 0 0 -1.18294
36 37 0.106771 0 -1.29465 0 0 0 0 -1.18788
37 38 0.137612 0 -1.10193 0 0 0 0 -0.964317
38 39 0.212883 0 -1.17229 0 0 0 0 -0.959404
39 40 0.0189541 0 -1.26744 0 0 0 0 -1.24849
40 41 0.101511 0 -1.11611 0 0 0 0 -1.0146
41 42 0.0110111 0 -1.03547 0 0 0 0 -1.02446
42 43 0.143209 0 -1.13418 0 0 0 0 -0.990974
43 44 0.0189974 0 -1.1899 0 0 0 0 -1.17091
44 45 0.00405055 0 -1.18223 0 0 0 0 -1.17818
45 46 0.0628829 0 -0.98672 0 0 0 0 -0.923837
46 47 0.0104049 0 -1.10171 0 0 0 0 -1.09131
47 48 1.35011 0 0 0 0 0 0 1.35011
48 49 1.58172 0 0 0 0 0 0 1.58172
49 50 0.026984 0 -1.06933 0 0 0 0 -1.04235
50 51 0.00769423 0 -1.269 0 0 0 0 -1.26131
51 52 0.0178789 0 -1.18602 0 0 0 0 -1.16814
52 53 0.0536964 0 -1.15045 0 0 0 0 -1.09675
53 54 0.027111 0 -1.3638 0 0 0 0 -1.33669
#Total energy per particle is  -0.907557 and should be -0.90755710

