t = 100
b = 30 30 30
E = -0.710112772558579 -0.907556743586446 0.197443971027868
19.8753995693148 20.8508205797059 9.08920462403056 0.102899296939168 0.658937090033987 -0.745126517463773 -0.0282684492958136 0.750737582377451 0.659995347189771 -1.96160016953248 -0.757633468803009 6.56327505444285 -0.0703660411465614 0.227117122895988 -0.0141001003814214
20.5416668918315 21.4806153534021 7.56805302824297 -0.345434394591844 0.555455890938031 -0.756401823024827 -0.100923217565698 0.77935512868621 0.618401138809149 -0.335524469727017 0.148937486532553 -0.414588520929547 0.131861949232418 0.577364187677271 -0.641639995500108
20.7689064300666 21.9347077711162 7.68208049050827 -0.925822486504824 0.209114246572829 -0.314839381520112 0.0200096973340321 0.858950082190176 0.511668111168476 -0.206151642632259 -0.564971475077257 0.385940655300781 0.649262993448869 0.11403296638892 -0.119280862101479
20.6960619215642 22.4268255037277 7.60911699573748 -0.932626643094517 -0.115523637266852 0.341850428592186 0.0690209230046964 0.872763331316763 0.483239246205942 -0.431774309237905 -0.249399669527708 -0.210774132635033 0.643919065169598 -0.105052745692256 0.277071623647477
20.6092967834651 22.9226521551119 7.74130731098698 -0.657782875568782 -0.571689816049565 0.490400166856518 -0.136206915333069 0.73063260087701 0.669046756550615 -0.0528229524639946 -0.590388055348335 0.137199910106873 0.506941070765415 0.154355497045189 0.0671204280269487
20.4110714362672 23.2438843588231 8.08489044099432 -0.266158176073548 -0.834179194608472 0.48301633686609 -0.329943032406359 0.549662549932636 0.767468938072094 0.256707697588907 -0.0748719641732996 0.02628366226646 0.503981601764588 0.425076214974628 -0.450477185865336
20.0611149895877 23.4284758377871 8.30051447875347 0.579723088441495 -0.529493864382094 0.619320005852733 -0.211893422801593 0.635957536235292 0.742064064990398 0.173626050340004 -0.358006489230093 0.0529780798060411 0.48105987077211 -0.266477878403065 0.111076506271469
19.9813160296033 23.6650675506169 8.7553596329884 0.891263382152204 -0.421269292842379 0.167873903766367 0.10151196953651 0.546125847339905 0.831529772239931 0.596736402015743 0.0109641775536508 -0.182165649303098 0.394104432790788 0.102951550193012 -0.176101043120396
19.9861085989676 23.6650306023168 9.25110316684544 0.930461412483123 0.273523984041224 -0.243774636092687 0.0555712334659179 0.552289399343247 0.831798137985649 0.230899980373577 -0.167087102766993 0.0558078984762616 0.446950550544865 -0.122208014917954 0.248281322891405
20.1316552236153 23.832246583613 9.70874552477889 0.511064747217959 0.602859111374792 -0.612677403171865 0.0751988911416951 0.678702436420984 0.730553222385807 0.503538725278282 0.117157121558392 -0.112593119715779 0.178357347223176 0.414496961591916 0.655337596691793
20.4060023447805 24.1713897197322 10.0086094542024 -0.158486371591137 0.622525431992422 -0.766383744674128 0.157315525896968 0.782199372764959 0.602839820528019 0.3048897108416 0.396477898492728 -0.362091524704361 0.154729971356134 -0.449297370299625 0.0471207771186427
20.6190517284524 24.4764289496709 10.1755064737426 -0.68011293256703 0.588162405398659 -0.437620006213947 0.120469244050584 0.678487974231372 0.724666206982909 0.157257233142918 0.610687504747948 -0.604604529673217 0.53849606296835 -0.433114189900078 0.318928332738217
20.790359814467 24.8510727489136 10.469674063247 -0.902464253880258 0.331817442543479 -0.274691347315412 0.0511069531171173 0.715655514895896 0.696581039289028 -0.663622356148616 0.422287068347253 -0.0478250779521454 0.209568198888919 0.316876187152999 0.198963734099779
20.7492155101999 25.317886559485 10.614908230876 -0.965914740323208 -0.209409382124623 0.15217196207401 -0.0481801591371401 0.723018047999888 0.689146904255341 -0.577882946262019 -0.0451159646353446 0.358365491162062 0.198073427795184 0.181349603675414 0.163300787795944
20.6164691385757 25.6861160412855 10.8981592654186 -0.713663968533964 -0.521588640792214 0.467577706130077 -0.159162356555623 0.770786294309435 0.616891983312312 -0.18469245607088 0.237911825500149 0.565481327591027 0.615925420942541 0.552159489811477 -0.302702451254439
20.26381867348 26.0243303774285 10.9387905421113 -0.139269670866872 -0.55792606534974 0.818121229096417 -0.126700968537566 0.829421972793168 0.544064278998245 0.354379188198718 -0.329437703774812 0.391001951849136 0.452444733749313 -0.294224730458938 0.10998950919749
19.9585913102023 26.3183664668547 11.2354715990279 0.57293736702144 -0.495934617634628 0.652527018626199 -0.0583658549378145 0.769444465980306 0.6360412891929 -0.528835276889353 -0.121850367668124 -0.0623750204705681 0.291108189846094 0.195381853265985 0.266098313057702
19.8602603206569 26.3646616788097 11.7167197992884 0.956489433722208 -0.165011329569193 0.240622332245783 -0.119619568377405 0.530429036492468 0.839247331818276 0.23725919462998 -0.000465247155134539 0.84313453023189 0.342988125522125 -0.249509819594645 0.120506147399648
19.9623133201405 26.4563316357769 12.1896367714134 0.977753190958804 0.0757912443133555 -0.195586977356279 0.127518135320701 0.525575102004541 0.841136031983242 0.231749073376492 0.0722403295227455 0.172930545896397 0.769901537564609 0.319346568241029 0.0549574260205691
20.1126270463425 26.4615311888869 12.6485232017763 0.65235405170663 0.55917733982139 -0.511619755954321 0.170872568432113 0.549148408493367 0.818069971291338 0.297355038800234 -0.0749157270083944 0.00598381697146668 0.432543273403843 0.12416648175645 0.0714372707387996
20.3828731645075 26.7512748279146 13.0003466945132 0.207047695467819 0.564918813946952 -0.79874768715069 0.0969767783868797 0.800567344784082 0.591343649784925 -0.0991943227108706 0.390384448318798 -0.0785322006172092 0.577738112474606 -0.160173785484874 -0.469204228391093
20.6498817011679 27.0397336244638 13.2128967801073 -0.448515572918685 0.497498254683316 -0.742515419748196 0.114404264458455 0.85588558396082 0.504352473631932 -0.270341825555106 0.675279656741713 0.474264264386108 0.533069331385005 0.120568991094363 -0.0234366092147654
20.854261773045 27.4503876848615 13.274510511201 -0.916306897039426 0.273449672959802 -0.292586444651742 0.0725722999239712 0.8318789683883 0.550191357235756 -0.361029826924716 -0.0479742978689277 -0.474173068025412 0.521689063050221 0.157930244204325 -0.0897488266731733
20.8645265444881 27.9319202457964 13.3312151369736 -0.971294849017524 -0.153494442370354 0.181729616039868 -0.00822294399563199 0.785168181733796 0.619227900307026 -0.23007100093503 -0.0487121805849621 0.0690550648463451 0.548882721290963 -0.159988573592688 0.0788831454266398
20.8008596651349 28.3734075068821 13.4679339335437 -0.713237392047395 -0.56827288846159 0.410314791407532 -0.161909767577902 0.703135179199915 0.692377086831272 0.0667050133443848 -0.142946002660445 0.0477261128943763 0.521994970185671 0.45469747019748 -0.0388327492007828
20.5033387631147 28.7181205147052 13.6605484450166 -0.0986484476031758 -0.719786337136333 0.687150633751378 -0.239058415297174 0.687438911905362 0.685768696604686 0.0940967466545593 -0.0553149384971105 -0.0271166807108069 0.59107541368148 -0.276717119406435 -0.181780760548552
20.1871487302273 29.0116559024234 13.842673444948 0.500378193640399 -0.590979810321349 0.632743556204719 -0.207692105253574 0.627544174997249 0.750368033140316 -0.0376373545859836 -0.218258441815216 -0.346855415410239 0.465192332392113 -0.289892746802805 0.0126983861199532
19.980011907362 29.0809037722437 14.2566022250131 0.980683807115242 0.0268570620840848 0.193746897355302 -0.144413550859616 0.767487534352051 0.624585856297781 0.181720244843681 -0.4393887918419 0.231502085117418 0.0417940722819496 -0.610698966501542 0.72669959477834
6.27584523571225 15.1323785323354 22.3714505975906 -0.0683726391318399 -0.289815590258453 0.954637097741423 0.810199850390066 0.542224506127702 0.222640222881733 0.00708657789872132 -0.0743127062167152 0.595828686839302 -0.0825379622413595 0.360530735501854 -0.318505462848473
6.53905092976341 15.4785503258311 22.5756320696032 0.186276944644781 -0.79680623044835 0.574804847279915 0.665560079099571 0.532696456939915 0.522746739953141 -0.214300596321961 0.309118434396127 0.50947057735925 0.255748369812926 0.435449744877707 -0.373256687790029
6.61751056397647 15.640896556915 22.9285729960547 0.669623255016477 -0.730388120274428 -0.134676552873844 0.704071950312652 0.566552129007085 0.428136963530504 0.282583938817095 0.123359226478876 0.0713648837692135 0.455496353424099 -0.121254258134809 0.497263687040279
7.03044447659524 15.7157863115957 23.2012340502985 0.479094511635412 -0.522860685957907 -0.705042577337204 0.872477693979852 0.371680288579509 0.317232285545102 0.0289977309625092 -0.743198782328684 0.299927595934134 0.490887620743676 0.163067877480917 -0.16087062719003
7.46964807834696 15.6873370942786 23.3293637999983 0.244156419911278 -0.28205647687356 -0.92781014637049 0.933722587541436 0.326695949576408 0.146395956245034 0.325497153843659 0.431990647886232 -0.0971885848942563 0.674321968602471 0.443938110124664 0.216205129273422
7.92617356763362 15.6617522699654 23.3280536481716 -0.000124399815190316 0.349492768198116 -0.93693898965848 0.839473502648432 0.509169653310006 0.189816714775117 0.444583117965778 -0.291279828057564 -0.407220864088836 0.303359815938106 -0.0474303229830385 0.0690134769316539
8.40393857474863 15.8663562631535 23.2978196599568 -0.496370472573323 0.617270136379993 -0.610404630948985 0.670234563624243 0.719374816806047 0.182442823211011 -0.0058356263569701 0.393633185280484 -0.295034506840745 0.419875348926499 0.288370234731296 0.0514915428949958
8.69736296682555 16.1965386707539 23.0701252160002 -0.714850268073341 0.699189984819569 -0.0110607564640223 0.699250597311628 0.71459470423695 -0.0200723492037233 -0.108143654721774 0.220598482630547 -0.143701953336568 0.444071604252478 0.328751941959748 0.00765261911944018
8.95003583589041 16.5631689234857 22.8896258242543 -0.653898257547604 0.518071138461224 0.551379402121382 0.665474409007887 0.740555470960129 0.0933878559807303 -0.127758289204367 0.631745147915538 -0.225519579088644 0.579545924176506 0.429204296833787 0.301992689945293
9.0774786343022 17.0441042770733 22.8925082647133 -0.414676193618858 0.0763895303734528 0.906756954707152 0.566444820720188 0.801536146371893 0.191520132252681 -0.788746240961569 0.267936971321208 0.0291867142317836 0.435000053840435 -0.183849143569598 -0.164557465685614
9.14010010425672 17.4861107828025 22.9680331112452 0.0576515546137625 -0.433499544462696 0.8993076921082 0.772829043653883 0.589627797779134 0.23467895130317 -0.595945985604127 0.271561652204039 0.05877989721873 0.529911271984406 0.0613008470638395 0.315382846840514
9.34969074068634 17.8761476707264 23.1585503819818 0.242008882132679 -0.797206801296921 0.553075851705056 0.691613179418554 0.5415273680501 0.477932218386015 -0.785185570862547 -0.270213758934379 -0.151764876051925 0.423317226664552 0.356000593327019 -0.249776098478052
9.49344498517444 18.0999877987643 23.6091359670781 0.572954910202416 -0.819367080236143 -0.0189773448686613 0.764892784762508 0.526259318210898 0.37147010771128 0.254262611530167 -0.422946777989682 -0.399298699741769 0.766236545494369 0.207135740082472 0.227995477301445
9.80300784409492 18.0841209080978 23.9535924144856 0.596442627856312 -0.50225706529817 -0.626094173498191 0.802119723560479 0.344471792833897 0.487794043272655 0.0734993120914013 -0.511595156154195 -0.261979307969201 0.522604189925015 0.13647938241936 0.315152446827553
10.3216599715005 18.1699155729507 24.1628115086296 0.262181503815512 -0.35084516978592 -0.898981873191258 0.928038686128953 0.347080429936473 0.135200815572295 0.0678700828571903 0.455924625784403 -0.525793028266911 0.562064275040917 -0.0720630497368037 -0.243657735494088
10.8147609245188 18.1884824799531 24.2277347644519 -0.0506078625243809 0.232728332827058 -0.971224098040717 0.77751053253139 0.619536789661674 0.107941738707026 -0.00868941668308613 0.146202723762667 -0.587223047366421 0.720955930230466 0.274475459253585 -0.108622177834086
11.334543162549 18.2465546450714 24.1680724824502 -0.460664157628674 0.62507812020966 -0.630131540484268 0.845648197327208 0.524721296927342 -0.0977066040443939 -0.187534244520117 0.676537324058297 -0.485358100214947 0.24648187761629 0.348592409473291 0.112255224281872
11.7467760688058 18.4724533458516 23.9329697770909 -0.643893856619645 0.758789232295178 0.0981808815200443 0.763314226107523 0.62826953733863 0.150428263217283 0.0362847917843905 0.167704899419886 -0.594927709869179 0.361378034113723 -0.286405485792186 0.1252231726774
12.1875451747048 18.8289377083152 23.9450075046229 -0.781578758754523 0.478707530063389 0.399967031565191 0.613305888848769 0.706833668573506 0.352479690858118 -0.0514829008181163 0.181851046143502 -0.492472881941141 0.448316864240924 0.502301472247374 -0.24165055368139
12.3085631912124 19.2972673478525 23.7471872891626 -0.378118825148586 -0.00307958902276393 0.925751885059552 0.560002399710591 0.795526279972169 0.231376617430244 -0.269916225244504 0.108685502562598 0.0807179471487141 0.491484312935149 0.0197843792941435 0.368315728318877
13.2087544908066 19.9584325033969 22.7614340354513 0.0946016922555547 -0.45979952897747 0.882969306839411 0.608427806448823 0.728723136326616 0.31428980432735 3.28722474289607 0.9807534679927 -4.49393508906291 0.472151498574748 -0.221772059263503 0.365201198224023
12.5266989705385 19.938873948176 24.2232998207097 0.488662043316221 -0.63462505243646 0.598715567894239 0.569274271833014 0.751948389453185 0.332415869446935 0.273430355775238 -0.5484290415804 0.166307303395391 0.561319486284843 -0.129854884500574 -0.153310095905716
12.8470712498566 20.2728653956704 24.499433062 0.430672579258221 -0.885979311488965 0.171935084977617 0.74010834381037 0.455732194739626 0.494517639359931 0.491504657400521 -0.548325243628787 -0.473374376897591 0.729455630603645 0.108607473245755 -0.359759552584031
13.0096063380553 20.3931355010486 24.9911192222902 0.673356006128635 -0.518783348537971 -0.526740360246116 0.736403220250754 0.407427626512744 0.540104546886567 0.680686616582946 -0.253728702827621 -0.263423071600004 0.488784287789649 -0.344589828418736 0.0334110477816301
13.453398905078 20.4377580253843 25.2959703867031 0.414901289155346 -0.136136219498675 -0.899624216436796 0.798306632095313 0.528846043967522 0.288146255777766 0.0248849023260363 -0.0399539120567734 0.236266888889664 0.461771152224172 -0.240959703668665 -0.0435929335767373
13.9278727041545 20.5778406849175 25.4939297426163 -0.0430769385585584 0.246351853871994 -0.96822260996083 0.810391508148883 0.575402973329858 0.110349007054123 0.5487533772792 0.242442347727362 0.345512273285146 0.292706616206959 0.285619154081254 0.178659923825579
14.3757032693127 20.6750876296708 25.3074256992816 -0.514637516311825 0.8057005929569 -0.293248491118969 0.826292582317023 0.55735359540345 0.0812245174183894 -0.0537808694168119 0.385514829972066 -0.392791276026224 0.236219156368442 0.102719220210178 0.634434643586404
