t = 0
b =  30.0 30.0 30.0
E = 0. 0. 0.
23.8875962312 27.3793032302 6.53009751957 -0.184460147141 0.629958234815 0.754405114316 0.974698720863 0.215843371179 0.0580865101956 0.0 0.0 0.0 0.0 0.0 0.0
24.2020591055 27.7977021055 6.40868671335 -0.0753960105408 0.0728396569264 0.994489731457 0.974698720863 0.215843371179 0.0580865101956 0.0 0.0 0.0 0.0 0.0 0.0
24.4993354569 28.232704783 6.5139698727 0.0623123310182 -0.511951924442 0.856751072636 0.974698720863 0.215843371179 0.0580865101956 0.0 0.0 0.0 0.0 0.0 0.0
24.8108159062 28.5510080031 6.81454946601 0.176347176217 -0.902244410336 0.393518357207 0.974698720863 0.215843371179 0.0580865101956 0.0 0.0 0.0 0.0 0.0 0.0
25.1624946997 28.6636445815 7.20483158124 0.223384780803 -0.94975916002 -0.219218561402 0.974698720863 0.215843371179 0.0580865101956 0.0 0.0 0.0 0.0 0.0 0.0
25.5650940611 28.5597835295 7.54514281849 0.185554772368 -0.636444525687 -0.748670683395 0.974698720863 0.215843371179 0.0580865101956 0.0 0.0 0.0 0.0 0.0 0.0
26.0099906387 28.3108449279 7.71479454991 0.0772294035998 -0.0813339752601 -0.99369029566 0.974698720863 0.215843371179 0.0580865101956 0.0 0.0 0.0 0.0 0.0 0.0
26.4724916613 28.043366244 7.65793454716 -0.0604367068026 0.5046767122 -0.861190350988 0.974698720863 0.215843371179 0.0580865101956 0.0 0.0 0.0 0.0 0.0 0.0
26.9212161347 27.8909286326 7.40476617681 -0.175141901843 0.89895227895 -0.401509793641 0.974698720863 0.215843371179 0.0580865101956 0.0 0.0 0.0 0.0 0.0 0.0
27.330017006 27.9434072214 7.06007363637 -0.223307760157 0.951700845247 0.210711047196 0.974698720863 0.215843371179 0.0580865101956 0.0 0.0 0.0 0.0 0.0 0.0
27.6879148664 28.2128260479 6.76341268577 -0.18663526688 0.642882348845 0.742879238302 0.974698720863 0.215843371179 0.0580865101956 0.0 0.0 0.0 0.0 0.0 0.0
28.0032692118 28.628789926 6.63609108091 -0.0790569153406 0.0898220996967 0.992815186499 0.974698720863 0.215843371179 0.0580865101956 0.0 0.0 0.0 0.0 0.0 0.0
28.3006025308 29.0652287545 6.73508172905 0.0585564800979 -0.497363066871 0.86556404636 0.974698720863 0.215843371179 0.0580865101956 0.0 0.0 0.0 0.0 0.0 0.0
28.6112838014 29.3882936563 7.03137772879 0.173923289735 -0.895591688868 0.40947065355 0.974698720863 0.215843371179 0.0580865101956 0.0 0.0 0.0 0.0 0.0 0.0
28.9616108913 29.5072084045 7.4210125769 0.22321373376 -0.953570054769 -0.202187486528 0.974698720863 0.215843371179 0.0580865101956 0.0 0.0 0.0 0.0 0.0 0.0
29.3628195589 29.4087568287 7.76455878109 0.187701548394 -0.649271214022 -0.73703122008 0.974698720863 0.215843371179 0.0580865101956 0.0 0.0 0.0 0.0 0.0 0.0
29.8068148003 29.1623038592 7.94009869547 0.0808784065913 -0.0983033838327 -0.991864470618 0.974698720863 0.215843371179 0.0580865101956 0.0 0.0 0.0 0.0 0.0 0.0
30.269246277 28.8934426302 7.88954307256 -0.0566717940904 0.49001154542 -0.869871825679 0.974698720863 0.215843371179 0.0580865101956 0.0 0.0 0.0 0.0 0.0 0.0
30.7187594165 28.7362795485 7.64070013962 -0.172691432695 0.892162896011 -0.417400330683 0.974698720863 0.215843371179 0.0580865101956 0.0 0.0 0.0 0.0 0.0 0.0
31.1289075385 28.7824850269 7.29671078817 -0.223102708773 0.95536664624 0.193648528501 0.974698720863 0.215843371179 0.0580865101956 0.0 0.0 0.0 0.0 0.0 0.0
31.488199391 29.0464663625 6.99686362489 -0.188753535709 0.655610634683 0.731127074076 0.974698720863 0.215843371179 0.0580865101956 0.0 0.0 0.0 0.0 0.0 0.0
31.8044648691 29.4598941628 6.86367690114 -0.0826937386382 0.106777181785 0.990838220417 0.974698720863 0.215843371179 0.0580865101956 0.0 0.0 0.0 0.0 0.0 0.0
32.1018803069 29.8976618251 6.95635178091 0.0547827923064 -0.482622707692 0.87411336089 0.974698720863 0.215843371179 0.0580865101956 0.0 0.0 0.0 0.0 0.0 0.0
32.4117834839 30.225415626 7.24828082881 0.171446424534 -0.888666161496 0.425298221165 0.974698720863 0.215843371179 0.0580865101956 0.0 0.0 0.0 0.0 0.0 0.0
32.7607678787 30.3505979475 7.6371566196 0.22297469365 -0.957090482842 -0.185094823388 0.974698720863 0.215843371179 0.0580865101956 0.0 0.0 0.0 0.0 0.0 0.0
33.160579362 30.2576114632 7.98384003957 0.189791148711 -0.661900128056 -0.725167249916 0.974698720863 0.215843371179 0.0580865101956 0.0 0.0 0.0 0.0 0.0 0.0
33.6036537437 30.0137448239 8.16522156211 0.0845027732368 -0.115242848242 -0.98973651405 0.974698720863 0.215843371179 0.0580865101956 0.0 0.0 0.0 0.0 0.0 0.0
34.0659905351 29.7436085738 8.12099261513 -0.0528896186007 0.475197116377 -0.878288328985 0.974698720863 0.215843371179 0.0580865101956 0.0 0.0 0.0 0.0 0.0 0.0
4.06381442793 2.79135738137 10.6820147574 -0.444371201978 0.750974087711 0.488438485829 0.866461977199 0.221803805107 0.447265820411 0.0 0.0 0.0 0.0 0.0 0.0
4.430938455 3.18222254892 10.6484071442 -0.493386756935 0.243616949061 0.834997179762 0.866461977199 0.221803805107 0.447265820411 0.0 0.0 0.0 0.0 0.0 0.0
4.6855949553 3.62862020767 10.8051371644 -0.354956433946 -0.356294341596 0.864326484696 0.866461977199 0.221803805107 0.447265820411 0.0 0.0 0.0 0.0 0.0 0.0
4.85933912532 3.99380056004 11.158890434 -0.0816722271459 -0.820843454957 0.565283707325 0.866461977199 0.221803805107 0.447265820411 0.0 0.0 0.0 0.0 0.0 0.0
5.01446610859 4.17186962103 11.6415001425 0.222640624234 -0.973540416009 0.0514801985022 0.866461977199 0.221803805107 0.447265820411 0.0 0.0 0.0 0.0 0.0 0.0
5.22034402915 4.12802011356 12.1358447638 0.442368580115 -0.756373096291 -0.481881498435 0.866461977199 0.221803805107 0.447265820411 0.0 0.0 0.0 0.0 0.0 0.0
5.52705988148 3.91175533499 12.5203444824 0.494033316401 -0.251846991409 -0.832168357488 0.866461977199 0.221803805107 0.447265820411 0.0 0.0 0.0 0.0 0.0 0.0
5.94639064382 3.6380820268 12.7151513977 0.358006535991 0.348359996167 -0.866300544418 0.866461977199 0.221803805107 0.447265820411 0.0 0.0 0.0 0.0 0.0 0.0
6.4473290073 3.4438173907 12.7124850767 0.0859670870072 0.81621919693 -0.571310670751 0.866461977199 0.221803805107 0.447265820411 0.0 0.0 0.0 0.0 0.0 0.0
6.96786357098 3.43560994622 12.5795884703 -0.218732695624 0.973983078323 -0.0592703214607 0.866461977199 0.221803805107 0.447265820411 0.0 0.0 0.0 0.0 0.0 0.0
7.4385380098 3.64942197509 12.4331811923 -0.440332270171 0.761714504132 0.475287813899 0.866461977199 0.221803805107 0.447265820411 0.0 0.0 0.0 0.0 0.0 0.0
7.80883869378 4.03686684915 12.3951157863 -0.494642253318 0.260057854634 0.829276162371 0.866461977199 0.221803805107 0.447265820411 0.0 0.0 0.0 0.0 0.0 0.0
8.06638566056 4.48359191935 12.5460839077 -0.361029374452 -0.340399121775 0.868208631999 0.866461977199 0.221803805107 0.447265820411 0.0 0.0 0.0 0.0 0.0 0.0
8.24163597007 4.85272299904 12.8949602141 -0.0902554001419 -0.811532780652 0.577294126657 0.866461977199 0.221803805107 0.447265820411 0.0 0.0 0.0 0.0 0.0 0.0
8.39631255827 5.03686515583 13.3754307348 0.214808109671 -0.974351568054 0.0670559307548 0.866461977199 0.221803805107 0.447265820411 0.0 0.0 0.0 0.0 0.0 0.0
8.59995466184 4.99890384204 13.871186657 0.438262427221 -0.766997904463 -0.468657934357 0.866461977199 0.221803805107 0.447265820411 0.0 0.0 0.0 0.0 0.0 0.0
8.90349869948 4.78610533178 14.2601119884 0.495213521312 -0.268248913446 -0.826320814663 0.866461977199 0.221803805107 0.447265820411 0.0 0.0 0.0 0.0 0.0 0.0
9.31992667488 4.51215947327 14.460677464 0.364024719128 0.332412324673 -0.870050602132 0.866461977199 0.221803805107 0.447265820411 0.0 0.0 0.0 0.0 0.0 0.0
9.81933409647 4.31398701463 14.4629148775 0.0945368399786 0.80678456301 -0.58323361938 0.866461977199 0.221803805107 0.447265820411 0.0 0.0 0.0 0.0 0.0 0.0
10.3402911937 4.2997211225 14.3322041692 -0.21086716525 0.974645857142 -0.0748364334801 0.866461977199 0.221803805107 0.447265820411 0.0 0.0 0.0 0.0 0.0 0.0
10.813181114 4.50762578419 14.1844344934 -0.436159208889 0.772222894935 0.461992364698 0.866461977199 0.221803805107 0.447265820411 0.0 0.0 0.0 0.0 0.0 0.0
11.1866485289 4.89155867907 14.1419759918 -0.495747076878 0.276419544065 0.823302539426 0.866461977199 0.221803805107 0.447265820411 0.0 0.0 0.0 0.0 0.0 0.0
11.447110382 5.33850141771 14.2871893299 -0.366992341912 -0.324400213084 0.871826314542 0.866461977199 0.221803805107 0.447265820411 0.0 0.0 0.0 0.0 0.0 0.0
11.6239163192 5.71149711758 14.6311355038 -0.0988110804688 -0.8019749056 0.589128696605 0.866461977199 0.221803805107 0.447265820411 0.0 0.0 0.0 0.0 0.0 0.0
11.7781982675 5.90168261248 15.1093735826 0.206910162478 -0.974865923173 0.0826112371213 0.866461977199 0.221803805107 0.447265820411 0.0 0.0 0.0 0.0 0.0 0.0
11.9796453939 5.86964738952 15.6064428956 0.434022775346 -0.777389077644 -0.455291612531 0.866461977199 0.221803805107 0.447265820411 0.0 0.0 0.0 0.0 0.0 0.0
12.2800280256 5.66040630185 15.9997284712 0.496242879386 -0.284569124265 -0.820221566513 0.866461977199 0.221803805107 0.447265820411 0.0 0.0 0.0 0.0 0.0 0.0
