
#id1 id2 FENE BEXC STCK NEXC HB CRSTCK CXSTCK total, t = 100
0 1 0.379467 0 -0.640301 0 0 0 0 -0.260834
1 2 0.00546391 0 -0.993931 0 0 0 0 -0.988467
2 3 0.0269093 0 -0.185027 0 0 0 0 -0.158117
3 4 0.00252891 0 -1.21728 0 0 0 0 -1.21475
4 5 0.0110824 0 -1.27636 0 0 0 0 -1.26528
5 6 0.00174691 0 -1.34206 0 0 0 0 -1.34031
6 7 0.322276 0 -0.0501486 0 0 0 0 0.272128
7 8 0.153973 0 -0.00246956 0 0 0 0 0.151504
8 9 0.118943 0 -1.06596 0 0 0 0 -0.947014
9 10 0.0333811 0 -1.42307 0 0 0 0 -1.38969
10 11 0.0413195 0 -1.10991 0 0 0 0 -1.0686
11 12 0.170842 0 -1.216 0 0 0 0 -1.04516
12 13 0.163027 0 -1.0602 0 0 0 0 -0.897177
13 14 0.137545 3.88982e-05 -1.05995 0 0 0 0 -0.922367
14 15 0.710005 0 -1.32446 0 0 0 0 -0.614451
15 16 0.173136 0 -1.28658 0 0 0 0 -1.11344
16 17 0.10609 0 -1.09682 0 0 0 0 -0.990733
17 18 0.0641229 0.0175746 -0.930872 0 0 0 0 -0.849175
18 19 0.0144666 0 -1.1647 0 0 0 0 -1.15023
19 20 0.224429 0 -1.1284 0 0 0 0 -0.903971
20 21 0.719413 0 -0.264216 0 0 0 0 0.455197
21 22 0.000760392 0 -1.14568 0 0 0 0 -1.14492
22 23 0.194631 0 -1.14377 0 0 0 0 -0.949141
23 24 0.0597517 0 -1.38885 0 0 0 0 -1.3291
24 25 0.0248505 0 -1.40509 0 0 0 0 -1.38024
25 26 0.299553 0 -1.12429 0 0 0 0 -0.824734
26 27 0.00107455 0 -1.13693 0 0 0 0 -1.13586
28 29 0.151401 0 -1.03106 0 0 0 0 -0.879656
29 30 0.00122529 0 -1.0285 0 0 0 0 -1.02727
30 31 0.00162879 0 -0.931499 0 0 0 0 -0.929871
31 32 0.000488896 0 -1.135 0 0 0 0 -1.13451
32 33 0.106949 0 -1.37772 0 0 0 0 -1.27078
33 34 0.831651 0 0 0 0 0 0 0.831651
33 35 0 0 0 0 0 -0 -0.128598 -0.128598
34 35 0.517696 0 -0 0 0 0 0 0.517696
35 36 0.0122568 0 -1.24846 0 0 0 0 -1.2362
36 37 0.09078 0 -1.40099 0 0 0 0 -1.31021
37 38 0.295811 0 -1.12468 0 0 0 0 -0.828874
38 39 0.140189 0 -1.42558 0 0 0 0 -1.2854
39 40 0.0527072 0 -0.650245 0 0 0 0 -0.597538
40 41 0.0792108 0 -1.05448 0 0 0 0 -0.975273
41 42 0.33196 0 -1.22102 0 0 0 0 -0.88906
42 43 0.623167 0 -0.823123 0 0 0 0 -0.199956
43 44 0.100738 0 -1.10832 0 0 0 0 -1.00759
44 45 0.459193 0 -1.23887 0 0 0 0 -0.779681
45 46 0.308238 0 -1.37622 0 0 0 0 -1.06798
46 47 0.77702 0 -0.473171 0 0 0 0 0.303849
47 48 0.15079 0 -0.525991 0 0 0 0 -0.375201
48 49 0.0311081 0 -0.323092 0 0 0 0 -0.291984
49 50 0.0579854 0 -1.16021 0 0 0 0 -1.10222
50 51 0.0531126 0 -1.3879 0 0 0 0 -1.33479
51 52 0.19966 0 -0.768232 0 0 0 0 -0.568572
52 53 0.0366674 0 -1.34988 0 0 0 0 -1.31321
53 54 0.00135582 0 -0.937899 0 0 0 0 -0.936544
#Total energy per particle is  -0.778594 and should be -0.77859410

