t = 100
b = 30 30 30
E = -0.580337950950378 -0.778594496701051 0.198256545750673
20.7913737094556 18.8020801297132 18.954057837445 -0.255985232792273 -0.0538669847874469 0.965178632710572 0.270805145624645 0.954471747735199 0.125092530385741 1.76140007262787 -0.264739893762564 0.59852790859923 0.650127995260421 0.548298945615955 -0.391107386821214
20.3751655311648 19.2564052995349 19.0067224509765 0.536356110708371 -0.187051771315349 0.823002817829078 0.208314510240284 0.974301824862976 0.0856790765095697 1.6822584464341 -0.899187185200907 0.0990897087265817 0.709630732049302 -0.685943393799811 -0.238657914732814
20.2181047800484 19.6769205191147 19.2170596359557 0.919733142228299 -0.337892500272248 0.199798621253842 0.282889881162633 0.923407325350112 0.259407231188403 1.1886602103483 -0.278908865089665 0.0703526908032002 0.486163740861861 -0.80155928895141 0.109892038001646
20.1378146956934 20.0630416853463 19.7247050568822 0.952088656674952 -0.304447867344113 -0.0289581218040915 0.30517659802423 0.939662305276737 0.154602318460165 0.440945914291691 -0.173462120584924 -0.254148238548588 0.0196156735892942 0.145984409369209 -0.0872716743591237
20.4102178678878 20.4698810248823 19.9577769898241 0.650294881084359 -0.421616736752185 -0.631946027696197 0.559175082480153 0.828744254249983 0.0224959794139784 -0.327747642606718 0.337070426219261 -0.426878112501871 0.232671062898926 -0.0105189842602058 -0.619187023394491
20.8580098750511 20.5609956809694 20.0635130914538 0.102532625030014 0.187855272457493 -0.976830250511505 0.61320779482191 0.761283631310255 0.210768400642596 0.348145297988035 -0.124446914316082 -0.0598826349151727 0.585395382034503 0.284798138703293 0.267597964855847
21.3450937283419 20.7058129492865 19.9687087137679 -0.506006099870502 0.551076313192405 -0.66353041332355 0.639114232975462 0.756148962819368 0.140611620108258 -0.069967389484735 -0.0292745788500862 -0.638958799902532 0.567652900149119 -0.451066275345751 0.439821903286322
22.1001100263803 20.7185644813205 19.7704769944128 -0.677128663086793 0.64739749625306 -0.349818719503882 0.674042561572873 0.736402434022208 0.0581202533761573 1.04299252812131 -0.953515398356987 -0.493496884602966 0.372582367563146 -0.344889504787033 0.0379985803745611
21.9307216707532 21.4553441919783 19.7220556709947 -0.90494432174934 0.420698886547553 -0.0639383670796542 0.420299140715637 0.907159875360126 0.0202354920018762 -0.282132712446152 -0.209433055078824 0.648891290806226 0.310042944134902 0.00890312817712259 -0.857146445442244
21.8976108992987 21.8721251892435 19.534949342756 -0.62910343229806 0.371161614919873 0.682984487856707 0.539832896173575 0.840806087506073 0.0403168485416921 -0.151932002260513 -0.0583408444331482 0.243079842162202 0.218777197206767 0.0866207087339204 -0.0163650199828911
21.9552225477827 22.3559384459184 19.4429705171285 -0.129699541989111 -0.0660972952708919 0.989347793929296 0.558715585738302 0.819423747974183 0.127990226666211 0.0816555848790845 -0.0325572208062923 0.69629546547737 0.229513154929513 0.0181488810550131 -0.163500619626798
21.9192146333526 22.82344009658 19.656583856287 0.444388940144042 -0.362000793632611 0.819435034703174 0.294821984357983 0.922860866722112 0.24780577847367 0.337737426570143 0.14759992753323 0.370195034631473 0.544270754043134 0.0152712105201315 -0.104552211492511
21.8083188144323 23.2372145712037 19.8831338737875 0.92474795248891 -0.259426159153418 0.278458568276841 0.203454951596189 0.955328376820487 0.214368047294297 0.360060506157161 -0.051732853479134 -0.181452125080672 0.216983166552059 -0.0878239257494037 0.602571155827049
21.9862742386625 23.6597948591478 20.0387579293323 0.848666022774886 -0.485722966284818 -0.209377799753183 0.509895647630426 0.856533675801022 0.0797268563750515 -0.270337425967858 -0.95623316278297 -0.242648231264946 -0.0021047232194125 0.179300546619922 -0.509364661486129
22.2630427592729 23.8847393764697 20.2846048827632 0.489871177301327 -0.278819416868436 -0.826005958754843 0.578705272309417 0.812620495734955 0.0689058721617469 -0.309102370346639 0.104349591710986 -0.332082566783081 0.353173968104847 0.398286185132719 0.270781074090322
22.6177763408375 24.061199723735 20.3106611502647 0.149728619027706 0.0742175251609997 -0.98593761498694 0.591637171312888 0.792224623872206 0.149484069203303 -0.1287699977751 0.263736418762455 -0.546349149472252 0.479674743622334 -0.151704012308209 -0.196571892731654
23.0496297917282 24.2829010970703 20.4059643430672 -0.374788119498764 0.349286123541458 -0.858797386213365 0.533423219488173 0.838874701724275 0.108391814269961 -0.040035652578539 0.228416684918204 -0.233141370831276 0.337881275668837 0.138177642014838 0.164854806309535
23.4020158223231 24.6539966373049 20.3864890017736 -0.78319601737432 0.249588158374497 -0.56948190133651 0.404528788501863 0.900088355716594 -0.161855797594349 -0.31372381198717 -0.357585310337425 -0.406811035092427 0.426275438060481 0.499383815021042 -0.651639570414895
23.649849261069 24.8657664026191 20.0780772195123 -0.90543828474214 0.389826965724912 0.167977173615472 0.392524160311288 0.919560830766203 -0.0182358381445434 -0.4736107194712 -0.166898678113741 0.465299528070502 0.6581049319935 -0.0422848679508682 -0.0901962874612653
23.653598092324 25.2187437968804 19.8398597378754 -0.224760169157232 0.288685757550035 0.930668196854612 0.360864601945753 0.911854320895971 -0.195699581719116 -0.253738973419224 0.0574506773253736 -0.23448201395604 0.337049402614588 -0.361334947235199 0.746576208503027
23.8050251317388 25.7005997588416 19.8525531464053 -0.11645916736031 -0.0844876171606095 0.989595364619565 0.311936801583403 0.942845707387606 0.117206174915131 0.751090574963211 -0.336311564449234 -0.127108013957735 0.295590335079584 -0.0459218995522172 -0.0196096854696058
23.804207103705 25.8981753269237 20.0856624505078 0.670580389175494 -0.0622712506454948 0.739218585110842 0.216272726261868 0.969594078268495 -0.114513374445346 0.834083803927974 -0.987861842130798 0.226851138213302 0.311225169852245 -0.978324904906729 0.232754572825297
23.7635577057527 26.436718269417 20.260806624717 0.90228450197957 -0.344217481947804 0.259609101123481 0.331558695690422 0.938886307075558 0.0925268314283056 0.980871125306212 -0.598208312152395 -0.0298279821109359 0.155950672668646 -0.753233405645468 0.104006384563946
23.851220173228 26.9100388669815 20.4723276000384 0.882748860690369 -0.432207976707302 -0.184256872456995 0.461820059140625 0.870337968726055 0.170979338620664 0.423711240731382 -0.526704052842905 -0.233378202720287 0.24643432439054 0.0877606689790093 -0.265769087709711
24.132646447641 27.1856280272014 20.7888536317615 0.622136306035983 -0.183899647817345 -0.761004084772441 0.47247298378122 0.863255858996312 0.177647073294751 0.340596202614821 -0.0145807295174187 -0.358780572342579 0.380988464401061 0.0342661315942542 0.168494649388907
24.556993526183 27.3690768549933 20.946083359371 0.00219019706186392 0.266568906679845 -0.963813314958164 0.574015404062854 0.788879037204852 0.219490465192932 0.317365747365367 -0.292671119024017 -0.312289212396202 0.206960306978534 -0.165063944238711 0.377124002879463
24.8798577455609 27.7515259541432 21.0101371223457 -0.461237105063581 0.314788407808906 -0.82955920351367 0.545006759043231 0.838295982561855 0.0150785119903353 0.138192421606524 0.508834848852033 -0.187003381873561 0.19331466164126 -0.219141003977856 0.0304042685802444
25.256185316731 28.0869564712605 20.885461759236 -0.887157844849069 0.452417155981425 -0.090937156319223 0.439768321922331 0.888581907427091 0.130483323182674 -0.508749550744827 0.382725379816652 -0.401658375100683 0.109180378737378 0.0653876143859817 0.730728261825383
27.1871780812457 10.9623151867021 16.9837205430697 -0.51678329671173 0.526832557649754 -0.674820246165886 0.566370734328289 0.801477872958331 0.19198253284772 -0.383162671529798 0.035457612730775 0.060738917169257 0.334427243146667 -0.0081218933203813 -0.462257304329303
27.4832327981621 11.3678555948347 16.9239349648162 -0.858016887232661 0.484634151271021 -0.17010774528046 0.503552415280619 0.858978991799943 -0.0926820209251828 0.0093809166379267 0.43912360446555 -0.398747344853413 0.512697048929673 0.407483070448948 -0.430578312066798
27.5161841093201 11.8009420526825 16.7103012130832 -0.593752396980964 0.375740292437407 0.711531591570109 0.604166688453992 0.792224439250583 0.0858075394647585 -0.363598894798865 -0.193065674554214 0.57232802158497 0.593673901886837 0.085256118883119 0.425829059360923
27.6962307947426 12.3684925008515 16.8129625680602 -0.54123715540465 -0.0653977357002656 0.838322945561749 0.355385047817704 0.8857619107597 0.298541773663083 -0.0457843567775518 0.564611237678232 0.135548880413524 0.49662781952554 0.094206086401144 -0.464578470572434
27.5460051152732 12.8438386569621 17.0270156926392 0.0726294901746533 -0.393442364527627 0.916475828485655 0.345668919811008 0.871878057862991 0.346902775678412 0.162511324077689 0.336571135346422 0.649401994236139 0.583787895259433 0.205026293793654 0.267021545651589
27.4578637359303 13.2644438785986 17.3534799671234 0.742742699484671 -0.58633937072101 0.323325398820955 0.449446544828064 0.794511068592024 0.408350153432917 0.0539641447528669 -0.0306498827259683 0.934403183051233 0.298231937613731 -0.212593226298222 0.551782384257669
27.1883950685369 14.223179212453 17.6013115376606 0.872990260568168 -0.407765952753786 -0.267609458887865 0.483622167846135 0.652567712379815 0.583322270159536 -0.835837752322917 2.92753961581222 0.0429576293946127 0.685933849674992 -0.126957092784602 0.49592763001597
27.6889980878282 13.6273127759211 17.934981472619 0.759435176616741 -0.355521608703291 -0.544850878233442 0.633092558564656 0.596733911620134 0.493054095174562 -0.383893325270141 0.133724494006168 -1.09801140446111 0.5348379702623 0.0180737093687257 -0.400720910354182
28.1173565818972 13.7401043139028 18.2329622771505 0.406136191398882 0.0747475368537239 -0.910750284421125 0.602476106417163 0.727458293705097 0.328369995476999 -0.679135824123826 0.233457176797959 -0.0496376740575064 0.491287753333838 0.0432413368294311 0.0807167140741049
28.5818095181661 13.8775668165889 18.352401040268 -0.108639722876678 0.473744397495165 -0.873935659717362 0.607950232941165 0.727229710609607 0.31864297267936 -0.261494704419311 -0.15837912962462 0.0981873808783821 0.414119857962682 0.102049893830504 0.0470556851867352
28.9322029984218 14.1289206789467 18.219729555276 -0.556349522087551 0.666882494025577 -0.495724549837239 0.646000069055971 0.722353795974712 0.246756534050281 -0.652422608425465 0.0854713036863951 -0.0143088669581568 0.372520112820818 -0.075796604526196 0.13907284031804
29.2443635351393 14.4198751907731 18.0698017183128 -0.749649697710036 0.622987273009537 0.223410098954053 0.66149007291689 0.69438769666233 0.283295766004334 -0.449895639190829 0.387923761735712 -0.199591248901821 0.284092758771407 -0.142683474539143 0.544960958595267
29.3737660159289 14.9361654528133 18.2470036780629 -0.816553792232416 0.223781684001851 0.532129254131186 0.403791179401369 0.880181035461072 0.249467255632137 -1.08162999624878 0.572299473379554 0.51740832104726 0.33660578388721 0.62553412347234 -0.150816929668265
29.25773359154 15.4306944661509 18.1552635521093 -0.431879936573756 0.00900640661072295 0.901886071779753 0.353601750571671 0.921588901792003 0.160123660875102 -0.679651471514341 0.162550270954684 0.325582691549825 0.553294490141307 -0.527727743994158 0.170360905764357
29.3039598640374 15.8733922825648 18.174826473301 0.16798024343029 -0.350198685905848 0.921489771524492 0.483124307303367 0.844061528354118 0.232703504542268 -1.06177537102655 0.371135970081884 0.250968796570008 0.122236603647649 -0.259847014272545 -0.0462559067307079
29.4864767523805 16.2375034391623 18.3363547762689 0.606667548245994 -0.545801059634692 0.57797540605934 0.347366252567365 0.835976388486239 0.424829436596539 -0.598136732501623 -0.22329070339463 0.211367544978456 0.0364194561468945 0.2105774961285 -0.148429569899599
29.6841838820531 16.4836600988015 18.7170907634065 0.831406619026428 -0.555472503438973 -0.0146017997488082 0.52246538233665 0.772515982084586 0.360900073066988 -0.456386437071791 -0.470300998978937 -0.272840154005887 0.398443266275344 0.1425041556812 -0.0924290609324624
29.874969901226 16.69036782712 19.0233608330506 0.759499416007903 -0.285822078882089 -0.58435114200606 0.587088041666588 0.688051759294988 0.426511771932745 -0.227000043301069 0.110032347875605 -0.0795418761758814 0.448403440859037 0.0224385909643259 0.0790393713455796
30.2067655472113 16.8249755757032 19.3088971720553 0.422703226334172 0.0934990766119645 -0.901432075040878 0.684814233071392 0.618536150836028 0.385282213093476 -0.0607567944972225 0.371139413376766 -0.0894892321292307 0.389022186515496 -0.4963951704984 -0.00836837616354794
30.4025231914872 16.9633134579815 19.587582546787 -0.0559904865975694 0.485659034959653 -0.87235328162703 0.615512578518887 0.704734521515069 0.352836225164301 -1.22476761278402 0.474336161142684 -0.377736359319005 0.2742707906321 -0.108229539782426 0.169451814491001
30.6898671785346 17.3045098037763 19.4233545738757 -0.599815198131638 0.621022875920445 -0.504531660934484 0.726582440170359 0.686833189570605 -0.018385496069893 -1.3695058506722 0.640761859770645 -0.580042715325556 0.599703726859013 0.0768442936025942 0.0334708942763656
31.3162804273368 17.4693601119481 19.4018272667689 -0.725782985391574 0.662548616220775 -0.185116925168981 0.643394906586745 0.749006646258433 0.158214796661334 -1.03346614061234 -0.0273295544818545 0.369767766019849 0.393112361097067 -0.366087036508342 -0.342349229270062
31.6441528374892 17.7946630104059 19.2902948323018 -0.776112124582201 0.349585816323207 0.524823406717591 0.54481084166673 0.790818221900493 0.278904226546783 -0.546922887393017 -0.0317444132852996 0.132362293314548 0.212693743274409 -0.225615078330296 -0.276210307033128
31.673708022947 18.2779521938843 19.286275106838 -0.290163929924507 -0.0736458182776106 0.954138915220741 0.494701425195138 0.84193851998732 0.21542959460305 -0.45011683665064 -0.046321061497668 0.303477258502721 0.347503402775172 -0.326934565584848 0.00114573024250829
31.7097863524789 18.8452987157013 19.4115614719211 -0.159387972149342 -0.240132603110706 0.957565506406507 0.44432608850334 0.848718289446641 0.286795177855889 0.214950992768453 -0.0265027738260423 0.359484903367266 0.431607192309933 0.315419698785648 -0.268698122163397
31.6549172961442 19.319293807385 19.5611871986731 0.505648299008085 -0.494891601619222 0.706683793676611 0.415373900888587 0.85757846503193 0.303353886035408 0.234219706891287 0.196275697973993 -0.0424832792340361 -0.0496275042818467 -0.502037253513481 -0.34254518941271
31.798741669695 19.7843056131045 19.8110043847093 0.792376517678755 -0.609813876853072 -0.0163208645499215 0.607619134881857 0.786582279945987 0.109941756621102 0.369366734864073 -0.0642136188923602 -0.313974108067218 -0.269255055041836 0.0667713390796808 0.109842388964464
