t = 0
b =  30.0 30.0 30.0
E = 0. 0. 0.
21.5459394863 12.2344655414 10.7093721639 -0.226676241297 -0.0725120565872 0.971267153404 0.485374976832 0.856161538495 0.177196365276 0.0 0.0 0.0 0.0 0.0 0.0
21.4122018264 12.7398920361 10.8332406381 0.311521753153 -0.358722938292 0.879927298619 0.485374976832 0.856161538495 0.177196365276 0.0 0.0 0.0 0.0 0.0 0.0
21.3494755599 13.1635476258 11.1576885676 0.731367425214 -0.508648978212 0.45428835149 0.485374976832 0.856161538495 0.177196365276 0.0 0.0 0.0 0.0 0.0 0.0
21.453464521 13.4712566648 11.5856915411 0.873354384625 -0.465330767152 -0.143942335667 0.485374976832 0.856161538495 0.177196365276 0.0 0.0 0.0 0.0 0.0 0.0
21.7565346416 13.6728935409 11.9808828547 0.683539411611 -0.245225617735 -0.687486922916 0.485374976832 0.856161538495 0.177196365276 0.0 0.0 0.0 0.0 0.0 0.0
22.2154175926 13.8186312296 12.2193615026 0.234036387956 0.0680448438128 -0.969843733981 0.485374976832 0.856161538495 0.177196365276 0.0 0.0 0.0 0.0 0.0 0.0
22.7276491456 13.9798797427 12.2367642408 -0.304380972364 0.355463931547 -0.883740695584 0.485374976832 0.856161538495 0.177196365276 0.0 0.0 0.0 0.0 0.0 0.0
23.1704970463 14.2221562701 12.0527182597 -0.727158912303 0.507836328647 -0.461889791578 0.485374976832 0.856161538495 0.177196365276 0.0 0.0 0.0 0.0 0.0 0.0
23.4475890501 14.5801941047 11.763384486 -0.87367702401 0.467273213923 0.135440766634 0.485374976832 0.856161538495 0.177196365276 0.0 0.0 0.0 0.0 0.0 0.0
23.5255263488 15.044746883 11.5049244393 -0.688270627195 0.249185192838 0.681315113153 0.485374976832 0.856161538495 0.177196365276 0.0 0.0 0.0 0.0 0.0 0.0
23.4465723364 15.5661014339 11.4017701941 -0.241378711837 -0.0635724491601 0.968346457204 0.485374976832 0.856161538495 0.177196365276 0.0 0.0 0.0 0.0 0.0 0.0
23.312596039 16.072964643 11.5193505543 0.297217011785 -0.352177854848 0.887486792274 0.485374976832 0.856161538495 0.177196365276 0.0 0.0 0.0 0.0 0.0 0.0
23.2463703688 16.499548899 11.8392335568 0.722895023426 -0.506985005379 0.469456056971 0.485374976832 0.856161538495 0.177196365276 0.0 0.0 0.0 0.0 0.0 0.0
23.3449286419 16.8105659071 12.2661290822 0.873933129508 -0.469180076029 -0.126928883262 0.485374976832 0.856161538495 0.177196365276 0.0 0.0 0.0 0.0 0.0 0.0
23.6426999994 17.0146333021 12.6640911646 0.692949428306 -0.253125791524 -0.675091418606 0.485374976832 0.856161538495 0.177196365276 0.0 0.0 0.0 0.0 0.0 0.0
24.0984292009 17.161000665 12.908166137 0.248702653795 0.0590952132193 -0.966775437095 0.485374976832 0.856161538495 0.177196365276 0.0 0.0 0.0 0.0 0.0 0.0
24.6108501801 17.3208387835 12.931864618 -0.29003041698 0.348864958441 -0.891165303408 0.485374976832 0.856161538495 0.177196365276 0.0 0.0 0.0 0.0 0.0 0.0
25.0571587167 17.5602006803 12.7524219401 -0.718576083294 0.50609507324 -0.476986571467 0.485374976832 0.856161538495 0.177196365276 0.0 0.0 0.0 0.0 0.0 0.0
25.3396678125 17.914926965 12.4642501582 -0.874122681613 0.471051208257 0.118407333764 0.485374976832 0.856161538495 0.177196365276 0.0 0.0 0.0 0.0 0.0 0.0
25.4229206155 18.3770293875 12.2030693318 -0.697575458636 0.2570471137 0.668816313233 0.485374976832 0.856161538495 0.177196365276 0.0 0.0 0.0 0.0 0.0 0.0
25.3471610707 18.8977257076 12.094345205 -0.256007656083 -0.0546134769492 0.965130793293 0.485374976832 0.856161538495 0.177196365276 0.0 0.0 0.0 0.0 0.0 0.0
25.2130445727 19.4059728838 12.2056226729 0.282821735235 -0.345525494617 0.894775948854 0.485374976832 0.856161538495 0.177196365276 0.0 0.0 0.0 0.0 0.0 0.0
25.1433972981 19.8354575128 12.5208643465 0.714202420811 -0.505166600002 0.48448076159 0.485374976832 0.856161538495 0.177196365276 0.0 0.0 0.0 0.0 0.0 0.0
25.2365524879 20.1497893993 12.9465434249 0.874245665892 -0.472886468111 -0.109876767089 0.485374976832 0.856161538495 0.177196365276 0.0 0.0 0.0 0.0 0.0 0.0
25.5289920046 20.3563268006 13.3471760909 0.702148365893 -0.260948860744 -0.662490274909 0.485374976832 0.856161538495 0.177196365276 0.0 0.0 0.0 0.0 0.0 0.0
25.9814862635 20.5033809009 13.5967940778 0.263293162397 0.0501275816513 -0.963412651045 0.485374976832 0.856161538495 0.177196365276 0.0 0.0 0.0 0.0 0.0 0.0
26.493998207 20.6618615849 13.6268021206 -0.275591515521 0.342159717689 -0.898318453648 0.485374976832 0.856161538495 0.177196365276 0.0 0.0 0.0 0.0 0.0 0.0
26.9436890559 20.8983375874 13.4520384437 -0.709774369048 0.504199656371 -0.491938056626 0.485374976832 0.856161538495 0.177196365276 0.0 0.0 0.0 0.0 0.0 0.0
13.1282211987 11.1653698655 11.1446926845 0.463899398157 0.878024530544 -0.117772119592 0.150545954407 0.0528744330825 0.987188031703 0.0 0.0 0.0 0.0 0.0 0.0
13.5469140606 11.1186937251 11.478163414 -0.136126669956 0.990165581232 -0.0322746257993 0.150545954407 0.0528744330825 0.987188031703 0.0 0.0 0.0 0.0 0.0 0.0
13.9345768438 11.29772586 11.8042771416 -0.684435940235 0.726126172924 0.0654845379371 0.150545954407 0.0528744330825 0.987188031703 0.0 0.0 0.0 0.0 0.0 0.0
14.1662224328 11.642278479 12.1453180716 -0.972716553661 0.18621929134 0.138365030868 0.150545954407 0.0528744330825 0.987188031703 0.0 0.0 0.0 0.0 0.0 0.0
14.1761372529 12.0292797913 12.5178993148 -0.891445885397 -0.424435412444 0.158678335232 0.150545954407 0.0528744330825 0.987188031703 0.0 0.0 0.0 0.0 0.0 0.0
13.9828469553 12.3195310379 12.9266512895 -0.471500021091 -0.87384000686 0.118707087082 0.150545954407 0.0528744330825 0.987188031703 0.0 0.0 0.0 0.0 0.0 0.0
13.6820782131 12.4105904275 13.3624625484 0.127576584288 -0.991258172843 0.0336370318718 0.150545954407 0.0528744330825 0.987188031703 0.0 0.0 0.0 0.0 0.0 0.0
13.4103905573 12.2756924854 13.8059413698 0.678184712329 -0.732080786011 -0.0642122941272 0.150545954407 0.0528744330825 0.987188031703 0.0 0.0 0.0 0.0 0.0 0.0
13.293295128 11.9739167051 14.2347829967 0.971139129512 -0.194773668835 -0.137666296015 0.150545954407 0.0528744330825 0.987188031703 0.0 0.0 0.0 0.0 0.0 0.0
13.3975708939 11.6277422609 14.6322435871 0.895141554814 0.416531221573 -0.158818570389 0.150545954407 0.0528744330825 0.987188031703 0.0 0.0 0.0 0.0 0.0 0.0
13.7058942053 11.3765161217 14.9935014794 0.479064737472 0.869588936875 -0.119633014567 0.150545954407 0.0528744330825 0.987188031703 0.0 0.0 0.0 0.0 0.0 0.0
14.1234203387 11.323512808 15.3274890222 -0.11901678317 0.992275276307 -0.0349968763541 0.150545954407 0.0528744330825 0.987188031703 0.0 0.0 0.0 0.0 0.0 0.0
14.5138165926 11.4966986748 15.653499026 -0.671881838031 0.737979648311 0.0629351603025 0.150545954407 0.0528744330825 0.987188031703 0.0 0.0 0.0 0.0 0.0 0.0
14.7510573604 11.8381070257 15.9938551016 -0.969487749359 0.20331321356 0.13695707734 0.150545954407 0.0528744330825 0.987188031703 0.0 0.0 0.0 0.0 0.0 0.0
14.7673033653 12.22586063 16.3654305473 -0.898769055735 -0.408595310238 0.158946710897 0.150545954407 0.0528744330825 0.987188031703 0.0 0.0 0.0 0.0 0.0 0.0
14.5786749356 12.5204749204 16.7732379007 -0.48659297122 -0.865271644327 0.120549831536 0.150545954407 0.0528744330825 0.987188031703 0.0 0.0 0.0 0.0 0.0 0.0
14.2791276228 12.6178505123 17.2085245919 0.110447918463 -0.993216814166 0.0363540556888 0.150545954407 0.0528744330825 0.987188031703 0.0 0.0 0.0 0.0 0.0 0.0
14.0047569165 12.4888223002 17.6520981914 0.66552779733 -0.743822310604 -0.0616532337217 0.150545954407 0.0528744330825 0.987188031703 0.0 0.0 0.0 0.0 0.0 0.0
13.8820932925 12.1902397689 18.0816179342 0.967762538961 -0.211837275198 -0.136237428854 0.150545954407 0.0528744330825 0.987188031703 0.0 0.0 0.0 0.0 0.0 0.0
13.9800311698 11.8433689241 18.4800823509 0.902328111913 0.400628282787 -0.159062746997 0.150545954407 0.0528744330825 0.987188031703 0.0 0.0 0.0 0.0 0.0 0.0
14.2836547685 11.587821309 18.8422884094 0.494084149028 0.860888457993 -0.121457468168 0.150545954407 0.0528744330825 0.987188031703 0.0 0.0 0.0 0.0 0.0 0.0
14.6999048646 11.528513245 19.1768082342 -0.101870642719 0.99408271472 -0.0377084665214 0.150545954407 0.0528744330825 0.987188031703 0.0 0.0 0.0 0.0 0.0 0.0
15.0929335444 11.6958063671 19.5027324129 -0.659123074111 0.749608327948 0.0603666120084 0.150545954407 0.0528744330825 0.987188031703 0.0 0.0 0.0 0.0 0.0 0.0
15.3357150988 12.0339727311 19.8424171627 -0.965963629698 0.220345204606 0.13550740536 0.150545954407 0.0528744330825 0.987188031703 0.0 0.0 0.0 0.0 0.0 0.0
15.3583052134 12.4223667914 20.2129908297 -0.905818452312 -0.392630745941 0.159166669853 0.150545954407 0.0528744330825 0.987188031703 0.0 0.0 0.0 0.0 0.0 0.0
15.1744139833 12.7212606608 20.6198465442 -0.501537700416 -0.856439711669 0.122355855343 0.150545954407 0.0528744330825 0.987188031703 0.0 0.0 0.0 0.0 0.0 0.0
14.8761972186 12.824929071 21.0545932798 0.0932856091312 -0.994872912026 0.0390600057083 0.150545954407 0.0528744330825 0.987188031703 0.0 0.0 0.0 0.0 0.0 0.0
10.4906107721 10.5076659841 20.9839964832 -0.325488996216 -0.25149306372 0.911486781167 0.79269362738 0.452926210958 0.408037572459 0.0 0.0 0.0 0.0 0.0 0.0
10.5811265968 10.956465039 21.2651928486 0.038588848431 -0.705268466678 0.70788932093 0.79269362738 0.452926210958 0.408037572459 0.0 0.0 0.0 0.0 0.0 0.0
10.6804387507 11.2444981247 21.707752607 0.388006144388 -0.891100587686 0.235352872392 0.79269362738 0.452926210958 0.408037572459 0.0 0.0 0.0 0.0 0.0 0.0
10.8681969174 11.3294048035 22.20396106 0.590013418976 -0.738388697024 -0.326598067257 0.79269362738 0.452926210958 0.408037572459 0.0 0.0 0.0 0.0 0.0 0.0
11.1904486615 11.2459957555 22.6257214733 0.567864731196 -0.305150595162 -0.764468940727 0.79269362738 0.452926210958 0.408037572459 0.0 0.0 0.0 0.0 0.0 0.0
11.642145189 11.0930276198 22.8732211676 0.329974737843 0.244019319648 -0.911905282375 0.79269362738 0.452926210958 0.408037572459 0.0 0.0 0.0 0.0 0.0 0.0
12.1690594683 10.9956836956 22.912852024 -0.0332781753002 0.700482215138 -0.712893561006 0.79269362738 0.452926210958 0.408037572459 0.0 0.0 0.0 0.0 0.0 0.0
12.6883879865 11.0580147145 22.7899787708 -0.383888153265 0.890820205659 -0.243041656866 0.79269362738 0.452926210958 0.408037572459 0.0 0.0 0.0 0.0 0.0 0.0
13.1202091881 11.3234082272 22.6117041642 -0.588652603537 0.742720706331 0.319145836157 0.79269362738 0.452926210958 0.408037572459 0.0 0.0 0.0 0.0 0.0 0.0
13.4178470103 11.7581049483 22.506178861 -0.569778087979 0.312449193039 0.760084490191 0.79269362738 0.452926210958 0.408037572459 0.0 0.0 0.0 0.0 0.0 0.0
13.5856038993 12.2640244728 22.5739148413 -0.334435350615 -0.236526992559 0.912254338466 0.79269362738 0.452926210958 0.408037572459 0.0 0.0 0.0 0.0 0.0 0.0
13.6771262396 12.7160276619 22.8495992267 0.0279649679075 -0.695642619165 0.717843511479 0.79269362738 0.452926210958 0.408037572459 0.0 0.0 0.0 0.0 0.0 0.0
13.7750231953 13.0094590941 23.2889160632 0.379740927573 -0.890471984225 0.250711932777 0.79269362738 0.452926210958 0.408037572459 0.0 0.0 0.0 0.0 0.0 0.0
13.9594821073 13.0999074095 23.7853826926 0.587246959924 -0.74699615458 -0.311669300866 0.79269362738 0.452926210958 0.408037572459 0.0 0.0 0.0 0.0 0.0 0.0
14.2778039823 13.0200779279 24.2108042951 0.571648053954 -0.319723996701 -0.755642156278 0.79269362738 0.452926210958 0.408037572459 0.0 0.0 0.0 0.0 0.0 0.0
14.7264330493 12.8673673512 24.4639772443 0.338870494841 0.229016653025 -0.912533922856 0.79269362738 0.452926210958 0.408037572459 0.0 0.0 0.0 0.0 0.0 0.0
15.2523076561 12.7668611278 24.5091380571 -0.0226496308743 0.690750047313 -0.722738795388 0.79269362738 0.452926210958 0.408037572459 0.0 0.0 0.0 0.0 0.0 0.0
15.773019279 12.8238113994 24.3895505387 -0.375564783139 0.890055949901 -0.258363116004 0.79269362738 0.452926210958 0.408037572459 0.0 0.0 0.0 0.0 0.0 0.0
16.2081208976 13.0836499528 24.2110691399 -0.585796595181 0.75121471618 0.304169030751 0.79269362738 0.452926210958 0.408037572459 0.0 0.0 0.0 0.0 0.0 0.0
16.509690164 13.5147279243 24.1019230812 -0.573474486717 0.326974452142 0.751142277289 0.79269362738 0.452926210958 0.408037572459 0.0 0.0 0.0 0.0 0.0 0.0
16.6805359031 14.0203397326 24.1639999282 -0.343279832767 -0.221488872986 0.912744014255 0.79269362738 0.452926210958 0.408037572459 0.0 0.0 0.0 0.0 0.0 0.0
16.7731309935 14.4754631452 24.4341368021 0.0173325689839 -0.68580487217 0.72757903994 0.79269362738 0.452926210958 0.408037572459 0.0 0.0 0.0 0.0 0.0 0.0
16.8696770435 14.7742573157 24.8701253409 0.371360037993 -0.889572134371 0.265994623879 0.79269362738 0.452926210958 0.408037572459 0.0 0.0 0.0 0.0 0.0 0.0
17.0508746259 14.8702734901 25.3667473627 0.584301619759 -0.755376069872 -0.296645596987 0.79269362738 0.452926210958 0.408037572459 0.0 0.0 0.0 0.0 0.0 0.0
17.3652637809 14.7941016657 25.7957490113 0.575257247177 -0.334200007213 -0.746585195908 0.79269362738 0.452926210958 0.408037572459 0.0 0.0 0.0 0.0 0.0 0.0
17.8107828435 14.6417489391 26.054566541 0.347663028604 0.213944225711 -0.912884596664 0.79269362738 0.452926210958 0.408037572459 0.0 0.0 0.0 0.0 0.0 0.0
18.3355517044 14.5381648054 26.1052919982 -0.0120141871514 0.680807470332 -0.732363876531 0.79269362738 0.452926210958 0.408037572459 0.0 0.0 0.0 0.0 0.0 0.0
