
#id1 id2 FENE BEXC STCK NEXC HB CRSTCK CXSTCK total, t = 100
0 1 0.385703 0 0 0 0 0 0 0.385703
1 2 0.0301819 0 -0.627804 0 0 0 0 -0.597622
2 3 0.121236 0 -1.19686 0 0 0 0 -1.07562
3 4 0.305518 0 -1.34184 0 0 0 0 -1.03632
4 5 0.405232 0 -1.17601 0 0 0 0 -0.770777
5 6 0.685469 0 -0.00593331 0 0 0 0 0.679535
6 7 0.775142 0 -0.000171833 0 0 0 0 0.77497
7 8 0.295518 0 -0 0 0 0 0 0.295518
8 9 0.0831235 0 -1.26244 0 0 0 0 -1.17932
9 10 0.406953 0 -0.895625 0 0 0 0 -0.488672
10 11 0.0964456 0 -0.875024 0 0 0 0 -0.778578
11 12 0.46234 0 -1.32388 0 0 0 0 -0.861539
12 13 0.204026 0 -0.871198 0 0 0 0 -0.667172
12 14 0 0 0 0.0545674 0 0 0 0.0545674
13 14 1.26891 0 -0 0 0 0 0 1.26891
14 15 0.946551 0 -0.00709395 0 0 0 0 0.939457
15 16 0.0279412 0 -0.884524 0 0 0 0 -0.856583
16 17 0.0334742 0 -1.27702 0 0 0 0 -1.24354
17 18 0.134483 0 -1.22989 0 0 0 0 -1.09541
18 19 0.114359 0 -1.04533 0 0 0 0 -0.930971
19 20 0.0145237 0 -1.29097 0 0 0 0 -1.27644
20 21 1.29276 0 0 0 0 0 0 1.29276
20 22 0 0 0 0 -0 -0 -0.00370719 -0.00370719
21 22 1.47827 0 0 0 0 0 0 1.47827
22 23 0.00188044 0 -0.7814 0 0 0 0 -0.77952
23 24 0.0108681 0 -0.939243 0 0 0 0 -0.928375
24 25 0.00568072 0 -1.07014 0 0 0 0 -1.06446
25 26 0.12797 0 -1.17684 0 0 0 0 -1.04887
26 27 0.0553482 0 -0.839732 0 0 0 0 -0.784384
28 29 0.0802149 0 -1.07469 0 0 0 0 -0.994473
29 30 0.0357926 0 -1.26194 0 0 0 0 -1.22615
30 31 0.00370701 0 -1.27871 0 0 0 0 -1.27501
31 32 0.219226 0 -0.956188 0 0 0 0 -0.736962
32 33 0.0741499 0 -1.21429 0 0 0 0 -1.14014
33 34 1.21104 0 0 0 0 0 0 1.21104
33 35 0 0 0 0 0 -0 -0.000615535 -0.000615535
34 35 1.30197 0 0 0 0 0 0 1.30197
35 36 0.0134609 0 -1.32004 0 0 0 0 -1.30658
36 37 3.74203e-05 0 -1.14031 0 0 0 0 -1.14028
37 38 0.0680857 0 -0.711094 0 0 0 0 -0.643008
38 39 0.125806 0 -1.41491 0 0 0 0 -1.2891
39 40 0.0102571 0 -1.17857 0 0 0 0 -1.16832
40 41 1.03985 0 0 0 0 0 0 1.03985
41 42 0.815037 0 -0.042589 0 0 0 0 0.772448
42 43 0.0267347 0 -0.257589 0 0 0 0 -0.230854
43 44 0.0251207 0 -1.20325 0 0 0 0 -1.17813
44 45 0.0896978 0 -0.986995 0 0 0 0 -0.897297
45 46 0.121459 0 -1.22619 0 0 0 0 -1.10473
46 47 0.0266484 0 -1.08081 0 0 0 0 -1.05416
47 48 0.932821 0 -0 0 0 0 0 0.932821
48 49 0.128717 0 -1.03171e-05 0 0 0 0 0.128707
49 50 0.470076 0 -1.01321 0 0 0 0 -0.543138
50 51 0.214536 0 -1.40004 0 0 0 0 -1.18551
51 52 0.0848175 0 -1.1126 0 0 0 0 -1.02778
52 53 0.144523 0 -1.27554 0 0 0 0 -1.13101
53 54 0.0056639 0 -1.20746 0 0 0 0 -1.20179
55 56 0.0355564 0 -1.3845 0 0 0 0 -1.34894
56 57 0.78653 0 -1.24045 0 0 0 0 -0.453917
57 58 0.0466989 0 -1.2047 0 0 0 0 -1.158
58 59 0.286204 0.00111825 -1.09535 0 0 0 0 -0.808028
59 60 0.308342 0 -1.28589 0 0 0 0 -0.977545
60 61 0.128254 0 -1.29691 0 0 0 0 -1.16866
61 62 0.104958 0.180107 -0.982155 0 0 0 0 -0.69709
62 63 0.0159365 0 -1.28419 0 0 0 0 -1.26825
63 64 0.301295 0 -0.94449 0 0 0 0 -0.643195
64 65 0.0155957 0 -1.17124 0 0 0 0 -1.15564
65 66 0.73362 0 -1.17472 0 0 0 0 -0.441099
66 67 0.255795 0 -1.12648 0 0 0 0 -0.870686
67 68 0.447594 0 -1.35369 0 0 0 0 -0.906096
68 69 0.0672813 0 -1.01182 0 0 0 0 -0.944542
69 70 0.125413 0 -1.37483 0 0 0 0 -1.24942
70 71 0.12931 0 -0.970894 0 0 0 0 -0.841584
71 72 0.153898 0 -1.18097 0 0 0 0 -1.02708
72 73 0.377264 0 -1.14839 0 0 0 0 -0.771131
73 74 0.0109151 0 -1.0054 0 0 0 0 -0.994487
74 75 1.387 0 0 0 0 0 0 1.387
75 76 1.43031 0 0 0 0 0 0 1.43031
76 77 0.000887053 0 -1.10303 0 0 0 0 -1.10215
77 78 0.227524 0 -0.893696 0 0 0 0 -0.666172
78 79 0.0452553 0 -1.05546 0 0 0 0 -1.01021
79 80 0.0576961 0 -1.22189 0 0 0 0 -1.16419
80 81 0.000144941 0 -1.32104 0 0 0 0 -1.32089
#Total energy per particle is  -0.555587 and should be -0.55558710

