t = 0
b =  30.0 30.0 30.0
E = 0. 0. 0.
29.0402398561 25.5691947632 19.5463458499 -0.693997493914 -0.130286096987 0.708091103865 0.403213548405 0.744458538116 0.532165687929 0.0 0.0 0.0 0.0 0.0 0.0
28.9084441273 26.0748934744 19.6711809469 -0.212408506277 -0.489513473512 0.845729972102 0.403213548405 0.744458538116 0.532165687929 0.0 0.0 0.0 0.0 0.0 0.0
28.7282298729 26.469007574 19.9888002176 0.349878024176 -0.662766497221 0.662061884086 0.403213548405 0.744458538116 0.532165687929 0.0 0.0 0.0 0.0 0.0 0.0
28.6277703251 26.7120440297 20.4573365157 0.779240043596 -0.584223447771 0.226865417221 0.403213548405 0.744458538116 0.532165687929 0.0 0.0 0.0 0.0 0.0 0.0
28.7049385698 26.821906732 20.9775867927 0.912555742255 -0.283724142818 -0.294521014633 0.403213548405 0.744458538116 0.532165687929 0.0 0.0 0.0 0.0 0.0 0.0
28.9901239246 26.8670945071 21.4307009952 0.699176257313 0.124566707607 -0.7040139889 0.403213548405 0.744458538116 0.532165687929 0.0 0.0 0.0 0.0 0.0 0.0
29.4346865293 26.9406772671 21.7233351868 0.220168022614 0.485532583168 -0.846040278297 0.403213548405 0.744458538116 0.532165687929 0.0 0.0 0.0 0.0 0.0 0.0
29.9294364416 27.1249371947 21.8231144703 -0.342485724889 0.662036512711 -0.66664172093 0.403213548405 0.744458538116 0.532165687929 0.0 0.0 0.0 0.0 0.0 0.0
30.3461167222 27.4601083663 21.7709327525 -0.77502341945 0.587021702415 -0.233974828127 0.403213548405 0.744458538116 0.532165687929 0.0 0.0 0.0 0.0 0.0 0.0
30.5861303899 27.9290911533 21.6654164653 -0.913116759262 0.288987532892 0.287583013732 0.403213548405 0.744458538116 0.532165687929 0.0 0.0 0.0 0.0 0.0 0.0
30.6179990637 28.4639486576 21.6254547352 -0.704301775732 -0.11883783199 0.699883260543 0.403213548405 0.744458538116 0.532165687929 0.0 0.0 0.0 0.0 0.0 0.0
30.4893221255 28.9717170743 21.7450314163 -0.227910772304 -0.481514717637 0.846286155249 0.403213548405 0.744458538116 0.532165687929 0.0 0.0 0.0 0.0 0.0 0.0
30.3086929196 29.369724196 22.0575190531 0.335067343988 -0.661256111557 0.671170790427 0.403213548405 0.744458538116 0.532165687929 0.0 0.0 0.0 0.0 0.0 0.0
30.2044423252 29.6169979663 22.5230000927 0.770747774271 -0.589775253083 0.241066420943 0.403213548405 0.744458538116 0.532165687929 0.0 0.0 0.0 0.0 0.0 0.0
30.2758837103 29.729832449 23.0434322306 0.913608238893 -0.294228915447 -0.280623112272 0.403213548405 0.744458538116 0.532165687929 0.0 0.0 0.0 0.0 0.0 0.0
30.5555821222 29.7755974412 23.4998963212 0.709373658845 0.113099906412 -0.695699233367 0.403213548405 0.744458538116 0.532165687929 0.0 0.0 0.0 0.0 0.0 0.0
30.9969822819 29.8471435607 23.7977757496 0.235636165706 0.477460182896 -0.846467584235 0.403213548405 0.744458538116 0.532165687929 0.0 0.0 0.0 0.0 0.0 0.0
31.4920957131 30.0275267439 23.9027028656 -0.327623446411 0.66042535319 -0.675648747669 0.403213548405 0.744458538116 0.532165687929 0.0 0.0 0.0 0.0 0.0 0.0
31.9125273693 30.3584539071 23.8536158283 -0.766413433665 0.592483890083 -0.248139655619 0.403213548405 0.744458538116 0.532165687929 0.0 0.0 0.0 0.0 0.0 0.0
32.1582550592 30.8244377917 23.7479653487 -0.91403014372 0.299447891331 0.273641840275 0.403213548405 0.744458538116 0.532165687929 0.0 0.0 0.0 0.0 0.0 0.0
32.195629549 31.3586808325 23.7046915352 -0.714391520407 -0.107353367839 0.691462226 0.403213548405 0.744458538116 0.532165687929 0.0 0.0 0.0 0.0 0.0 0.0
32.0701584693 31.8684526698 23.8190365579 -0.243343614502 -0.473369287714 0.846584551436 0.403213548405 0.744458538116 0.532165687929 0.0 0.0 0.0 0.0 0.0 0.0
31.8892172051 32.270319963 24.1263605557 0.320154599041 -0.659544300875 0.680075251643 0.403213548405 0.744458538116 0.532165687929 0.0 0.0 0.0 0.0 0.0 0.0
31.7812551917 32.5218441121 24.5887077285 0.762020727708 -0.59514740714 0.255193993498 0.403213548405 0.744458538116 0.532165687929 0.0 0.0 0.0 0.0 0.0 0.0
31.8469958272 32.637704391 25.1092263802 0.914382441612 -0.304644063099 -0.266639729392 0.403213548405 0.744458538116 0.532165687929 0.0 0.0 0.0 0.0 0.0 0.0
32.1211699691 32.6841210462 25.5689644971 0.719354978288 0.10159865389 -0.687172561108 0.403213548405 0.744458538116 0.532165687929 0.0 0.0 0.0 0.0 0.0 0.0
