t = 100
b = 30 30 30
E = -0.729816678053688 -0.954473015803198 0.22465633774951
28.9621592388106 25.8509231279791 19.7505917554734 -0.946732004405907 -0.0910702755980298 0.308876371908831 0.139780646432226 0.747882290347985 0.648947865992528 0.216201425063286 0.546835214976271 0.791287936425483 0.274335918829743 0.861700656805965 -1.09867699835809
28.8050492729717 26.2482650203886 19.7526060613009 -0.310731749085949 -0.370428650082666 0.875344662706142 0.34641769714012 0.813455092769389 0.467210308851138 -0.26831595923411 0.282408616127986 0.415644932818274 0.307775390534889 0.0345752840101866 -0.172888876639603
28.7418621422943 26.5620775297306 20.0520326259609 0.332543419487411 -0.666620866397063 0.667106719696519 0.418521181574125 0.738208771829782 0.529044148049434 0.0770460235383612 0.548880565754696 0.362924988910718 0.38395095663167 0.213025476485251 -0.045324749603847
28.7753613037688 26.6731456397172 20.5403374320236 0.673230262526693 -0.6783604121425 0.294258471177872 0.293676805530321 0.610518263472662 0.735541482730319 0.378706667083863 0.350010542818267 -0.263536946107358 0.43514766348353 0.222052827066768 -0.0883558528557706
28.9573312256582 26.8068386197454 20.9598419810575 0.858946682846869 -0.470854648267816 -0.201261971159448 0.482484714605988 0.612543308139985 0.626098298716474 0.624106610769677 0.263089106348037 0.421522791347953 0.431947035388424 0.0100071465446101 -0.30408163485605
29.1450924861555 26.8336303016477 21.3713538832124 0.705159222171877 0.154651936740176 -0.691977695199475 0.391428698232447 0.728830674484461 0.561773355506238 0.58241662823978 0.330245589658186 0.530717994734167 0.427408654416297 -0.539163431447656 -0.0986392852327684
29.4338805926511 27.168589436392 21.7000821903551 0.398604423774718 0.195876674944923 -0.895961345468179 0.53565665387114 0.743256859969814 0.400800538731542 -0.132246351607565 0.800921277699926 0.234514802247822 0.291534339103549 0.390445478600393 -0.65080820230474
29.8400756919393 27.3108002642787 21.8929588502094 -0.159216662281085 0.546582723723699 -0.822129715204627 0.530335745759453 0.7497483441338 0.395754092628582 -0.368831531405785 0.464046108103942 -0.413156802268041 0.17192778217543 0.16116193936416 -0.519282570767053
30.1726854640167 27.6331393848544 21.883975248525 -0.746607213788718 0.559783291421592 -0.359472136786247 0.373071164124815 0.799685350143233 0.470447795607579 -0.379460810951802 0.149167534789719 0.0157127380908749 0.338348085745928 0.184303650951098 -0.287589007545144
30.3106964444576 28.0252616212157 21.8883114591023 -0.917541129906763 0.304839186072471 0.255325726287646 0.397630750862127 0.707938074422334 0.583706561562644 -0.166027176500949 0.310188786553142 0.216504370115924 0.398720065919511 0.48648437959843 0.397273001068882
30.3811134965234 28.4944078342641 21.8470307387046 -0.54922053838883 -0.219247145967472 0.806403977613891 0.252457250343866 0.876353415538292 0.410207161172143 -0.493766528532634 0.344830080279616 0.23691813844261 0.368309332039579 -0.548505757931488 -0.00705271120243517
30.3695269843272 28.9816956042153 21.9634891897107 -0.306033343219092 -0.536712829831823 0.786309615949628 0.100283840297145 0.803168404462623 0.587250846532345 0.317414824634212 -0.438826151216249 0.453453012215498 0.581376034987282 -0.152398840210999 -0.00938349230002131
30.238555556612 29.3736993647052 22.1728588231838 0.446382228573913 -0.624618937895583 0.64077606899337 0.285756965133022 0.778084548200171 0.55939903035115 -0.217801862455286 -0.0246257337164146 0.709907958332335 0.294671781820412 -0.21776072212838 0.153123169713911
30.3617446910217 29.6015329842889 22.599563292185 0.757632162995807 -0.634471938795021 0.153097176901089 0.4147872549451 0.649157718073281 0.637609341545601 0.262785785900073 0.00253767227027078 0.243588583969199 0.358727281322039 0.286820984607735 0.0622460220848086
30.5410865109855 29.7350177777471 22.9478861167956 0.912326791459781 -0.36617356224076 -0.183239270986296 0.396665708297886 0.679369418209443 0.617343819609842 -0.0772848260056736 0.254910678315288 -0.68234931571454 0.588719564308871 0.381514728164445 0.0338350629379159
30.7184580988989 29.752332847237 23.3537751533986 0.757654267382133 0.262525135617121 -0.597528614496274 0.360597935519522 0.594721718486688 0.718522853115336 0.131922219032839 -0.1377436083936 0.218228022649576 0.399328932179354 -0.340718805593871 0.0653921514633213
31.0134990458828 29.8064198288956 23.6827695934418 0.216634455173927 0.64719277380751 -0.730897330887595 0.456971970937814 0.594367464309647 0.661743014715553 -0.287652114151984 -0.301495637996855 -0.291558549089798 0.307551720107161 -0.462198401699448 0.139744252569381
31.3767214831708 30.0529568498834 23.9379075239336 -0.308722535242819 0.655155558138317 -0.689537143113213 0.589675936934214 0.700653330274097 0.401705224366634 -0.373647831960156 -0.270755930115234 -0.0162622556096344 0.325080535554329 0.0761451983833515 -0.193941650781608
31.705624063556 30.3563803627292 23.920119922487 -0.742922484956711 0.634481527426088 -0.213305540232254 0.545369017272685 0.75850308074329 0.356715009395871 -0.39548998487874 0.1310119627687 -0.0064890536699856 0.703989322208292 0.0766356410982874 -3.65680421479742e-05
31.8853996495772 30.7475331967586 23.7477814153465 -0.754176951501301 0.4829802651134 0.444912429890008 0.623089742655972 0.740220094413896 0.252652469915472 -0.442941069556974 0.0418638194261686 -0.232541144322339 0.526762011937655 -0.65595797859283 0.273616329230257
32.0305214032643 31.2431920577017 23.7646898137849 -0.606046272197588 0.00208518670436285 0.7954265829981 0.528111372164397 0.748844703872283 0.400412123774973 -0.474596534682075 -0.683611317401179 -0.0970619768357289 0.27420472599837 0.114494789219441 0.276209890330739
32.0958853819462 31.6582762395053 23.9701049650613 -0.365096585077067 -0.499394237109077 0.785690627005185 0.294412978504504 0.738700490557942 0.606335274564702 0.157578942169947 -0.763046834569875 0.172322890871455 0.191983138704689 -0.00121513708134781 -0.390207280660241
31.9745060407417 32.0109788579991 24.1947626102373 0.30420461905576 -0.710800437153643 0.634209877804783 0.257446273046158 0.702332919652828 0.663663899441289 0.0492312049498992 -0.532227060684021 -0.0160172826817936 0.647675683742205 0.100283662193397 -0.0491496056923487
31.7061924002526 32.2192918653084 24.5078786852056 0.838461601250199 -0.459892872597606 0.292370603937961 0.199249293738285 0.7580593801433 0.621003687103413 -0.428441200007496 -0.787688673485793 -0.646579813963104 0.576035672458579 -0.508318848629611 0.0687181603033865
31.7311519439454 32.526097701589 24.8772345659168 0.881042595376615 -0.40195402761002 -0.249392835106942 0.451205418791175 0.555780762794992 0.698227256586842 -0.262377208493176 -0.442475670020115 -0.816000447354756 0.437379928075775 0.578054810332891 -0.128667932907722
32.0573309993826 32.4415489531946 25.2521310947437 0.761984197449325 0.149209303472303 -0.630171839609839 0.48705287620321 0.50928205147527 0.70951474873048 0.0562185730310403 -0.758596131750847 -0.0980630861071882 0.674705159020877 -0.607626244139723 0.324940488032774
