t = 0
b =  30.0 30.0 30.0
E = 0. 0. 0.
15.4891246936 2.5346954491 11.4326025533 0.982517111135 -0.0257976501457 -0.1843762663 0.17246415572 0.499106546106 0.849204787213 0.0 0.0 0.0 0.0 0.0 0.0
15.6929956386 2.42155420597 11.9166694898 0.754765739053 0.486993075774 -0.439507023039 0.17246415572 0.499106546106 0.849204787213 0.0 0.0 0.0 0.0 0.0 0.0
16.0689154575 2.41942304979 12.3005507865 0.240266243694 0.814766990117 -0.52766171356 0.17246415572 0.499106546106 0.849204787213 0.0 0.0 0.0 0.0 0.0 0.0
16.4996039743 2.60301805464 12.5641515791 -0.365514414681 0.832997302736 -0.415348897066 0.17246415572 0.499106546106 0.849204787213 0.0 0.0 0.0 0.0 0.0 0.0
16.8469734687 2.97649482086 12.7330735775 -0.832430035844 0.534758013075 -0.145238090314 0.17246415572 0.499106546106 0.849204787213 0.0 0.0 0.0 0.0 0.0 0.0
17.0045905103 3.47186969299 12.8688885486 -0.983091568901 0.0333552135686 0.180051095201 0.17246415572 0.499106546106 0.849204787213 0.0 0.0 0.0 0.0 0.0 0.0
16.9381117978 3.9748478871 13.0457461726 -0.760260178519 -0.480719789242 0.436935859354 0.17246415572 0.499106546106 0.849204787213 0.0 0.0 0.0 0.0 0.0 0.0
16.6983317537 4.36824599013 13.3222033395 -0.248593235445 -0.812161306913 0.527821385361 0.17246415572 0.499106546106 0.849204787213 0.0 0.0 0.0 0.0 0.0 0.0
16.4018848738 4.57651189769 13.7189774077 0.357518434032 -0.835049165475 0.418178742367 0.17246415572 0.499106546106 0.849204787213 0.0 0.0 0.0 0.0 0.0 0.0
16.1869343321 4.59442832171 14.2110753334 0.827802873031 -0.540687884795 0.149663003571 0.17246415572 0.499106546106 0.849204787213 0.0 0.0 0.0 0.0 0.0 0.0
16.1606814814 4.48909492537 14.7372889455 0.983591160439 -0.0409102368628 -0.175712212513 0.17246415572 0.499106546106 0.849204787213 0.0 0.0 0.0 0.0 0.0 0.0
16.3586382667 4.37443603926 15.2234489533 0.765696721229 0.474409894037 -0.434331421312 0.17246415572 0.499106546106 0.849204787213 0.0 0.0 0.0 0.0 0.0 0.0
16.7311356436 4.36791890341 15.6106030999 0.256901295858 0.809493774481 -0.527940861521 0.17246415572 0.499106546106 0.849204787213 0.0 0.0 0.0 0.0 0.0 0.0
17.1621936791 4.54592589894 15.8774131104 -0.34949522697 0.837037435986 -0.420976741737 0.17246415572 0.499106546106 0.849204787213 0.0 0.0 0.0 0.0 0.0 0.0
17.5135842665 4.91473560433 16.0482614595 -0.823112669824 0.54657658104 -0.154076519411 0.17246415572 0.499106546106 0.849204787213 0.0 0.0 0.0 0.0 0.0 0.0
17.677346295 5.40813745857 16.1839880611 -0.984015847702 0.0484621446842 0.17135994866 0.17246415572 0.499106546106 0.849204787213 0.0 0.0 0.0 0.0 0.0 0.0
17.61680188 5.91258626021 16.3587761684 -0.77107495317 -0.468063870681 0.43169390725 0.17246415572 0.499106546106 0.849204787213 0.0 0.0 0.0 0.0 0.0 0.0
17.3804909052 6.3103398878 16.6319689155 -0.265189792243 -0.806764595964 0.528020132939 0.17246415572 0.499106546106 0.849204787213 0.0 0.0 0.0 0.0 0.0 0.0
17.0837299089 6.52419150036 17.0255238684 0.341445404494 -0.838961962856 0.423742682098 0.17246415572 0.499106546106 0.849204787213 0.0 0.0 0.0 0.0 0.0 0.0
16.8648014033 6.54680170709 17.5156709791 0.8183597834 -0.552423653362 0.158478301728 0.17246415572 0.499106546106 0.849204787213 0.0 0.0 0.0 0.0 0.0 0.0
16.8324180361 6.44348692465 18.0419432236 0.984365598348 -0.0560103619255 -0.166994635084 0.17246415572 0.499106546106 0.849204787213 0.0 0.0 0.0 0.0 0.0 0.0
17.024420838 6.32740457845 18.5301490359 0.776394464767 0.46168220245 -0.429023518026 0.17246415572 0.499106546106 0.849204787213 0.0 0.0 0.0 0.0 0.0 0.0
17.3934027825 6.31656270483 18.9205589236 0.273458093399 0.8039739792 -0.52805919358 0.17246415572 0.499106546106 0.849204787213 0.0 0.0 0.0 0.0 0.0 0.0
17.8247195081 6.48898672506 19.1905977016 -0.333369579628 0.840822599524 -0.426476352814 0.17246415572 0.499106546106 0.849204787213 0.0 0.0 0.0 0.0 0.0 0.0
18.1800446275 6.8530762833 19.3634211816 -0.813544575711 0.558228656484 -0.162868015309 0.17246415572 0.499106546106 0.849204787213 0.0 0.0 0.0 0.0 0.0 0.0
2.13906300985 6.45367533321 20.6648797763 -0.352259922548 0.923985214268 0.148876696564 0.570632907904 0.0859585045484 0.816694079759 0.0 0.0 0.0 0.0 0.0 0.0
2.58231394146 6.72359436378 20.8040107602 -0.720325622864 0.529959216917 0.447520083851 0.570632907904 0.0859585045484 0.816694079759 0.0 0.0 0.0 0.0 0.0 0.0
2.86136662466 7.11431761451 21.0451539613 -0.814727575852 -0.065407147387 0.576143109147 0.570632907904 0.0859585045484 0.816694079759 0.0 0.0 0.0 0.0 0.0 0.0
2.95470213132 7.49013130395 21.4176290023 -0.599600901255 -0.635924242849 0.485879734678 0.570632907904 0.0859585045484 0.816694079759 0.0 0.0 0.0 0.0 0.0 0.0
2.91135859367 7.72098604221 21.9008603441 -0.156675819479 -0.964843086367 0.211022525529 0.570632907904 0.0859585045484 0.816694079759 0.0 0.0 0.0 0.0 0.0 0.0
2.83230079804 7.73190476858 22.4321942772 0.345773025597 -0.927201910057 -0.144005669177 0.570632907904 0.0859585045484 0.816694079759 0.0 0.0 0.0 0.0 0.0 0.0
2.83206197448 7.53146779038 22.9307021135 0.716856917232 -0.537301226128 -0.444323702516 0.570632907904 0.0859585045484 0.816694079759 0.0 0.0 0.0 0.0 0.0 0.0
2.99523070775 7.20855298078 23.3279263479 0.815594880802 0.0567291768049 -0.575835732573 0.570632907904 0.0859585045484 0.816694079759 0.0 0.0 0.0 0.0 0.0 0.0
3.34431431977 6.89856958881 23.5938888088 0.604474713136 0.629207217008 -0.488578140366 0.570632907904 0.0859585045484 0.816694079759 0.0 0.0 0.0 0.0 0.0 0.0
3.83118796166 6.73201400176 23.7484798673 0.163704495671 0.962638915687 -0.215701544043 0.570632907904 0.0859585045484 0.816694079759 0.0 0.0 0.0 0.0 0.0 0.0
4.3553780485 6.78489198583 23.8539017521 -0.339259796692 0.930347995831 0.1391236752 0.570632907904 0.0859585045484 0.816694079759 0.0 0.0 0.0 0.0 0.0 0.0
4.802233854 7.04984282482 23.991036883 -0.713333620171 0.544602317771 0.44109348421 0.570632907904 0.0859585045484 0.816694079759 0.0 0.0 0.0 0.0 0.0 0.0
5.08648523834 7.43893577928 24.2287192875 -0.816400075045 -0.0480468860765 0.575484503879 0.570632907904 0.0859585045484 0.816694079759 0.0 0.0 0.0 0.0 0.0 0.0
5.18463819989 7.81707644455 24.5975834027 -0.609302491928 -0.622442274602 0.491239338937 0.570632907904 0.0859585045484 0.816694079759 0.0 0.0 0.0 0.0 0.0 0.0
5.14390063922 8.05333137374 25.0784255407 -0.170720705133 -0.960361436326 0.220364136049 0.570632907904 0.0859585045484 0.816694079759 0.0 0.0 0.0 0.0 0.0 0.0
5.06424728846 8.0706718833 25.6094996905 0.33272073184 -0.933423232003 -0.134231086416 0.570632907904 0.0859585045484 0.816694079759 0.0 0.0 0.0 0.0 0.0 0.0
5.06043763898 7.87523853776 26.1099758599 0.709755999993 -0.551861935838 -0.437829674928 0.570632907904 0.0859585045484 0.816694079759 0.0 0.0 0.0 0.0 0.0 0.0
5.21841689204 7.55400824658 26.5106487411 0.817143097261 0.0393609363916 -0.575089449812 0.570632907904 0.0859585045484 0.816694079759 0.0 0.0 0.0 0.0 0.0 0.0
5.56266393982 7.24175028209 26.7802299642 0.614083869976 0.615629930806 -0.49386312773 0.570632907904 0.0859585045484 0.816694079759 0.0 0.0 0.0 0.0 0.0 0.0
6.04689142509 7.06982517969 26.9372350717 0.177723913552 0.958010821724 -0.225009946472 0.570632907904 0.0859585045484 0.816694079759 0.0 0.0 0.0 0.0 0.0 0.0
6.57163108205 7.11627867425 27.0429491549 -0.326156329016 0.936427384382 0.129328275416 0.570632907904 0.0859585045484 0.816694079759 0.0 0.0 0.0 0.0 0.0 0.0
7.02202339354 7.37619082055 27.1781436225 -0.706124329147 0.559079527482 0.434532523221 0.570632907904 0.0859585045484 0.816694079759 0.0 0.0 0.0 0.0 0.0 0.0
7.31145464199 7.76354516272 27.4123897925 -0.817823890866 -0.030671989219 0.574650600457 0.570632907904 0.0859585045484 0.816694079759 0.0 0.0 0.0 0.0 0.0 0.0
7.41446290878 8.14390782399 27.7776275849 -0.618818483159 -0.608770704408 0.496449306934 0.570632907904 0.0859585045484 0.816694079759 0.0 0.0 0.0 0.0 0.0 0.0
7.37641148287 8.38550118404 28.2560310124 -0.184713587606 -0.955587250889 0.229638621517 0.570632907904 0.0859585045484 0.816694079759 0.0 0.0 0.0 0.0 0.0 0.0
7.29625458884 8.40926840017 28.786780571 0.319567088124 -0.93936022419 -0.124415615567 0.570632907904 0.0859585045484 0.816694079759 0.0 0.0 0.0 0.0 0.0 0.0
