t = 100
b = 30 30 30
E = -0.492821926012293 -0.764781634362446 0.271959708350154
20.3096079560006 4.92557527015122 11.4261930557836 -0.684404846069134 0.728752441300803 0.0225782797207896 0.240302528561 0.196225756270634 0.950657681940007 -0.0128743747380141 -0.0988349666915933 0.196866819210016 0.0244920760512558 0.699808007439841 -0.796587343170011
20.5571115814288 5.23026387552555 11.6953138074988 -0.970830518479351 0.000191736057910723 0.23976644782089 0.224301281503797 0.354056146934361 0.90792789898585 0.475265303210169 0.322383153124957 0.581508274614466 0.274199801069367 0.425420427546974 -0.153896404297179
20.3891874805095 5.53830828422309 11.9949234459127 -0.541046404113043 -0.719405005348817 0.435574459047955 0.35749717855849 0.272062466602684 0.89340789484377 -0.171410558378764 0.118547736794573 -0.0936452330260995 0.724160302044524 0.00614187448613465 0.184066859889482
20.2577731165612 5.66133867044422 12.4561410016093 0.0433402159315186 -0.985965496735028 0.161225155687349 0.248799563002975 0.166944297107023 0.954058837618294 -0.672776668269118 0.0297496625256815 0.114044425059421 0.598313966153932 0.132559181176382 0.37331746878152
20.2856213020735 5.62147679305904 12.9340607644723 0.281693500049312 -0.951462134295633 -0.123969594674928 0.287339239380399 -0.0396215668332418 0.957008975532767 0.660699391367224 -0.185926080425744 0.47727393614132 0.576632506212237 -0.21873839933617 -0.0084268194731227
20.1800342967309 5.44935955614425 13.3233018968799 0.918773930569116 -0.316214187089194 -0.236353418380857 0.302982050165439 0.180974810661295 0.935654784624107 0.209811236989121 -0.0954030502643798 -0.0732278372115811 0.401617810205784 -0.547192157465919 0.234424607759336
20.2835033163351 5.31571989919638 13.8013674547366 0.860272853979605 0.296005118252356 -0.415104172138999 0.408695121710935 0.0863639264519739 0.908575506220426 -0.0225674306663614 0.186197704181461 0.156919570741949 0.368126952876271 0.0964247824426746 0.534842703310793
20.624789533608 5.12172073680076 14.017364787006 0.504269258451913 0.841698943879318 -0.193016305491694 0.538389273849257 -0.131682717373909 0.83234400318626 0.0815519738351048 0.160236587324782 -0.177592899229924 0.196302724392737 -0.230463361873341 0.579541828160079
21.0019016656572 5.03920668722778 14.3263516433613 0.120236660250559 0.953313895980656 -0.277011989062568 0.56172780174377 0.164739452816619 0.810754384377621 0.108142247618608 0.304582837295511 -0.571092838976281 0.64610827658089 0.325491061671984 -0.223822421785166
21.4535547000613 5.1013225818231 14.4350984797679 -0.386253199306616 0.913185567071391 0.130001796543625 0.592256115127078 0.137483557565326 0.793933781758305 -0.134398491602423 0.448937165122109 -0.201075634150662 0.615267223498025 0.0740208349594406 0.309406050044602
21.785671467683 5.26650145418938 14.7170784920542 -0.773079142663979 0.575744395480336 0.266208398446331 0.502377662808426 0.29953179943495 0.81110866800341 -0.59000057075087 1.0647306831587 -0.0953338461235902 0.551550485537376 0.0233841609766118 -0.320166839331129
22.0286743588515 5.65197408012315 14.9054728520857 -0.865312443396472 -0.118845916996681 0.486939323348745 0.454117045054168 0.225320714722143 0.861979215269441 -0.354043194269322 0.189216210924912 0.403677660503865 0.600063823407326 -0.343207739886896 0.547746147759181
20.4114806888921 7.52029474321925 15.6893835376238 -0.634955481307651 -0.626557066362568 0.451948736189252 0.454990485030762 0.169500850197541 0.874215649233014 -7.57187521031505 6.83750473456077 1.7453086625213 0.114330061893571 -0.224867919605425 -0.06106532301001
21.7652594436744 6.20854498381649 15.843986918457 -0.183521029628263 -0.98301570769987 -0.000178579093377674 0.277034636277795 -0.0518944090106244 0.959457484090936 -0.913650943201885 0.550419788993932 -0.129290818757984 0.470223222267865 0.26998275886167 -0.199235333083033
21.7811668076454 6.12131596031949 16.3062452360085 0.444243401379193 -0.892564859862223 -0.0773023468314801 0.325899614897565 0.0806249799998716 0.941960156533879 -0.386011155962154 -0.0763702529968139 -0.165435861695517 0.145196809588547 0.164442746154854 0.455687765601165
21.9712923468896 6.12751836224127 16.7751685362386 0.530080363629399 -0.676389235785827 -0.51138272719384 0.634086433328475 -0.0842175437633202 0.768662267390694 0.218433782711815 0.254902794456056 -0.293838891063203 0.208019715456597 0.242450360381864 -0.561005687854894
22.1365869754789 5.84487213544008 17.0466649821805 0.825345321411799 0.161341612928463 -0.541085822198641 0.534977056511733 0.0830083189536197 0.840778834676297 0.312589215399168 0.391225556142326 0.146102301628312 0.371970345008927 0.468251965708933 0.653946703338929
22.4884658720349 5.70972101503136 17.4258679565894 0.501629243428032 0.663950587005621 -0.554560729001986 0.685533222244735 0.0859083552905321 0.722954936792273 0.430242094773015 0.293587292241193 -0.236503885662264 0.313871701055728 0.112213504169489 -0.0893253322911743
22.8341157026116 5.30974399264272 17.6741502995473 0.311998743516025 0.919471837242272 -0.2392241778808 0.517529163025926 0.0466817737191257 0.854391162831382 -0.0488475532148923 0.399020165000484 -0.254813928120959 0.410946242907289 0.0322473597937683 -0.148192521767995
23.252657541378 5.33003464825288 17.9812495400075 -0.384628850510958 0.923070921156035 -0.000776315940470761 0.593592658962351 0.24798442736209 0.765605228455123 -0.304288280772026 0.0160342150521106 -0.21484993616618 0.119433152752475 0.00416246081462445 -0.139486190525949
23.5844567730519 5.52695977012924 18.227030950185 -0.829476198328151 0.494334048542821 0.260005703763608 0.45147576159539 0.319329379052021 0.833185615520998 0.101854207445346 0.464841818893549 -0.527381675349975 0.496021973042348 0.239951939351991 -0.101105607635342
23.7915707458641 5.8746777225923 18.5588879807644 -0.931349538108859 -0.0729308316569867 0.356747827620252 0.326120556365889 0.26872674862074 0.906328418264909 -0.0861625917562873 -0.0801171606792343 0.358300296409143 0.626391420650853 -0.0677835779136577 -0.0159229773312801
23.7998658034004 6.18849845218423 18.9092879965389 -0.644216018353618 -0.677447649718132 0.355035611024223 0.287112804071829 0.216048684916179 0.933214385229903 -0.237581479969228 0.197357895392286 0.404053775123386 0.501871814436633 -0.0311940689473558 0.287028686708818
23.9510631016502 6.32926814327166 19.4132409406245 -0.420825661682752 -0.906851385034327 0.022939282434569 0.140712303027839 -0.0402746297840721 0.989230959666118 0.252203177448957 -0.34037508864312 0.597511020537603 0.389038068568754 0.353820007017128 -0.198986651935825
23.8175585904778 6.27374923069147 19.889064690823 0.321427611262282 -0.893889948471091 -0.312481891948722 0.270244879156746 -0.229675913951723 0.934995491998914 0.129563118846666 -0.808180398150821 0.467863934559457 0.622589165832813 0.287018918902468 0.19906718263209
0.871667343071891 23.085314530721 19.7808820458044 0.785938582597425 -0.517231901660856 0.33877955837629 0.181397073811483 0.716692132993975 0.673385007937584 0.0375274402754993 -0.558185370447158 -0.385710829125416 -0.0114846911236278 0.126389360035917 -0.488857136792014
0.924330598207825 23.2660927629175 20.2406694200906 0.945366292688192 -0.13055854657161 -0.298725491907609 0.311307239784478 0.633594230932298 0.708269747598784 0.0993459618536267 -0.074013287707614 0.0111403006056698 0.249075812609353 -0.0805044625859756 -0.360839090211546
1.1528511240833 23.4661277752396 20.6343641365004 0.702114428281982 0.26969324037983 -0.659014997446764 0.408582676540331 0.605391846935993 0.683052557665736 0.0965167192584766 -0.000446934282466882 -0.529558574906067 0.555503006884708 0.254622407689068 -0.228724866371954
1.43073361409979 23.5540869770807 20.98910616838 0.199319990414072 0.597301686079434 -0.776853987893036 0.467832460288387 0.638581313093667 0.611020940113614 0.325405771213093 -0.268659819364577 -0.354188809760581 0.744346917211412 0.169974056885071 -0.224808320793487
1.85390589000257 23.4963753189877 21.20348643043 -0.377305605481833 0.782386093668063 -0.495492039879106 0.404916232351706 0.620556574585644 0.671529796891865 0.554599090246368 -1.81694254879333 0.392477047980018 0.693112455775231 -1.00175492431049 -0.0972067058005781
2.52217819778074 23.6088146884394 21.4335271319977 -0.689301362207142 0.689978903480399 -0.220890543234095 0.517522212217411 0.682317603660217 0.516346139457664 1.53514302407532 -0.950940012244959 0.141841594749667 0.557903587435204 -1.31345512404613 -0.848090806210955
3.84325601761926 23.8536214488555 20.7261696681868 -0.970564098685068 0.235871749483796 -0.0486800117575962 0.211057293734878 0.930343658125024 0.299858960104665 6.37995943670765 -4.06448221146288 -2.8540985574687 0.89498998466777 -0.762036837553515 -1.24143860783318
2.23868174962289 25.2506928930514 21.6316167813711 -0.597819320011408 -0.520831086570959 0.609382411238623 0.0204442046371289 0.750025317390042 0.661092988924722 0.345177904367931 -0.237413291906554 0.395082347652311 0.365190367395456 0.176381987609026 -0.0106805278567618
2.02617783160366 25.646869444118 21.8470728866706 0.0159724339572876 -0.734308248621184 0.678628147185325 -0.0863284317745746 0.675167483456315 0.732595493918169 0.102135571969116 -0.168575711011288 0.183873591017889 0.814881964829092 -0.0779633420559519 -0.106070680560072
1.67186181556623 25.86181325028 22.1258937528795 0.424464736968683 -0.691304066008721 0.58474631783051 -0.181980626563046 0.567498479578884 0.803012095424267 0.133117493118673 0.0373993248060942 0.752755829898365 0.915436603517702 0.0215424030074452 0.274353747119397
1.37894971593222 25.9990853056624 22.5068424283699 0.948804511871875 -0.169944459487837 0.266249436363703 -0.0896379971908857 0.663400827090845 0.742875667443964 0.399553144592812 -0.409944409038373 0.205308269318898 0.660298698065607 -0.14768568229969 0.468526886059663
1.41145367575891 26.1781598533918 22.9628620967837 0.961394540626976 0.0562624936145329 -0.269360261994362 0.21515845270447 0.456535356959003 0.86329728475915 0.278347389776993 -0.330342824972734 0.294686253211145 0.607703631130646 -0.265571836347678 -0.282791778816053
1.69017094820639 26.1374277124986 23.3495191866978 0.646866331043293 0.579903913063825 -0.495252746943108 0.229625692224055 0.471170932460945 0.851627784829311 0.141256333779797 0.0237520597927384 -0.154798043464285 0.730662806800003 -0.237086718756556 0.510445710696318
1.82057205846191 26.3536168521387 23.7950308374867 0.395553781740731 0.443486506218197 -0.804274091414332 0.296301860776149 0.767251386383158 0.568797327888092 -0.40398827893321 0.105205443844527 0.10969810285933 0.341842459446221 0.0565540110520035 -0.518018994944189
2.17804828409402 26.6225007132929 23.976281078957 -0.370915135615518 0.584821129368487 -0.721391773316581 0.176668920109045 0.80705382728978 0.56342887232929 -0.40244316109651 -0.0943588769080365 -0.0772808096064911 0.362405292481828 0.00637394127203775 -0.370260065286005
2.41635666355681 27.0317867620343 23.9954188753999 -0.892267857921553 0.341251869204696 -0.295643556172894 0.0973239217776315 0.784766684956453 0.612102267207885 -0.466684627405253 0.253124908501583 -0.417388205425112 0.523064555605211 -0.0273591865701799 -0.288317917743483
2.54947300776348 27.4714904484948 23.9835057104768 -0.986427758218504 0.0172720691533019 0.163284519709418 0.121075326819146 0.748239184430334 0.652287336262577 -0.465437367958885 0.122794182554499 -0.316781314387076 0.592302388030384 0.117029584734505 0.099110347599263
2.62236089877986 27.9540773590907 24.0503175362114 -0.796664802714825 -0.376244405305979 0.473038288192632 -0.0140681621678845 0.793960640322512 0.607806279297184 -0.291051924497712 -0.896705146911802 0.066964146729811 0.46851139858025 0.1744467808954 -0.165386429740991
2.43055214844393 28.3360758505125 24.2302306244057 -0.257088401753336 -0.691481607639079 0.675098971594467 -0.17312324018529 0.720233173902131 0.671783009225176 0.0392396384398362 -0.741281780224083 0.132650628394275 0.483621734639136 -0.441570796899122 -0.295467851004376
2.16376217650651 28.5791378772853 24.4672327385648 0.456807115316072 -0.594205743102034 0.662002020451563 -0.0574469945439232 0.722926990618108 0.68853198492252 -0.0377745841465365 -0.22911980468164 -0.0193905707295593 0.810637979757299 -0.199343300763404 0.0212022201382378
2.02156858164847 28.7858746293825 24.8725841629162 0.879740384736535 -0.341905589961554 0.330389624247484 -0.0653402870084565 0.601358384051457 0.796303101444204 0.141284394021124 -0.126194253143382 -0.0420048626777018 0.593149065668894 0.0816386294884665 0.212331238863058
1.99160331431397 28.9079408744619 25.362340291374 0.997027217408387 0.00890326453431899 -0.0765332674174442 0.0627622286114746 0.482331671720226 0.873737347598699 0.248912810673571 -0.289118601670131 -0.638246729008898 0.339841672360506 -0.081993965434344 -0.130790475121001
2.18649975141154 29.0517159662623 25.8718309817539 0.734677701908532 0.399456420505634 -0.548345806293105 0.135526500055652 0.705564276961468 0.695565596953537 0.0988431758588845 0.231150680529183 -0.0497904897179156 0.691279392370596 -0.00909658473864153 0.117177289066517
2.53947249975307 29.1794732492964 26.2142052777645 0.0611305535155616 0.763167212578657 -0.643302995624009 0.418042327312888 0.565680550964797 0.71080659691634 -0.0985103208922847 -0.372571875595309 -0.383511490924021 0.140280987026396 -0.0379228939326666 0.217206565190942
2.83443851776664 29.4914553221141 26.5112846113238 -0.410420011348715 0.625450341136157 -0.663601662077983 0.123420362562011 0.759119193827105 0.639144228215995 -0.442708851832783 -0.162547973783929 0.233661356512481 0.309426401544587 -0.495404393492919 -0.101863067858836
3.02408896901135 29.9115669951505 26.6758351390518 -0.949191272019655 0.20343080756507 -0.24010772593679 0.00899689147996521 0.780204207949564 0.625460095158508 -0.629697788470193 0.707215359734456 -0.287070908938679 0.00673699681572765 0.405739801171462 0.44989610760427
