t = 0
b =  30.0 30.0 30.0
E = 0. 0. 0.
20.1930950664 4.73079150256 11.2428148211 -0.783587951481 0.521716713837 0.337344916661 0.449295358024 0.100840483267 0.887673858009 0.0 0.0 0.0 0.0 0.0 0.0
20.4298703713 5.12760104709 11.5169767121 -0.886349057084 -0.0741260692555 0.457045593855 0.449295358024 0.100840483267 0.887673858009 0.0 0.0 0.0 0.0 0.0 0.0
20.4646023807 5.5075135518 11.8953221606 -0.652371336935 -0.641807119316 0.403107008549 0.449295358024 0.100840483267 0.887673858009 0.0 0.0 0.0 0.0 0.0 0.0
20.3506263234 5.74112610346 12.3655558644 -0.170546838817 -0.965654914305 0.196021331105 0.449295358024 0.100840483267 0.887673858009 0.0 0.0 0.0 0.0 0.0 0.0
20.1977741088 5.75461758703 12.8804726368 0.376071254758 -0.922634262461 -0.0855361273276 0.449295358024 0.100840483267 0.887673858009 0.0 0.0 0.0 0.0 0.0 0.0
20.1306473486 5.55779456143 13.3758914462 0.779813591075 -0.529089428685 -0.334596980901 0.449295358024 0.100840483267 0.887673858009 0.0 0.0 0.0 0.0 0.0 0.0
20.2412791209 5.24036558392 13.7950388634 0.887291706355 0.0654653249512 -0.456538847266 0.449295358024 0.100840483267 0.887673858009 0.0 0.0 0.0 0.0 0.0 0.0
20.5541690657 4.93785942929 14.1101182359 0.657672867664 0.635148707117 -0.405033972633 0.449295358024 0.100840483267 0.887673858009 0.0 0.0 0.0 0.0 0.0 0.0
21.0169755613 4.78013544244 14.3328701017 0.178193110843 0.963528476329 -0.19964991999 0.449295358024 0.100840483267 0.887673858009 0.0 0.0 0.0 0.0 0.0 0.0
21.5204011822 4.84204780208 14.5101117619 -0.368985188016 0.925847668046 0.0815844752266 0.449295358024 0.100840483267 0.887673858009 0.0 0.0 0.0 0.0 0.0 0.0
21.9397166178 5.11500716678 14.7059506057 -0.775979844845 0.536421851325 0.331823564284 0.449295358024 0.100840483267 0.887673858009 0.0 0.0 0.0 0.0 0.0 0.0
22.1821474234 5.51024390937 14.9774286416 -0.888166784926 -0.0567995952089 0.455997333477 0.449295358024 0.100840483267 0.887673858009 0.0 0.0 0.0 0.0 0.0 0.0
22.2221205824 5.89253318245 15.3528512839 -0.662924314057 -0.628441925885 0.406930091812 0.449295358024 0.100840483267 0.887673858009 0.0 0.0 0.0 0.0 0.0 0.0
22.1109801232 6.13156909874 15.8210336534 -0.185825812774 -0.961328661928 0.20326330476 0.449295358024 0.100840483267 0.887673858009 0.0 0.0 0.0 0.0 0.0 0.0
21.9574806641 6.15147011631 16.3355498997 0.361871021624 -0.928990566747 -0.0776266101519 0.449295358024 0.100840483267 0.887673858009 0.0 0.0 0.0 0.0 0.0 0.0
21.8864697158 5.95960770495 16.8323711577 0.772087004746 -0.543713423365 -0.329024878019 0.449295358024 0.100840483267 0.887673858009 0.0 0.0 0.0 0.0 0.0 0.0
21.9914560244 5.64380580163 17.2541911845 0.888974226159 0.0481295399575 -0.455421093724 0.449295358024 0.100840483267 0.887673858009 0.0 0.0 0.0 0.0 0.0 0.0
22.299084036 5.33897502845 17.5721979586 0.668125276197 0.621687286367 -0.408795221689 0.449295358024 0.100840483267 0.887673858009 0.0 0.0 0.0 0.0 0.0 0.0
22.7590112252 5.17585789176 17.797019849 0.19344436335 0.959055638629 -0.206861210242 0.449295358024 0.100840483267 0.887673858009 0.0 0.0 0.0 0.0 0.0 0.0
23.2630340632 5.23135751808 17.9746877201 -0.354729297352 0.93206271922 0.0736628335103 0.449295358024 0.100840483267 0.887673858009 0.0 0.0 0.0 0.0 0.0 0.0
23.6861963466 5.49932087057 18.1691470364 -0.768135367232 0.550963589522 0.326201135236 0.449295358024 0.100840483267 0.887673858009 0.0 0.0 0.0 0.0 0.0 0.0
23.934262149 5.89287639063 18.4379639117 -0.889713968562 -0.0394558194554 0.454810171893 0.449295358024 0.100840483267 0.887673858009 0.0 0.0 0.0 0.0 0.0 0.0
23.9795176242 6.2774379554 18.81045478 -0.673275358011 -0.614885302955 0.410629220227 0.449295358024 0.100840483267 0.887673858009 0.0 0.0 0.0 0.0 0.0 0.0
23.8712999604 6.52183639601 19.276548592 -0.201048182388 -0.956709579529 0.210443362443 0.449295358024 0.100840483267 0.887673858009 0.0 0.0 0.0 0.0 0.0 0.0
23.717253357 6.54815285787 19.7906129751 0.34756055907 -0.935063891508 -0.0696934471588 0.449295358024 0.100840483267 0.887673858009 0.0 0.0 0.0 0.0 0.0 0.0
0.768583985821 23.2911349662 19.7913513876 0.886927945389 -0.3994490839 0.231946651323 0.150824655685 0.725070144819 0.671956254774 0.0 0.0 0.0 0.0 0.0 0.0
0.774854910756 23.3308425097 20.3271396748 0.97445281787 0.00538069338997 -0.224527846568 0.150824655685 0.725070144819 0.671956254774 0.0 0.0 0.0 0.0 0.0 0.0
1.00325238619 23.3717765823 20.8117468322 0.69176677286 0.408166255301 -0.595700461642 0.150824655685 0.725070144819 0.671956254774 0.0 0.0 0.0 0.0 0.0 0.0
1.38933811926 23.5057521657 21.1605640506 0.146266965117 0.655882632647 -0.740556511758 0.150824655685 0.725070144819 0.671956254774 0.0 0.0 0.0 0.0 0.0 0.0
1.80876541163 23.7892362159 21.3405713889 -0.454802108127 0.654418232078 -0.604062761613 0.150824655685 0.725070144819 0.671956254774 0.0 0.0 0.0 0.0 0.0 0.0
2.12452054914 24.2218949227 21.3828826017 -0.883084256608 0.404329403853 -0.23807546894 0.150824655685 0.725070144819 0.671956254774 0.0 0.0 0.0 0.0 0.0 0.0
2.23897660257 24.7467205297 21.3709245039 -0.975867931622 0.000629075077041 0.218360674793 0.150824655685 0.725070144819 0.671956254774 0.0 0.0 0.0 0.0 0.0 0.0
2.13098353028 25.2716895345 21.4087417287 -0.697903063771 -0.403310249838 0.591837947376 0.150824655685 0.725070144819 0.671956254774 0.0 0.0 0.0 0.0 0.0 0.0
1.86390343265 25.7047239551 21.5814684323 -0.154793153677 -0.654025267852 0.740466088748 0.150824655685 0.725070144819 0.671956254774 0.0 0.0 0.0 0.0 0.0 0.0
1.56153823077 25.9886732954 21.922984404 0.447125263503 -0.656265151889 0.607778783072 0.150824655685 0.725070144819 0.671956254774 0.0 0.0 0.0 0.0 0.0 0.0
1.36109524677 26.1230269736 22.4030435686 0.879173317543 -0.409178932556 0.244186156188 0.150824655685 0.725070144819 0.671956254774 0.0 0.0 0.0 0.0 0.0 0.0
1.36105984816 26.1641083012 22.9387649751 0.977208729253 -0.00663879563755 -0.212176874007 0.150824655685 0.725070144819 0.671956254774 0.0 0.0 0.0 0.0 0.0 0.0
1.58377921014 26.2036763152 23.4261206565 0.703986206662 0.398423530738 -0.587930362359 0.150824655685 0.725070144819 0.671956254774 0.0 0.0 0.0 0.0 0.0 0.0
1.96697225008 26.3340649856 23.7794575932 0.163307554138 0.6521180965 -0.740319276379 0.150824655685 0.725070144819 0.671956254774 0.0 0.0 0.0 0.0 0.0 0.0
2.38739125212 26.6131039966 23.9640387277 -0.439414368559 0.658062094569 -0.611448519824 0.150824655685 0.725070144819 0.671956254774 0.0 0.0 0.0 0.0 0.0 0.0
2.70764573503 27.0421482827 24.0092401528 -0.875195426025 0.413997300699 -0.250278247714 0.150824655685 0.725070144819 0.671956254774 0.0 0.0 0.0 0.0 0.0 0.0
2.82839939303 27.5655632665 23.9973906435 -0.978475108656 0.0126480106281 0.205976915132 0.150824655685 0.725070144819 0.671956254774 0.0 0.0 0.0 0.0 0.0 0.0
2.72610961923 28.0918613648 24.0324935785 -0.710015738278 -0.393506470144 0.583978004169 0.150824655685 0.725070144819 0.671956254774 0.0 0.0 0.0 0.0 0.0 0.0
2.46197173554 28.5284596509 24.2007143178 -0.171809518097 -0.650161263831 0.74011608583 0.150824655685 0.725070144819 0.671956254774 0.0 0.0 0.0 0.0 0.0 0.0
2.1586698668 28.8168536563 24.5376445423 0.43167001051 -0.659808923272 0.615071692404 0.150824655685 0.725070144819 0.671956254774 0.0 0.0 0.0 0.0 0.0 0.0
1.95376719054 28.954844197 25.0147803784 0.871150884987 -0.418784141345 0.256351279583 0.150824655685 0.725070144819 0.671956254774 0.0 0.0 0.0 0.0 0.0 0.0
1.94744338592 28.9973728794 25.5503514967 0.979666973391 -0.0186562624236 -0.199761270316 0.150824655685 0.725070144819 0.671956254774 0.0 0.0 0.0 0.0 0.0 0.0
2.16443469871 29.0356488663 26.0403870271 0.715991199446 0.388559442509 -0.579981173792 0.150824655685 0.725070144819 0.671956254774 0.0 0.0 0.0 0.0 0.0 0.0
2.54463622794 29.1624969903 26.3982158308 0.180298398097 0.648154918864 -0.739856532576 0.150824655685 0.725070144819 0.671956254774 0.0 0.0 0.0 0.0 0.0 0.0
2.9659367827 29.4370920485 26.5873943146 -0.423892779118 0.661505504971 -0.618648024893 0.150824655685 0.725070144819 0.671956254774 0.0 0.0 0.0 0.0 0.0 0.0
3.29061096511 29.8624773073 26.6355519616 -0.867040002437 0.423539089957 -0.26240478931 0.150824655685 0.725070144819 0.671956254774 0.0 0.0 0.0 0.0 0.0 0.0
