t = 100
b = 30 30 30
E = -0.0940492325560963 -0.374357709220593 0.280308476664497
3.17882806171136 20.6355496535601 10.1411933474156 -0.50389735622422 0.742925573030882 -0.440623347483158 0.650862380754615 0.661944285709952 0.37176310357222 5.61475990824937 -2.45312053807077 6.19833976514675 -0.0310035190467297 1.35045810010471 1.07950836395309
3.05572814872356 21.0355148861988 8.61236500974406 -0.604477187208724 0.794498799540687 0.0581280515991558 0.687081301989657 0.48304070564019 0.542762233747534 1.72856592855983 -1.98950851551954 -0.223560095469909 0.296835441148213 0.719750118761202 0.117324833345794
3.07529431042848 21.731205483108 8.85968141858089 -0.702454620486037 0.569738534796862 0.426562292255286 0.696873858167488 0.428769965429911 0.574911320008818 0.472357082355653 -0.204857549599996 0.924514671077195 0.510137866078992 0.430146445769572 0.0518647653532729
3.23080111629819 22.1554916572932 8.9251695199709 -0.4143948214597 0.0192008366064511 0.909894576762104 0.838708834377644 0.396207235534789 0.373613707615876 0.579071568240675 0.0641184744571159 0.0120568985333649 0.808936089115237 -0.220849971498596 0.215008573609623
3.44332604336539 22.5692963920899 9.16984171899222 -0.0425765149703726 -0.556536172276896 0.829731650700307 0.75806470175117 0.522964825828684 0.389673688433704 0.394093465366799 -0.384203882222866 0.402030647297868 0.193295229813809 -0.340310921647418 0.592146882676313
3.76467639040499 22.6750259528948 9.58361175379392 -0.0514400284266777 -0.927518589403991 0.370220300061394 0.726104515213058 0.219782255825422 0.651511991093726 1.08572548000018 -0.257323844801582 1.28449454583196 0.0440890849764577 0.29432066981255 0.0831639127031658
5.13180601307257 22.2393809015871 10.1628185449557 0.180019833735094 -0.969866122652393 0.164172032289043 0.83903101071784 0.238512611707646 0.489017974492202 5.97499223565263 -2.75067906246115 2.1039720981033 -0.153661111657256 -0.269925571658141 -0.909365764144383
3.88859761748944 22.2363229581684 10.576932614993 0.506043304992808 -0.846469831280424 -0.165556344241347 0.762917263541186 0.349749952326917 0.543720610449831 0.15425104207953 -2.25417286175642 -0.109883231138651 -0.125607682189284 -0.201152012502595 -1.66889820895251
4.1760110873113 22.6540840425518 11.025124832437 0.6753331388926 0.0377486392125337 -0.736546042477174 0.736863996459257 0.0073437036151759 0.676001040933114 0.690160693619955 -0.239634714872626 0.781077032548895 0.302435406989449 -0.18413198470445 -0.210120077949595
4.54347213278718 22.4920887214589 11.1775845429375 0.527754490832436 0.65383215853082 -0.54219792271393 0.699693291775454 0.0272567880204669 0.713923137627536 0.506463034850053 0.147308454231049 1.18458312561054 0.422797001484246 -0.605199836749317 0.290504238993594
5.05521955074989 22.4350410104549 10.8787215069499 0.184902444761477 0.782688030293234 -0.594315087794932 0.77601929508598 0.254774266242988 0.57696101056143 0.752245970322059 0.241953926016001 -0.00833806825605199 0.222928745687094 0.0677706216023695 -0.284988083694564
5.53200709797623 22.4161002673358 10.9222251204412 -0.31676084696979 0.924087830123053 0.21383201268158 0.83826450294129 0.167251411676867 0.518979257513128 0.654219058803918 0.150265457378393 -0.0688408263726088 0.0669860089942138 -0.029546784847626 0.169175482812932
7.04622187960254 21.7209464907653 11.5850184077461 -0.61180354350692 0.64336711296787 0.460190247377807 0.716705706629966 0.204694184485563 0.666658160136915 4.82592240339619 -3.49662237219589 3.17523072202854 -0.101969012446597 0.181830284613987 -0.0629825489606731
6.26103364320437 22.9317795729152 11.0802651476495 -0.597810542962629 -0.0482326449413061 0.800185008719782 0.702881596776761 0.44843272230413 0.552146214101327 0.0745365822465956 0.0935297511819012 0.441257032200387 0.607639979432475 0.117095585546678 -0.152177395843439
6.41740234548718 23.347237001932 11.3699088430516 -0.255973597240125 -0.70678953738143 0.659489161427596 0.587512540763362 0.428017763560501 0.686753011872695 -0.0605213367836789 -0.430387340914664 0.020877642380139 0.565141112415806 -0.352375610484075 0.306865549178479
6.57198532371526 23.6951962594117 11.7143423429481 0.075320701349974 -0.980222288446803 0.183005314130164 0.666026644544209 0.186039945955876 0.722355543275638 0.40224465335469 -0.349397434742017 0.0617323573676823 0.44178404255779 -0.508812746215063 0.385019670250551
6.81314341064268 23.7910058617479 12.144108338642 0.273871714344263 -0.909635335620435 -0.312342318318779 0.659609240903772 -0.0586980957026447 0.749313067098896 0.201806115816604 -0.562844880293527 -0.106954555018593 0.586190417323279 0.0006773612021586 -0.1121628006502
6.92493725181372 23.7336808484913 12.5559654183862 0.512493246328698 -0.581791166836726 -0.631561233568102 0.666963424734939 -0.19354494967449 0.719513756124324 0.409765384012951 -0.406219527220771 -0.0517487697061476 0.703741709623876 0.0345805703900196 -0.0241904513955259
7.16226029168457 23.514113349154 12.9095464745908 0.626821047857753 -0.0270586632080888 -0.778693189582129 0.778491833242971 0.0632273808421684 0.624461886717686 0.0476357421416181 0.0445835750928915 -0.0801173110392138 0.83282340974527 -0.179562449010683 0.11138418850326
7.54354219886884 23.3627105634309 13.0984408019752 0.461711793517492 0.657584345783581 -0.595319183467105 0.782334512043315 0.0144270519699329 0.622691300185571 0.234815773302822 -0.270238968585226 -0.412287211500911 0.335537892631548 0.046860242937662 0.397997135927805
8.0184479090125 23.327340290907 13.2882396414284 0.0622025918403074 0.895383373320755 -0.440930077652764 0.890759345393153 0.149473326198321 0.429191564646523 0.258324305941734 0.322210554147909 -0.184875460201011 0.510986451367234 -0.295623534576962 -0.556180402472525
8.4891096320255 23.3949511478561 13.2196312090771 -0.237830188311677 0.970225717063186 0.0458120205415351 0.901300162550095 0.20286143929796 0.382759898707804 0.038543087217374 0.13286946590129 0.299410877334964 0.427449194516908 0.157362297317624 0.390307033846047
8.90490269782118 23.5986803175736 13.2326993762869 -0.5569343699683 0.579181183028185 0.595292487649405 0.803804138731115 0.195418020836675 0.561881290383875 -0.0565016848158543 0.262739288377878 -0.0791803901751204 0.247883390036 -0.0224971748327947 0.0476887126679497
9.22767137921938 23.867360516365 13.476040555958 -0.640051139086291 -0.158070320303885 0.751896401189688 0.65551052178388 0.398146857375439 0.641704698634203 0.41020377329588 -0.217943590914769 0.405129637965285 0.174006220320887 -0.0278470249850483 0.330660834441713
9.43509698731457 24.1420798885732 13.8216991115786 -0.303309853483843 -0.779244088554408 0.54843566221239 0.599631155119377 0.291222924063943 0.745406983756136 -0.244204258633015 -0.29947224506328 0.934352431446816 0.46035688366825 0.329331650639907 0.744554085086207
19.4472692279335 10.4464115254261 18.9109887710551 0.905549359619456 0.0642231081541718 -0.419351462679214 0.370301693258209 0.362695604444933 0.855177430238391 -0.410102377888687 -0.161915120891122 -0.504003460816699 -0.0631473348976399 -0.059902751568128 -1.05373825138372
19.7862603173722 10.3969561141326 19.2868564836979 0.42688968384653 0.725653402026896 -0.539622296832957 0.548695546252635 0.266480224181201 0.792414897511995 -0.104862485654933 -0.307207712389209 -0.199032384089384 0.0691252121277075 0.592032925557118 -0.345485493272105
20.2003757437856 10.4571302105386 19.5296063526757 -0.270615688848757 0.933560371373296 -0.235015026648045 0.666106468847053 0.357830422988139 0.65441535179973 -0.193914101307183 0.0442320393935479 0.21434795758826 0.38953506982675 -0.0870712922318998 -0.145941869331768
20.5490209479555 10.7047258417918 19.7211436120726 -0.734627812283471 0.63654132651101 0.234812689062582 0.578022967541131 0.405967163255439 0.707870044322122 -0.190815031898103 0.176727443136848 0.106818317158572 0.484970443473781 -0.187097423106233 0.128305586506005
20.8356544312827 11.0405630673118 19.9902959495217 -0.948359577989993 0.0991870689452486 0.301290419893506 0.315348411252595 0.397223089299112 0.861840518653182 -0.758214264746889 0.0927353560000545 0.222337962445165 0.43401593080289 0.278729710769607 0.0948977647231213
20.7926581003931 11.4587931427352 20.3247660149496 -0.694175278452153 -0.628204764282529 0.351396275923066 0.195338843089278 0.305452026365672 0.931955835820736 -0.735657680238325 -0.0448812295246728 0.852182320984398 0.515163153299469 0.2581313991371 0.71762815735412
19.5615389661099 12.8077352518853 19.7432882764948 -0.400406866602299 -0.807028604587426 0.434026559588213 0.483420951846693 0.216338351277771 0.8482345090098 -5.88538119712829 3.4386860506553 -3.15532421314197 -0.0858888650321976 0.077519335695817 -0.33794234076533
20.7184582804122 11.9279907486392 20.8450154921112 0.172769123370988 -0.954028002561158 0.24491076362745 0.403120194651131 0.295360206828833 0.866173387831377 -0.465105817070135 -0.470042396505078 -1.07534145765846 0.108865539587041 -0.033815935844204 -0.28036907500094
20.792342145253 11.9362165008073 21.4261488353318 0.640869194879353 -0.733343708498281 -0.22692192728917 0.446362567017425 0.115494037545585 0.887367718674791 -0.206321000782957 0.0239296337427812 -0.358776753565854 0.32671143253016 0.349158610341059 -0.0648460160933598
20.8897651314319 11.7424502136434 21.8210869672529 0.899126194414676 -0.143297979833064 -0.413566991449558 0.420758791337703 0.0227245612092573 0.906887821823807 -0.531464345641559 -0.313136790432715 -1.081485788911 0.668594669587126 0.398136249788978 -0.0363464780936952
21.1147722429405 11.4796199042485 22.2390324845669 0.820589937964817 0.158589240903921 -0.54907330564003 0.541550175799648 0.0912472995902778 0.83570163495905 -0.162282405601005 0.0561761065669349 0.197692348649207 0.589017370633779 0.0146395257465632 -0.132230954391901
21.1016061820407 11.9578616570758 22.281595207771 0.227302584742899 0.790198772745764 -0.5691391001561 0.424909042888872 0.445391028170889 0.788085667197426 -1.74458276240189 2.29995596580313 -1.15782376796261 -0.243220372605716 0.589360525721699 0.456706984820598
21.2985534764356 12.3221775198902 22.476334442823 -0.452145032637625 0.793397702833579 -0.407535074064018 0.429120381468567 0.594048610873205 0.680412983827659 -3.16247926488631 2.82654814096505 -2.44413840716843 0.240845682968948 1.49007962486445 0.455392068889505
22.2865521167413 11.905453226797 22.9365980881447 -0.498492329908599 0.852454241340037 -0.157566047568425 0.505092188847198 0.433327087105963 0.746397616780297 -1.04252025762253 0.187502441831434 -0.595249888770891 0.370146510844094 -0.108004745645234 -1.08353531370751
22.7042707186363 12.1169609804473 23.1582975089143 -0.953747862072781 0.25982613857205 0.151179617279494 0.261647085137616 0.469905407327867 0.843047801991451 -0.525963955670453 -0.00973626340173346 -0.252293796342237 0.454258414924638 0.113896639273444 -0.435314750079529
22.7493157262319 12.4962566349388 23.3872478996738 -0.668006665053687 -0.507487509424314 0.544264095899714 0.294902063462421 0.490969811035801 0.819744659922739 -0.659209795508642 0.11861844212684 -0.19346135536454 0.382721219557406 -0.250738796135918 0.0176426363075916
22.8029166122128 12.7866654432444 23.8394121746704 -0.300942844453574 -0.880690031168149 0.365811911485358 0.428313872585125 0.217903807594671 0.876963532867328 -0.254141832074656 -0.186003112598066 0.135227077474125 0.524360884377634 0.193815633736396 0.146567647721632
22.7959952903489 12.8805553735243 24.3642279447684 0.0654625980589868 -0.997440851366066 -0.0287450392443294 0.30623832903334 -0.00733478137237955 0.951926558060527 0.397987153652125 -0.33612466918712 0.31480211940626 0.32766884386488 0.482422447301794 0.314800699339558
20.7936173866289 13.6330303478611 23.4029343857012 0.705482178225753 -0.707928643899198 -0.0336424187467341 0.17925581724899 0.132308486643703 0.974864968620905 -7.50489527550149 2.74903600693083 -5.91886692334162 0.588737429928127 -0.190694998858124 -0.0712454116549209
22.7187747971791 12.7903587383081 25.1183683308773 0.856555984772945 -0.326604219825681 -0.399551512753876 0.451641228171754 0.0998653837467649 0.886592911010949 0.281412155053866 -0.26246727658683 -0.310389185138875 0.275106606139644 -0.219068609076452 -0.433867421888832
22.9347545353575 12.6763016333962 25.5043686406836 0.748238178287958 0.348638094271053 -0.564438649216393 0.521049039374743 0.217824615522847 0.825263725634454 -0.119621395486271 -0.209667581507765 -0.654291615340725 0.614929143841986 0.0538184130499139 -0.279223890810449
23.2850217459233 12.5274057366505 25.8595765169979 0.28018041200831 0.891801049188348 -0.355231906263493 0.619449139734815 0.114732136720482 0.776607486294047 -0.132137349085468 0.524139378076376 -0.493735505570195 0.220232748781257 0.149027620400975 0.344426672340629
23.6696709169929 12.5554499225116 26.2620058995377 -0.266814456063885 0.900954896563147 -0.342184455022565 0.525765844052253 0.433641200871159 0.731796057489551 -0.088131156653212 0.488148329421326 -0.185283197846373 0.212821612573301 -0.101099030845759 -0.274484085117717
24.0411104421688 12.7797391930466 26.4092326921928 -0.792210266637757 0.574503996596849 0.205786142417354 0.466008468180364 0.351804557999791 0.811830981508374 -0.301510600731607 0.0218846620944613 -0.185020062839827 0.609888317980102 -0.272742542621441 0.0479476781481889
24.5436555756693 13.0641566282468 26.5936785591366 -0.839655412396471 0.353512097707172 0.412320104364686 0.532081104035402 0.383138766151086 0.755045871725281 0.32971554387104 -0.305843038443154 0.124914485746705 0.498256329895126 -0.136110071258208 -0.0586070715169741
24.7293115954586 13.5022395031011 26.7876810847895 -0.594545684593435 -0.443637669768176 0.670597442363685 0.575581609691767 0.347535287190511 0.740219504997805 -0.143917082185951 0.334247111554905 0.425807094354887 0.00817431540047627 -0.392887427415425 0.350978115657145
