t = 100
b = 30 30 30
E = -0.875324461581058 -1.0597110979628 0.18438663638174
24.9110117258546 28.0679528145592 19.4063684741951 -0.33616024920475 0.937073664451069 -0.0942821247548821 0.313513238224207 0.205739263329262 0.927027877667488 -0.804253138215596 0.273389281578137 -0.311462904768976 0.0249975864165313 0.0890347105428765 -0.354998620811165
25.2086440008242 28.2951559532222 19.667147821171 -0.881592097423615 0.399449815495514 0.251465901932069 0.406341206716386 0.371188286763069 0.834928717440086 -0.249582783065136 -0.127517263930623 -0.383860020480773 0.149464966896362 -0.104445656194866 -0.0888533807662043
25.2895126806149 28.5838679820361 20.0785072515743 -0.953854902614161 -0.123261149288251 0.273801743871724 0.204709163801588 0.40014854618146 0.893294567099596 -0.348464771074199 -0.358003270584249 0.00259923634147399 0.368553665176411 0.521910907522757 0.0733505786766708
25.266583520326 28.984565106807 20.3933836312453 -0.634501436777584 -0.682123942297504 0.36347590689721 0.16315668675678 0.341462232690924 0.925625909317699 -0.651114963694687 -0.0913003600788901 0.206185218652943 0.484451433694211 0.094038627384342 -0.0831637405075692
25.0577485908017 29.1811697850538 20.7851422427478 0.120124835853122 -0.923056139755219 0.365427516889227 0.229899818550935 0.383951931323252 0.894274493713406 0.0747405188868045 -0.159789072700687 0.476551869469395 0.490221009195684 -0.31990140791597 0.582464185072427
25.1243498531206 29.1821536291268 21.2975267431552 0.555672525905346 -0.830640193752033 0.0355639406967574 0.149959595395645 0.142209093304702 0.978411253059765 0.124994232417214 -0.441160866853043 0.34716854853373 0.364742303228834 -0.0300132346172921 -0.00734650659564898
25.0353958651971 29.0604237675957 21.7322846195784 0.959326311102926 -0.276689899201387 -0.0559965285314506 0.0631251884120663 0.0169172841931257 0.997862169770596 -0.151800547755183 -0.462633705978732 0.157911592518898 0.542560574300515 -0.391929513718548 0.302176847848512
25.1623262466766 28.9640813913389 22.2313638558123 0.937985726965772 0.0453716599036365 -0.343691824897828 0.334008890130531 0.14724503189452 0.930997767994468 -0.0771644618414464 0.225073167293711 0.165133526732362 0.616537473242124 0.585820720676069 0.0410285268798076
25.4294659582543 28.8217016865451 22.5931562346602 0.639999534001608 0.61253313164606 -0.463900463933654 0.579378795679563 0.0118585694304323 0.814972073760552 0.0420726853815888 -0.0175554846150472 0.0749559511653847 0.515426889019962 0.328988829751372 -0.158735674101165
25.856950690414 28.8116458718572 22.7856673823337 0.126439028807677 0.942083153689335 -0.310632233813401 0.69860045112866 0.137750944940074 0.702126761614727 0.0130727832875328 0.0909018673069999 -0.155189126633116 0.683386921332474 0.0564420082643832 -0.0168398372251194
26.2270425790961 29.0318549259419 23.0739059531743 -0.335213262099682 0.881157429417762 -0.333456955596148 0.439196689252695 0.459275452042545 0.772121890982861 -0.216110331726895 0.470097987680633 0.0784238468253113 0.658336483199368 0.262750307051616 -0.407891920120086
26.5553457990461 29.3463377884007 23.2297565992406 -0.882772635299548 0.43331365029392 0.181525854005324 0.335936210297765 0.312102471464672 0.888672488124687 -0.43816528742556 0.220443887637924 0.272765263599591 0.484585013739831 -0.0808050379282398 -0.00482539188285786
26.6274612547364 29.6789245977301 23.6044035828649 -0.968888532022946 -0.141221096663671 0.203252294697291 0.159435149843805 0.271994480994006 0.948999112943836 -0.602366825751687 -0.0940142422301822 0.278497675264055 0.400293252966166 0.143619869447136 -0.14802864678344
26.504188772338 30.0150197446617 23.8668184132476 -0.521613216286307 -0.712698043413509 0.469021357078773 0.354271804755058 0.319169979769493 0.878989131474335 -0.730871350170684 -0.331894338107334 0.0878372655514021 0.661984184836386 -0.0598204693701265 0.149546293185663
26.4320531638155 30.2620480777221 24.2536283900444 -0.132300349457491 -0.937328271105845 0.322354169956948 0.183256578713839 0.296476177523868 0.937293329822707 -0.297911408210905 -0.237876189132066 -0.201578212391548 0.284180500399135 0.410433781681161 0.131524098507519
26.4280051460504 30.3499352102462 24.7692031370167 0.21502142393499 -0.974923505160192 -0.0573570602354707 0.261866064016313 0.000975768821791285 0.965103671725329 0.597310867775238 0.0642337919504687 0.0387243262555825 0.351695269354032 0.362384008598117 -0.15745426580078
26.3254496084023 30.1794625483635 25.166109837062 0.912325583079613 -0.311724515677501 -0.26549904177551 0.292499001809664 0.0423975034953611 0.955325427097236 -0.116670890721759 -0.791701962296109 0.0258720677523268 0.471916964949207 -0.0687482649535829 -0.137890434121686
26.5272201046553 30.072546121003 25.6439142259392 0.834639517375883 0.0914789796823098 -0.543146714200971 0.542915237859087 0.0295825599337869 0.839266229836094 0.023053419655161 0.559675054482984 -0.258449474573241 0.613042415975024 0.186681843903874 0.0412751093449004
26.8622141710079 29.8532000076383 25.9016919391112 0.61429855926611 0.694923680783268 -0.373789029916177 0.396506841156514 0.137704622585415 0.907645109375003 0.189337644664908 0.0562382205891029 -0.643584923317374 0.514087293893073 -0.562168501132464 0.116458731430545
27.1743238865094 29.9506377940781 26.3298073187506 0.248102090422626 0.883550235604881 -0.397220617409347 0.323201463110334 0.311050550684295 0.893749545438412 -0.0746373042768118 0.274798245312931 -0.392491687867979 0.219909239869835 0.330991282214633 -0.3564415773254
27.4804778269064 29.9880665189241 26.7005800129564 -0.280119771284607 0.898854661695248 -0.337035756140589 0.247021398502238 0.406761538048042 0.879502905421423 -0.385138060517637 -0.0352184882950287 0.228708988909843 0.168160501195163 0.725569113918984 -0.1559560168868
27.7710082847248 30.2757099603592 26.8613542370495 -0.8506622476011 0.494199391962586 0.179277947254141 0.405342991034334 0.399416123350872 0.822291739547263 -0.169778145216733 -0.181902017571221 -0.442158179675317 0.466651943232069 -0.240275833698586 -0.639514809341707
27.9857876195994 30.6521419591164 27.0419259846584 -0.884264051366886 -0.0827194288244369 0.459602506901719 0.37706641009294 0.454140966649212 0.807203066500304 -0.42380186132878 0.0166162906195675 -0.21457868254407 0.514186129767036 -0.0522078325301497 0.176255190606659
28.0422074158764 31.0224485857767 27.3714524127566 -0.630963500567452 -0.630780953633812 0.45166395730229 0.284707517782203 0.353297965465437 0.891135264120539 -0.447141563006452 -0.0286276184826408 0.0959827276317832 0.474981694119087 -0.130955150518691 -0.249979911991895
27.9579570608961 31.26664281769 27.7663371251662 -0.128675509879509 -0.905572289770168 0.404204555212134 0.244613890926084 0.366015213820234 0.89788461929353 0.616189526417779 0.23431596133986 0.232996490089785 0.321845898900884 0.130938661485339 0.375077490363181
27.8860513997207 31.3399788857999 28.30566154678 0.429034977409525 -0.902388301160235 -0.0403016486100817 0.282145490282258 0.0914930473230536 0.954998862400207 0.322856353755264 -0.0232811642318479 0.448315125436282 0.0760692420401188 -0.023438527367047 0.0523164603304046
