t = 100
b = 30 30 30
E = -0.273049679208812 -0.522449136032437 0.249399456823625
15.0955785834817 27.8109569820701 6.20790813551092 -0.663020869193314 0.518823826255772 0.539652708450887 0.74680956748191 0.508251977226648 0.428900083338066 -0.188522661752469 0.00602875098343651 -0.164415297241293 0.242029655294357 -0.395456664659103 0.0347129550620613
15.3637873828702 28.1561056402777 6.47489826293972 -0.774963187094121 0.0296868983744308 0.631308663424419 0.534414153349156 0.564034594216476 0.629496920615579 0.0112582179953968 -0.301148922920063 -0.134968073503339 0.544806129039047 0.499310067063687 -0.327208206510865
15.4387653740708 28.6007743508863 6.77008085483514 -0.402852978342471 -0.444196796963405 0.800249064589866 0.447587336012174 0.667046340331621 0.595579256925594 -0.0461331747229948 -0.0330254695342406 0.154374146651795 0.571288642007074 0.258489822380275 -0.0831572309102176
15.5149513065778 28.8730080519569 7.20599628491844 0.0366546860132273 -0.78408265420588 0.619573004855939 0.625845873389109 0.501360604148393 0.597456583470625 0.213851761495635 -0.500332016965208 -0.00280320065710079 0.552032908651322 0.265935344375207 0.155570644192024
15.5628202043673 29.0597451675772 7.63005468036521 0.647014578624925 -0.762448212546448 0.00668887537990757 0.585614635966146 0.502533065737003 0.636015642701713 0.253260082211117 -0.297624585057814 0.403245107441554 0.315770428095805 -0.0139940108331816 0.184325497152575
15.8506236659941 29.0947991856643 8.09770943762048 0.727670189338225 -0.316715652851763 -0.608430095406934 0.685505336255045 0.304682335296301 0.661249568626813 0.309926101356195 -0.328962764969872 -0.459879111693683 0.25866486935191 -0.0534146559266823 0.723614537598039
15.5765116514369 27.6400533022282 9.92143901592471 0.400619803349551 -0.312426764262138 -0.861332208723315 0.898578127947533 0.317683576028727 0.302711702921249 -1.19067142947834 -5.55875562909585 5.37015604077563 0.0465429056550541 1.0775815720102 -0.283211329248641
16.5211491115199 28.7563356204276 9.53120057422222 -0.00574588084923506 0.491238915979831 -0.87100585372667 0.796349514055983 0.529057734200384 0.293130084373712 0.0444653820583169 -0.803482106864866 2.47958910157705 0.284900862047343 0.986504265701095 0.207762432270139
16.5200330200162 28.8874187124391 8.5477873545222 -0.340076822082213 0.852963625156658 -0.395980678267153 0.732587711901733 0.504310593161546 0.457149812886473 -1.54140844880116 -0.458009515345013 -1.27670314597257 0.413406157682351 0.854745226045591 0.540560858423394
17.2873414051967 28.9997560510347 8.70450055574192 -0.487140848285291 0.873300440374006 -0.0063257936729845 0.664563804884957 0.375384275362662 0.646097110989347 -0.527179347838231 -0.707118226109455 -0.0750340078847073 0.126418212441797 -0.202880824461961 -0.021310920458937
17.7087377308055 29.2397422871994 8.8979520041678 -0.783089507008796 0.40144757137919 0.474984794196691 0.621631699625506 0.482463874835137 0.617091986895282 -0.469231505197031 -0.86371486452547 0.522843127812647 -0.09549625863388 0.09614973369944 0.286843287260476
17.7664246222712 29.5796246362537 9.23831399897272 -0.643566357733156 -0.285585470527194 0.71011490052505 0.542432629200906 0.484378016583399 0.686399782294574 -0.937997515448251 -0.633787186889972 1.98771254366564 0.268373111364765 0.98865757558396 1.19894730940604
17.7392916340611 29.4206474030933 10.1587090816463 -0.404340536068377 -0.659689784836195 0.633496646394891 0.563058440878411 0.366284196976875 0.740811015473368 -0.84053524054925 -3.46952723416553 3.96042785203693 0.259597178224795 0.542067241668043 0.178352721689747
17.9384357550717 30.5872099551763 9.69829470017329 0.112624456508624 -0.672331702882144 0.731632214532417 0.670772016375153 0.594666554137598 0.443211543438439 -0.561706788746754 -0.949379935902482 0.653473277079032 -0.0312319713710944 -0.91187622534591 -0.906813069393582
18.1893175181945 30.8594641777218 9.97803514893494 0.571532370305875 -0.819760230872288 -0.0366578282989988 0.643445149792683 0.419987494860483 0.639991191380031 -0.691770390105596 -0.0436434561060701 0.541285556705479 0.127532075357662 0.404981331694314 0.217259431558871
18.4436269821375 30.89330050953 10.2442035612136 0.739054057355467 -0.548668293511661 -0.390847904971904 0.624284610606792 0.339830570818323 0.703408694889537 -0.326143538551592 0.251598490582219 -0.531047303232332 0.473469031393539 -0.00638107615956625 -0.085685530694756
18.7716874725582 30.8442505287629 10.6257074164518 0.639797229965737 -0.231380738885829 -0.732886309541531 0.768379971028763 0.212260739569721 0.603769397492021 0.28836768063396 0.423214788265787 -0.029930227979592 0.377961205517154 0.40437113865004 -0.121368487924313
19.1310126556702 30.7185680276363 10.8874179313362 0.396074017722807 0.441864250987131 -0.804910701624938 0.810523494979103 0.243681665950981 0.532607544174319 0.167585438014352 -0.00723183933397473 0.367756390785885 0.436735934523604 -0.237650281447982 -0.298563085111726
19.5530379412582 30.7729368025377 10.8284440554333 -0.0646651772602997 0.874268906675593 -0.481115552172759 0.812487980068726 0.326046112716084 0.483277455307783 0.576422315595543 0.764784976820751 -0.191766619233795 0.614456032812226 -0.264443184510473 0.0828894274569722
20.0184119346467 30.9370506510626 10.9329624513864 -0.477004981903943 0.858594181158596 -0.187835463626168 0.777336492542519 0.511866728131916 0.365705232509316 -0.425688201035559 0.0572236860826153 -0.0106795035405656 0.444366041033076 0.340095375935808 -0.0699329953113135
20.4199858444459 31.2107163092565 10.8838703764385 -0.700952399834377 0.523893958932995 0.483942904003842 0.712423245065741 0.546146858031449 0.440654755898473 0.099904899691935 0.317015232027535 -0.230511360947866 0.382354819949412 -0.0348196676241557 0.13661523004088
20.6475208646791 31.6302442271043 11.0116019548276 -0.69509575437147 -0.0794286859223148 0.714515820588805 0.526368782966817 0.620724875501092 0.581064901694004 -0.0989563214032318 0.443749983979563 0.228050206386836 0.475828973829106 -0.337821058446148 -0.166052958855625
20.7074593460497 32.0665353579834 11.269541948783 -0.288697475508122 -0.561507739207247 0.775475794871317 0.493147875863374 0.60704326495397 0.623140061929966 -0.353958771422202 0.175832362418283 -0.208885427072219 0.434181784284031 0.0159122414241035 0.39809204417592
20.9192208043487 32.3781039580712 11.4965107239626 0.056301902878938 -0.843932677650308 0.533486281116423 0.687006553774498 0.420469036155617 0.592644636809828 -0.0228922649560954 0.412030145767473 0.026566747175249 0.224929276935637 -0.224999698288789 -0.0833436825342414
21.0756099444937 32.5413963906703 11.9491216455323 0.545919337488331 -0.821544441766492 -0.164428387686532 0.738689879965436 0.379348273808054 0.55716427491925 0.161630670268895 -0.371510337526366 0.0265055886163217 -0.0193100900953411 0.257389537249896 0.577180728770962
10.7431046001522 14.7614806493615 21.5972562437623 0.0547196565638146 0.969465396993974 0.23904494673896 0.535883513760007 -0.230517601860675 0.812213258104292 -0.392252578242073 0.869580280920514 -0.480495568828389 0.207800075464083 -0.304884591373653 -0.541036465500762
11.1848002881089 14.8753280848272 21.7843177178142 -0.555806907021289 0.623451008133473 0.549897629934892 0.754207998576953 0.0999599221465084 0.648982430118611 -0.277765474300846 0.206316971304622 -0.546633232835289 0.0381119204965922 0.190406707572232 0.153613838392537
11.4568575393398 15.0632690618171 22.0710211236267 -0.800726581490637 0.0799070526036851 0.593676414756264 0.598896198321134 0.127726514277199 0.790575210121934 -0.333959946802935 -0.138063527195687 -0.512003856734083 0.338658852452217 -0.148369243156278 -0.179154458246492
11.6385656991809 15.3403570101867 22.4107802559602 -0.532713822129671 -0.632245962939292 0.562566359862 0.584844375886619 0.205441984694114 0.784697731235829 -0.112792892159393 0.286860345638649 0.269552107733577 0.548086148956381 -0.263731286370124 0.2409950019675
11.7568599868657 15.6765547127464 22.8027279827767 -0.244705347089508 -0.924742938342627 0.291495577833237 0.412536810282178 0.172767829192274 0.894407369848139 0.723491995653468 0.407760793296286 -0.801141986419367 0.496620308999599 -0.0495505960069309 0.246171404431587
11.6620401832366 15.7683063142759 23.2774122616603 0.464093593846795 -0.882384902069189 -0.0775493807124359 0.305746991425087 0.0774082865099448 0.948960812721809 -0.128157134284821 -0.0749495846450467 0.165809319807853 0.222314075225452 -0.690427093145167 0.447386111355615
12.4678952498788 16.8246636524827 23.0411569332124 0.728106122999618 -0.223804033670761 -0.647899015507026 0.638102206849215 -0.123943096163878 0.759910234092785 3.07983103822064 5.26821010781933 -4.28999088530886 0.204785163188469 0.441026037191505 1.00844933917298
11.8271261623985 15.0428747990659 24.074659863591 0.810257342370819 -0.43911747786446 -0.388147880602718 0.456995767362868 0.0587367364510725 0.887527320817002 0.496246769894679 0.234091305565889 -0.558155731649969 0.0217572045995343 -0.211824970605488 -0.867959382388488
12.098101619162 14.8770972315119 24.4845856359124 0.721797506619175 0.311968470906766 -0.617805729406135 0.647881272876105 0.00940215540372476 0.761683226354829 -0.00610052305537718 -0.014483736785473 -0.415632574809512 0.205005720148513 -0.145562730443454 -0.771122966047318
12.4235438127843 14.6546713676229 24.7258913185316 0.34681132377911 0.880260466726983 -0.3238260307967 0.713018858360392 -0.0231268226920481 0.700763257577665 -0.299364400918029 0.0751981982005675 -0.0941095895607228 0.222691626424632 0.102204914755718 0.00148031564009062
12.855728418375 14.6742773109391 24.9241938320988 -0.256755642469193 0.96470031654684 0.0585638125486636 0.605908549073897 0.113462396176505 0.787401419919042 0.0454947709298326 0.0310542981723615 -0.191714025359435 0.585077185902376 0.211745952802609 -0.0844258315436839
13.3049211123735 14.847496395025 25.1120703152073 -0.677109268031764 0.613608844062938 0.406210667923748 0.706459636959363 0.387497782420579 0.592250075529154 -0.404048598057361 -0.1110585012722 -0.164657086341979 0.411019294325168 0.122741392467704 0.0833086703779369
13.6138222356468 15.1226947867136 25.4400722407311 -0.867473247928193 0.215569177471375 0.448352514023116 0.49678760850919 0.32770699567579 0.803623100175613 -0.20102537237567 -0.193682723436038 0.256420586769745 0.681487056028316 -0.0195788222016799 -0.225171755319016
13.7680231631926 15.4156653881696 25.7028551132449 -0.700149372499456 -0.516319411477884 0.49315819197448 0.461671762486091 0.199506910349696 0.864324048961707 -0.93376141583906 -0.424390740327009 -0.989937605240605 0.448028728791069 0.273979192415875 -0.111425265497023
13.852680237573 15.6165927542169 26.0930788027306 -0.298699007445978 -0.931632153630659 0.206979018726305 0.409862080006416 0.0706320744317538 0.909408637500471 -0.0557429293478307 0.000937710406789216 -0.268169126952742 0.53099321124644 0.00932284262723182 0.000896996001996036
13.8883695717342 15.6860767077362 26.5838079036308 0.162603108714142 -0.983439681237233 -0.0800406359024349 0.368661538893974 -0.0146913541405622 0.929447535451356 0.0289407828910544 -0.023053613518096 -0.168569890109212 0.604168751991838 0.220430345707352 0.0196142236706044
13.9241062778143 15.5453257761898 27.0471987491983 0.433267011846546 -0.784649575341033 -0.443401201022688 0.359532778084992 -0.300660174173715 0.883368292636138 0.190094484645083 -0.013760093733292 -0.012438328684853 0.51428625167486 0.153926512019682 -0.4331358389579
13.9759607806285 15.36905467451 27.4592529245358 0.764016894779053 -0.268768406216526 -0.586550605367669 0.53500714905062 -0.244212886785609 0.808781371617141 -0.325223900416202 0.209452021342561 0.128623549931906 0.561433395344116 -0.171161657422292 -0.142813147038452
14.3712137541957 15.498720151195 27.773596927983 0.525212016185261 0.648751965182285 -0.550702379450767 0.720467457649385 0.00538904939715756 0.693467723482326 0.950552249777081 1.34024821222426 0.0905622431806586 0.302043728328762 0.446779905288207 0.878469177698835
15.2713396133482 15.5568299446776 26.3888395595325 0.166173026164198 0.969914961252528 -0.177908340628325 0.733926724203181 -0.00115327187337697 0.679227590591528 1.72335403172225 3.28216889983414 -6.42628996213897 0.461933444836887 0.240866958702198 0.399294519488974
15.0889585099646 14.8715302762133 28.0077753158259 -0.00907353455607181 0.990823374432369 -0.134857708854502 0.584429556471688 0.114686317210494 0.803298837993428 -0.463747780742083 0.0559805408160763 -0.345459003696558 0.132050040648094 -0.149938452502273 -0.712320159938786
15.5172486759738 14.9828642651358 28.2431390972864 -0.591213111942809 0.774755073038636 0.224101578190909 0.603766445162448 0.240933461342642 0.759879616754453 -0.302875449945544 -0.0232555427189403 -0.170703688759768 0.225705067685189 -0.0883968657840149 -0.542121303717293
15.8314635018276 15.2724572326174 28.5770797378398 -0.78704054126195 0.137339124846959 0.601419181684974 0.616636961803655 0.146611574246792 0.773475135885531 -0.334278849304642 0.310321728266947 -0.0516002763826906 0.561794444714721 0.180222812087564 -0.00198775496771312
16.1041601718046 15.5044225692154 28.9334843094317 -0.707861624364848 -0.480930539365008 0.517337044772021 0.451274999943697 0.255529792850751 0.855017711606836 0.102769519452781 -0.468473781736093 0.291868767181149 0.431352243789818 0.1168433910546 0.101499997993593
16.1003222566248 15.6752706700837 29.3869533611636 -0.167679968721935 -0.924582475128912 0.342097290702639 0.307359058049487 0.280684595382135 0.909255993616321 0.0528775019655994 -0.368448507992302 0.16247296163973 0.416241420140019 -0.593069075753682 0.106130197680195
16.1094956795093 15.7902541591966 29.8492049218258 0.457872886831202 -0.889017551475498 0.000312400675228532 0.425169315977917 0.219284578263387 0.878148739550534 -0.12012547477874 -0.442250883415872 -0.0845234814546794 0.288925810887376 -0.457700780911131 0.363033492191193
16.2680012129865 15.8380832419874 30.3404264132261 0.709721205636403 -0.559068521140698 -0.428646803565839 0.571635888543399 0.10140154867905 0.814217426672806 0.186513777530144 -0.331126471859808 -0.130491794538051 -0.0642780434170112 0.206012937368682 0.507417761439622
