
#id1 id2 FENE BEXC STCK NEXC HB CRSTCK CXSTCK total, t = 100
0 1 0.0416379 0 -1.15224 0 0 0 0 -1.1106
1 2 0.00758044 0 -1.3725 0 0 0 0 -1.36492
2 3 0.0762525 0 -1.33286 0 0 0 0 -1.25661
3 4 0.0172762 0 -1.29144 0 0 0 0 -1.27416
4 5 0.168455 0 -1.27661 0 0 0 0 -1.10816
5 6 0.241114 0 -1.23471 0 0 0 0 -0.993594
6 7 0.0639455 0 -1.31379 0 0 0 0 -1.24985
7 8 0.153113 0 -1.1342 0 0 0 0 -0.981092
8 9 0.226394 0 -1.31853 0 0 0 0 -1.09213
9 10 0.23826 0 -0.980597 0 0 0 0 -0.742337
10 11 0.0430226 0 -1.27354 0 0 0 0 -1.23052
11 12 0.00216985 0 -0.147481 0 0 0 0 -0.145311
12 13 0.00350914 0 -1.08086 0 0 0 0 -1.07735
13 14 0.0863586 0 -0.982525 0 0 0 0 -0.896166
14 15 0.169375 0 -1.25823 0 0 0 0 -1.08885
15 16 0.0520773 0 -1.1807 0 0 0 0 -1.12862
16 17 0.265053 0 -1.12537 0 0 0 0 -0.860313
17 18 0.191127 0 -1.36172 0 0 0 0 -1.1706
18 19 0.106305 0 -1.13159 0 0 0 0 -1.02529
19 20 0.172051 0 -1.24866 0 0 0 0 -1.0766
20 21 0.0439357 0 -1.21814 0 0 0 0 -1.1742
21 22 0.00706711 0 -1.26296 0 0 0 0 -1.25589
22 23 0.207128 0 -1.06851 0 0 0 0 -0.861381
23 24 0.0148958 0 -1.31008 0 0 0 0 -1.29518
25 26 0.00772554 0 -1.2563 0 0 0 0 -1.24857
26 27 0.244676 0 -1.35103 0 0 0 0 -1.10636
27 28 0.137047 0 -1.21616 0 0 0 0 -1.07912
28 29 0.0325747 0 -1.28062 0 0 0 0 -1.24805
29 30 0.0412706 0 -1.37174 0 0 0 0 -1.33047
30 31 0.254316 0 -1.21297 0 0 0 0 -0.958656
31 32 0.375002 0 -1.2915 0 0 0 0 -0.916502
32 33 0.0978353 0 -1.26985 0 0 0 0 -1.17202
33 34 0.223814 0 -1.28694 0 0 0 0 -1.06313
34 35 0.105695 0 -1.27529 0 0 0 0 -1.16959
35 36 0.0349258 0 -1.41892 0 0 0 0 -1.384
36 37 0.00186908 0 -0.817493 0 0 0 0 -0.815624
37 38 0.0160319 0 -0.934837 0 0 0 0 -0.918805
38 39 0.00228036 0 -0.720938 0 0 0 0 -0.718658
39 40 0.204718 0 -0.88492 0 0 0 0 -0.680202
40 41 0.504366 0 -1.1581 0 0 0 0 -0.653731
41 42 0.159235 0 -1.38617 0 0 0 0 -1.22693
42 43 0.00295707 0 -1.24597 0 0 0 0 -1.24301
43 44 0.213496 0 -0.988384 0 0 0 0 -0.774888
44 45 0.144149 0 -1.28576 0 0 0 0 -1.14161
45 46 0.0487345 0 -1.28858 0 0 0 0 -1.23985
46 47 0.0370643 0 -1.37975 0 0 0 0 -1.34269
47 48 0.670315 0 -1.32875 0 0 0 0 -0.65843
48 49 0.119844 0 -1.42525 0 0 0 0 -1.3054
49 50 0.578855 0 -1.21061 0 0 0 0 -0.631752
50 51 0.0216148 0 -1.18842 0 0 0 0 -1.1668
#Total energy per particle is  -1.01259 and should be -1.0125910

