
#id1 id2 FENE BEXC STCK NEXC HB CRSTCK CXSTCK total, t = 100
0 1 0.012614 0 -1.29034 0 0 0 0 -1.27772
1 2 0.299904 0 -1.25678 0 0 0 0 -0.956877
2 3 0.114543 0 -1.37064 0 0 0 0 -1.2561
3 4 0.0105762 0 -1.25063 0 0 0 0 -1.24005
4 5 0.309884 0 -1.23403 0 0 0 0 -0.924148
5 6 0.138285 0 -0.884121 0 0 0 0 -0.745835
6 7 0.0981761 0 -1.06061 0 0 0 0 -0.962433
7 8 0.111616 0 -1.1258 0 0 0 0 -1.01418
8 9 0.0957044 0 -1.38654 0 0 0 0 -1.29084
9 10 0.437799 0 -1.16919 0 0 0 0 -0.731388
10 11 0.267309 0 -1.12597 0 0 0 0 -0.858663
11 12 0.00271755 0 -0.0703989 0 0 0 0 -0.0676813
12 13 0.0338451 0 -0.12577 0 0 0 0 -0.0919245
13 14 0.0835841 0 -1.31591 0 0 0 0 -1.23233
14 15 0.209222 0 -1.04992 0 0 0 0 -0.840696
15 16 0.0598829 0 -1.00462 0 0 0 0 -0.944742
16 17 0.570153 0 -1.05719 0 0 0 0 -0.487037
17 18 0.37387 0 -1.16144 0 0 0 0 -0.787567
18 19 0.203152 0 -1.31107 0 0 0 0 -1.10792
19 20 0.203358 0 -1.38414 0 0 0 0 -1.18078
20 21 0.383779 0 -1.37329 0 0 0 0 -0.989514
21 22 0.0368246 0 -1.32065 0 0 0 0 -1.28382
22 23 0.0604984 0 -1.27118 0 0 0 0 -1.21068
23 24 0.0276111 0 -0.791184 0 0 0 0 -0.763573
25 26 0.00036039 0 -1.33852 0 0 0 0 -1.33816
26 27 0.126165 0 -1.38157 0 0 0 0 -1.25541
27 28 0.0605428 0 -0.952642 0 0 0 0 -0.892099
28 29 0.565733 0 -1.34492 0 0 0 0 -0.779192
29 30 0.410702 0 -1.36168 0 0 0 0 -0.950979
30 31 0.16953 0 -1.21771 0 0 0 0 -1.04818
31 32 0.0686113 0 -1.25657 0 0 0 0 -1.18796
32 33 0.125996 0 -1.34834 0 0 0 0 -1.22234
33 34 0.106563 0 -1.19695 0 0 0 0 -1.09038
34 35 0.0510701 0 -1.17662 0 0 0 0 -1.12555
35 36 0.108106 0 -1.17687 0 0 0 0 -1.06876
36 37 0.063571 0 -1.12149 0 0 0 0 -1.05792
37 38 9.84873e-05 0 -1.28357 0 0 0 0 -1.28348
38 39 0.0475388 0 -1.22021 0 0 0 0 -1.17267
39 40 0.0714186 0 -1.23864 0 0 0 0 -1.16723
40 41 0.0127705 0 -1.30373 0 0 0 0 -1.29096
41 42 0.154969 0 -1.28909 0 0 0 0 -1.13412
42 43 0.365824 0 -1.26722 0 0 0 0 -0.901399
43 44 0.692519 0 -1.30026 0 0 0 0 -0.607737
44 45 0.0945648 0 -1.21976 0 0 0 0 -1.12519
45 46 0.335551 0 -1.27286 0 0 0 0 -0.937311
46 47 0.209897 0 -0.929348 0 0 0 0 -0.71945
47 48 0.0685718 0 -1.13698 0 0 0 0 -1.06841
48 49 0.0889794 0 -0.984462 0 0 0 0 -0.895483
49 50 0.000193075 0 -1.24212 0 0 0 0 -1.24192
50 51 0.0977511 0 -0.675248 0 0 0 0 -0.577497
#Total energy per particle is  -0.949736 and should be -0.94973610

