t = 100
b = 30 30 30
E = -0.504873558360481 -0.727844356666087 0.222970798305606
5.40513746477937 22.0719664304481 28.9247100807912 0.0493113131012869 -0.0707258501028169 0.996276135286292 0.151664529972837 0.98645262690666 0.062521751386312 0.483056008350743 -0.137759827505823 0.500805207974807 0.391857929895631 -0.251450023904089 -0.683329413417188
5.24953708846178 22.5000810774421 29.0683733171167 0.735735914694124 -0.216667693861631 0.641675662610782 0.151537228130447 0.976089994996654 0.155835408302689 -0.542358115651368 -0.259137794207796 0.107198939766206 0.446481731671065 0.112311860409261 -0.274966547673096
5.26324445765884 22.8877973596421 29.3390655162363 0.950197461461669 -0.297474736648233 0.092916347130204 0.266546671759436 0.93021319399839 0.252301744345281 0.129495792523154 0.218141592128941 0.232514554066077 0.22152114319605 -0.00293209467968678 -0.0819468003974046
5.5645296315873 23.2494670320346 29.5911976494793 0.75835730121102 -0.351751940648923 -0.548784709453566 0.461298804213341 0.884433772133255 0.0705705153487587 0.674065148260818 -0.169456837040323 -0.306330746905268 0.597242466777738 0.192454426113666 -0.376492297561023
6.01071742547473 23.5128828362143 29.7689833167126 0.370997591974425 0.00260590507594195 -0.928630107871489 0.602557006369433 0.760225862138055 0.242861253701152 0.663368791561922 0.224193398237794 -0.461414946234967 0.647149839963999 0.0750871915642152 0.10474861481147
6.47871295683233 23.6816365065429 29.8295114761675 -0.396663024248637 0.392343270340006 -0.829894625292222 0.349502463455647 0.900517849489455 0.258680327208052 0.18082247891392 0.654324984891121 -0.434218880450776 0.349229855851047 -0.588880072576899 0.668579910836767
7.50979849107027 23.8854750031412 29.8939372238923 -0.765855391225944 0.270616343918909 -0.583294261013451 0.310760604462056 0.949925841527358 0.0326898020014281 1.72647912507127 -0.377806018727379 0.386358795134498 0.104259623337445 0.51189596052558 0.159134682772446
7.36857812575439 24.3268400690873 29.5207975415389 -0.984320043907426 0.167169504575901 0.0562875568847512 0.168769656145855 0.98533950933825 0.024954670171525 2.09917045414994 -0.459802589111648 0.112407758803846 0.246554902977498 1.23870172489315 0.223001247809471
7.09459116347739 24.7199455635101 29.3479900665972 -0.73662287356535 0.147404223283999 0.660044406736109 0.224469185375788 0.973921823669024 0.0330113324970606 0.313005682848479 0.0562697397357474 -0.131329035862803 0.638826912636246 0.0978790077458445 0.101535496210681
7.01439920005913 25.2102529111541 29.1932734107464 -0.526593206810005 -0.094418531382852 0.844857751569134 0.035643779708189 0.990486912944834 0.132910063824952 0.337432756979564 -0.0031038634400989 0.447725252475622 0.586045586949174 0.489225984275681 -0.0885587852868677
6.75444023924998 25.5555109418727 29.096309171684 0.343103818078019 -0.172363312596297 0.92334746431049 0.110714491570757 0.983587784222443 0.142468449990173 -0.0404192976293567 -0.364318926155048 -0.642863916198211 0.490893406485175 -0.877768339134325 -0.0304043445118315
6.52118122876551 25.970153783894 28.9898214826685 0.734682571811635 -0.454383424506901 0.503762943883948 0.496928162855115 0.865959353391704 0.0563620590995192 0.109881288604859 -0.379143853100072 0.18342690093899 -0.0119114294189247 0.183049889159942 -0.198595825142728
6.73011138688655 26.029258286566 29.3016636226574 0.988667427887626 -0.133983443146873 -0.0677128902849317 0.143535623232794 0.975807346595336 0.164916430504996 0.215574730477952 -1.22461925171585 -0.930741790956382 0.428898357339093 -0.484842717880356 0.533354558469257
6.82211097010715 26.6419667696387 29.6929430152163 0.845493808632291 -0.204304850715596 -0.493355480072687 0.29511900167303 0.948770802284467 0.112865496932825 0.525671050642517 -0.941819291347538 -1.13655201193906 0.255891272923795 -0.247023672136438 -0.408771473447602
7.16398216706691 27.071237850009 29.9584340259606 0.301156689206132 -0.234305709488004 -0.924340502356959 0.60106579316341 0.799171005942018 -0.0067457254553562 -0.615385678748802 -0.506839182810259 -1.24513588432534 0.369642677889558 -0.0594840048054309 -0.345501736366615
7.54554631402784 27.3193563261227 29.986111043084 -0.319929734226315 0.179724783791661 -0.930238597578235 0.519001499337422 0.854668665728344 -0.013371697433584 -0.0193954862644596 -0.79891554625344 -0.557365710502841 0.718242027017761 0.109709563098578 -0.093386680123227
7.94246830489158 27.6362365337849 29.9167564486837 -0.749223927005871 0.264135784220564 -0.607367825568076 0.411916957951093 0.903933449384852 -0.11501575791697 -0.509200168059485 -0.0675107359015115 -0.313122395824624 0.599698860870473 0.184696469052315 0.102006968358002
8.17463804247453 27.9780926881271 29.6272897791124 -0.945466010536575 0.321024942682725 0.055107987803779 0.310090164192286 0.938901129777717 -0.149360788397034 -0.246718656855504 0.251749717576344 0.0421351418091309 0.57536353761326 -0.130127103995378 0.0971035155487066
8.22103538489725 28.4213804241206 29.4056913293858 -0.792876770039596 0.189919966316954 0.579030840902643 0.117886857158665 0.980047833745701 -0.160027574624444 -0.133473978842918 0.0857608226706575 -0.0673608155902965 0.406748353559254 0.16954223416527 0.1536372707193
8.0589397245004 28.8295603781912 29.286583513205 -0.182765680540267 0.0564204527616495 0.981536204785871 0.268505056491911 0.96326322585178 -0.00537345360132109 -0.347719718168051 -0.233134225507631 0.10060594336559 0.575244693421915 -0.087562430988413 0.194633898393757
7.97292709737947 29.3192220138355 29.3719084285113 0.27346021812672 -0.279593939882965 0.920351356299058 0.163019248182621 0.956452136915368 0.242123770685371 -0.0512183300164131 0.195771338542803 -0.0858935036615438 0.337383435535302 0.265235440893121 0.18793771031178
7.95929904765209 29.7850172456751 29.5953615368715 0.587620438859871 -0.509851843874785 0.628293879354308 0.334029871532022 0.860100237290258 0.385553516629071 0.269690023416268 -0.00314072408510669 0.256282970879201 0.652890693357539 0.474954988706388 -0.12669365460414
8.05318970987174 30.0309372392585 29.9664130777996 0.937062625798066 -0.335630698101329 -0.0962577374975424 0.343133358320008 0.834195418473528 0.431714487742084 0.614874549178657 -0.270983422893878 0.0140530569352649 0.634466092415908 -0.294668731687451 0.081004212182308
8.17135561067949 30.3182565729981 30.2295892667913 0.751604432460118 -0.0500953292752743 -0.657708991812226 0.293983146240591 0.918042806174425 0.26602856822063 0.517608097504485 -0.269394825593442 0.237530434292806 0.352398379953706 -0.349571656430422 0.360089198744086
8.44612203805707 30.7719906871438 30.4184149148401 0.209722416993099 -0.0900887061324172 -0.97360177425017 0.227462346744736 0.972922110223185 -0.0410284200624783 0.106869085827806 0.12341158218478 -0.118725700577158 -0.114944526226305 0.157996842817109 0.436489216428404
1.17233340912281 8.75479666602277 16.571921835435 -0.101330821819407 -0.155725416803685 0.982589203044939 0.289279802472076 0.9403844806274 0.178868980587866 0.19588688319707 -0.0515531276927451 0.547534576701987 0.319113645090654 -0.205426480644019 -0.172880757246492
1.13963729027404 9.20934444202832 16.7864313322547 0.625365716593324 -0.477476372513558 0.617198442733524 0.371328808064636 0.877741467608708 0.302794839758796 -0.437917785045756 0.402965764921664 0.311013984643796 0.37262869959606 0.0789582195834851 0.302704718326223
1.36598213602102 9.50580845503871 17.1496341992533 0.731939201415307 -0.669712625401693 0.125498548304185 0.514359743151608 0.663879295473098 0.542861146526583 0.0106677048588401 -0.0574592483862869 0.125044028914443 0.521994665019042 0.531011468061847 -0.0558083681702948
1.57383224009626 9.58775082448123 17.6024721292111 0.790292730001312 -0.340593017720311 -0.509346325770587 0.600697142446204 0.594596209679959 0.534432581520711 0.263679897194427 -0.200035890751901 -0.0500825617059661 0.669967644028927 -0.0362729923331167 0.180883638839153
1.95825331328281 9.7450394112554 17.8929216613581 0.486260148490827 -0.0105380569543157 -0.873750478582657 0.58353153740192 0.748204203891634 0.315723448687189 0.432789289771399 -0.532085723130764 -0.399209265053188 0.717417719416681 -0.11861727510299 -0.155873782481474
2.43276205801387 9.85568978171502 18.0973429567264 -0.000367740569653261 0.317098354560365 -0.948392523898886 0.596246303151666 0.761440525143188 0.254359105736886 0.300010175485774 0.496510237021258 -0.195207401994733 0.709618732161693 -0.151902105606608 0.147642901082485
2.85585360082123 10.0841446109262 18.117665521324 -0.415084457290706 0.39723721004121 -0.818478695791773 0.672852850207632 0.739564360469057 0.0177056750129782 -0.34244551274833 0.0689658771838954 -0.21992982101187 0.660578008978277 0.537587715074634 -0.259271969173837
3.17368739723576 10.3138347358817 17.865164096365 -0.776602944870583 0.583363316479655 -0.237854972978338 0.588375561274005 0.806567277058394 0.0571254254064521 -0.221705181545206 0.359615449850604 0.257872161881525 0.488880266157517 -0.190767310604334 0.00406646576711197
3.43853816459285 10.7095704420366 17.7604837476826 -0.891574975765591 0.349416485870252 0.288100787616674 0.428063755967713 0.857883341297445 0.284248965804156 0.374818692496218 0.0367482128244864 0.0317863789099665 0.59721525899117 0.353478443540751 -0.0707972284334935
3.41227653217699 11.1924595995292 17.6835224936625 -0.441858043527629 0.00193397838129044 0.897082834469947 0.366115849187517 0.913316102720316 0.178361339510029 0.123724400514828 0.152647586406142 0.282781403089833 0.225840697290954 -0.196649521938201 0.193303366719398
3.38329332613546 11.7250601653221 17.6471377791186 0.0564303734118713 -0.360171884585853 0.931177592792154 0.468561725324049 0.833127299479513 0.293851482032936 -0.087121313538899 -0.0836234129438113 0.275359045378832 0.466329234155806 -0.407309137481154 0.0152060063859165
3.45837459631059 12.1990157603692 17.9361473306538 0.377154985033123 -0.569769018688344 0.730148795720663 0.405551612256013 0.81036901218067 0.422882770822454 0.527343860422376 -0.283704142464818 0.481213956288316 0.495879354652822 0.00231391171704051 -0.237057059096332
3.45443646631298 12.5887660411329 18.2757783549206 0.795501103211516 -0.574297739041054 0.19328730561732 0.437362563927328 0.7649554151782 0.472818237932475 0.668083016738255 0.0725487625743479 0.647605923629453 0.495136249587482 0.374648611746249 0.439214875343646
3.46386553388005 13.6796745503843 19.3737627201437 0.692807917385909 -0.622169784345838 -0.364584463436821 0.717549886926768 0.645040692322854 0.262763290484289 0.954128341267377 4.0672995982891 1.74652189666597 0.209435107109681 0.769950617019033 0.417446049859735
3.83729044063114 12.8901539828534 19.4881138020451 0.457793432640467 -0.0246047421096255 -0.888717987864731 0.625107009446383 0.719715537775716 0.302077232441392 -0.261404007440084 -0.0664018033886978 1.4896186790384 0.350159163016193 0.661301778493323 0.362389735138706
4.3135971833988 13.0272984362204 19.2752333034418 -0.158604765828791 0.325662453599436 -0.932088182822846 0.749758646165917 0.653971466862737 0.100911766972117 0.130258263635 -0.0653113932655852 0.523597878304624 0.814857349890606 0.425349978574994 0.378295035148136
4.80638077782729 13.3037933376424 19.0532995043631 -0.527849957100686 0.562505045638069 -0.63636654432161 0.712993957711341 0.700615351473848 0.0278862001915763 -0.449566501632941 0.463130312950895 -0.266628571451928 0.794510202854464 0.149287867215649 0.381927144067558
5.13625930846811 13.6256646222868 18.7692483333847 -0.760331425032897 0.642061201928982 0.0982518504702599 0.649525533611885 0.752397896132657 0.109607814266641 0.358444761494281 0.6441347062738 -0.273845738992564 0.456519084741278 -0.215276450748185 0.637639548499601
5.38999448210637 14.115541380048 18.9178125485391 -0.963226051598911 0.243307584936343 0.114003850978362 0.266288627548701 0.921047574519654 0.284185879866526 0.665181011750654 1.01029106779658 0.548460148852054 0.472423554102268 0.141303035260722 -0.346110251694871
5.33512281680109 14.5879287977411 18.7851046943606 -0.586868280466632 -0.0853307422947775 0.805173376987064 0.172652244441662 0.958371945287074 0.227407808259328 -0.299571244428773 0.371984296923373 0.466643628755173 0.562081625416179 0.5151076433062 0.0561943252250803
6.79383256842526 15.8252695375489 19.50730575635 0.102995502780695 -0.373804203582131 0.921771245545918 0.565724910135704 0.78423434546344 0.254816990635095 5.33558371024097 3.97770000777112 3.28220904266607 -0.12474185668651 -0.108023940001982 0.488202396997344
5.28751806983079 15.3266282465066 18.9127636965781 0.276861645090646 -0.380323853712711 0.882440527616846 0.382244127140901 0.886142974865147 0.261992246550536 0.533031259384716 -0.188359933637016 0.175897780950967 0.158317217268616 -0.0944231898221763 -0.588190919193776
5.26649339669113 15.7182346117047 19.2322275075163 0.836351122230161 -0.503978716457678 0.215689903661479 0.4335029029125 0.848861303444973 0.302505539801542 0.0420124768152284 -0.337841695892833 -0.123676657897704 0.406945344327328 -0.370173865926334 -0.468491061475499
5.49873297691053 15.92662566842 19.6301565846632 0.894015636345698 -0.259879528118633 -0.364963770533643 0.412541438074254 0.795244129203931 0.444292943317084 0.354695470756242 -0.188040624369158 -0.344373815587053 0.613350419769244 0.151533687647455 0.322767254856646
5.7644366198307 16.0678734339018 20.0155642475196 0.583253386651133 0.135446758324171 -0.800917938703617 0.531972178408301 0.681438704647476 0.502639809894332 0.143962930653224 0.229773400577172 -0.394103072586621 0.371137305833181 -0.357101062537672 0.240961503035924
6.15634408247019 16.2891457386211 20.2635557938791 0.133688559143837 0.385887160146289 -0.912807947810328 0.594807825689743 0.705481952467032 0.385355352469995 -0.307326804589947 0.127551033651155 -0.0153622768133505 0.413021180299075 -0.582887128716793 -0.195648223720606
6.58777118604857 16.4541550731611 20.3662685967865 -0.445173764275519 0.636360062834875 -0.629973072288982 0.587603772891448 0.73847259795513 0.330726335845442 -0.451378481314944 0.513194598005898 -0.354254821196868 0.196656101855385 -0.0780345854773982 0.46042172420152
17.8916869051189 25.8338369967315 20.3108553063905 -0.0386889510616265 0.989533257460891 0.139021517252884 0.55071653805517 -0.0949739941039467 0.829271437806327 -0.0579277857442267 0.388494566133504 0.171500193890538 0.224861508120801 -0.344565145040808 -0.516987046931485
18.1909417499401 25.9667663974465 20.5712594174648 -0.672362939018964 0.603658551649608 0.428397376377386 0.518887410047686 -0.0283766467600788 0.854371407766408 -0.0174361114347529 0.560882704420916 -0.258450264052865 0.205744919157458 0.0641417414389114 -0.0912997684801121
18.3747618748263 26.252878130016 20.918959474407 -0.905619937248798 0.0542569571810075 0.420605031683197 0.422887054982353 0.190184712447579 0.886000110622994 -0.222041424987926 -0.302279056228376 0.34898216802041 0.540303798084168 0.257202355533688 0.167125177727023
18.389770985564 26.598886710516 21.2571260826802 -0.631282255068075 -0.601441183525532 0.48964384889437 0.367561023200834 0.323921154071609 0.871764799754889 0.152091480863267 -0.190136971690512 0.611586287603951 0.469794731919029 -0.119533561668271 0.412284530842402
18.4028446079491 26.7446324362356 21.7077199698889 -0.299101230859507 -0.931496379274826 0.207009250762387 0.218567296382033 0.14429442669683 0.965094472431849 0.00635670687031497 -0.497756556969093 0.0933783844437224 0.538136718971718 -0.352910610961555 -0.313850285608637
18.2287250224501 26.8546763967 22.12334002988 0.348754828080294 -0.937082472251508 -0.0156968564308723 0.184128175547904 0.0520859121081002 0.981521145730208 0.333472200988726 -0.393760005532925 -0.394941722622544 0.493140113443511 0.312038338641959 0.417755792732579
18.2310723638523 26.7061008261894 22.6095507469592 0.657419909659501 -0.674348038124819 -0.33623454187086 0.341968034854554 -0.130614847830508 0.930589872319227 0.345270487853608 0.110140783738747 -0.17842064940935 0.368368349543046 -0.0258064661784174 -0.253282517455468
18.2911887216101 26.421375954764 22.950934884701 0.959122876135608 0.0570206190401492 -0.277185568229763 0.276460768718379 0.0203874185752063 0.960808866478835 -0.222390451624929 -0.34071059163382 -0.404196884905584 0.593028328294794 -0.0271444084757232 0.179658188205868
18.5307092067593 26.2510503009306 23.2983693523118 0.744546042467044 0.606328380223396 -0.279315175531343 0.387933835023487 -0.0524646482319985 0.920192742045561 0.350286056241149 0.0932568834163486 -0.235765833704545 0.282075452517893 -0.0304698681798553 0.153345627970806
18.8932264961542 26.1075010524858 23.6079203880013 0.306882198009124 0.928381180855643 -0.209598617326023 0.460213975627047 0.0480184933788666 0.88650843335424 0.135972307887363 0.413793655388445 0.0818719780900325 0.446399270753099 -0.167267068066125 -0.0223476581781025
19.2496779276665 26.1443714846044 23.8620423355124 -0.120081748690374 0.992696412931923 -0.0115796864943104 0.460900131127866 0.0660761789618983 0.884988637740854 -0.318924965360471 0.411288286767061 -0.0992756304920386 0.470560508032523 0.150326384657348 -0.0830390282158359
19.6095997812795 26.4033588294954 23.9971081871203 -0.630173913287068 0.552485103168192 0.545564782153559 0.568075746544356 -0.150927830969927 0.809018304621825 -0.520656017984383 0.352128170138694 0.134043501167559 0.336896366299932 -0.438733091963273 0.364489359047732
19.9012298971448 26.5730813908037 24.3919431729436 -0.891979045213152 0.110415550129556 0.438385298925687 0.452056257889031 0.208645885833479 0.867243862338429 0.244529173971614 -0.0687197894173222 0.120839019906829 0.134128021708629 0.144994281075049 -0.0275954869655032
20.0229324012756 26.8878670593401 24.8132012305917 -0.773337609373809 -0.495973486214482 0.394916603854174 0.27680163539908 0.296263119643914 0.914116462093309 -0.274476698916472 -0.222813466653956 -0.211810290209175 0.472380175375874 -0.413272478356131 -0.371209351966166
19.9169369432868 27.1372189386942 25.1983732999603 -0.105392688271008 -0.933255040873148 0.343405434842264 0.339013713983253 0.290922448929319 0.894669611049973 -0.0678225390451041 -0.739881410863299 -0.133715344994336 0.587106660283222 -0.276530947771663 0.266750767602805
19.906348692281 27.2524755092211 25.7167249702029 0.261540562319893 -0.965104036521416 -0.0130619198663819 0.168570279163417 0.0323487429672379 0.985158620603569 -0.047031893892305 -0.494897425584974 -0.329761603647145 0.619521051701419 0.348330865773433 -0.231380712573865
19.7757040002945 27.0577653416975 26.1773277975749 0.700675830857999 -0.697684632842365 -0.149296400255524 0.0792567782826641 -0.131844652335371 0.988096780549099 0.145229115856686 -0.276857089764103 0.202893138726827 0.835740636531907 0.07620264991349 -0.0588497117024694
19.7725160044961 26.8197904573039 26.636418475478 0.910285977744811 -0.23275074115361 -0.342354225426736 0.307424048874407 -0.173797060273185 0.935566633122376 0.46460166383677 -0.079343228437146 0.120838905329778 0.696118091826244 -0.208397955279918 0.0685901038532443
18.8606812139469 25.6673678840332 26.471595213694 0.833430578397004 0.199562323872789 -0.515333139349899 0.537403295376593 -0.0753240726639302 0.839954682507185 -4.62469209371089 -3.53395234571235 -2.47383826314883 0.421183860144229 0.166679651633448 -0.775147445357424
20.1764769258574 26.4307915424144 27.1179537011151 0.288558302990815 0.894087373186727 -0.342551829408096 0.442522752439905 0.192726292108102 0.875802529516775 -0.279220993593464 0.355120378325782 -0.298703499621076 0.187775927632106 -0.0445509360410925 -0.34788799614965
20.6672610616561 26.51774165063 27.3305131070472 -0.295596827098488 0.914152025760503 0.277395877963788 0.490136898339023 -0.104114919085371 0.865404983602802 -0.783521469401964 0.0157672931697552 -0.81655243218139 0.392885856017932 -0.131223938197259 0.177858475988636
21.0607347176842 26.6224432642364 27.6842845130263 -0.680495318794164 0.680964258616074 0.27058026663583 0.436196022233305 0.0797476661252665 0.896310895160111 -0.726384613486966 0.0427492209918159 -0.13252129974019 0.142723173706288 -0.393555580058928 -0.288350904765243
21.3445544769949 26.9136812611812 28.0090523540364 -0.889741392735796 0.06111014263242 0.452355706648783 0.452014064391813 -0.0200966292352408 0.891784331044105 -0.764714715289024 0.196710122893024 0.375576537709153 0.205014745670279 -0.205266101245927 -0.0198096731547591
21.4626045099505 27.0855880248482 28.4519569565596 -0.736724751859985 -0.584825375048433 0.339434532783967 0.426440363321109 -0.0122661722150259 0.904432440535049 -0.833922825848052 -0.362780124275036 0.590849198083564 -0.0828507476268968 0.49544207816543 0.672701091633872
20.2864511447965 26.9063434629408 28.7723775721766 -0.328014839682349 -0.923224103014349 0.200158440621451 0.45235379723862 0.0325074098327192 0.891245864992699 -4.96621037203356 -2.34276289847998 0.0932813158959342 -0.0939727567742939 -0.0718972421211105 -0.184285803724884
