
#id1 id2 FENE BEXC STCK NEXC HB CRSTCK CXSTCK total, t = 100
0 1 0.00132283 0 -1.13036 0 0 0 0 -1.12904
1 2 0.208666 0 -1.30483 0 0 0 0 -1.09617
2 3 0.222636 0 -1.14058 0 0 0 0 -0.917944
3 4 0.00640277 0 -0.846581 0 0 0 0 -0.840178
4 5 0.0168809 0 -0.346047 0 0 0 0 -0.329166
5 6 0.480928 0 -0.0410506 0 0 0 0 0.439877
6 7 1.07658 0 -0 0 0 0 0 1.07658
6 8 0 0 0 0.770499 0 0 0 0.770499
7 8 0.135075 0 -0.94394 0 0 0 0 -0.808865
8 9 0.268017 0 -1.1768 0 0 0 0 -0.908785
9 10 0.10681 0 -1.26154 0 0 0 0 -1.15473
10 11 0.203156 0 -1.03906 0 0 0 0 -0.835904
11 12 0.175573 0 0 0 0 0 0 0.175573
11 13 0 0 0 0 0 -0 -0.016508 -0.016508
12 13 1.37809 0 0 0 0 0 0 1.37809
13 14 0.0307069 0 -1.2347 0 0 0 0 -1.204
14 15 0.0835237 0 -1.19766 0 0 0 0 -1.11414
15 16 0.143203 0 -1.37416 0 0 0 0 -1.23096
16 17 0.544146 0 -1.35207 0 0 0 0 -0.807927
17 18 0.103654 0 -1.14788 0 0 0 0 -1.04422
18 19 0.166054 0 -1.29538 0 0 0 0 -1.12933
19 20 0.0562049 0 -1.25702 0 0 0 0 -1.20081
20 21 0.0609179 0 -1.04388 0 0 0 0 -0.982963
21 22 0.193924 0 -1.28291 0 0 0 0 -1.08899
22 23 0.0239533 0 -1.22626 0 0 0 0 -1.20231
23 24 0.0103183 0 -1.07331 0 0 0 0 -1.06299
25 26 0.00612595 0 -0.994356 0 0 0 0 -0.98823
26 27 0.0729762 0 -0.590899 0 0 0 0 -0.517923
27 28 0.110736 0 -1.13064 0 0 0 0 -1.01991
28 29 0.179895 0 -1.17121 0 0 0 0 -0.991316
29 30 0.207414 0 -1.26815 0 0 0 0 -1.06073
30 31 0.0858854 0 -1.19787 0 0 0 0 -1.11198
31 32 0.055241 0 -1.27357 0 0 0 0 -1.21833
32 33 0.363241 0 -1.37974 0 0 0 0 -1.0165
33 34 0.0877772 0 -1.34427 0 0 0 0 -1.25649
34 35 0.172879 0 -1.34762 0 0 0 0 -1.17474
35 36 0.211044 0 -1.27921 0 0 0 0 -1.06817
36 37 0.194588 0 -1.23926 0 0 0 0 -1.04468
37 38 0.438157 0 -1.12122 0 0 0 0 -0.683064
38 39 0.114889 0 -1.13891 0 0 0 0 -1.02402
39 40 0.109456 0 -1.00128 0 0 0 0 -0.891823
40 41 0.0200346 0 -1.35334 0 0 0 0 -1.33331
41 42 0.176446 0 -1.03104 0 0 0 0 -0.854591
42 43 0.936938 0 -0.207801 0 0 0 0 0.729137
43 44 0.000295604 0 -0.112842 0 0 0 0 -0.112547
44 45 0.00215207 0.0851896 -0.03122 0 0 0 0 0.0561216
45 46 0.0302021 0 -0.641846 0 0 0 0 -0.611644
46 47 0.0141107 0 -1.28923 0 0 0 0 -1.27512
47 48 5.47289e-05 0 -1.02661 0 0 0 0 -1.02655
48 49 0.0282032 0 -1.22578 0 0 0 0 -1.19758
49 50 1.59785 0 0 0 0 0 0 1.59785
#Total energy per particle is  -0.693361 and should be -0.69336110

