
#id1 id2 FENE BEXC STCK NEXC HB CRSTCK CXSTCK total, t = 100
0 1 0.024183 0 -1.05441 0 0 0 0 -1.03022
1 2 0.476145 0 -1.35595 0 0 0 0 -0.87981
2 3 0.129439 0 -1.37351 0 0 0 0 -1.24407
3 4 0.101725 0 -0.975678 0 0 0 0 -0.873953
4 5 0.886116 0 -0 0 0 0 0 0.886116
5 6 1.37382 0 0 0 0 0 0 1.37382
6 7 1.94285 0 0 0 0 0 0 1.94285
7 8 0.0336503 0 -1.23137 0 0 0 0 -1.19772
8 9 0.0266641 0 -1.30712 0 0 0 0 -1.28046
9 10 0.153472 0 -1.29462 0 0 0 0 -1.14115
10 11 0.0134993 0 -1.20107 0 0 0 0 -1.18757
11 12 1.9665 0 0 0 0 0 0 1.9665
12 13 1.82332 0 0 0 0 0 0 1.82332
13 14 0.0714428 0 -0.964595 0 0 0 0 -0.893152
14 15 0.188009 0 -1.25832 0 0 0 0 -1.07031
15 16 0.104132 0 -1.35977 0 0 0 0 -1.25564
16 17 0.69574 0 -1.24224 0 0 0 0 -0.546496
17 18 0.0462168 0 -1.35026 0 0 0 0 -1.30404
18 19 0.0915717 0 -1.15939 0 0 0 0 -1.06781
19 20 0.0983051 0 -1.29837 0 0 0 0 -1.20007
20 21 0.0773128 0 -1.21182 0 0 0 0 -1.13451
21 22 0.130704 0 -1.1774 0 0 0 0 -1.04669
22 23 0.148371 0 -0.912269 0 0 0 0 -0.763898
23 24 0.00164913 0 -1.26688 0 0 0 0 -1.26523
25 26 0.0401371 0 -1.15722 0 0 0 0 -1.11708
26 27 0.109557 0 -1.38858 0 0 0 0 -1.27903
27 28 0.00671294 0 -1.11569 0 0 0 0 -1.10897
28 29 0.00340666 0 -0.711286 0 0 0 0 -0.707879
29 30 0.0616625 0 -0.783233 0 0 0 0 -0.72157
30 31 0.835295 0 -9.65726e-05 0 0 0 0 0.835199
31 32 1.23882 0 -0 0 0 0 0 1.23882
32 33 2.54025e-05 0 -0.145535 0 0 0 0 -0.14551
33 34 1.15816 0 -0 0 0 0 0 1.15816
33 35 0 0 0 0 -0 -0 -1.00998e-15 -1.00998e-15
34 35 0.0380735 0 -1.21747 0 0 0 0 -1.1794
35 36 0.151678 0 -0.934144 0 0 0 0 -0.782466
36 37 0.0930943 0 -1.24799 0 0 0 0 -1.1549
37 38 0.114533 0 -1.18775 0 0 0 0 -1.07321
38 39 0.143405 0 -1.13356 0 0 0 0 -0.990152
39 40 0.0429233 0 -1.30572 0 0 0 0 -1.2628
40 41 0.393361 0 -1.13456 0 0 0 0 -0.741198
41 42 0.018375 0 -1.25222 0 0 0 0 -1.23384
42 43 0.325279 0 -0.652992 0 0 0 0 -0.327713
43 44 0.2052 0 -1.18511 0 0 0 0 -0.979909
44 45 0.0704662 0 -0.911749 0 0 0 0 -0.841283
45 46 0.0212419 0 -1.21033 0 0 0 0 -1.18909
46 47 0.0932717 0 -0.966408 0 0 0 0 -0.873136
47 48 0.0701334 0 -1.32053 0 0 0 0 -1.2504
48 49 0.0248813 0 -1.29409 0 0 0 0 -1.26921
49 50 0.0517107 0 -1.36095 0 0 0 0 -1.30924
50 51 0.0891619 0 -0.413756 0 0 0 0 -0.324594
52 53 0.0500637 0 -1.17153 0 0 0 0 -1.12146
53 54 0.194051 0 -1.32652 0 0 0 0 -1.13247
54 55 0.382258 0 -1.39496 0 0 0 0 -1.0127
55 56 0.165798 0 -1.22447 0 0 0 0 -1.05867
56 57 0.201291 0 -1.36504 0 0 0 0 -1.16375
57 58 0.117316 0 -1.2484 0 0 0 0 -1.13108
58 59 0.114075 0 -1.23154 0 0 0 0 -1.11746
59 60 0.187165 0 -0.877088 0 0 0 0 -0.689924
60 61 0.0446427 0 -1.05975 0 0 0 0 -1.01511
61 62 0.0429543 0 -1.08721 0 0 0 0 -1.04425
62 63 0.0278329 0 -1.22837 0 0 0 0 -1.20054
63 64 0.103109 0 -0.797372 0 0 0 0 -0.694263
64 65 0.111399 0 -1.33356 0 0 0 0 -1.22216
65 66 0.112303 0 -1.23479 0 0 0 0 -1.12249
66 67 0.130695 0 -1.25201 0 0 0 0 -1.12132
67 68 0.452612 0 -1.32494 0 0 0 0 -0.872331
68 69 0.492444 0 -1.17398 0 0 0 0 -0.681533
69 70 0.0741025 0 -0.259744 0 0 0 0 -0.185642
70 71 0.0191198 0 -0.269567 0 0 0 0 -0.250448
71 72 0.0465593 0 -1.12674 0 0 0 0 -1.08018
72 73 0.19692 0 -1.07381 0 0 0 0 -0.876893
73 74 0.000349757 0 -1.35865 0 0 0 0 -1.3583
74 75 0.181167 0 -0.00557039 0 0 0 0 0.175597
75 76 2.0817 0 0 0 0 0 0 2.0817
#Total energy per particle is  -0.648263 and should be -0.64826310

