t = 0
b =  30.0 30.0 30.0
E = 0. 0. 0.
11.1184133602 25.6091001894 27.0791028572 0.992087698169 -0.0473043473504 -0.116294014734 0.107798023235 0.795780183782 0.595913991517 0.0 0.0 0.0 0.0 0.0 0.0
11.2961438851 25.7014660511 27.5776663037 0.765896265534 0.315695143904 -0.560124527723 0.107798023235 0.795780183782 0.595913991517 0.0 0.0 0.0 0.0 0.0 0.0
11.6484604878 25.8657946308 27.9485493465 0.248728036519 0.558756771847 -0.791154367847 0.107798023235 0.795780183782 0.595913991517 0.0 0.0 0.0 0.0 0.0 0.0
12.0574746543 26.1574918343 28.1390887263 -0.36293613208 0.589537360251 -0.721611436231 0.107798023235 0.795780183782 0.595913991517 0.0 0.0 0.0 0.0 0.0 0.0
12.383757518 26.5835740975 28.1651367565 -0.836714796133 0.396342848957 -0.37791625529 0.107798023235 0.795780183782 0.595913991517 0.0 0.0 0.0 0.0 0.0 0.0
12.5193112177 27.1000027257 28.1050387644 -0.99261152001 0.0525710628443 0.109355629458 0.107798023235 0.795780183782 0.595913991517 0.0 0.0 0.0 0.0 0.0 0.0
12.4285990901 27.6284149293 28.0698683915 -0.771398531856 -0.311173348984 0.555081482246 0.107798023235 0.795780183782 0.595913991517 0.0 0.0 0.0 0.0 0.0 0.0
12.1620466429 28.0858951582 28.1612288599 -0.257118344354 -0.556697802992 0.789922599462 0.107798023235 0.795780183782 0.595913991517 0.0 0.0 0.0 0.0 0.0 0.0
11.836884061 28.4164761053 28.4326522097 0.354845400958 -0.590723454153 0.72465891434 0.107798023235 0.795780183782 0.595913991517 0.0 0.0 0.0 0.0 0.0 0.0
11.5926084995 28.6124016226 28.8692615818 0.831997445747 -0.400323388711 0.38408519201 0.107798023235 0.795780183782 0.595913991517 0.0 0.0 0.0 0.0 0.0 0.0
11.5379867818 28.7170734107 29.3934231856 0.993059750641 -0.0578337748483 -0.102408916327 0.107798023235 0.795780183782 0.595913991517 0.0 0.0 0.0 0.0 0.0 0.0
11.7097330656 28.8085619881 29.8942406736 0.776842053193 0.306627857009 -0.549996165166 0.107798023235 0.795780183782 0.595913991517 0.0 0.0 0.0 0.0 0.0 0.0
12.0585605199 28.9699463951 30.2696865185 0.265489071631 0.554596439444 -0.788630675412 0.107798023235 0.795780183782 0.595913991517 0.0 0.0 0.0 0.0 0.0 0.0
12.4679062164 29.257751078 30.4653639762 -0.346727646985 0.591864562176 -0.727651206868 0.107798023235 0.795780183782 0.595913991517 0.0 0.0 0.0 0.0 0.0 0.0
12.7982153348 29.6804713064 30.4951733183 -0.827216735534 0.40427344229 -0.390224879155 0.107798023235 0.795780183782 0.595913991517 0.0 0.0 0.0 0.0 0.0 0.0
12.9399603724 30.1953456787 30.4360308869 -0.993432355927 0.0630920825864 0.0954544043607 0.107798023235 0.795780183782 0.595913991517 0.0 0.0 0.0 0.0 0.0 0.0
12.8552524731 30.7246018932 30.39864729 -0.782226415 -0.302059014135 0.544868963747 0.107798023235 0.795780183782 0.595913991517 0.0 0.0 0.0 0.0 0.0 0.0
12.592236038 31.185003746 30.4854665906 -0.273839580887 -0.552452841229 0.787278694083 0.107798023235 0.795780183782 0.595913991517 0.0 0.0 0.0 0.0 0.0 0.0
12.2667978617 31.5194739562 30.7517460942 0.338583488359 -0.592960597422 0.730588085939 0.107798023235 0.795780183782 0.595913991517 0.0 0.0 0.0 0.0 0.0 0.0
12.0185398023 31.7187787795 31.184563175 0.822373029564 -0.408192708881 0.396334849165 0.107798023235 0.795780183782 0.595913991517 0.0 0.0 0.0 0.0 0.0 0.0
11.9577417009 31.8250360621 31.7077247972 0.993729307493 -0.0683455856181 -0.0884926231719 0.107798023235 0.795780183782 0.595913991517 0.0 0.0 0.0 0.0 0.0 0.0
12.1234642263 31.9157139662 32.2107145231 0.787551207238 0.297467168298 -0.539700268448 0.107798023235 0.795780183782 0.595913991517 0.0 0.0 0.0 0.0 0.0 0.0
12.4687090743 32.0741995207 32.5906795558 0.282169236199 0.550267171592 -0.785866758434 0.107798023235 0.795780183782 0.595913991517 0.0 0.0 0.0 0.0 0.0 0.0
12.8782744085 32.3581184943 32.7915062362 -0.33041354529 0.594011476422 -0.733469327899 0.107798023235 0.795780183782 0.595913991517 0.0 0.0 0.0 0.0 0.0 0.0
13.2125219646 32.7774424026 32.8251385603 -0.817466696703 0.412080890016 -0.402414636742 0.107798023235 0.795780183782 0.595913991517 0.0 0.0 0.0 0.0 0.0 0.0
9.9145284172 0.527155210847 28.189338872 0.85541137388 -0.233387724265 0.462386798686 0.170263975502 0.969820073305 0.174525654449 0.0 0.0 0.0 0.0 0.0 0.0
9.90628711593 0.853728820364 28.6159146105 0.979751164686 -0.147677338904 -0.135200069787 0.170263975502 0.969820073305 0.174525654449 0.0 0.0 0.0 0.0 0.0 0.0
10.1213801235 1.14663937583 29.0116714888 0.731867107463 -0.00586186345891 -0.681422171323 0.170263975502 0.969820073305 0.174525654449 0.0 0.0 0.0 0.0 0.0 0.0
10.5033022612 1.43821371934 29.2520981617 0.205934499948 0.138180631919 -0.968760597203 0.170263975502 0.969820073305 0.174525654449 0.0 0.0 0.0 0.0 0.0 0.0
10.9321671747 1.76128634224 29.271695826 -0.398236067137 0.229725994974 -0.888050675392 0.170263975502 0.969820073305 0.174525654449 0.0 0.0 0.0 0.0 0.0 0.0
11.2702541641 2.13672501292 29.0888623108 -0.851110094166 0.233994611724 -0.469955454584 0.170263975502 0.969820073305 0.174525654449 0.0 0.0 0.0 0.0 0.0 0.0
11.4143305808 2.56550276271 28.7989024351 -0.980633166619 0.1493647633 0.126683700657 0.170263975502 0.969820073305 0.174525654449 0.0 0.0 0.0 0.0 0.0 0.0
11.3348716363 3.02832821499 28.5378201128 -0.737597303761 0.0079887440515 0.67519359998 0.170263975502 0.969820073305 0.174525654449 0.0 0.0 0.0 0.0 0.0 0.0
11.0872773632 3.49297470174 28.430648193 -0.214335893235 -0.136422332626 0.967186162035 0.170263975502 0.969820073305 0.174525654449 0.0 0.0 0.0 0.0 0.0 0.0
10.7908252165 3.92652371346 28.5439463892 0.390355306636 -0.22900428428 0.891728530643 0.170263975502 0.969820073305 0.174525654449 0.0 0.0 0.0 0.0 0.0 0.0
10.5833545742 4.30787119138 28.860514132 0.846743999123 -0.234583679588 0.477488321554 0.170263975502 0.969820073305 0.174525654449 0.0 0.0 0.0 0.0 0.0 0.0
10.5688992532 4.63574531216 29.2859253528 0.981440489539 -0.15104081299 -0.118157684073 0.170263975502 0.969820073305 0.174525654449 0.0 0.0 0.0 0.0 0.0 0.0
10.7781633226 4.92918967486 29.6844025257 0.743271329169 -0.0101150162703 -0.668913610029 0.170263975502 0.969820073305 0.174525654449 0.0 0.0 0.0 0.0 0.0 0.0
11.1568561149 5.22032831928 29.9304008202 0.222720964013 0.134653644245 -0.965538071896 0.170263975502 0.969820073305 0.174525654449 0.0 0.0 0.0 0.0 0.0 0.0
11.586318158 5.54216126615 29.9563046808 -0.382444819066 0.228265134023 -0.895338477314 0.170263975502 0.969820073305 0.174525654449 0.0 0.0 0.0 0.0 0.0 0.0
11.9286018925 5.9160272575 29.7781161074 -0.842313421246 0.235154882996 -0.484984825939 0.170263975502 0.969820073305 0.174525654449 0.0 0.0 0.0 0.0 0.0 0.0
12.0788802562 6.34349681183 29.4893752276 -0.982173071966 0.152705360339 0.109622669323 0.170263975502 0.969820073305 0.174525654449 0.0 0.0 0.0 0.0 0.0 0.0
12.0052722372 6.80577555785 29.2256228387 -0.748888751587 0.0122405181915 0.662582679717 0.170263975502 0.969820073305 0.174525654449 0.0 0.0 0.0 0.0 0.0 0.0
11.7609550037 7.27084453038 29.1129061925 -0.231089073728 -0.132874701467 0.963816452294 0.170263975502 0.969820073305 0.174525654449 0.0 0.0 0.0 0.0 0.0 0.0
11.4639610086 7.70562471053 29.219891537 0.374505206843 -0.227508600492 0.898880240493 0.170263975502 0.969820073305 0.174525654449 0.0 0.0 0.0 0.0 0.0 0.0
11.2523354871 8.08854429804 29.5317766606 0.837818697942 -0.235708178449 0.492444396853 0.170263975502 0.969820073305 0.174525654449 0.0 0.0 0.0 0.0 0.0 0.0
11.2316907642 8.41773419885 29.9559144999 0.98283085811 -0.154358278582 -0.101079306383 0.170263975502 0.969820073305 0.174525654449 0.0 0.0 0.0 0.0 0.0 0.0
11.4350823664 8.71173812521 30.3570113081 0.754449143227 -0.0143650879498 -0.656201291169 0.170263975502 0.969820073305 0.174525654449 0.0 0.0 0.0 0.0 0.0 0.0
11.8104506745 9.00246752931 30.6085270114 0.239439585115 0.131085639766 -0.962021434339 0.170263975502 0.969820073305 0.174525654449 0.0 0.0 0.0 0.0 0.0 0.0
12.2403992435 9.32307790912 30.6407498984 -0.366537074598 0.2267347413 -0.902353550462 0.170263975502 0.969820073305 0.174525654449 0.0 0.0 0.0 0.0 0.0 0.0
12.5867956749 9.69537248035 30.4672812653 -0.833260171499 0.236243523812 -0.499866466219 0.170263975502 0.969820073305 0.174525654449 0.0 0.0 0.0 0.0 0.0 0.0
12.7432504239 10.1215187703 30.1798680554 -0.98341379788 0.155999441846 0.0925282458629 0.170263975502 0.969820073305 0.174525654449 0.0 0.0 0.0 0.0 0.0 0.0
27.0053151857 15.3630978378 23.1981020069 -0.330554147138 -0.0602326867647 0.941863036357 0.353797776611 0.917279038855 0.182828603186 0.0 0.0 0.0 0.0 0.0 0.0
26.7977048649 15.852254256 23.277531569 0.245291773465 -0.279624555228 0.928246763519 0.353797776611 0.917279038855 0.182828603186 0.0 0.0 0.0 0.0 0.0 0.0
26.6460088116 16.2776702481 23.56855501 0.727947248269 -0.392782380087 0.561974025763 0.353797776611 0.917279038855 0.182828603186 0.0 0.0 0.0 0.0 0.0 0.0
26.6602483564 16.6135514842 23.9876804479 0.934043392826 -0.356715611779 -0.0178020400861 0.353797776611 0.917279038855 0.182828603186 0.0 0.0 0.0 0.0 0.0 0.0
26.887403122 16.8681193854 24.4027479102 0.785280836076 -0.18512661859 -0.590814813272 0.353797776611 0.917279038855 0.182828603186 0.0 0.0 0.0 0.0 0.0 0.0
27.2935626789 17.0804876681 24.6831391172 0.338176960505 0.0567950721536 -0.939367160999 0.353797776611 0.917279038855 0.182828603186 0.0 0.0 0.0 0.0 0.0 0.0
27.7768096846 17.3058023893 24.7494015503 -0.237405996379 0.277139365423 -0.931038218881 0.353797776611 0.917279038855 0.182828603186 0.0 0.0 0.0 0.0 0.0 0.0
28.2059399859 17.5942910375 24.6034337921 -0.722794446022 0.392193780245 -0.568992291281 0.353797776611 0.917279038855 0.182828603186 0.0 0.0 0.0 0.0 0.0 0.0
28.4703092705 17.9721802703 24.3277642232 -0.933581201142 0.358247220822 0.00922332082002 0.353797776611 0.917279038855 0.182828603186 0.0 0.0 0.0 0.0 0.0 0.0
28.521868691 18.4317319684 24.0541971106 -0.789684849304 0.188196552634 0.583934839136 0.353797776611 0.917279038855 0.182828603186 0.0 0.0 0.0 0.0 0.0 0.0
28.3934194252 18.9341830765 23.913737963 -0.345774020388 -0.0533531323778 0.936799749194 0.353797776611 0.917279038855 0.182828603186 0.0 0.0 0.0 0.0 0.0 0.0
28.1861509605 19.4244723364 23.9868223476 0.229502139906 -0.274633070383 0.933758772077 0.353797776611 0.917279038855 0.182828603186 0.0 0.0 0.0 0.0 0.0 0.0
28.0311975159 19.8521589793 24.2727570737 0.717586600179 -0.391575313329 0.575967225834 0.353797776611 0.917279038855 0.182828603186 0.0 0.0 0.0 0.0 0.0 0.0
28.0398179594 20.1905860173 24.6899835471 0.933047913636 -0.359751547952 -0.000643899162383 0.353797776611 0.917279038855 0.182828603186 0.0 0.0 0.0 0.0 0.0 0.0
28.2611267041 20.4470076785 25.1070632436 0.794028724973 -0.191252154782 -0.577010396101 0.353797776611 0.917279038855 0.182828603186 0.0 0.0 0.0 0.0 0.0 0.0
28.6634343217 20.659833405 25.3926134022 0.353344748241 0.0499071295544 -0.934160996462 0.353797776611 0.917279038855 0.182828603186 0.0 0.0 0.0 0.0 0.0 0.0
29.1462868858 20.8840354633 25.4652215323 -0.221580805958 0.272105860971 -0.936408215928 0.353797776611 0.917279038855 0.182828603186 0.0 0.0 0.0 0.0 0.0 0.0
29.5786300982 21.1702640612 25.3243753801 -0.712324107339 0.390927026437 -0.582898298252 0.353797776611 0.917279038855 0.182828603186 0.0 0.0 0.0 0.0 0.0 0.0
29.8485990079 21.545604487 25.0506575424 -0.932443570918 0.361228478608 -0.00793557153067 0.353797776611 0.917279038855 0.182828603186 0.0 0.0 0.0 0.0 0.0 0.0
29.9060173763 22.0032869559 24.775130791 -0.798312132281 0.194293192338 0.570042011491 0.353797776611 0.917279038855 0.182828603186 0.0 0.0 0.0 0.0 0.0 0.0
29.781460469 22.5052585641 24.629545134 -0.360888567522 -0.0464573261098 0.931451103753 0.353797776611 0.917279038855 0.182828603186 0.0 0.0 0.0 0.0 0.0 0.0
29.5746390013 22.9966402234 24.6962837854 0.213642597773 -0.269557929644 0.938986348667 0.353797776611 0.917279038855 0.182828603186 0.0 0.0 0.0 0.0 0.0 0.0
29.4165173706 23.4265761441 24.9770644046 0.70700736826 -0.390248968938 0.589784980708 0.353797776611 0.917279038855 0.182828603186 0.0 0.0 0.0 0.0 0.0 0.0
29.4195580917 23.7675548 25.3922865286 0.931768219013 -0.362677900318 0.0165144378992 0.353797776611 0.917279038855 0.182828603186 0.0 0.0 0.0 0.0 0.0 0.0
29.6349954076 24.0258610172 25.8112731193 0.802534745029 -0.197319433716 -0.563030215974 0.353797776611 0.917279038855 0.182828603186 0.0 0.0 0.0 0.0 0.0 0.0
