
#id1 id2 FENE BEXC STCK NEXC HB CRSTCK CXSTCK total, t = 100
0 1 0.183654 0 -1.27981 0 0 0 0 -1.09616
1 2 0.036324 0 -1.21665 0 0 0 0 -1.18033
2 3 0.0333388 0 -1.15264 0 0 0 0 -1.1193
3 4 0.0344702 0 -0.911567 0 0 0 0 -0.877097
4 5 0.0466684 0 -1.13644 0 0 0 0 -1.08977
5 6 1.8409 0 0 0 0 0 0 1.8409
6 7 1.40825 0 0 0 0 0 0 1.40825
7 8 0.0159781 0 -1.18863 0 0 0 0 -1.17266
8 9 0.0313335 0 -0.942683 0 0 0 0 -0.91135
9 10 0.00687336 0 -1.11436 0 0 0 0 -1.10749
10 11 0.00854429 0 -1.00556 0 0 0 0 -0.997015
11 12 0.0106465 0 -0.195283 0 0 0 0 -0.184637
12 13 0.0054633 0 -0.105675 0 0 0 0 -0.100212
12 14 0 0 0 0 0 0 -0.161851 -0.161851
13 14 0.0238747 0 -0 0 0 0 0 0.0238747
13 15 0 0 0 0 -0 0 -0.0814119 -0.0814119
14 15 0.160806 0 -0.0526738 0 0 0 0 0.108132
15 16 0.000215822 0 -1.2555 0 0 0 0 -1.25528
16 17 0.0383204 0 -1.29552 0 0 0 0 -1.2572
17 18 0.569479 0 -1.02343 0 0 0 0 -0.453955
18 19 0.166211 0 -1.29293 0 0 0 0 -1.12672
19 20 0.0494616 0 -1.27511 0 0 0 0 -1.22565
20 21 0.23021 0 -1.06896 0 0 0 0 -0.838749
21 22 0.158641 0 -1.36398 0 0 0 0 -1.20534
22 23 0.155739 0 -1.36652 0 0 0 0 -1.21078
23 24 4.64929e-05 0 -1.32468 0 0 0 0 -1.32463
25 26 0.000208666 0 -1.39974 0 0 0 0 -1.39953
26 27 0.234176 0 -1.21637 0 0 0 0 -0.982192
27 28 0.38366 0 -1.28225 0 0 0 0 -0.89859
28 29 0.419777 0 -1.28797 0 0 0 0 -0.868196
29 30 0.0903459 0 -1.16704 0 0 0 0 -1.0767
30 31 0.101014 0 -0.976575 0 0 0 0 -0.875561
31 32 0.18214 0 -1.35397 0 0 0 0 -1.17183
32 33 0.0363438 0 -1.31334 0 0 0 0 -1.277
33 34 0.0713631 0 -1.14517 0 0 0 0 -1.07381
34 35 0.115376 0 -1.19417 0 0 0 0 -1.0788
35 36 0.493399 0 -0.763871 0 0 0 0 -0.270472
36 37 0.0355328 0 -0.706933 0 0 0 0 -0.6714
37 38 0.175228 0 -0.000945295 0 0 0 0 0.174282
38 39 0.865443 0 -0.0518023 0 0 0 0 0.813641
39 40 0.00438213 0 -1.11895 0 0 0 0 -1.11456
40 41 0.102638 0 -1.34789 0 0 0 0 -1.24525
41 42 0.221716 0 -1.19576 0 0 0 0 -0.974044
42 43 0.0119924 0 -1.20483 0 0 0 0 -1.19284
43 44 1.7646 0 0 0 0 0 0 1.7646
44 45 1.76036 0 0 0 0 0 0 1.76036
45 46 0.0719603 0 -0.104015 0 0 0 0 -0.0320545
46 47 0.0467914 0 -0.306406 0 0 0 0 -0.259615
47 48 0.020529 0 -1.20401 0 0 0 0 -1.18348
48 49 0.446265 0 -1.38249 0 0 0 0 -0.936223
49 50 0.179069 0 -1.28618 0 0 0 0 -1.10711
50 51 0.055169 0 -1.18662 0 0 0 0 -1.13146
52 53 0.00733529 0 -1.29265 0 0 0 0 -1.28531
53 54 0.122177 0 -1.09459 0 0 0 0 -0.972412
54 55 0.456599 0 -1.10636 0 0 0 0 -0.649764
55 56 0.0859721 0 -1.26321 0 0 0 0 -1.17724
56 57 0.115643 0 -1.29671 0 0 0 0 -1.18106
57 58 0.0192149 0 -1.33008 0 0 0 0 -1.31086
58 59 0.0708657 0 -1.19244 0 0 0 0 -1.12158
59 60 0.240531 0 -1.19893 0 0 0 0 -0.958395
60 61 0.0235682 0 -0.975679 0 0 0 0 -0.952111
61 62 0.0217823 0 -1.28758 0 0 0 0 -1.2658
62 63 0.0325142 0 -1.36759 0 0 0 0 -1.33508
63 64 0.226795 0 -1.16745 0 0 0 0 -0.940654
64 65 0.314772 0 -1.23816 0 0 0 0 -0.923393
65 66 0.374902 0 -1.2797 0 0 0 0 -0.904802
66 67 0.135949 0 -1.30219 0 0 0 0 -1.16625
67 68 0.0126644 0 -1.16721 0 0 0 0 -1.15454
68 69 0.00282308 0 -0.7332 0 0 0 0 -0.730377
69 70 0.00546817 0 -0.228785 0 0 0 0 -0.223317
70 71 0.576718 0 -1.00576 0 0 0 0 -0.429045
71 72 0.522278 0 -0.908247 0 0 0 0 -0.38597
72 73 0.138453 0 -1.34164 0 0 0 0 -1.20319
73 74 0.0156795 0 -1.20029 0 0 0 0 -1.18461
74 75 0.285809 0 -1.05753 0 0 0 0 -0.771725
75 76 0.0409644 0 -1.18263 0 0 0 0 -1.14166
#Total energy per particle is  -0.730823 and should be -0.73082310

