t = 100
b = 30 30 30
E = -0.478055608281919 -0.705779018680517 0.227723410398598
20.8324374248168 13.165516401661 18.2223244007256 0.898571619928781 -0.0796664291219773 -0.431534695063163 0.353725458357763 0.713479323178956 0.604835048835141 0.197052405505254 0.300995904871994 -0.0659990714968947 0.0422579239267218 0.583428038731632 -0.69465949376724
21.1941329458064 13.189181546429 18.565351145142 0.387223550491676 0.548330570983095 -0.741209408777436 0.388025281829223 0.632342996657576 0.670506226506314 -0.0495907778907403 -0.0214821152097513 0.113360414714198 0.462842139092787 0.312149324818945 0.0138722112563079
21.5011838848458 13.4826996111001 18.7072667730869 -0.0288240458655197 0.657522648618545 -0.752883142335449 0.443046437801493 0.683574524949445 0.580030699072794 -0.0204340818879411 0.0698451640598606 0.338583642379894 0.52736572821521 0.216128402982376 -0.386737716356685
21.8617405106326 13.7275798311705 18.9077759007239 -0.541832632701775 0.608739376206757 -0.579528824883562 0.276557202153283 0.780247910957365 0.561007304782756 0.209181679571055 0.182297701385331 0.143689299684564 0.449065041496673 0.169775725604121 -0.331296710793946
22.0878148791558 14.1650863783609 18.9506874454207 -0.973406493326141 0.217880052842495 0.0707669564194239 0.20989048787891 0.724451946708192 0.656593665317562 -0.3474050154372 0.0527768231437547 0.226165128723476 0.454473530157113 -0.205692297330273 -0.201774579103189
21.9816571037673 14.6353188111063 18.9805694784722 -0.721488847338752 -0.293405153552311 0.627189878973194 0.151311050078797 0.81708800051273 0.556302122225468 -0.808875030199973 -0.255838974815524 -0.0204817122043962 0.474116324687438 -0.138788020392005 0.31052426886539
21.9423058139732 15.015720294445 19.3197412821146 -0.582814164638081 -0.595631674723077 0.552766172950948 0.031200242309815 0.66333536005662 0.747671470736038 0.222643123786504 -0.391987830012401 0.832084452374444 0.423780695660062 0.214567243289955 -0.161475051320903
21.7760640303041 15.3855834639662 19.5342270181995 0.161352505399383 -0.710321505974777 0.685134007393199 0.181121849741652 0.703752595955399 0.686969460792566 0.139047380578331 -0.456469984796385 0.0339504125433686 0.500678392446579 -0.0618159586948071 -0.30040375207783
21.6152478793658 15.6092423277049 19.8993659147458 0.686350046570654 -0.598913883256668 0.412584118819085 0.0609371740802501 0.612668035028686 0.787987578649504 0.406804658112043 -0.432042429616667 0.464226780498631 0.293112093389478 -0.0670856836976508 -0.173576394807715
21.5616547110735 15.7372167144615 20.3560555267916 0.933557024364143 -0.357513576418624 -0.0255970191022206 0.246757881749107 0.589263869477019 0.769336416637308 0.401301371611214 0.336524309693074 -0.478581399089303 0.622989974624987 0.266152300247211 0.0933583990866214
21.6443844221725 15.8079508606589 20.7852550262752 0.897970588255271 0.2550068899345 -0.358636570679176 0.222941110512328 0.439024238507307 0.870376279766609 -0.20465245626873 -0.0511566030766748 0.0324722437017508 0.244358523589021 -0.080081205071698 -0.0269827984793147
21.8860256017035 16.0397853080204 21.171430425326 0.466343253566554 0.557546140797295 -0.686779551176893 0.280492273852538 0.643108708053911 0.712555370164422 0.186659543248416 0.662645394529456 -0.433790615224481 0.146296945691047 0.357779265455524 0.24582217252885
22.1058907726381 16.6456235709793 21.2804002543711 -0.163927129935961 0.444026627823733 -0.880890533148733 0.427722663905299 0.836658278294587 0.342134681855544 -0.788906191212193 1.38351535853055 -0.276809406882568 0.645272593413115 0.478221877359228 -0.704629743405142
22.7216649772677 16.5640388041698 21.3791375218521 -0.592688872655683 0.717540441958328 -0.365862675164602 0.393222187878 0.654212982149164 0.64605074762018 0.0908760263600463 1.15341219018604 -0.852675410386306 0.306468047804092 -0.676525777719741 -0.612025725491975
22.8529021323094 16.8621773226172 21.6401881296349 -0.981913356631962 0.181272436340808 0.0546474598967295 0.172690170480992 0.739169532477565 0.651004138820685 -0.121279488973153 0.46503234810382 -0.465602779789954 0.254795517691947 0.405975472079069 -0.0365265253002228
22.8042104921717 17.3454382206308 21.7266733073549 -0.797153245979046 -0.347334218050388 0.493867924209573 0.00894333494312996 0.811081836559629 0.584864223009656 -0.105433501512834 -0.250365505805622 -0.0663929012961571 0.312069411964397 -0.0157344654422546 0.116466495693231
22.5806496338045 17.7434686270214 21.9289618818268 -0.29823270282765 -0.631394865478522 0.715819573528333 0.205086841468653 0.69004284672166 0.6941038380107 -0.507893492156536 0.281344999505503 0.163277354357982 0.513672241377909 -0.353189438818641 0.225410867224656
22.4968423314429 18.0213073382223 22.249870214317 0.177028144365709 -0.761779820329647 0.623179285806719 0.0911519768268327 0.643148598107226 0.760296705569651 -0.0889630217233418 -0.397516118690738 0.865390474210922 0.23223327931542 -0.0729214238147026 0.00671634709846501
22.3270687664561 18.2169346484379 22.6421026709276 0.790933519997924 -0.508263994792156 0.340722410544738 0.120950845042397 0.67569860945609 0.727187846202783 0.120120240129482 -0.551566047563205 0.134951431596752 0.567366927806189 -0.126336402029089 0.223113098862555
22.2940900536797 18.4290591485 23.0147054465572 0.964744454138678 -0.259200603705048 0.0456406263602397 0.125917205279211 0.606849441518561 0.784779265246649 0.106984691837837 -0.269253751500597 -0.230750389589169 0.376226014068698 0.160181500031547 -0.13348043594009
22.4389258749789 18.4398018796222 23.5430055592956 0.903000894463909 0.221601345633573 -0.368078944478581 0.184596762143323 0.573495434810878 0.798139651956486 0.210533591489024 0.507891361513124 -0.41563449782316 0.327052454429639 -0.09356254884062 0.0153139722506197
22.7208042239403 18.612929517041 23.9376136005021 0.5190405390286 0.463208536180505 -0.718355520224735 0.409117685699864 0.603273061142866 0.684605155500271 0.415654835323917 0.240805286886947 0.13902424378595 0.286003832169898 0.252250149631845 -0.268404982219231
23.0647491563014 18.849860903288 24.1489258479905 -0.0534861069692936 0.740324985619882 -0.670117925605618 0.345115341923063 0.643430234200621 0.683295556594532 -0.177004371725827 0.0135269859786386 -0.151696377480588 0.557580648674437 -0.308415010986169 -0.396043129454334
23.4284833683698 19.0738012753649 24.3981699815829 -0.587732705242627 0.692647334238429 -0.418102643468712 0.223577822857394 0.635702803435913 0.738846928460894 -0.219099158466046 -0.028074268065822 0.078515038630635 0.133991118331726 -0.119826839547696 0.111482159959344
23.7267035539578 19.4665643406798 24.5354322339587 -0.974770673302278 0.0462745315879683 0.218359088185032 0.2108064110655 0.512406917259465 0.83246603170785 -0.419765407168243 0.376742486559377 0.255155521247082 -0.374279098444096 -0.125984370577397 0.463419408758822
21.2699113294021 27.0877553215755 18.0107877000272 -0.276374995507182 0.937535847972938 0.211289578747236 0.960656314922589 0.275793276342589 0.032823682731395 -0.339940025497126 0.500027603956032 -0.27128231925008 0.105598560817927 -0.55125643656801 -0.769406161892803
21.6649483853016 27.3168520526292 17.9362253901122 -0.263337149279311 0.480695005745539 0.836412422120862 0.945802356870434 0.299432130510292 0.125690822531603 -0.314915777211546 0.468481760985475 -0.13532915448269 0.072692825981594 0.500449063588752 -0.0292033594088978
22.0041908850562 27.7260749720499 18.0216323344665 -0.158068325713723 -0.278904461231223 0.947220453094546 0.791327930582659 0.537988788907573 0.290461795845404 -0.364036926591226 -0.31795898151377 0.472489834550497 0.205043158223788 -0.167449920424282 -0.354252242143815
22.1648449293498 28.1061303713925 18.2036567610167 0.181477974578808 -0.666082516898934 0.7234636870495 0.896260764416674 0.414785991967428 0.157064012360947 0.163194882897358 -0.478346479657752 -0.257137843299819 0.569965147656606 0.217726130243029 0.174071010082686
22.4968432819118 28.3486482973048 18.491865772343 0.336824271740102 -0.941563477513214 -0.00274059434217745 0.900644414934814 0.32133484124113 0.292546477441971 0.36245301380241 -0.909726622537662 0.312294905084467 0.203857874265217 0.475335106033725 0.165794902720037
22.9734332199202 28.3303801596426 18.839614793568 0.132292261539123 -0.821918495778474 -0.554029444720375 0.974723775901431 0.00635218074392864 0.223322861330293 0.0419543327466478 -0.894037275221426 -0.297446461650425 0.626148129550706 0.654371890854526 0.398415435502208
23.007479046298 27.5617199856004 19.2516895240145 0.334041396875668 -0.271079838921266 -0.902735812659217 0.930173176324255 0.249558747746676 0.269254858645592 -1.1741997049043 -3.55682693899808 0.690028571266455 0.541665874970786 -0.448079397441574 0.00877270275613344
23.6525929630957 27.2994772715294 20.5545526892318 0.199853457984723 0.113906852585265 -0.973182258027207 0.855681901007671 0.463589692720196 0.229984701602651 -0.0846556209623269 -3.77187663543664 4.86669502246048 -0.12024727649809 -0.399277600123781 -0.618576352455636
24.0278796714367 28.3345943721248 19.436892525955 -0.153270084523894 0.595118911340752 -0.788886332507087 0.966484089313633 0.256659778504533 0.00584366410101844 -0.609088227347989 0.51027600940924 0.586967414353519 0.379029212382675 0.18284506642173 -0.307670809307067
24.5821028610626 28.3769270712792 19.1654312009655 -0.4720502515412 0.837541016433536 -0.27512449559027 0.876362285710638 0.41194639991742 -0.249578052060151 -0.281288961441186 0.129959822956861 0.412567649202118 0.745362251002505 -0.214057676283073 -0.528451887279467
24.8075405835571 28.5800037115233 18.8066615921604 -0.167612010366357 0.866803953442493 0.469634965764946 0.916539116489558 0.312477434059076 -0.249627306114397 -0.659588726943375 -0.221283686538019 0.422829995658162 0.625117104355795 -0.21586804733649 0.34419717128809
25.2957191034022 28.8166826333791 18.6010159939844 -0.21797072538214 0.438040618309108 0.872129038947788 0.922535837223521 0.384068899029649 0.0376641830095489 -0.215007636074402 0.0845767223267946 0.439066622873736 0.254600921152237 -0.132067964735931 -0.142185467075679
25.5488294174598 29.228423626895 18.678717462561 0.0564054150431329 -0.27040238441509 0.961093576158477 0.786879071089576 0.604540016901991 0.123905539578323 -0.454773717459783 -0.582669158808427 0.612078142794936 0.530746698016574 -0.0485001609149476 -0.159742548483917
25.751006484137 29.6210050348399 18.9593688266994 0.404774107384632 -0.608878717971683 0.682220279552573 0.76197378647717 0.637048394710998 0.116469638782255 0.718025312477613 -0.111243358666765 0.874323524203225 0.63449933112242 -0.240780895037647 0.799132303425194
25.1250376307616 28.9081458560173 20.2780981648421 0.270751121162722 -0.851552892286015 0.448944756140012 0.820406171776111 0.448095143432996 0.355168049985521 -3.18903331664174 -4.14983791883004 4.7710075848391 0.533064280827207 -0.0100581770925295 -0.795890018428782
26.1704123099598 29.9067710522013 19.6905007775175 0.43578802294368 -0.858074089708277 -0.271657027152451 0.899084178535516 0.401045449775748 0.175527969676404 -0.207362505382022 -0.573498294087352 0.224389934591276 -0.0527283636172329 -0.348968999551638 -0.370702409807856
26.6702012938929 29.9770456326057 19.867835792168 0.114526934842218 -0.526788332416258 -0.8422455198727 0.954832607410737 0.292373577678486 -0.0530307811634221 -0.321706377786527 -0.204520792374253 0.409028399050686 0.0595235181374265 0.744802826320612 -0.0110663854457147
27.1801130847628 29.9017271866412 19.7947322466247 -0.186514723801083 0.165282006134949 -0.968449274835545 0.960673698050955 0.237086343401807 -0.144554479517137 -0.162826952348538 -0.506812940894213 0.203223527166762 0.33642797843461 0.244931213193775 -0.234889621618432
27.6143666670106 29.9335595960768 19.5688792356625 -0.331470886219557 0.634435916454131 -0.698296498927765 0.9263340159937 0.359255786268007 -0.113315737057467 -0.196988851663648 0.448594306706053 -0.348252949528774 0.66822303133416 0.0680672122933932 0.115769432357769
28.0669977421238 29.9294911213165 19.358619647484 -0.35507213675587 0.934701310605915 0.0160350335404998 0.931402041488671 0.352245259517406 0.0917245619074549 -0.511468399015217 0.44932898468556 -0.591246174855004 0.35848784180789 0.405357272729997 0.53967812341146
28.535616875813 30.1956519261701 19.2800059000474 -0.678954440728139 0.696991994755279 0.230700911092181 0.733076773205121 0.660816989094706 0.160994513683306 -0.271718394066524 0.371857824014195 0.0138448551652916 0.484248056844318 0.199768205106672 -0.618941819061284
28.6726210199633 30.5518387610807 19.0269086818068 -0.28492473729885 0.452180716032102 0.845192507931929 0.846671205306294 0.532115784462862 0.000739566218453702 -0.135031700620797 -0.0497591871256319 0.381554106701939 0.504047274016435 -0.194803281952603 0.126085208565503
28.9530250704961 30.9314290840687 18.9884890740851 0.0645418341246198 -0.244200488937969 0.967574470116845 0.940754680582568 0.338331338402754 0.0226366522994227 -0.355500753305072 0.104833355019876 0.3673616883583 0.18293162030749 -0.382560347784062 -0.0193548638854525
29.3413028725807 31.2289786918246 19.1032927673003 0.193832859341854 -0.779036667580389 0.596263848215495 0.884944960439808 0.401183991434483 0.236481930971462 0.286464950464268 -0.0593544544615254 0.182773011803424 0.243031080933572 0.238914898871772 0.199817375831803
29.574808315429 31.4993485785269 19.4074899555842 0.51440319516802 -0.856795958331258 -0.0359155341923513 0.8191694575258 0.478561178064653 0.316133650302574 -0.00682587081683912 -0.0271963199612068 -0.333910900213314 0.478861727925204 -0.429799796270434 0.454158194215114
29.97537153106 31.7047326626161 19.6572909347352 0.399980359787163 -0.805673239904755 -0.436928166960828 0.915207170633142 0.325556769462187 0.237504752814649 0.256487667930495 0.188727851385472 -0.580195571236964 0.0814389239207802 0.129200987047522 0.267347184651246
30.410863135346 31.7402889707136 19.9071757822953 0.0920941239928288 -0.227848790494418 -0.96933146489637 0.90845215478948 0.417819240967595 -0.0119015074177813 0.396745877793202 -0.431542174565322 -0.659996331667304 -0.0972526527175887 0.170033979524083 0.428268240692558
15.1912587591986 19.8908220667318 29.7178564273565 0.410985561945282 0.878394562374724 -0.243954385281455 0.594417066412595 -0.0553097890944358 0.802252491394498 0.0176939966954264 0.683316804213124 -0.334388070659694 0.498086744269601 -0.165398524789537 -0.510866208586408
15.6567361335931 19.8530883350798 29.9322129561956 -0.0977460884545041 0.964972493668926 0.243461844000631 0.807495915944912 -0.0660927687907776 0.586158669001234 -0.120406707115009 0.327627797466526 -0.0246333717731465 0.376613103824562 0.0955109592731447 0.370554492453484
16.0834693482518 19.8811668621516 30.1874586251859 -0.574877790938394 0.673623054522437 0.464486153391931 0.692125628957747 0.0975440169931141 0.715155342060004 0.0277228231384021 -0.0422438005830936 0.111176483168899 0.328069628743676 -0.0282399791190074 0.0654710110685703
16.3692377914243 20.1506251358043 30.4616009243127 -0.818259869212468 0.0151181579502172 0.574649553847908 0.558567979906033 0.257134168110285 0.788596043070882 -0.0101588506293332 0.280650221406432 -0.0231588580985461 0.393244842342781 0.129028039187641 0.0405640386191257
16.3558799231258 20.4672892137619 30.8146200053788 -0.552432070832341 -0.618822724330087 0.558459601996537 0.526404766392633 0.260474603724053 0.809352141533252 -0.21216105219818 -0.177847538663013 -0.198752179267449 0.789298869807943 -0.0984899590691744 0.362560803287264
16.3541894189479 20.6711909316332 31.2181661268144 -0.116305305386868 -0.925888674549888 0.359448356328103 0.433335938941363 0.278338605573468 0.857174119227126 -0.233320535200184 0.348489404236185 0.299399133009734 0.582760233535229 -0.24156034339741 0.423782778572595
16.4861551941253 20.7738212652314 31.7326939761135 0.14050312482374 -0.98918682889512 -0.0420496203514915 0.351142507035468 0.0100758666846852 0.936267751870941 0.215781362997168 -0.322508105257164 -0.052531042810777 0.378380329670008 0.231098464890716 0.0623012837596411
16.4866951256093 20.5990526367954 32.216439125211 0.55056537012836 -0.720876891538972 -0.420968124216994 0.399581818173666 -0.215184897439923 0.891083453137203 0.343744224311043 -0.256817569015551 -0.353609221953253 0.536025426772209 -0.309579259403045 -0.472904026129093
16.5493668458823 20.2885022406851 32.5657263905279 0.865055071756401 -0.225989111926303 -0.447893431799085 0.449175956306988 -0.0487193084955235 0.892113933770478 -0.00587915252839416 0.361067625432134 0.101566098548028 0.758471315601518 -0.146462525933553 0.122456970943971
16.8421949298164 20.0934411294466 32.9204978637119 0.748239954497184 0.256903718057865 -0.611667669225594 0.657860586022444 -0.168119452392798 0.734135672989178 0.583911483856197 0.0631245593841341 -0.000678737409002563 0.398514625899035 0.648384408588454 -0.0891695669149359
17.2770110375672 19.8117269490839 33.0295015835978 0.294146476719313 0.954010063402553 -0.0578146422931145 0.735488826864399 -0.187311009233606 0.651130297473467 0.545619386499694 0.40413549871403 -0.0128733308418272 0.554846291033038 -0.255105364090852 0.384413683141133
18.3111579895842 20.7941309468116 32.0542628518838 0.357497901152713 0.933181931694969 -0.036968118187563 0.538799304105002 -0.173756097981741 0.824320331716581 2.32201180403161 4.02132559576791 -4.78660731618007 0.0520449985728491 -0.486062642143797 -1.1503919614894
18.3148714705405 19.9778017757173 33.2931204755044 -0.542028550098322 0.798246954753611 0.262691328909334 0.393244104928948 -0.0353267563793418 0.918755124121013 -0.19252970979127 0.268671799218551 -0.768067827849096 -0.243991632194431 0.28381756055796 -0.341295159333024
18.550239231676 20.2649086449276 33.6313581215974 -0.93762043414777 0.0792557982325294 0.338506013173918 0.346153186841722 0.122253677528381 0.930178418912438 0.0251949427339539 0.217115546532242 -1.24507026772402 0.0691155380498079 0.747714376642534 -0.217702754326898
18.5874587015618 20.4765308394227 34.0034014440869 -0.767771618958738 -0.545255114398906 0.336486973037206 0.380554114678581 0.0344330392170184 0.924117315987765 -0.634039013634224 0.192680458834011 -0.337384570772682 0.687638977260788 0.645161995884215 0.323898563799142
18.4932026222669 20.7987113791174 34.408378279184 -0.266116329797078 -0.958277277436464 0.104339075169051 0.357190062163184 0.00250610579465897 0.934028299305142 -0.418348013403255 -0.0923562645265011 -0.599982245183481 0.441365592919343 0.186100898513589 0.325527549215437
18.6922855696517 20.6850509418632 34.7840243727037 0.162672798752552 -0.924116531353674 -0.345754364929099 0.348461594712573 -0.274033395708988 0.896370516749802 0.288596413992697 -0.613188516210307 -0.624800045502252 0.333257559770306 0.0720257070740878 0.213369359405689
18.8751906213564 20.8891388063516 35.2158850551396 0.460822811122138 -0.710584460649609 -0.531706631510734 0.746133115857272 -0.014203519718149 0.665645188606137 2.18521501251802 0.782129684305298 -0.684158306462421 -0.0912163158837467 -0.0831336653514018 0.342740288050519
19.1876867844529 20.5500566993357 35.3151941477562 0.759483227612097 0.124348706827915 -0.638531530319641 0.647092328520185 -0.0436801950012988 0.761159273713093 1.47353896923939 0.766269779297092 -1.34042089946313 0.292509756567911 1.15150134186919 0.937018893361492
19.0687635244999 20.1537542309612 36.0525737917779 0.797244193501821 0.44020798969131 -0.413059926192565 0.532599646660245 -0.190855613602994 0.824567544727479 0.36319298200089 0.383446215899716 -0.323183578325393 0.274120995192632 -0.801413090621375 -0.171134991078295
19.385432385396 19.880030925139 36.3523603899907 0.265821190845541 0.95415066902544 -0.137606246175959 0.492769931143485 -0.0118013960006635 0.870079538356404 0.162798357048289 0.495157259794063 -0.478889171738571 0.349366229855726 -0.465110368386825 -0.112107595856673
19.8504924805317 19.884081282678 36.5888752275262 -0.266007134230833 0.954304331809859 0.136173895297474 0.725592332834169 0.105218003109804 0.680032959627558 0.423052142378904 0.596986240904986 -0.496265342821293 0.426128809295104 0.207514670017093 0.106460997808629
20.2850150370499 19.9563466962321 36.9104106429596 -0.505219962495451 0.85819745434595 0.0908284604662722 0.650228395483958 0.30934826633806 0.693906749426811 -0.0381807358983513 -0.0211438968405028 0.824181494742766 0.709075303873017 0.295156591038866 -0.308096197049212
20.7077555557007 20.1706745984992 37.0502114787092 -0.804764529092919 0.145749470448852 0.575422475552364 0.592594345716377 0.141029224655257 0.793059002864785 0.0241761634828076 -0.178752353006376 0.288643462767826 0.386774022441179 -0.0441016220984994 -0.0463063929489065
20.9455189510971 20.3982574588508 37.4750221210337 -0.761227528669907 -0.564782046636787 0.318675025891084 0.282701544474326 0.153243602736991 0.946887598020672 -0.168951585626219 -0.359011799249848 0.71814788917199 0.372179459368485 0.151049834736372 0.134593839234352
