
#id1 id2 FENE BEXC STCK NEXC HB CRSTCK CXSTCK total, t = 100
0 1 0.0383594 0 -0.813997 0 0 0 0 -0.775637
1 2 0.198005 0 -0.718147 0 0 0 0 -0.520143
2 3 0.200851 0 -1.28644 0 0 0 0 -1.08558
3 4 0.0489928 0 -1.29414 0 0 0 0 -1.24514
4 5 0.013681 0 -1.35498 0 0 0 0 -1.3413
5 6 0.111326 0 -1.12811 0 0 0 0 -1.01678
6 7 0.00985185 0 -1.22134 0 0 0 0 -1.21149
7 8 0.186999 0 -1.27264 0 0 0 0 -1.08564
8 9 0.0985868 0 -0.927257 0 0 0 0 -0.82867
9 10 0.43055 0 -1.40269 0 0 0 0 -0.972144
10 11 0.201485 0 -1.21949 0 0 0 0 -1.01801
11 12 0.0443602 0 -1.01581 0 0 0 0 -0.971446
12 13 0.0102539 0 -1.14405 0 0 0 0 -1.1338
13 14 0.12703 0 -1.34616 0 0 0 0 -1.21913
14 15 0.0643912 0 -1.21481 0 0 0 0 -1.15041
15 16 0.00344988 0 -1.3689 0 0 0 0 -1.36545
16 17 0.149932 0 -1.1909 0 0 0 0 -1.04097
17 18 0.20483 0 -1.33702 0 0 0 0 -1.13219
18 19 0.289514 0 -1.29332 0 0 0 0 -1.00381
19 20 0.219981 0 -1.4106 0 0 0 0 -1.19062
20 21 0.206755 0 -1.41317 0 0 0 0 -1.20642
21 22 0.0245302 0 -1.33573 0 0 0 0 -1.3112
22 23 0.342323 0 -1.1283 0 0 0 0 -0.785973
23 24 0.00924233 0 -1.24941 0 0 0 0 -1.24016
#Total energy per particle is  -1.03408 and should be -1.0340810

