t = 0
b =  30.0 30.0 30.0
E = 0. 0. 0.
27.4328596422 9.49346296011 10.7444008289 0.595244888435 -0.609429897988 0.523716261185 0.369848056511 0.786405790704 0.494750793271 0.0 0.0 0.0 0.0 0.0 0.0
27.3938756553 9.69505028581 11.24091659 0.900473257415 -0.434555830358 0.0175824623244 0.369848056511 0.786405790704 0.494750793271 0.0 0.0 0.0 0.0 0.0 0.0
27.5601545757 9.7975805963 11.7414402739 0.863596780793 -0.0945867373892 -0.495231207936 0.369848056511 0.786405790704 0.494750793271 0.0 0.0 0.0 0.0 0.0 0.0
27.9232904095 9.87854985703 12.1290759884 0.49862544858 0.28131743852 -0.819898262477 0.369848056511 0.786405790704 0.494750793271 0.0 0.0 0.0 0.0 0.0 0.0
28.40008793 10.0236454367 12.3298158682 -0.0557820281224 0.550344416159 -0.833072259136 0.369848056511 0.786405790704 0.494750793271 0.0 0.0 0.0 0.0 0.0 0.0
28.8641699354 10.2941920434 12.3406569002 -0.588996979715 0.610286348831 -0.529748176323 0.369848056511 0.786405790704 0.494750793271 0.0 0.0 0.0 0.0 0.0 0.0
29.1939900608 10.7038534425 12.2307418189 -0.898442131209 0.438370294139 -0.0251639044078 0.369848056511 0.786405790704 0.494750793271 0.0 0.0 0.0 0.0 0.0 0.0
29.3190102741 11.2134413639 12.1150906247 -0.866554095906 0.0999100355424 0.48898055551 0.369848056511 0.786405790704 0.494750793271 0.0 0.0 0.0 0.0 0.0 0.0
29.2464994539 11.7458037811 12.1109025635 -0.505447671556 -0.276507715963 0.81735312707 0.369848056511 0.786405790704 0.494750793271 0.0 0.0 0.0 0.0 0.0 0.0
29.0587718212 12.2151362557 12.2930301734 0.0476867738524 -0.547875563212 0.835199580241 0.369848056511 0.786405790704 0.494750793271 0.0 0.0 0.0 0.0 0.0 0.0
28.88191439 12.5595804785 12.6655415538 0.582704216594 -0.611096324005 0.535739749086 0.369848056511 0.786405790704 0.494750793271 0.0 0.0 0.0 0.0 0.0 0.0
28.8378844033 12.7647252749 13.1601748269 0.896342585157 -0.442151374323 0.0327434301624 0.369848056511 0.786405790704 0.494750793271 0.0 0.0 0.0 0.0 0.0 0.0
28.9981757371 12.8690816517 13.662271966 0.869445419569 -0.10522572516 -0.482692665321 0.369848056511 0.786405790704 0.494750793271 0.0 0.0 0.0 0.0 0.0 0.0
29.3566571817 12.9494518211 14.0543392968 0.512231402735 0.271676936273 -0.814745747058 0.369848056511 0.786405790704 0.494750793271 0.0 0.0 0.0 0.0 0.0 0.0
29.8319017906 13.0917507567 14.2606853089 -0.03958788805 0.545364987419 -0.837263297665 0.369848056511 0.786405790704 0.494750793271 0.0 0.0 0.0 0.0 0.0 0.0
30.2981223393 13.3583656584 14.276177126 -0.576367078291 0.611859761828 -0.541690523194 0.369848056511 0.786405790704 0.494750793271 0.0 0.0 0.0 0.0 0.0 0.0
30.6329599942 13.7644540119 14.1681905713 -0.894174779146 0.445898782969 -0.0403204623781 0.369848056511 0.786405790704 0.494750793271 0.0 0.0 0.0 0.0 0.0 0.0
30.7639704802 14.2721850071 14.0510129659 -0.872270531598 0.11053340143 0.476368016217 0.369848056511 0.786405790704 0.494750793271 0.0 0.0 0.0 0.0 0.0 0.0
30.696146871 14.8051120947 14.0424234648 -0.51897612551 -0.266825467332 0.812076321003 0.369848056511 0.786405790704 0.494750793271 0.0 0.0 0.0 0.0 0.0 0.0
30.5100226377 15.2772163085 14.2189467866 0.0314859874766 -0.542812879971 0.839263254248 0.369848056511 0.786405790704 0.494750793271 0.0 0.0 0.0 0.0 0.0 0.0
30.3310756362 15.6255863093 14.5867801936 0.569986047404 -0.612576604162 0.54760004547 0.369848056511 0.786405790704 0.494750793271 0.0 0.0 0.0 0.0 0.0 0.0
30.2820569722 15.8343194539 15.0794390482 0.891938878263 -0.449612234697 0.0478944240344 0.369848056511 0.786405790704 0.494750793271 0.0 0.0 0.0 0.0 0.0 0.0
30.4363558035 15.9405634755 15.5830154383 0.875029216848 -0.115832660155 -0.470007089844 0.369848056511 0.786405790704 0.494750793271 0.0 0.0 0.0 0.0 0.0 0.0
30.7901175723 16.0204034385 15.9794536975 0.525681326244 0.261953678599 -0.809345052192 0.369848056511 0.786405790704 0.494750793271 0.0 0.0 0.0 0.0 0.0 0.0
31.263708416 16.1599557508 16.1914017266 -0.0233816891234 0.540219435221 -0.841199297684 0.369848056511 0.786405790704 0.494750793271 0.0 0.0 0.0 0.0 0.0 0.0
