t = 0
b =  30.0 30.0 30.0
E = 0. 0. 0.
20.4654904263 24.079710909 3.49068107607 -0.502363126023 -0.331244814732 0.798691531397 0.675474397982 0.426303221765 0.601664275808 0.0 0.0 0.0 0.0 0.0 0.0
20.4816001326 24.5042616647 3.81959175591 -0.0904212533508 -0.761900806123 0.641351041608 0.675474397982 0.426303221765 0.601664275808 0.0 0.0 0.0 0.0 0.0 0.0
20.4770983114 24.7551371077 4.29469842587 0.355873165232 -0.903097942965 0.240350568294 0.675474397982 0.426303221765 0.601664275808 0.0 0.0 0.0 0.0 0.0 0.0
20.5537177894 24.8001513461 4.82459301543 0.666965418461 -0.701193072283 -0.251963104362 0.675474397982 0.426303221765 0.601664275808 0.0 0.0 0.0 0.0 0.0 0.0
20.7823720555 24.6853286017 5.29705260742 0.724666358149 -0.232893230118 -0.648551781072 0.675474397982 0.426303221765 0.601664275808 0.0 0.0 0.0 0.0 0.0 0.0
21.1762140407 24.5174178381 5.62167480052 0.507054432602 0.323886643937 -0.798744792946 0.675474397982 0.426303221765 0.601664275808 0.0 0.0 0.0 0.0 0.0 0.0
21.6856390998 24.4233370452 5.76422309292 0.0968040506105 0.757616566864 -0.645481303679 0.675474397982 0.426303221765 0.601664275808 0.0 0.0 0.0 0.0 0.0 0.0
22.2171306453 24.5019549726 5.75963390185 -0.350223808685 0.903515289366 -0.246988675272 0.675474397982 0.426303221765 0.601664275808 0.0 0.0 0.0 0.0 0.0 0.0
22.6687886626 24.7865292386 5.69874363447 -0.664195787631 0.706153447467 0.245339080301 0.675474397982 0.426303221765 0.601664275808 0.0 0.0 0.0 0.0 0.0 0.0
22.9690432292 25.2320712052 5.69377841817 -0.725828682095 0.24051210462 0.644458417417 0.675474397982 0.426303221765 0.601664275808 0.0 0.0 0.0 0.0 0.0 0.0
23.1038451249 25.7324379136 5.8357175184 -0.511707125022 -0.31650380792 0.798737226986 0.675474397982 0.426303221765 0.601664275808 0.0 0.0 0.0 0.0 0.0 0.0
23.1220033653 26.160657569 6.15972879465 -0.103179475867 -0.75327463217 0.649562409849 0.675474397982 0.426303221765 0.601664275808 0.0 0.0 0.0 0.0 0.0 0.0
23.116641841 26.4171682483 6.63180784267 0.344547781239 -0.903863829578 0.253607973106 0.675474397982 0.426303221765 0.601664275808 0.0 0.0 0.0 0.0 0.0 0.0
23.1898199942 26.4676431392 7.16169683613 0.661375575721 -0.711060046333 -0.238696372719 0.675474397982 0.426303221765 0.601664275808 0.0 0.0 0.0 0.0 0.0 0.0
23.4137587308 26.3560318702 7.63717498392 0.726935731376 -0.248112663195 -0.640315975758 0.675474397982 0.426303221765 0.601664275808 0.0 0.0 0.0 0.0 0.0 0.0
23.8034024901 26.1878633118 7.96669308489 0.516320848965 0.309096868913 -0.798668834094 0.675474397982 0.426303221765 0.601664275808 0.0 0.0 0.0 0.0 0.0 0.0
24.3107416033 26.0901533944 8.1141546 0.109547043607 0.748875332697 -0.653594049327 0.675474397982 0.426303221765 0.601664275808 0.0 0.0 0.0 0.0 0.0 0.0
24.8430519685 26.1631496326 8.112629331 -0.338845515146 0.904143537061 -0.260207957711 0.675474397982 0.426303221765 0.601664275808 0.0 0.0 0.0 0.0 0.0 0.0
25.2981224878 26.4422454186 8.05178964985 -0.6585049975 0.715912495222 0.232035487485 0.675474397982 0.426303221765 0.601664275808 0.0 0.0 0.0 0.0 0.0 0.0
25.6030867722 26.8845334804 8.04384246538 -0.727987421687 0.25569432703 0.636124771558 0.675474397982 0.426303221765 0.601664275808 0.0 0.0 0.0 0.0 0.0 0.0
25.742106301 27.3851070721 8.18089994259 -0.520895253075 -0.301666390982 0.798539619478 0.675474397982 0.426303221765 0.601664275808 0.0 0.0 0.0 0.0 0.0 0.0
25.7623877404 27.8169158004 8.4999845512 -0.115906268915 -0.744419003467 0.657575915087 0.675474397982 0.426303221765 0.601664275808 0.0 0.0 0.0 0.0 0.0 0.0
25.7562483422 28.0790341935 8.96896361033 0.333117444655 -0.904354390513 0.266788126472 0.675474397982 0.426303221765 0.601664275808 0.0 0.0 0.0 0.0 0.0 0.0
25.826043076 28.1350049748 9.49875703129 0.655584271574 -0.720710424604 -0.22535693185 0.675474397982 0.426303221765 0.601664275808 0.0 0.0 0.0 0.0 0.0 0.0
26.0452782651 28.0266897922 9.97718033255 0.728983672937 -0.263256518752 -0.631885123994 0.675474397982 0.426303221765 0.601664275808 0.0 0.0 0.0 0.0 0.0 0.0
26.4306853054 27.8583652778 10.3115653999 0.525429988995 0.294212939988 -0.798349592978 0.675474397982 0.426303221765 0.601664275808 0.0 0.0 0.0 0.0 0.0 0.0
