t = 100
b = 30 30 30
E = -0.816044788997327 -1.03607292365 0.220028134652668
20.3324273721433 24.1187243403956 3.3937356168868 -0.505451524969968 -0.388325913316336 0.770533336074723 0.757957418484474 0.226918592144858 0.611562253956919 -0.682701516073469 -0.225769316520424 -0.0592808740255747 -0.322197092100814 -0.221204537287551 -0.375029936287294
20.5596009155543 24.3639986767621 3.82234227868253 -0.315857357746355 -0.764607278362815 0.561791529046903 0.68125652684457 0.229359295611739 0.695186118466979 0.41346243244843 -0.0635432007178501 -0.102153494979057 0.384564346729338 0.734411516806027 -0.165476897309306
20.582666973979 24.5511333122888 4.2909413337399 0.34470701604972 -0.891126341360186 0.295077613328742 0.545567774121601 0.445987495077754 0.709542699287653 0.489363133694365 -0.41811621849257 0.00425380350630355 0.375926845470319 0.529840518186398 0.388899266210726
20.6952118215804 24.6188137094201 4.76832855280181 0.770032377787519 -0.586492762113292 -0.25114987371729 0.53306972135854 0.375145601480793 0.758355019157586 0.433592081065166 -0.289213229993774 -0.0541562153551895 0.295558970051408 -0.397487575116767 0.0994768154389189
21.0137976248829 24.7399192458541 5.18733386412914 0.694983476169804 -0.273117771935465 -0.665134972286993 0.718473415307283 0.300030170062951 0.627517116341311 0.357738219631336 0.421797012641583 0.115548316906492 0.452091523284372 0.0376667839448675 0.0179391184264659
21.4032362032776 24.5887428659511 5.50428128438525 0.495867512190657 0.458785340752836 -0.737313572351962 0.748911063325389 0.203878180359321 0.630528186317771 0.580159363855855 -0.0972140573969561 -0.0691684730247551 0.323064545034272 -0.169807853631472 0.192212734822818
21.8416688501017 24.6437088404547 5.79417624797887 0.0842911653925433 0.556869715304732 -0.82631168699314 0.839382094835645 0.407194579767481 0.360041887707159 0.283564891995852 0.466935429842576 0.0244421933483128 0.727974531081289 0.687327385624239 -0.657190185527058
22.2925789144557 24.6030541344595 5.79869253365779 -0.237687348510729 0.92809030504258 -0.286623432625085 0.848049028922243 0.342156999051509 0.404649627784888 -0.429929526842343 0.278220172064428 -0.0169370168111222 0.469192532943617 0.21763188953112 0.0636985031473142
22.7098542953236 24.791392015647 5.82321789563914 -0.668806117340061 0.67697308269639 0.307255112255697 0.730012559838967 0.519832494344838 0.443684263203186 0.0660134537812046 -0.336750601041813 0.137044809355616 0.488537199122651 -0.249483828620862 -0.277131649032504
22.8848707963429 25.2244072650363 5.84072807826297 -0.66166523285275 0.223425809975331 0.715737317908798 0.687606703754116 0.561456911244435 0.460394442351967 0.0204909512213643 -0.130885612452009 0.184834340967232 0.715078368060131 -0.103341745955127 0.245035393330191
23.0493070147556 25.6404095433088 5.94742655015271 -0.500883962062338 -0.234992666030438 0.833002751932182 0.615009730659271 0.580561715431158 0.533583179769122 -0.0164755909010413 0.0535812627485543 0.105849353289732 0.336619894495878 0.370253917741284 0.189457435871686
23.1123104746103 25.9732799901762 6.314902538415 -0.153395112742839 -0.757291937800637 0.634806065827539 0.5529018628553 0.466662240314531 0.690308457880477 0.393290402820849 -0.106801827840902 0.490220640547315 0.362326636076226 -0.084350529483865 -0.106825249063396
23.1424347137836 26.0652274077451 6.72439775724267 0.405106701783062 -0.896715545324747 0.178296586758483 0.541645281892133 0.392499423448971 0.743346807725702 -0.0845895971609699 -0.353398660810078 0.442615367782329 0.705724236576232 0.0781426970278409 0.124055518351846
23.1766789039805 26.1039404762264 7.19692394261049 0.783282106214746 -0.539355579183958 -0.309135223416619 0.530323554872328 0.320246960556426 0.784983247864654 0.281319553256735 -0.526850840251685 0.136533119861588 0.424823967690712 -0.142887739188694 0.575956951554433
23.4957388138117 26.1770109056923 7.58155498169037 0.576884545721637 -0.419510046404776 -0.70086762223308 0.815341364064298 0.244038427419707 0.525036750228803 0.105356108318549 -0.370305235919746 -0.0791037049870229 0.439874742863347 -0.171445012286043 -0.545613993914683
23.8807182656717 26.0755392557837 7.89445283420498 0.382724981472648 0.151017156625787 -0.91143583878558 0.861461746943993 0.298086042505781 0.411130460564592 0.644053378714019 0.143822901111119 0.0625053764414746 0.461549748414873 0.128636176921677 0.0569452001991071
24.3804274589431 26.1711250091966 7.97458746208042 0.0455717709319618 0.586179818719007 -0.808898211137978 0.819436793025613 0.441194441810671 0.365883441255554 0.0842356679048127 0.344668925810296 -0.11345165394758 0.484452775829264 0.167362349028967 -0.342692712676008
24.8450271853438 26.2604413006459 8.01907300716584 -0.322583958587323 0.90266554374645 -0.284840984915006 0.774260430050233 0.424743013503582 0.469163130438895 0.151438960343682 0.0568575323720706 -0.189564938941323 0.663742235078818 0.160173927449663 -0.000827973283029411
25.2005040657627 26.5622754905027 7.97265584092791 -0.550816189838369 0.780670174832305 0.295221076473622 0.811789258402365 0.418932369415852 0.406809236493103 -0.342257749352638 0.207121055368316 -0.437371261165386 0.375875267579458 0.175004670594469 0.164415128197905
25.5758280853503 26.8455624514025 8.03103575233122 -0.740907087816423 0.304665129528439 0.598527967035619 0.666115295638023 0.447092001926671 0.596991654527493 -0.177254759919739 -0.432883351194507 -0.229852215627628 0.48939079519408 0.167442964745018 -0.106727161598595
25.7571102993677 27.2229832142814 8.26222024720356 -0.645799990456522 -0.291795800465088 0.705547634553708 0.361481226487783 0.697104558974608 0.619174011160668 -0.239907902134479 -0.290384607429683 -0.102524926511758 0.479562351196894 0.515022385392142 -0.132740992469956
25.74321514293 27.7046064129633 8.47246148381539 0.0196618593337578 -0.777637903836459 0.628404793567508 0.422185620530754 0.576198734558849 0.699824415165687 -0.0933051162798562 -0.55951124215996 0.25515351933913 0.700368764462893 -0.218638866262745 0.0742705612138757
25.7999573682209 27.9286788884464 8.92694844258316 0.34929808495712 -0.911391813080907 0.217613629983048 0.501768361412484 0.378071254361384 0.778004194226562 -0.189924887773081 -0.177476112003554 -0.853187187019259 0.608243884303121 -0.0433526704662731 -0.010591034617642
25.7991143397388 27.9949490768638 9.42550947552781 0.764779239089966 -0.598101536235476 -0.239556152439267 0.586944590998266 0.493413331557371 0.64190280588173 -0.160673035551937 -0.504403632858159 -0.0634682549732461 0.589932202118188 -0.1885206395303 0.234537059945353
25.9980386079408 27.9705383799468 9.84601221684313 0.731735893569411 -0.0984850858278105 -0.67443543344925 0.667445521121505 0.304064455321563 0.679750812117851 -0.18084065994403 0.0909521420467823 -0.125956394119067 0.381771748237138 -0.221412733201383 0.277297042736928
26.3953319326617 27.8013434942865 10.1311939505246 0.48062363081199 0.47248410086124 -0.73875542931685 0.721852674123396 0.265177302984909 0.639225780762566 0.177368958837367 -0.336488244386376 -0.475903271179162 0.378022773193445 -0.435003662476411 0.725352267216756
