t = 0
b =  30.0 30.0 30.0
E = 0. 0. 0.
22.7061757244 11.061798372 19.3221713799 0.756841012218 0.519323680791 -0.396855889202 0.245971578128 0.336237115109 0.90908887639 0.0 0.0 0.0 0.0 0.0 0.0
23.1013536132 10.9756306124 19.6758586084 0.257995505221 0.881357843407 -0.395786143202 0.245971578128 0.336237115109 0.90908887639 0.0 0.0 0.0 0.0 0.0 0.0
23.5553415855 11.090368401 19.939326373 -0.338866807664 0.908549425795 -0.244350624208 0.245971578128 0.336237115109 0.90908887639 0.0 0.0 0.0 0.0 0.0 0.0
23.9320848584 11.4122100597 20.1470944051 -0.806987954767 0.590567891188 -8.2217752912e-05 0.245971578128 0.336237115109 0.90908887639 0.0 0.0 0.0 0.0 0.0 0.0
24.1248752015 11.8686716878 20.3548436958 -0.968520885734 0.0482197409492 0.244217424601 0.245971578128 0.336237115109 0.90908887639 0.0 0.0 0.0 0.0 0.0 0.0
24.0968911783 12.3361250074 20.618262356 -0.762096539406 -0.512447895067 0.395734784252 0.245971578128 0.336237115109 0.90908887639 0.0 0.0 0.0 0.0 0.0 0.0
23.8951872249 12.6867658132 20.9718887728 -0.266138976183 -0.878428008075 0.396905883032 0.245971578128 0.336237115109 0.90908887639 0.0 0.0 0.0 0.0 0.0 0.0
23.6328168836 12.8371689269 21.415989898 0.330929233699 -0.910678634282 0.247285800936 0.245971578128 0.336237115109 0.90908887639 0.0 0.0 0.0 0.0 0.0 0.0
23.4458818714 12.7799828173 21.9164598294 0.802271894857 -0.596947221591 0.00371770866661 0.245971578128 0.336237115109 0.90908887639 0.0 0.0 0.0 0.0 0.0 0.0
23.441824763 12.5867225697 22.4177772126 0.968818049887 -0.0564255789921 -0.241262803282 0.245971578128 0.336237115109 0.90908887639 0.0 0.0 0.0 0.0 0.0 0.0
23.6586097595 12.3806001097 22.8640987322 0.767294029992 0.505533084451 -0.394583542566 0.245971578128 0.336237115109 0.90908887639 0.0 0.0 0.0 0.0 0.0 0.0
24.0502994543 12.2897139321 23.2204749209 0.274262179631 0.875431277049 -0.397995396943 0.245971578128 0.336237115109 0.90908887639 0.0 0.0 0.0 0.0 0.0 0.0
24.5045072216 12.3983823417 23.4861280463 -0.322966458192 0.912738491066 -0.250202145894 0.245971578128 0.336237115109 0.90908887639 0.0 0.0 0.0 0.0 0.0 0.0
24.8850947745 12.715109519 23.6947475847 -0.797494738836 0.603281092153 -0.0073529164624 0.245971578128 0.336237115109 0.90908887639 0.0 0.0 0.0 0.0 0.0 0.0
25.0838933767 13.1693546403 23.9016910255 -0.969041434795 0.0646271200086 0.238289808867 0.245971578128 0.336237115109 0.90908887639 0.0 0.0 0.0 0.0 0.0 0.0
25.0617989533 13.6383315156 24.1629526357 -0.772433088167 -0.498579775535 0.393402251815 0.245971578128 0.336237115109 0.90908887639 0.0 0.0 0.0 0.0 0.0 0.0
24.8636283831 13.9936571154 24.5138903017 -0.282364496952 -0.872367878543 0.399054601963 0.245971578128 0.336237115109 0.90908887639 0.0 0.0 0.0 0.0 0.0 0.0
24.601092817 14.1501264298 24.9557924767 0.314979087538 -0.91472883928 0.253099436989 0.245971578128 0.336237115109 0.90908887639 0.0 0.0 0.0 0.0 0.0 0.0
24.4103567438 14.0980832765 25.4553886763 0.792656850503 -0.609569020523 0.0109875643051 0.245971578128 0.336237115109 0.90908887639 0.0 0.0 0.0 0.0 0.0 0.0
24.4003068246 13.9070888459 25.9574894916 0.969191023445 -0.0728237394198 -0.23529866776 0.245971578128 0.336237115109 0.90908887639 0.0 0.0 0.0 0.0 0.0 0.0
24.6111840297 13.6994942415 26.4059539682 0.777513322571 0.491588497837 -0.392191001959 0.245971578128 0.336237115109 0.90908887639 0.0 0.0 0.0 0.0 0.0 0.0
24.9992954211 13.6039572507 26.7650184935 0.290445311123 0.869238045845 -0.40008341743 0.245971578128 0.336237115109 0.90908887639 0.0 0.0 0.0 0.0 0.0 0.0
25.4536138304 13.7065630997 27.0328839912 -0.306967730008 0.91664952735 -0.255977453582 0.245971578128 0.336237115109 0.90908887639 0.0 0.0 0.0 0.0 0.0 0.0
25.8379589359 14.0181192374 27.2423994203 -0.787758598282 0.615810527853 -0.0146213754023 0.245971578128 0.336237115109 0.90908887639 0.0 0.0 0.0 0.0 0.0 0.0
26.0427344442 14.4700494043 27.4485819065 -0.969266804447 0.0810148130213 0.232289607749 0.245971578128 0.336237115109 0.90908887639 0.0 0.0 0.0 0.0 0.0 0.0
26.0265655539 14.9404469004 27.707714816 -0.782534346326 -0.484559783773 0.390949885241 0.245971578128 0.336237115109 0.90908887639 0.0 0.0 0.0 0.0 0.0 0.0
25.8320179347 15.3003889785 28.0559647642 -0.29850400676 -0.866042017304 0.401081764996 0.245971578128 0.336237115109 0.90908887639 0.0 0.0 0.0 0.0 0.0 0.0
25.5694263178 15.4629167515 28.4956413133 0.298932995696 -0.918500409011 0.2588359765 0.245971578128 0.336237115109 0.90908887639 0.0 0.0 0.0 0.0 0.0 0.0
