t = 0
b =  30.0 30.0 30.0
E = 0. 0. 0.
15.2323265397 8.99075925716 13.1448139608 0.964331794748 -0.254838583441 -0.0715645584578 0.216964789938 0.606127258652 0.765203258126 0.0 0.0 0.0 0.0 0.0 0.0
15.3734554803 8.932883202 13.6600013892 0.870058253586 0.235364659996 -0.433130594846 0.216964789938 0.606127258652 0.765203258126 0.0 0.0 0.0 0.0 0.0 0.0
15.7129142273 8.92865852849 14.076456685 0.445235035289 0.636148934013 -0.630143076694 0.216964789938 0.606127258652 0.765203258126 0.0 0.0 0.0 0.0 0.0 0.0
16.1538643146 9.06944402451 14.3492708466 -0.148740416848 0.795249592156 -0.587753668276 0.216964789938 0.606127258652 0.765203258126 0.0 0.0 0.0 0.0 0.0 0.0
16.5609090191 9.39150669008 14.488106541 -0.686206897817 0.652221634374 -0.322066814563 0.216964789938 0.606127258652 0.765203258126 0.0 0.0 0.0 0.0 0.0 0.0
16.8115328398 9.86224329773 14.5535270949 -0.962971905538 0.26140377313 0.0659786066729 0.216964789938 0.606127258652 0.765203258126 0.0 0.0 0.0 0.0 0.0 0.0
16.8426471842 10.3925669037 14.6339874743 -0.873887786313 -0.228725751964 0.42895765213 0.216964789938 0.606127258652 0.765203258126 0.0 0.0 0.0 0.0 0.0 0.0
16.6745587803 10.8707524673 14.8122287639 -0.452799086444 -0.631958539797 0.628968513754 0.216964789938 0.606127258652 0.765203258126 0.0 0.0 0.0 0.0 0.0 0.0
16.4032548104 11.2048830619 15.1338434461 0.140315556763 -0.795099712577 0.59002372121 0.216964789938 0.606127258652 0.765203258126 0.0 0.0 0.0 0.0 0.0 0.0
16.163935776 11.3577706519 15.5899540541 0.680121974004 -0.656169211191 0.326919052307 0.216964789938 0.606127258652 0.765203258126 0.0 0.0 0.0 0.0 0.0 0.0
16.079650567 11.3610844497 16.1205858703 0.961538682288 -0.267949055909 -0.0603876303617 0.216964789938 0.606127258652 0.765203258126 0.0 0.0 0.0 0.0 0.0 0.0
16.2145481309 11.3033192517 16.6374523243 0.877650769101 0.222069425582 -0.424752042629 0.216964789938 0.606127258652 0.765203258126 0.0 0.0 0.0 0.0 0.0 0.0
16.5495062153 11.2961747862 17.0574965369 0.460328655195 0.627720019491 -0.627746052426 0.216964789938 0.606127258652 0.765203258126 0.0 0.0 0.0 0.0 0.0 0.0
16.989396231 11.432119119 17.334446017 -0.131880011105 0.794889283077 -0.592248841552 0.216964789938 0.606127258652 0.765203258126 0.0 0.0 0.0 0.0 0.0 0.0
17.3992241941 11.7492584888 17.476392355 -0.67398525627 0.660066818182 -0.3317463939 0.216964789938 0.606127258652 0.765203258126 0.0 0.0 0.0 0.0 0.0 0.0
17.6554171968 12.2168601107 17.5427170921 -0.960032234145 0.274473933331 0.0547920552987 0.216964789938 0.606127258652 0.765203258126 0.0 0.0 0.0 0.0 0.0 0.0
17.6927708216 12.7470280742 17.62153168 -0.881346915386 -0.215396187752 0.420514086615 0.216964789938 0.606127258652 0.765203258126 0.0 0.0 0.0 0.0 0.0 0.0
17.5292213892 13.22809647 17.7962024671 -0.467823168137 -0.623433695876 0.626475785806 0.216964789938 0.606127258652 0.765203258126 0.0 0.0 0.0 0.0 0.0 0.0
17.2590316509 13.5670531352 18.1136784293 0.123434422274 -0.794618319681 0.594428859852 0.216964789938 0.606127258652 0.765203258126 0.0 0.0 0.0 0.0 0.0 0.0
17.0169787931 13.7248765294 18.5666544689 0.667797211949 -0.663914158529 0.33654847172 0.216964789938 0.606127258652 0.765203258126 0.0 0.0 0.0 0.0 0.0 0.0
16.9271503308 13.7313606703 19.0963467431 0.958452675831 -0.2809779085 -0.0491923076085 0.216964789938 0.606127258652 0.765203258126 0.0 0.0 0.0 0.0 0.0 0.0
17.0558011861 13.6737958881 19.6148256293 0.88497594369 0.208706546669 -0.416244106825 0.216964789938 0.606127258652 0.765203258126 0.0 0.0 0.0 0.0 0.0 0.0
17.3861823355 13.6638057698 20.0384216582 0.475282054533 0.619099895371 -0.625157810629 0.216964789938 0.606127258652 0.765203258126 0.0 0.0 0.0 0.0 0.0 0.0
17.8249040443 13.7949394921 20.3195129445 -0.114979433434 0.794286843023 -0.596563610093 0.216964789938 0.606127258652 0.765203258126 0.0 0.0 0.0 0.0 0.0 0.0
18.2374161876 14.1071309253 20.4646175371 -0.661558312285 0.667710939243 -0.341324920072 0.216964789938 0.606127258652 0.765203258126 0.0 0.0 0.0 0.0 0.0 0.0
