
#id1 id2 FENE BEXC STCK NEXC HB CRSTCK CXSTCK total, t = 100
0 1 0.174712 0 -1.00133 0 0 0 0 -0.826619
1 2 0.069595 0 -1.33489 0 0 0 0 -1.2653
2 3 0.0173484 0 -1.34165 0 0 0 0 -1.3243
3 4 0.0671558 0 -1.0723 0 0 0 0 -1.00514
4 5 0.0159148 0 -1.387 0 0 0 0 -1.37108
5 6 0.00984568 0 -0.928139 0 0 0 0 -0.918294
6 7 0.00108945 0 -0.439401 0 0 0 0 -0.438312
7 8 0.0629318 0 -1.12877 0 0 0 0 -1.06583
8 9 0.13493 0 -1.20052 0 0 0 0 -1.06559
9 10 0.241403 0 -1.18055 0 0 0 0 -0.939145
10 11 0.220915 0 -1.39421 0 0 0 0 -1.17329
11 12 0.394622 0 -1.35215 0 0 0 0 -0.957525
12 13 0.139698 0 -1.39518 0 0 0 0 -1.25548
13 14 0.145649 0 -1.18839 0 0 0 0 -1.04274
14 15 0.186787 0 -1.29084 0 0 0 0 -1.10405
15 16 0.262222 0 -1.33444 0 0 0 0 -1.07221
16 17 0.143236 0 -1.34151 0 0 0 0 -1.19827
17 18 0.076655 0 -0.993066 0 0 0 0 -0.916411
18 19 0.0654635 0 -1.41472 0 0 0 0 -1.34926
19 20 0.429292 0 -1.19105 0 0 0 0 -0.761763
20 21 0.129454 0 -1.36951 0 0 0 0 -1.24005
21 22 0.654957 0 -1.06697 0 0 0 0 -0.412016
22 23 0.217203 0 -1.37137 0 0 0 0 -1.15417
23 24 0.279945 0 -1.17227 0 0 0 0 -0.892329
24 25 0.037054 0 -1.05879 0 0 0 0 -1.02173
25 26 0.111143 0 -0.980148 0 0 0 0 -0.869005
#Total energy per particle is  -0.986664 and should be -0.98666410

