t = 100
b = 30 30 30
E = -0.869691270917048 -1.07375831852935 0.204067047612302
12.9433381570723 10.0615960904517 26.9158524216649 -0.796791890673213 0.599670453853436 0.074282726292218 0.520587681481929 0.618847613488058 0.588231230487813 -0.397342171509684 0.055766473232124 0.348150102889159 0.299612707854125 0.109554984153465 -0.656901862543919
13.1669520038326 10.4994152346968 26.9478182753782 -0.745091641005153 -0.0811833785368814 0.662002708799696 0.432776441157343 0.696386479065905 0.572494812550758 0.177599476013618 0.245968627070418 -0.115310729081065 0.230336478675461 -0.13294978008693 -0.140956102531683
13.2076311357784 10.9094896271629 27.2997798545893 -0.437710972808746 -0.573717103859803 0.692284385523134 0.354015214290041 0.597795822454066 0.71924492835639 0.269753091211119 0.139223181263388 -0.286210507812714 0.696157847651539 -0.0276623840480845 -0.320596749645021
13.1132757396966 11.2431943768441 27.6317020837843 0.182749973176669 -0.802541620609949 0.56791660949218 0.155681363417971 0.593978385795773 0.789273644680275 -0.0255768740243316 -0.412059425466351 -0.0939181331748493 0.463966037251564 0.0328391283554169 -0.00929636704926629
13.0654385265038 11.394934040403 28.0760219233122 0.696833980745041 -0.693338581802309 0.183586206148804 0.329179710288229 0.536577203982426 0.776997751722592 -0.0063000226259372 -0.397995971771364 0.0345952351151987 0.54307189822604 -0.15093482173818 -0.00375182662671718
13.2033201817815 11.5093262469722 28.5229559694562 0.831063248924046 -0.457158747047942 -0.31676432471252 0.505437031552014 0.383116331016754 0.773146278276182 0.208266502099712 0.119055024430001 -0.597733513885426 0.613424263162346 0.218739691704352 -0.148344496386569
13.4296105159376 11.4161706239153 28.9039049852365 0.815250967097802 0.197386107039559 -0.544430405280219 0.483602966976305 0.285134116316074 0.827542502381516 0.522605459418763 0.251711001144505 -0.28963851001571 0.75988866470854 -0.21961307581956 0.0658436829536132
13.7993708561592 11.3059642415498 29.2086496690237 0.406444328259064 0.778143815277676 -0.478847672019324 0.516730456907204 0.236455662341463 0.822847640089141 0.689817123603123 0.750796491230024 -0.29597928560776 0.417928277600831 -0.340357018037362 0.421707958051351
14.1971460417799 11.3958417877013 29.5054088453755 -0.173384035593287 0.851961695112916 -0.494063889718836 0.503279763218716 0.507860001423872 0.699133449121292 -0.4711679418724 0.000608789409207795 -0.404651299701014 0.414776954208187 0.15798899804209 0.08328673421986
14.5532150074608 11.7400165758972 29.5374163007313 -0.631151356753763 0.737564240461499 -0.240097558173835 0.599027830450542 0.660131967699052 0.453201206677699 -0.356132302841974 0.789765970254496 -0.136389293317089 0.761328398145933 0.145360066519827 -0.326348254341407
14.8396450197156 12.1333094191291 29.4080720975608 -0.728903205737465 0.533942887210464 0.428491529510886 0.684415809394243 0.583476309213951 0.437184496404997 -0.43619967819875 0.749485428764836 0.230060997928654 0.652273094055795 0.132551466286694 0.584371131621506
15.1058355763343 12.5951026262021 29.5156404281096 -0.637776693418893 -0.180504824995319 0.748771514377225 0.52753020181279 0.605968388299474 0.595410850187996 -0.245655686482715 -0.183574045632385 -0.14038693642891 0.150935156469654 -0.474275936360612 0.121201771514321
15.182566964973 12.9183569897323 29.936397676824 -0.351864405241411 -0.683783623516536 0.639242738086358 0.403576689158566 0.50536004590024 0.762716829173285 0.0765838698452231 0.0953830204126522 0.258895576512038 0.298149734412838 -0.163037129933436 -0.0292667049367215
15.1718724810356 13.2707355659325 30.3719713579688 0.03315140220374 -0.928348096376991 0.370230573147161 0.381506480635226 0.354138914639703 0.85383740736114 0.754193369320011 -0.110967990177427 0.276691522553966 0.72694086567797 0.458736084556119 -0.194396040178659
15.0563946325942 13.3255723970429 30.8323759012635 0.586355845867543 -0.797433830918578 0.142428888627909 0.297692507621871 0.375650188373133 0.877647992600455 0.210177490596375 -0.192946387667372 0.0994754215618052 0.751541710374394 0.179372040283278 0.18601805585944
15.0032718243942 13.2807829720974 31.2750436672452 0.975512537466248 -0.113854212285514 -0.188181803846251 0.219943385659617 0.506068539504116 0.833978071277264 0.159211636712445 -0.637394761823803 0.0613966222821961 0.361559497583437 -0.184528950874482 0.396155913674845
15.3238330336867 13.441318794575 31.6677076422276 0.748751305451053 0.0622250896882976 -0.659923784729787 0.533124853957607 0.53507905900326 0.655338211563 0.399961579652668 0.0689419690780306 -0.642756461307172 0.284961841430607 -0.0734014469710818 -0.288605062758102
15.7326131476189 13.4582896422268 31.8554944918187 0.420820894757702 0.465421462453129 -0.778647878724389 0.719261151092049 0.351864009237915 0.599045078069574 0.218793536619352 1.01415429408463 -0.56270926478657 0.602645790351449 0.343534507769822 0.0212631404252609
16.1627289607787 13.4390066045546 32.0164020117445 -0.071051659898163 0.929870742982403 -0.360959753849522 0.634858963901239 0.321272164997175 0.702665051801429 -0.128955139288251 0.289998296499524 -0.609885999406833 0.638130764891574 -0.434675142854794 -0.172523053051888
16.6033102083075 13.6446449491652 32.1799196882959 -0.499814216387917 0.857051498266914 -0.125093406142177 0.583377162955968 0.439869938127623 0.682777712109668 -0.356310937943739 0.368842635230631 0.259510191840681 0.516627041493403 -0.0975174890008975 0.03580079161864
16.9526184781195 14.0037739868255 32.227944689917 -0.777590712363506 0.484023958940057 0.401339472278721 0.625561533894768 0.531123390029246 0.571472303791673 -0.502980893094102 -0.186254944524781 0.282553070454674 -0.00452332260345802 -0.023172982593026 0.275401475809399
17.1573922092116 14.3787707190205 32.5236828138612 -0.853090095985322 -0.0375212002305315 0.520412653874771 0.428158979547554 0.519681879657611 0.739331125418638 0.0226080987598521 -0.364936883995796 0.0392443531306594 0.414214466779109 0.575235136584615 -0.211691767421018
17.0675885549101 14.7597672808185 32.7326516656532 -0.32402995601556 -0.528121852829373 0.78491513998584 0.334621012970163 0.712065752716826 0.617244708018033 -0.0620435678596124 -0.526931377309622 -0.342208600477248 0.32084852778733 0.0331516242836777 -0.00502672297119535
17.0351203889639 15.108085194339 33.0898024977924 0.0591224801886064 -0.799885202138486 0.597233687831208 0.483798724574061 0.546281438964415 0.683750878883633 0.171187118636557 -0.273853409253879 -0.114306955283295 0.517475708486196 -0.197296705230846 -0.286363965792281
17.0249943407054 15.3148467065875 33.4952578334462 0.600026216627721 -0.772515763115711 0.207816785224555 0.421542996625266 0.526109132309169 0.738586869938161 0.282692663995829 -0.0785724576651104 -0.275323409271424 0.351576342011936 -0.0864801130781058 -0.08042778860103
17.0221361933937 15.4768892704123 33.9224894309836 0.927962826694729 -0.333359296656622 -0.166602678280284 0.322470428727161 0.494162575047843 0.807351258393639 0.0388854117638609 0.00181821786841212 -0.0171296167907898 0.487540352221116 -0.332423896935879 -0.178842273410336
17.1396159538453 15.3343182736163 34.3649466490389 0.841844800576946 0.378036142253548 -0.385208891011403 0.244834032083396 0.368574013978359 0.896777215848045 -0.129649591692417 -0.201418916407266 -0.429185699920094 0.178162897431957 -0.500470201328728 0.672993397126217
