t = 100
b = 30 30 30
E = -0.883573357355397 -1.03771905976784 0.15414570241244
23.9756369424235 19.6490666012235 2.3024784725151 0.632743460448949 0.189684091241635 -0.750769964669979 0.507982119768185 0.630089150507305 0.587317384234784 0.281505571305901 0.164436671433479 -0.0210516133441699 0.168976003684843 0.157545599661351 -0.461024022699083
24.3814440031065 19.7806307725082 2.49339614590852 0.124672300153937 0.483710576406491 -0.866302936159188 0.596047641896138 0.661498125367273 0.455134401674767 0.0698362244563529 0.374168311727676 0.461896071719708 0.517199184125252 0.460939644562765 -0.010629335929216
24.7677878097577 20.0021987854439 2.46635526061434 -0.36262915352762 0.797783621056341 -0.481706624254019 0.594117436294654 0.596135218535762 0.540043662750057 -0.0966588673821761 -0.0173530445720044 0.0871436189268281 0.408663871454099 -0.160046974811947 0.106290164820986
25.0612023268206 20.3193524484546 2.62286137702891 -0.775916181255857 0.615104394709537 -0.140001946028398 0.40970912516771 0.660120845061302 0.629586200227336 -0.472909219774864 0.102687448383203 0.273174700772102 0.271445549633307 0.101790615933595 -0.0802978299075343
25.3071157304011 20.7249713923464 2.72636234709372 -0.945087802563024 0.19741167217664 0.260456444008041 0.316125773734193 0.754369941598723 0.575317624003377 -0.358306245456902 -0.135564391799087 0.383551313192618 0.511127770735893 0.0938811404401578 -0.602182512375053
25.3513607582953 21.2147378504319 2.64186816326862 -0.670640937903862 -0.0987221304331546 0.735183348717311 0.323615508679058 0.85287367163685 0.40973087692476 0.014294210274032 -0.599417400812944 0.0434394344890033 0.771381267255111 0.339663928933658 0.198113185222649
25.2612758687965 21.6759935107887 2.77212088469488 -0.23779342367534 -0.465944380809047 0.852261700262446 0.125195839055168 0.855408145837177 0.502596059844016 -0.18650962815239 -0.671320253964491 0.0646495678317033 0.322610178297574 -0.26918308340213 -0.316721462776238
25.2000805812785 22.0601309686898 3.10338820868155 0.335666677726905 -0.719345348804132 0.60816941131392 0.222011240048634 0.687854334369739 0.691062450087749 -0.222689868613758 -0.359819306843755 0.189876902760793 0.478243151511246 0.12028837951819 -0.291571176996683
25.2956434211635 22.192953736304 3.5418190502118 0.676529186827388 -0.720099549595448 0.154158303323509 0.377701018907636 0.519003077832664 0.766796994941559 0.378462787613971 -0.0377187066539508 -0.210382522674584 0.554259690543409 0.356419505956802 -0.239964059189954
25.3866077775697 22.1989911963348 3.9785992181929 0.928083139775146 -0.111509106427788 -0.355284795297466 0.343977997607573 0.622156534375595 0.703278227656362 0.240419704403939 -0.0793417009305728 -0.224244988655639 0.601107479357662 -0.0471466323904193 0.095761536707855
25.6715163161292 22.2166589187218 4.35496850358126 0.628122038651843 0.380126069382387 -0.678945327362036 0.470712844225636 0.509160813751155 0.720544633216198 0.241553879092116 0.166823744363574 -0.289276869081577 0.101130038783312 -0.511732627263844 0.170847150592942
26.0384958399059 22.3214912899305 4.63443190691583 0.0892451908375648 0.648053274218293 -0.756347890200484 0.26470053041282 0.716637973681331 0.645262371469439 0.231350952634562 -0.176759400598759 -0.174801546427024 0.257866083112355 -0.517676045479558 -0.0338274600984588
26.4051765695421 22.5596647351348 4.85233252593391 -0.352302476189228 0.718515227742251 -0.599682177813836 0.344843780226797 0.695341852286392 0.630541320714048 -0.531291319413336 -0.0494706886695268 -0.255162270253101 0.14905016331948 0.349417456754681 0.00863501503920828
26.7836264331092 22.9365002560223 4.91823876414397 -0.820660686245328 0.570194055224006 -0.0373451278961792 0.460744814640655 0.698957958297185 0.546966059197542 -0.488145208108352 -0.0704378367055195 -0.521710526776448 0.159635896122401 0.0783459825659074 -0.108570370646258
27.0429364458085 23.3467827402923 4.98771022935506 -0.904914791315384 0.166591836171466 0.391632814611199 0.392983785846493 0.680330286240759 0.618639092273404 -0.225190365101182 -0.0349499831948728 -0.120676053621562 0.385295155209624 0.0717367153559629 -0.0126404639314412
27.1687906813606 23.8411834995786 5.07307718856245 -0.662387843541849 -0.287254274067928 0.691901154471258 0.360156231535056 0.687738601309399 0.630319749203459 -0.0421582439213817 0.0119042650581196 0.43336356750531 0.325909634585764 -0.219973610443748 -0.0904869431289002
27.0648472865367 24.260110909611 5.29821233373988 -0.123251182647226 -0.636724117011864 0.761177657166085 0.370769637005882 0.681934057194347 0.63047259978615 -0.353708292715276 -0.614522795530156 0.777353962462343 0.557524841486165 -0.119638539977775 -0.164150530148834
26.975836345908 24.5583781428705 5.56191947421079 0.279413808923007 -0.66317300117646 0.694355369309424 0.291648233934367 0.747609952978243 0.596674574409436 0.778041394386473 -0.379448291979395 0.819115736415201 0.561803377544478 -0.0276963365579228 0.102928372211623
26.8671313680676 24.7124074343023 5.99579349599511 0.902012545680778 -0.389584055317283 0.186004065894984 0.186679493727822 0.740476892705338 0.64563505156732 0.525697752922377 -0.491815177847406 0.31223527193606 0.360416829495943 -0.0343717024807313 0.134267602761744
27.0713568715852 24.9084683624709 6.41570647591059 0.886153352998827 -0.378231869059165 -0.267717712392551 0.449418841864785 0.560684879454983 0.695453128190806 0.380311509834282 0.101628921562033 -0.196565885526867 0.359938556916763 0.0178244390052782 -0.338190796909292
27.3320225291231 24.9398567951353 6.84141182055451 0.71284808681994 0.168131596249813 -0.680866546013127 0.46714441547234 0.610283522613402 0.639789026632231 0.254301491394068 0.108248194267225 -0.318940105995377 0.53994977267353 -0.286909380142405 -0.335867610900575
27.7079584907138 24.9521045015311 7.1701702046933 0.236726877116386 0.611273645343479 -0.755185273572516 0.432273214431197 0.629842137175795 0.645320564647307 0.413594809295035 -0.0666345915856327 -0.597027881608006 0.323305749550393 -0.0822461664946347 -0.154938669073244
28.1530302184815 25.0961771095636 7.37101895347504 -0.401995012715613 0.749625711030383 -0.525795762572921 0.315689546700856 0.652496594673484 0.688903612204282 -0.455089300860334 0.325419356089999 0.186966273578408 0.156916091354532 -0.102953565451883 0.226970430981614
28.4338167624906 25.4761294958786 7.56793493021805 -0.84948331993343 0.489692262540666 -0.196416541961791 0.312445191257757 0.766870760150851 0.56061316488982 -0.286659030938113 -0.143403903263683 0.277655059238202 0.240716702709367 0.129473709123989 -0.39466481380655
28.6954586565355 25.8931748753715 7.57232019722435 -0.841414881973065 0.167552444505402 0.513757781282323 0.459591456172137 0.721962121293957 0.517248751426848 -0.11236808066834 0.135202304080979 1.00167728301382 0.363800490159878 0.0381012975613633 0.726832916439155
