
#id1 id2 FENE BEXC STCK NEXC HB CRSTCK CXSTCK total, t = 100
0 1 0.0055105 0 -1.35997 0 0 0 0 -1.35446
1 2 0.0727273 0 -1.00356 0 0 0 0 -0.930836
2 3 0.172043 0 -1.2227 0 0 0 0 -1.05066
3 4 0.14883 0 -1.23716 0 0 0 0 -1.08833
4 5 0.214987 0 -1.22222 0 0 0 0 -1.00723
5 6 0.0108126 0 -1.10576 0 0 0 0 -1.09495
6 7 0.182345 0 -1.42997 0 0 0 0 -1.24762
7 8 0.624484 0 -1.31408 0 0 0 0 -0.689601
8 9 0.288339 0 -1.39997 0 0 0 0 -1.11164
9 10 0.461953 0 -1.23548 0 0 0 0 -0.773525
10 11 0.466649 0 -1.04014 0 0 0 0 -0.573489
11 12 0.0515836 0 -1.28114 0 0 0 0 -1.22955
12 13 0.165399 0 -1.15791 0 0 0 0 -0.992507
13 14 0.0535195 0 -1.27763 0 0 0 0 -1.22411
14 15 0.539587 0 -1.37257 0 0 0 0 -0.832985
15 16 0.471915 0 -1.22377 0 0 0 0 -0.751851
16 17 0.0395313 0 -1.16368 0 0 0 0 -1.12414
17 18 0.374619 0 -1.13782 0 0 0 0 -0.763201
18 19 0.222423 0 -1.37209 0 0 0 0 -1.14967
19 20 0.00918687 0 -1.12059 0 0 0 0 -1.11141
20 21 0.142871 0 -1.24372 0 0 0 0 -1.10085
21 22 0.181283 0 -0.0453395 0 0 0 0 0.135943
21 23 0 0 0 0 -0 -0 -0.000358558 -0.000358558
22 23 0.00695482 0 -0.91927 0 0 0 0 -0.912315
23 24 0.00851182 0 -1.25343 0 0 0 0 -1.24491
#Total energy per particle is  -0.92897 and should be -0.9289710

