
#id1 id2 FENE BEXC STCK NEXC HB CRSTCK CXSTCK total, t = 100
0 1 1.0007 0 0 0 0 0 0 1.0007
1 2 0.166891 0 -1.11829 0 0 0 0 -0.951398
2 3 0.122687 0 -1.23053 0 0 0 0 -1.10784
3 4 0.554239 0 -1.21651 0 0 0 0 -0.662267
4 5 0.0014149 0 -1.40237 0 0 0 0 -1.40096
5 6 1.69706 0 0 0 0 0 0 1.69706
6 7 1.99617 0 0 0 0 0 0 1.99617
7 8 0.254639 0 -1.24381 0 0 0 0 -0.989173
8 9 0.0681523 0 -1.28616 0 0 0 0 -1.21801
9 10 0.00789641 0 -1.27851 0 0 0 0 -1.27061
10 11 0.0212319 0 -1.3711 0 0 0 0 -1.34987
11 12 0.207676 0 -1.2832 0 0 0 0 -1.07553
12 13 0.191877 0 -1.20548 0 0 0 0 -1.0136
13 14 0.169974 0 -1.30659 0 0 0 0 -1.13661
14 15 0.0427484 0 -1.24934 0 0 0 0 -1.20659
15 16 0.079627 0 -1.3464 0 0 0 0 -1.26677
16 17 0.0430629 0 -1.23676 0 0 0 0 -1.19369
17 18 0.626219 0 -1.20828 0 0 0 0 -0.582065
18 19 0.0626239 0 -1.42069 0 0 0 0 -1.35807
19 20 0.157495 0 -1.35682 0 0 0 0 -1.19933
20 21 0.259799 0 -1.2875 0 0 0 0 -1.0277
21 22 0.0999036 0 -1.33325 0 0 0 0 -1.23335
22 23 0.0334911 0 -1.37383 0 0 0 0 -1.34034
23 24 0.147503 0 -0.811736 0 0 0 0 -0.664233
25 26 0.305496 0 -1.18435 0 0 0 0 -0.878856
26 27 0.0537309 0 -1.21059 0 0 0 0 -1.15686
27 28 0.230876 0 -1.29187 0 0 0 0 -1.061
28 29 0.0408503 0 -1.25929 0 0 0 0 -1.21844
29 30 0.0280196 0 -1.25202 0 0 0 0 -1.224
30 31 2.06244 0 0 0 0 0 0 2.06244
31 32 1.77646 0 0 0 0 0 0 1.77646
32 33 0.00811624 0 -1.27817 0 0 0 0 -1.27005
33 34 0.110955 0 -1.17781 0 0 0 0 -1.06685
34 35 0.0556671 0 -1.26502 0 0 0 0 -1.20936
35 36 0.0733313 0 -1.2838 0 0 0 0 -1.21047
36 37 0.149895 0 -1.43462 0 0 0 0 -1.28473
37 38 0.150962 0 -1.14282 0 0 0 0 -0.991859
38 39 0.267828 0 -1.26101 0 0 0 0 -0.993177
39 40 0.138455 0 -1.31947 0 0 0 0 -1.18102
40 41 0.0901406 0 -1.10732 0 0 0 0 -1.01718
41 42 0.00480816 0 -1.06623 0 0 0 0 -1.06143
42 43 0.0097712 0 -1.38744 0 0 0 0 -1.37767
43 44 1.75905 0 0 0 0 0 0 1.75905
43 45 0 0 0 0 0 -0 -0.095892 -0.095892
44 45 1.85036 0 0 0 0 0 0 1.85036
45 46 0.00511494 0 -1.19686 0 0 0 0 -1.19174
46 47 0.213122 0 -0.648205 0 0 0 0 -0.435083
47 48 0.0434435 0 -0.843885 0 0 0 0 -0.800441
48 49 0.000175342 0 -0.932271 0 0 0 0 -0.932096
49 50 0.0460763 0 -1.13094 0 0 0 0 -1.08487
51 52 0.00496229 0 -1.34295 0 0 0 0 -1.33798
52 53 0.0950222 0 -1.2444 0 0 0 0 -1.14938
53 54 0.100038 0 -1.332 0 0 0 0 -1.23196
54 55 0.200589 0 -1.28183 0 0 0 0 -1.08125
55 56 0.143683 0 -1.40277 0 0 0 0 -1.25909
56 57 0.248991 0 -1.14953 0 0 0 0 -0.900539
57 58 0.0873985 0 -1.1736 0 0 0 0 -1.0862
58 59 0.022447 0 -1.25239 0 0 0 0 -1.22994
59 60 0.0891296 0 -1.1424 0 0 0 0 -1.05327
60 61 0.188356 0 -1.19798 0 0 0 0 -1.00963
61 62 0.00704308 0 -1.11348 0 0 0 0 -1.10644
62 63 1.53514 0 0 0 0 0 0 1.53514
63 64 1.36641 0 0 0 0 0 0 1.36641
64 65 0.863992 0 -0.0742364 0 0 0 0 0.789756
63 66 0 0 0 0 -2.3418e-110 -0 0 -2.3418e-110
65 66 0.0589495 0 -0.896697 0 0 0 0 -0.837747
66 67 0.0734759 0 -1.39969 0 0 0 0 -1.32621
67 68 0.104635 0 -0.938514 0 0 0 0 -0.833879
68 69 0.287978 0 -1.2522 0 0 0 0 -0.96422
69 70 0.304838 0 -0.974034 0 0 0 0 -0.669196
70 71 0.298067 0 -1.41752 0 0 0 0 -1.11946
71 72 0.115694 0 -1.37699 0 0 0 0 -1.2613
72 73 0.536002 0 -1.17172 0 0 0 0 -0.63572
73 74 0.0577864 0 -1.19891 0 0 0 0 -1.14113
74 75 0.646904 0 0 0 0 0 0 0.646904
#Total energy per particle is  -0.667699 and should be -0.66769910

