t = 0
b =  30.0 30.0 30.0
E = 0. 0. 0.
7.07579463665 26.93854873 2.1127860528 0.823382722856 -0.299895512464 0.48177128734 0.310510489251 0.948683550564 0.059856135483 0.0 0.0 0.0 0.0 0.0 0.0
7.12354935164 27.3094213368 2.49860738303 0.945500622614 -0.301747174951 -0.122381432601 0.310510489251 0.948683550564 0.059856135483 0.0 0.0 0.0 0.0 0.0 0.0
7.3868309633 27.6115106655 2.85653186184 0.708407027913 -0.188960040731 -0.68003940019 0.310510489251 0.948683550564 0.059856135483 0.0 0.0 0.0 0.0 0.0 0.0
7.81159397926 27.870526547 3.05944133799 0.202177759374 -0.00438382779322 -0.979339029993 0.310510489251 0.948683550564 0.059856135483 0.0 0.0 0.0 0.0 0.0 0.0
8.28244342183 28.1285431349 3.03911045143 -0.380862220183 0.181857874616 -0.906571388627 0.310510489251 0.948683550564 0.059856135483 0.0 0.0 0.0 0.0 0.0 0.0
8.66647530933 28.4280142309 2.81212658831 -0.819206274616 0.299008729958 -0.489382119656 0.310510489251 0.948683550564 0.059856135483 0.0 0.0 0.0 0.0 0.0 0.0
8.86376910075 28.7956443764 2.47358805562 -0.946320168924 0.302561169629 0.113731598605 0.310510489251 0.948683550564 0.059856135483 0.0 0.0 0.0 0.0 0.0 0.0
8.84534917989 29.23224335 2.16097464441 -0.713911209428 0.191165562405 0.673636781065 0.310510489251 0.948683550564 0.059856135483 0.0 0.0 0.0 0.0 0.0 0.0
8.66419317638 29.7124185196 2.00191675863 -0.210275445512 0.00714296190553 0.977616087792 0.310510489251 0.948683550564 0.059856135483 0.0 0.0 0.0 0.0 0.0 0.0
8.43510487845 30.1942219276 2.06570649083 0.373247475772 -0.179593369246 0.910182697898 0.310510489251 0.948683550564 0.059856135483 0.0 0.0 0.0 0.0 0.0 0.0
8.29109835437 30.6350870214 2.33697239766 0.814967440646 -0.298099176779 0.496955683629 0.310510489251 0.948683550564 0.059856135483 0.0 0.0 0.0 0.0 0.0 0.0
8.33286368402 31.0080003985 2.7215193682 0.947067649289 -0.303352123102 -0.105073103507 0.310510489251 0.948683550564 0.059856135483 0.0 0.0 0.0 0.0 0.0 0.0
8.59051311413 31.3117646495 3.08211492149 0.71936102384 -0.193356526081 -0.667182861891 0.310510489251 0.948683550564 0.059856135483 0.0 0.0 0.0 0.0 0.0 0.0
9.01214091225 31.5714532744 3.29062612043 0.21835711836 -0.00990155205362 -0.975818696341 0.310510489251 0.948683550564 0.059856135483 0.0 0.0 0.0 0.0 0.0 0.0
9.48354322238 31.8288848402 3.27669941682 -0.365604307122 0.177315187144 -0.913724693232 0.310510489251 0.948683550564 0.059856135483 0.0 0.0 0.0 0.0 0.0 0.0
9.8716060192 32.1267354084 3.05448914065 -0.81066654375 0.297166922195 -0.504491402502 0.310510489251 0.948683550564 0.059856135483 0.0 0.0 0.0 0.0 0.0 0.0
10.0748773519 32.4923251859 2.7172800334 -0.947743006785 0.304119975137 0.0964066066849 0.310510489251 0.948683550564 0.059856135483 0.0 0.0 0.0 0.0 0.0 0.0
10.0621106363 32.9272391214 2.40204681518 -0.724756056125 0.19553276491 0.66067813416 0.310510489251 0.948683550564 0.059856135483 0.0 0.0 0.0 0.0 0.0 0.0
9.88413575494 33.4067247567 2.23741519843 -0.226422162468 0.0126593881602 0.973946992518 0.310510489251 0.948683550564 0.059856135483 0.0 0.0 0.0 0.0 0.0 0.0
9.65454793453 33.8890961 2.29479482926 0.357933296288 -0.175023501805 0.917197104893 0.310510489251 0.948683550564 0.059856135483 0.0 0.0 0.0 0.0 0.0 0.0
9.50655102026 34.3315708305 2.56124956902 0.806303911458 -0.296212037198 0.511988702402 0.310510489251 0.948683550564 0.059856135483 0.0 0.0 0.0 0.0 0.0 0.0
9.54235110799 34.7065240178 2.9444121496 0.948346189983 -0.304864667258 -0.0877327681268 0.310510489251 0.948683550564 0.059856135483 0.0 0.0 0.0 0.0 0.0 0.0
9.79432673956 35.0119832946 3.30757604293 0.73009589543 -0.197694113161 -0.65412309323 0.310510489251 0.948683550564 0.059856135483 0.0 0.0 0.0 0.0 0.0 0.0
10.2127277535 35.2723781921 3.52163255657 0.234469963652 -0.0154162602053 -0.972001118861 0.310510489251 0.948683550564 0.059856135483 0.0 0.0 0.0 0.0 0.0 0.0
10.684576203 35.5292589526 3.51412138458 -0.350235027447 0.172718487749 -0.920599668444 0.310510489251 0.948683550564 0.059856135483 0.0 0.0 0.0 0.0 0.0 0.0
24.4642236349 23.2941718552 24.5215539096 0.3262236158 0.855606250264 -0.401890653044 0.71297132949 0.0564513965084 0.698917107501 0.0 0.0 0.0 0.0 0.0 0.0
24.9976662807 23.2326651068 24.5400191675 -0.0996978920382 0.994788593482 0.0213537959523 0.71297132949 0.0564513965084 0.698917107501 0.0 0.0 0.0 0.0 0.0 0.0
25.5083827887 23.3979204495 24.5633520239 -0.487742503831 0.756034118058 0.436485580849 0.71297132949 0.0564513965084 0.698917107501 0.0 0.0 0.0 0.0 0.0 0.0
25.9079183777 23.7355137933 24.6861817822 -0.690485583799 0.230049640967 0.685789195932 0.71297132949 0.0564513965084 0.698917107501 0.0 0.0 0.0 0.0 0.0 0.0
26.1500577562 24.1255469599 24.9653372092 -0.630901646178 -0.383334540952 0.674550029696 0.71297132949 0.0564513965084 0.698917107501 0.0 0.0 0.0 0.0 0.0 0.0
26.2483830845 24.4281990059 25.3982563368 -0.331627625061 -0.851083521751 0.407038029304 0.71297132949 0.0564513965084 0.698917107501 0.0 0.0 0.0 0.0 0.0 0.0
26.2711138853 24.5368465362 25.9239597959 0.0936372753347 -0.99549164328 -0.0151145237342 0.71297132949 0.0564513965084 0.698917107501 0.0 0.0 0.0 0.0 0.0 0.0
26.3151893059 24.4185717152 26.4462178989 0.483327809299 -0.761695845794 -0.431524816504 0.71297132949 0.0564513965084 0.698917107501 0.0 0.0 0.0 0.0 0.0 0.0
26.4694393159 24.1266683022 26.8701099064 0.689394027701 -0.238519061615 -0.683991616774 0.71297132949 0.0564513965084 0.698917107501 0.0 0.0 0.0 0.0 0.0 0.0
26.7808367161 23.7803944616 27.1380860033 0.633547928925 0.375275101897 -0.676598566101 0.71297132949 0.0564513965084 0.698917107501 0.0 0.0 0.0 0.0 0.0 0.0
27.2366513867 23.5196645922 27.2518314358 0.337006379595 0.846495979934 -0.412154408042 0.71297132949 0.0564513965084 0.698917107501 0.0 0.0 0.0 0.0 0.0 0.0
27.7692866722 23.4518935082 27.271626258 -0.0875695277901 0.996118882535 0.00887410048664 0.71297132949 0.0564513965084 0.698917107501 0.0 0.0 0.0 0.0 0.0 0.0
28.281960481 23.6111877547 27.2934439317 -0.478876307483 0.767299567442 0.426531189873 0.71297132949 0.0564513965084 0.698917107501 0.0 0.0 0.0 0.0 0.0 0.0
28.6854744205 23.9453879618 27.4124894035 -0.688249971578 0.246970318113 0.682141949006 0.71297132949 0.0564513965084 0.698917107501 0.0 0.0 0.0 0.0 0.0 0.0
28.9321017573 24.3358850606 27.6870291541 -0.636145964545 -0.367187084191 0.678595576906 0.71297132949 0.0564513965084 0.698917107501 0.0 0.0 0.0 0.0 0.0 0.0
29.0337196014 24.6426818521 28.1162547878 -0.342359469788 -0.84184397417 0.417239399627 0.71297132949 0.0564513965084 0.698917107501 0.0 0.0 0.0 0.0 0.0 0.0
29.0572965937 24.7575802832 28.6405901558 0.0814951114869 -0.996670263481 -0.00263300144193 0.71297132949 0.0564513965084 0.698917107501 0.0 0.0 0.0 0.0 0.0 0.0
29.0994503991 24.6452876963 29.164325331 0.474388337382 -0.772844856258 -0.421505081241 0.71297132949 0.0564513965084 0.698917107501 0.0 0.0 0.0 0.0 0.0 0.0
29.249741041 24.3568251001 29.5919784096 0.687053502556 -0.255402766865 -0.680240333488 0.71297132949 0.0564513965084 0.698917107501 0.0 0.0 0.0 0.0 0.0 0.0
29.5566455505 24.0101434352 29.8645706829 0.638695555187 0.359071103766 -0.68054091003 0.71297132949 0.0564513965084 0.698917107501 0.0 0.0 0.0 0.0 0.0 0.0
30.0091407318 23.7453120398 29.9820336343 0.347686487982 0.837127858728 -0.422292616815 0.71297132949 0.0564513965084 0.698917107501 0.0 0.0 0.0 0.0 0.0 0.0
30.540891059 23.671303966 30.0032349704 -0.0754144890155 0.997145744127 -0.00360829811602 0.71297132949 0.0564513965084 0.698917107501 0.0 0.0 0.0 0.0 0.0 0.0
31.0554506511 23.824595296 30.0236137948 -0.469864240773 0.778331289945 0.416446873365 0.71297132949 0.0564513965084 0.698917107501 0.0 0.0 0.0 0.0 0.0 0.0
31.4629046747 24.155307268 30.1389216971 -0.685804711749 0.263815765707 0.678286915034 0.71297132949 0.0564513965084 0.698917107501 0.0 0.0 0.0 0.0 0.0 0.0
31.7140294926 24.5461560521 30.408845123 -0.641196506689 -0.350927778687 0.68243441733 0.71297132949 0.0564513965084 0.698917107501 0.0 0.0 0.0 0.0 0.0 0.0
31.8189935467 24.857010838 30.8343294959 -0.352987028503 -0.832347992758 0.427313674786 0.71297132949 0.0564513965084 0.698917107501 0.0 0.0 0.0 0.0 0.0 0.0
14.5349769354 27.4885733462 6.78872507 0.77625138316 -0.557983402146 0.293408099874 0.482010045877 0.825281338892 0.294239744681 0.0 0.0 0.0 0.0 0.0 0.0
14.6683651186 27.7160401676 7.25686131073 0.867053763957 -0.400988086173 -0.295679429711 0.482010045877 0.825281338892 0.294239744681 0.0 0.0 0.0 0.0 0.0 0.0
14.9993982346 27.8521017421 7.65759741616 0.628447923461 -0.0916506920997 -0.772433400453 0.482010045877 0.825281338892 0.294239744681 0.0 0.0 0.0 0.0 0.0 0.0
15.4736860745 27.9672715384 7.88225730365 0.151084209753 0.25250633222 -0.955727007964 0.482010045877 0.825281338892 0.294239744681 0.0 0.0 0.0 0.0 0.0 0.0
15.9824135648 28.1400001611 7.88905918959 -0.383678921233 0.500731979249 -0.775923946247 0.482010045877 0.825281338892 0.294239744681 0.0 0.0 0.0 0.0 0.0 0.0
16.4036814329 28.4268706543 7.71898918758 -0.772676015274 0.558721175569 -0.301334404593 0.482010045877 0.825281338892 0.294239744681 0.0 0.0 0.0 0.0 0.0 0.0
16.648817779 28.841101657 7.48022999856 -0.868120572658 0.40444285597 0.287737115407 0.482010045877 0.825281338892 0.294239744681 0.0 0.0 0.0 0.0 0.0 0.0
16.6960660133 29.3475254214 7.30706049405 -0.633751610287 0.0965099334645 0.767492494557 0.482010045877 0.825281338892 0.294239744681 0.0 0.0 0.0 0.0 0.0 0.0
16.598850548 29.8759486282 7.30884092783 -0.158609815407 -0.248088726324 0.955664643234 0.482010045877 0.825281338892 0.294239744681 0.0 0.0 0.0 0.0 0.0 0.0
16.4654799704 30.347820002 7.52846514709 0.376790500162 -0.49843433116 0.780763816086 0.482010045877 0.825281338892 0.294239744681 0.0 0.0 0.0 0.0 0.0 0.0
16.4179987991 30.7060732544 7.92606450281 0.769041805117 -0.559416400211 0.309237761532 0.482010045877 0.825281338892 0.294239744681 0.0 0.0 0.0 0.0 0.0 0.0
16.5458207315 30.9368075207 8.39415461599 0.869121270616 -0.407866825878 -0.279772888808 0.482010045877 0.825281338892 0.294239744681 0.0 0.0 0.0 0.0 0.0 0.0
16.8717588848 31.0745685313 8.79847049037 0.639007034474 -0.101361825224 -0.762493141136 0.482010045877 0.825281338892 0.294239744681 0.0 0.0 0.0 0.0 0.0 0.0
17.3433587118 31.1892241106 9.02897602923 0.166123342308 0.243652227512 -0.955529500941 0.482010045877 0.825281338892 0.294239744681 0.0 0.0 0.0 0.0 0.0 0.0
17.8528263599 31.3594202228 9.04166858829 -0.369873385035 0.496098725368 -0.785544227737 0.482010045877 0.825281338892 0.294239744681 0.0 0.0 0.0 0.0 0.0 0.0
18.2779813582 31.6427020551 8.87529631591 -0.76534902945 0.560069023128 -0.317117568817 0.482010045877 0.825281338892 0.294239744681 0.0 0.0 0.0 0.0 0.0 0.0
18.5286750212 32.0536516388 8.63663708375 -0.870055781624 0.411259735148 0.27178735642 0.482010045877 0.825281338892 0.294239744681 0.0 0.0 0.0 0.0 0.0 0.0
18.5810394414 32.5583478921 8.45993178804 -0.644213795802 0.106205997888 0.757435720911 0.482010045877 0.825281338892 0.294239744681 0.0 0.0 0.0 0.0 0.0 0.0
18.4865553066 33.0872538059 8.45588398874 -0.173624218274 -0.239197173638 0.955321591378 0.482010045877 0.825281338892 0.294239744681 0.0 0.0 0.0 0.0 0.0 0.0
18.3524935257 33.5616347165 8.66960177625 0.362928102618 -0.493725339736 0.790264817155 0.482010045877 0.825281338892 0.294239744681 0.0 0.0 0.0 0.0 0.0 0.0
18.3011612173 33.9234709204 9.0634604537 0.761597969491 -0.560678994621 0.324973226372 0.482010045877 0.825281338892 0.294239744681 0.0 0.0 0.0 0.0 0.0 0.0
18.42343519 34.1575003298 9.53139678832 0.870924034515 -0.414621325396 -0.263781126372 0.482010045877 0.825281338892 0.294239744681 0.0 0.0 0.0 0.0 0.0 0.0
18.7442363237 34.297016795 9.93920420689 0.649371497754 -0.111042082555 -0.752320619023 0.482010045877 0.825281338892 0.294239744681 0.0 0.0 0.0 0.0 0.0 0.0
19.2130617108 34.411221214 10.1755201167 0.181111872084 0.234723903974 -0.955040930376 0.482010045877 0.825281338892 0.294239744681 0.0 0.0 0.0 0.0 0.0 0.0
19.7231715548 34.5789309543 10.1941344163 -0.35595518182 0.491314355009 -0.794925224847 0.482010045877 0.825281338892 0.294239744681 0.0 0.0 0.0 0.0 0.0 0.0
