t = 0
b =  30.0 30.0 30.0
E = 0. 0. 0.
5.60669576588 6.82457404696 3.38195600837 0.749189705186 -0.615163056872 -0.245538589845 0.618237279545 0.51643311191 0.592519625922 0.0 0.0 0.0 0.0 0.0 0.0
5.84942501655 6.74616229499 3.8548399372 0.74625083279 -0.148999396623 -0.648774902694 0.618237279545 0.51643311191 0.592519625922 0.0 0.0 0.0 0.0 0.0 0.0
6.26226216802 6.63378612587 4.17983560655 0.45979879237 0.373771625541 -0.805530783072 0.618237279545 0.51643311191 0.592519625922 0.0 0.0 0.0 0.0 0.0 0.0
6.77991046869 6.60661121056 4.32121050855 -0.00133849669847 0.754540558033 -0.656252051204 0.618237279545 0.51643311191 0.592519625922 0.0 0.0 0.0 0.0 0.0 0.0
7.29725365899 6.75143383919 4.31299273483 -0.461967268492 0.848646917283 -0.257652193135 0.618237279545 0.51643311191 0.592519625922 0.0 0.0 0.0 0.0 0.0 0.0
7.7092913959 7.08970555932 4.24604313558 -0.747086951305 0.620338124038 0.238834040821 0.618237279545 0.51643311191 0.592519625922 0.0 0.0 0.0 0.0 0.0 0.0
7.95103063875 7.56938337435 4.23353576344 -0.748375810689 0.15635250597 0.644583229577 0.618237279545 0.51643311191 0.592519625922 0.0 0.0 0.0 0.0 0.0 0.0
8.02217759201 8.08470174802 4.36796115877 -0.465344187416 -0.36703404319 0.80544447256 0.618237279545 0.51643311191 0.592519625922 0.0 0.0 0.0 0.0 0.0 0.0
7.98724932311 8.51635470001 4.68598764697 -0.00552052720404 -0.750978222861 0.660303894104 0.618237279545 0.51643311191 0.592519625922 0.0 0.0 0.0 0.0 0.0 0.0
7.95106264985 8.77682214246 5.1545304286 0.456400473591 -0.84961321998 0.264302826585 0.618237279545 0.51643311191 0.592519625922 0.0 0.0 0.0 0.0 0.0 0.0
8.01891247892 8.84362022469 5.68332104787 0.74492730386 -0.625465950053 -0.232111303661 0.618237279545 0.51643311191 0.592519625922 0.0 0.0 0.0 0.0 0.0 0.0
8.25656851033 8.76784332392 6.15920188816 0.750443796873 -0.163693708468 -0.640342468952 0.618237279545 0.51643311191 0.592519625922 0.0 0.0 0.0 0.0 0.0 0.0
8.66528822886 8.65475243715 6.48911664251 0.470854144702 0.360268509777 -0.805296824333 0.618237279545 0.51643311191 0.592519625922 0.0 0.0 0.0 0.0 0.0 0.0
9.18133916448 8.62378476853 6.63546396041 0.012379130697 0.747358697789 -0.664305452305 0.618237279545 0.51643311191 0.592519625922 0.0 0.0 0.0 0.0 0.0 0.0
9.70021192334 8.76317753858 6.63038282956 -0.450798922027 0.850514821341 -0.270933332351 0.618237279545 0.51643311191 0.592519625922 0.0 0.0 0.0 0.0 0.0 0.0
10.1163250537 9.09644518892 6.56354243707 -0.742710927317 0.630546144415 0.225370890326 0.618237279545 0.51643311191 0.592519625922 0.0 0.0 0.0 0.0 0.0 0.0
10.3631372049 9.57344585271 6.54807534613 -0.752454633855 0.171022445057 0.636052943768 0.618237279545 0.51643311191 0.592519625922 0.0 0.0 0.0 0.0 0.0 0.0
10.4384272986 10.0894310882 6.67759654373 -0.476328244621 -0.353475540521 0.805087849635 0.618237279545 0.51643311191 0.592519625922 0.0 0.0 0.0 0.0 0.0 0.0
10.4051383539 10.5248415632 6.99063754199 -0.0192367914713 -0.743682258459 0.668256421074 0.618237279545 0.51643311191 0.592519625922 0.0 0.0 0.0 0.0 0.0 0.0
10.367464382 10.7907296439 7.45600761245 0.44516304038 -0.851351652704 0.277543205496 0.618237279545 0.51643311191 0.592519625922 0.0 0.0 0.0 0.0 0.0 0.0
10.4312653392 10.8625520886 7.98464366535 0.740437990462 -0.635578320247 -0.218613314125 0.618237279545 0.51643311191 0.592519625922 0.0 0.0 0.0 0.0 0.0 0.0
10.6638491596 10.7894944352 8.46344680641 0.754408168504 -0.178338157624 -0.631714980691 0.618237279545 0.51643311191 0.592519625922 0.0 0.0 0.0 0.0 0.0 0.0
11.0684003457 10.6757845932 8.79825049774 0.4817660703 0.346655652734 -0.80481756438 0.618237279545 0.51643311191 0.592519625922 0.0 0.0 0.0 0.0 0.0 0.0
11.5827701228 10.6410949181 8.94959599995 0.0260929872894 0.739949184846 -0.67215649953 0.618237279545 0.51643311191 0.592519625922 0.0 0.0 0.0 0.0 0.0 0.0
12.1030877971 10.775076683 8.94772340694 -0.439493257844 0.852123650344 -0.28413194265 0.618237279545 0.51643311191 0.592519625922 0.0 0.0 0.0 0.0 0.0 0.0
