t = 0
b =  30.0 30.0 30.0
E = 0. 0. 0.
5.29186108797 6.29618208917 0.918583038753 -0.232762444104 0.761627896207 0.604768213727 0.956073723705 0.0652759619832 0.285765784564 0.0 0.0 0.0 0.0 0.0 0.0
5.70065851559 6.63525786396 0.837358755189 -0.293021449689 0.238905180409 0.925776833149 0.956073723705 0.0652759619832 0.285765784564 0.0 0.0 0.0 0.0 0.0 0.0
6.04266169453 7.02879208215 0.967165329872 -0.24195670748 -0.374581607708 0.895067355495 0.956073723705 0.0652759619832 0.285765784564 0.0 0.0 0.0 0.0 0.0 0.0
6.32951083439 7.33694041107 1.3010025364 -0.098968566799 -0.845758580386 0.52430682476 0.956073723705 0.0652759619832 0.285765784564 0.0 0.0 0.0 0.0 0.0 0.0
6.59380008633 7.45229804498 1.75435550014 0.0816193870751 -0.995617728046 -0.0456466346441 0.956073723705 0.0652759619832 0.285765784564 0.0 0.0 0.0 0.0 0.0 0.0
6.87669448012 7.34070458645 2.19730331206 0.231198771196 -0.767225054981 -0.598258174376 0.956073723705 0.0652759619832 0.285765784564 0.0 0.0 0.0 0.0 0.0 0.0
7.21229064109 7.0542221525 2.50387815432 0.292941876702 -0.247350756209 -0.923581431319 0.956073723705 0.0652759619832 0.285765784564 0.0 0.0 0.0 0.0 0.0 0.0
7.61466291206 6.71135610589 2.59992258025 0.243391465522 0.36649623033 -0.898020661046 0.956073723705 0.0652759619832 0.285765784564 0.0 0.0 0.0 0.0 0.0 0.0
8.07251627526 6.45203288652 2.49126316823 0.101372567302 0.841105171477 -0.531286827537 0.956073723705 0.0652759619832 0.285765784564 0.0 0.0 0.0 0.0 0.0 0.0
8.55347751836 6.38443961745 2.26149690716 -0.0791594640951 0.996164195451 0.0372917543957 0.956073723705 0.0652759619832 0.285765784564 0.0 0.0 0.0 0.0 0.0 0.0
9.01639435914 6.54392200808 2.04023130268 -0.229617491607 0.772763786596 0.591702575348 0.956073723705 0.0652759619832 0.285765784564 0.0 0.0 0.0 0.0 0.0 0.0
9.42696988547 6.87955592817 1.95384431887 -0.292839995057 0.255777495292 0.921315695186 0.956073723705 0.0652759619832 0.285765784564 0.0 0.0 0.0 0.0 0.0 0.0
9.77079252572 7.27349433637 2.07747127676 -0.244807688362 -0.358382942845 0.900905578846 0.956073723705 0.0652759619832 0.285765784564 0.0 0.0 0.0 0.0 0.0 0.0
10.0588112457 7.58573934147 2.4064596897 -0.103768847892 -0.836387709152 0.538226370765 0.956073723705 0.0652759619832 0.285765784564 0.0 0.0 0.0 0.0 0.0 0.0
10.3231758536 7.70732974195 2.85813682079 0.0766935128154 -0.996634801096 -0.0289340342358 0.956073723705 0.0652759619832 0.285765784564 0.0 0.0 0.0 0.0 0.0 0.0
10.6050227501 7.60173720816 3.30321843787 0.228018725757 -0.778243669257 -0.585101915879 0.956073723705 0.0652759619832 0.285765784564 0.0 0.0 0.0 0.0 0.0 0.0
10.9388465223 7.31874400547 3.61492605481 0.292715812513 -0.264184755928 -0.918979797297 0.956073723705 0.0652759619832 0.285765784564 0.0 0.0 0.0 0.0 0.0 0.0
11.3393948731 6.97552987936 3.71715219804 0.246205268149 0.350242363112 -0.903721889199 0.956073723705 0.0652759619832 0.285765784564 0.0 0.0 0.0 0.0 0.0 0.0
11.7960657227 6.71215351095 3.61337490819 0.106157226082 0.831606552666 -0.54512492597 0.956073723705 0.0652759619832 0.285765784564 0.0 0.0 0.0 0.0 0.0 0.0
12.2769351152 6.63834188237 3.38533637432 -0.0742217210277 0.997029509142 0.0205741106372 0.956073723705 0.0652759619832 0.285765784564 0.0 0.0 0.0 0.0 0.0 0.0
12.7408856641 6.79180316178 3.16198770961 -0.226402595398 0.78366428565 0.578456698633 0.956073723705 0.0652759619832 0.285765784564 0.0 0.0 0.0 0.0 0.0 0.0
13.1532277342 7.12390073976 3.07049826756 -0.292569338527 0.272571897872 0.916573915538 0.956073723705 0.0652759619832 0.285765784564 0.0 0.0 0.0 0.0 0.0 0.0
13.4988786144 7.51813109044 3.18794187839 -0.247584098451 -0.342075111067 0.906469377631 0.956073723705 0.0652759619832 0.285765784564 0.0 0.0 0.0 0.0 0.0 0.0
13.7880926916 7.83438540879 3.51201521238 -0.108537519988 -0.82676206612 0.551981967803 0.956073723705 0.0652759619832 0.285765784564 0.0 0.0 0.0 0.0 0.0 0.0
14.0525656377 7.96217928815 3.96191285329 0.0717442769687 -0.99734828953 -0.0122126202404 0.956073723705 0.0652759619832 0.285765784564 0.0 0.0 0.0 0.0 0.0 0.0
14.333392694 7.86262759353 4.40902662704 0.224769223605 -0.789025222974 -0.57176742967 0.956073723705 0.0652759619832 0.285765784564 0.0 0.0 0.0 0.0 0.0 0.0
14.6654559019 7.5832175745 4.72580599721 0.292400584252 -0.280938282411 -0.914098233126 0.956073723705 0.0652759619832 0.285765784564 0.0 0.0 0.0 0.0 0.0 0.0
