
#id1 id2 FENE BEXC STCK NEXC HB CRSTCK CXSTCK total, t = 100
0 1 0.000298513 0 -1.41917 0 0 0 0 -1.41888
1 2 0.00157661 0 -0.758649 0 0 0 0 -0.757073
2 3 0.0872198 0 -1.3234 0 0 0 0 -1.23618
3 4 0.0991787 0 -1.43682 0 0 0 0 -1.33764
4 5 0.0214431 0 -1.29234 0 0 0 0 -1.2709
5 6 0.0663303 0 -0.785209 0 0 0 0 -0.718879
6 7 1.67833 0 0 0 0 0 0 1.67833
7 8 1.10874 0 0 0 0 0 0 1.10874
8 9 0.527745 0 -0.0325935 0 0 0 0 0.495152
9 10 0.020317 0 -0.393637 0 0 0 0 -0.37332
10 11 0.140026 0 -0.981801 0 0 0 0 -0.841775
11 12 0.251959 0 -1.0287 0 0 0 0 -0.776739
12 13 1.6356 0 0 0 0 0 0 1.6356
13 14 1.87071 0 0 0 0 0 0 1.87071
14 15 0.0255002 0 -1.10434 0 0 0 0 -1.07884
15 16 0.0558144 0 -1.32134 0 0 0 0 -1.26552
16 17 0.0591467 0 -1.10528 0 0 0 0 -1.04613
17 18 0.00327574 0 -1.19312 0 0 0 0 -1.18984
18 19 0.202 0 -1.25174 0 0 0 0 -1.04974
19 20 0.128855 0 -1.32051 0 0 0 0 -1.19166
20 21 0.144125 0 -1.28466 0 0 0 0 -1.14054
21 22 0.220691 0 -1.24188 0 0 0 0 -1.02119
22 23 0.0843849 0 -1.11613 0 0 0 0 -1.03175
23 24 0.0320434 0 -1.37598 0 0 0 0 -1.34393
24 25 0.00163157 0 -1.23412 0 0 0 0 -1.23249
26 27 0.00237719 0 -1.36231 0 0 0 0 -1.35994
27 28 0.25785 0 -1.37179 0 0 0 0 -1.11394
28 29 0.135859 0 -1.24304 0 0 0 0 -1.10718
29 30 0.117017 0 -0.955366 0 0 0 0 -0.838349
30 31 0.0186082 0 -1.1423 0 0 0 0 -1.1237
31 32 1.68691 0 0 0 0 0 0 1.68691
32 33 1.48187 0 0 0 0 0 0 1.48187
33 34 0.000578876 0 -0.405627 0 0 0 0 -0.405048
34 35 0.301855 0 -0.840997 0 0 0 0 -0.539143
35 36 0.172944 0 -0.88647 0 0 0 0 -0.713526
36 37 0.221816 0 -1.09123 0 0 0 0 -0.86941
37 38 0.00472612 0 -1.28604 0 0 0 0 -1.28131
38 39 0.167483 0 -1.24941 0 0 0 0 -1.08193
39 40 0.141581 0 -1.34311 0 0 0 0 -1.20152
40 41 0.186686 0 -1.33567 0 0 0 0 -1.14899
41 42 0.109383 0 -1.37851 0 0 0 0 -1.26913
42 43 0.0916481 0 -1.1116 0 0 0 0 -1.01995
43 44 0.0459743 0 -1.19814 0 0 0 0 -1.15217
44 45 0.219676 0 -1.31062 0 0 0 0 -1.09094
45 46 0.0537034 0 -1.13553 0 0 0 0 -1.08183
46 47 0.469562 0 -1.05474 0 0 0 0 -0.585181
47 48 0.132361 0.395159 -0.871792 0 0 0 0 -0.344272
48 49 0.694348 0 -0 0 0 0 0 0.694348
49 50 1.38744 0 0 0 0 0 0 1.38744
#Total energy per particle is  -0.561007 and should be -0.56100710

