t = 100
b = 30 30 30
E = -0.339033256533289 -0.561006958007907 0.221973701474618
13.6507217903721 13.9636355119628 26.1328787819596 -0.644089418501573 0.387330486031706 0.659639144252116 0.629899481887665 0.757828803809358 0.17006479815659 -0.0855115783767841 -0.270216964357743 1.07121989573091 0.434191791589876 -0.0142510219509306 -0.299129895338985
13.6997688488224 14.4428788090176 26.1251122239758 -0.0446749953634591 -0.214553157778136 0.975689996565504 0.628572121026127 0.753069254470257 0.19438022469639 -0.33477197544409 -0.00511698745286658 -0.290243315232185 0.38250900711204 0.0258356632251452 0.171972328656828
13.9690148140272 14.8579542047712 26.489773787043 0.06936892606885 -0.623229024489654 0.778956620840923 0.712511303159207 0.577468142203109 0.398570029768827 0.330850418711327 -0.293650070345815 -0.308365492733061 0.373517369939001 0.0954716314207742 -0.219989383281202
14.1313723646466 15.1574673353361 26.8659235706508 0.464797836348736 -0.828727579715425 0.311726564995385 0.626986696309929 0.556652428600583 0.545000590418915 0.316976709424258 -0.204282561884086 0.362972105108805 0.45331471718028 0.0726366397534077 -0.198108426845458
14.302743697909 15.2669566030531 27.2928769538853 0.753551081264579 -0.582835893658905 -0.304077243276401 0.637812975432046 0.536157256247664 0.552928468545969 0.69340317716714 -0.699871131277166 0.284915174054579 0.518627605402542 -0.209551812137943 0.0526442022404193
14.6804046109259 15.3744420754206 27.6511962798579 0.573739154190953 -0.191672930313903 -0.7962943878116 0.753199361999143 0.50538796557025 0.421038724646366 0.620516889287363 0.0219902922304728 -0.307050602910498 0.17525452586748 0.213021353568399 0.486066141517923
15.1189022295025 15.6357871457626 27.738316905764 0.0394565294381089 0.0923763130444712 -0.994942048525137 0.816462278784432 0.571048508892782 0.0853980632066497 0.610094683077524 0.515305775479025 -0.636072770113182 0.161012171728446 0.448037365514652 0.077335070504852
16.2887389465652 16.2273050483022 26.3694163318784 -0.155121103788007 0.601120339083929 -0.783958967160997 0.732710169745015 0.602286767328521 0.316838030934035 3.21895785356191 4.24887540825998 -5.92977110691364 0.0256124649239951 -0.342473164379699 -0.535512891783648
15.8573765399223 15.8054077598605 27.6116097279982 -0.447503421831197 0.802891914550209 -0.393833904393196 0.779585907798348 0.566016082515746 0.268088582994752 -0.147855904485348 0.7407357636253 -0.33523679401768 0.152483819541061 0.120286890425288 -0.224812272198733
16.5686831245706 15.9307626013925 27.6471040500407 -0.882160909877616 0.455893872022841 0.118121919262528 0.470944269123872 0.854952541440951 0.217410978925093 0.530783816183624 0.201278338922645 0.012561294894403 0.314868986969619 0.935144521060585 -0.331677385239126
16.5857105491827 16.559859256523 27.6911681041695 -0.70310200429338 0.291361223717702 0.648657144849082 0.569824583225547 0.776544112031136 0.268847678358238 0.435552346744009 0.739972899761082 0.440479181791435 0.755464415088334 -0.221444665535842 -0.458133847906074
16.6314452191577 16.9835699718179 27.5897746000531 -0.213703610221555 -0.157945513492297 0.96404557082445 0.716600972884118 0.645351441168838 0.264583529711904 0.554254468832522 0.61429247863358 0.366699784436649 0.576948694800204 -0.66124075700102 -0.103251048680549
16.7287196804611 17.3779465082757 27.6803213760737 0.424650213404775 -0.615323146153856 0.664115583423062 0.569731409957518 0.751706436926462 0.332179827974037 0.742216353922269 1.638408955351 0.545392835559112 0.200056440084792 -0.384262279701287 0.658918690923715
17.6383011664225 18.606232457176 26.5673356351904 0.411766993261871 -0.867520387784421 0.27902724074443 0.684020709384739 0.496544943814035 0.534376901836689 3.79687569155521 4.27169371600131 -6.39917568080299 0.445009291761525 0.238473837995912 -0.0576739198615817
17.1584265829262 17.7308414458606 28.3993036053457 0.804404403257859 -0.537452458749075 -0.25313690261086 0.564687076186017 0.559346360066801 0.606844332835781 0.773729143440543 -0.325869398028002 -0.0734721100519631 0.590586008638889 -0.412508475394525 -0.213006245424515
17.5319423400441 17.8295293201031 28.7751313466133 0.601140590171803 -0.420415332914358 -0.679618144725135 0.779838719603689 0.494404895484496 0.383946940329709 0.565620957768388 -0.0175056158118367 -0.66381471021451 0.59482266183085 0.0687376092126817 -0.272646773868456
17.9226566056888 17.7953475149807 29.0541690687644 0.287537729777728 0.138063849213052 -0.947765956897639 0.82288235932022 0.470741766052357 0.318224285311771 0.0492364298639902 0.488129989523525 -0.43096324698829 0.6199696262355 -0.250875170732955 -0.193198449832777
18.4275907973965 17.7893951030458 29.2139800455164 -0.0812652445065414 0.673176389246893 -0.735002986269615 0.879749451641213 0.395041694788807 0.264542716880994 0.249117461135827 0.4757255918003 -0.62716783569812 0.474649539438665 0.0292505698064326 -0.00783393744927142
18.9241957943986 17.9030657152222 29.1628295746231 -0.565920514790695 0.791298195581692 -0.231475739553762 0.794523294711194 0.598405758008992 0.103165742747051 -0.229290908843064 0.623135353339555 0.176752840488646 0.311132801493697 -0.317340766244502 0.0673454519335541
19.2666266056665 18.2274663805808 29.073707889477 -0.778314159077393 0.591599497502041 0.210325902449186 0.627847366003173 0.736454735749696 0.251876934774593 -0.143285639737417 0.0217855141703901 0.0152421432075433 0.752062768680815 0.476031860359318 -0.249590495027922
19.3856325626181 18.6807140225368 28.9609391516246 -0.613714085256372 0.277712586784638 0.739074165105779 0.594796927822487 0.778215134631483 0.201488730025901 -0.200094358057585 -0.265596774773431 0.645829159903426 0.441899935189884 0.338235615117679 0.156142304394423
19.5477170082172 19.1306508399051 29.0434944758303 -0.372813103889613 -0.240789003521009 0.896119928570381 0.601553920223367 0.672591503948277 0.430991221878795 0.0388548237194908 0.0945538599950706 0.740001130468102 0.721101459818341 0.043197042378994 -0.241021183139465
19.4944124157232 19.4808775372152 29.2502272383223 0.397161855519111 -0.516671016234383 0.7584941685078 0.532738099495638 0.802765491807463 0.2678760314686 0.212964605734201 -0.367187106124635 0.674047357680149 0.581025797763208 -0.24187154297973 0.423139778196038
19.7591392106085 19.8203758609052 29.5341142964209 0.387577606455858 -0.824247443939504 0.412794905484532 0.696515195910883 0.555176756975669 0.454582481894134 0.416796788935232 -0.0864766824668682 -0.0836852585436483 0.43472858339032 0.254210001873862 -0.231681186968066
19.8936205110928 20.0361333374203 29.9590567280618 0.691668476033437 -0.677281670378498 -0.250767101359912 0.691049066126348 0.519745123908123 0.502310739450543 0.311111159728729 0.409210435809038 0.120499431227732 0.297760743270176 0.2017335151726 0.254089654076552
20.3075491962967 20.0520335941669 30.2843821792958 0.474629703841716 -0.287195288997919 -0.832012855573219 0.841137435024334 0.426424044401526 0.332641298389176 0.373333273236222 0.0623964208396912 0.223070493863334 0.272977986042144 0.068174770207449 0.206322060414724
26.0514741041708 28.7546057213025 8.982424589157 0.597505453606369 0.388307351521661 -0.701572891099201 0.462534065400678 0.547799567569178 0.697121046649937 -0.091095522056004 0.0632063833026264 -0.512039251072856 -0.166143767325929 -0.21632453974013 -0.512828709803827
26.492462969631 28.866429967748 9.25787099624331 -0.0996640620109674 0.751249255396771 -0.652450390831532 0.549652469171417 0.588155989352801 0.593257596892596 0.0867042745922101 -0.575880140716374 -0.722972385267371 0.0144274698159393 0.211794203240954 -0.50721323345949
26.8462099754721 29.1672420042278 9.36246286158075 -0.600518772374409 0.742231627471204 -0.297437887053079 0.534910965032042 0.649387867461333 0.540523394721249 0.0450089762642216 -0.2620938800048 0.312547861266246 0.223172201720093 0.203203263219476 0.0714214261526651
27.1307247229884 29.499026294891 9.39608018013276 -0.800944086401072 0.367909275218353 0.47236767501538 0.597656004003047 0.443837214144692 0.667694323126472 -0.239271098238267 0.0164696085605829 -0.51288065191791 0.32371472954127 -0.00539466667226313 0.368711642948881
27.347533764724 29.8554033172731 9.72125953521952 -0.804689406316662 -0.153974162583057 0.573381895244276 0.334537175581205 0.680265127134289 0.652168783254757 -0.44101469414709 -0.608445455291605 0.0091995957561649 0.139009988264961 0.597387155617736 -0.109300086128359
27.30660336925 30.221378324728 10.0858903345221 -0.46832151477277 -0.701034989178009 0.537796229399048 0.216590842669892 0.499013441297823 0.839091103484193 -0.146546169725151 -0.298783709136286 1.18132130537217 0.61699093179699 0.878233961911952 0.624876636388914
26.3004966657575 29.4585559017112 11.4982467304175 0.0236025957732911 -0.784794854032511 0.619305931450493 0.48995871211016 0.549060791174644 0.677106039761193 -4.50803829784534 -4.91761739573474 5.69365718450504 0.179982504961182 -0.321699776955029 -0.184733092864161
27.3057633512306 30.7368901360473 10.756720800336 0.523695148264218 -0.784959519423126 0.331031460811838 0.273300409726748 0.522842983651016 0.807429247040445 0.192620280111335 -1.30876280326099 -0.1427169228485 0.436957049286993 -0.416882976387313 -0.398480131718471
27.4513667641616 31.1135740001179 11.2440415130049 0.818191758479171 -0.546761870320373 -0.177802099126684 0.430703708040156 0.378021870959025 0.819508186036451 -0.0374855617734135 -0.200602341759913 0.121308460026923 0.406253773668504 0.233927447713121 -0.379195001920062
27.7381388141821 31.0431126078612 11.580508177614 0.79846308957388 -0.143786581570268 -0.584621243528779 0.601758275472744 0.22050393652479 0.767635905797066 0.337125989681256 0.0758488593911529 0.429357827708143 0.530477762046204 0.250692660330147 -0.265616514173669
28.1534189260928 30.9759858224304 11.7825422779265 0.557987845145836 0.540818185672944 -0.629416504755799 0.462792522677127 0.426773814095616 0.776973019705526 0.512345304908216 0.763796457251917 0.0550512408564211 0.448154515348843 -0.474583867815187 -0.153645716531701
28.5203332437643 31.1104058055526 11.9854808892774 -0.0567624633884541 0.807689253133603 -0.586869639877475 0.571797818773205 0.508163032084223 0.644063248697671 0.233331622649795 0.38876538859378 -0.107188600519948 0.291916049478359 0.367534490543856 -0.0049331888522064
29.0060001809861 31.2930366695897 12.0793241142929 -0.604973360791918 0.781983655673352 -0.150028917126621 0.631444824637351 0.585950354396602 0.507877447194346 -0.182312282066103 0.415947122818616 0.266502617188973 0.421703237443026 0.0689012042716304 0.0935304731985375
29.2647933424867 31.6769054064722 12.0697350403013 -0.828471540557035 0.451931729588722 0.33074536933975 0.559939195598372 0.679143921738428 0.474585629512373 -0.415224854716958 0.167212777811103 -0.245873007913708 0.544066904735975 -0.327867159998525 -0.227365586874489
29.442183106365 32.1203475189283 12.1658545492391 -0.772408437978255 -0.0464095876890167 0.633428161617458 0.483112599903855 0.604487244631908 0.633401349272284 -0.342532060169579 0.0507424757760686 0.267178904879419 0.687551342056243 0.0878729409725356 0.219145578032617
29.5611912536641 32.5334892001347 12.403926741116 -0.422153453058101 -0.553552732635861 0.717889765289349 0.393007907311006 0.601867878553758 0.695197616285228 0.53072584763269 0.0251331893862396 0.0263672798339037 0.41304763481868 0.170041620507309 0.27643092084329
29.5140750919303 32.8214211869212 12.76185077473 0.270490264233811 -0.813601480354942 0.514672257419564 0.322967301974116 0.580307164317881 0.747619959605068 -0.228556439105953 0.042023314541637 0.050150292608286 0.58551447678874 0.168141595913626 0.313937317835429
29.4900146118856 32.9620055276929 13.239446554824 0.56699550143759 -0.818886543084612 0.0891112344010854 0.308854885287274 0.311636750209131 0.898605081244232 0.247044838005304 -0.2421393359622 0.292853881264875 0.536581453909764 -0.000675012997924335 0.100396514743034
29.5097586646366 32.8954854132138 13.7238643931357 0.858365492511533 -0.394531857642357 -0.327953009701989 0.480642773146287 0.394857891889048 0.782987646045206 -0.316426575933964 -0.168622429564013 -0.130789369140544 0.838015494768157 -0.266295282147196 0.128146396401351
29.7120472389234 32.90342700853 14.1461064956988 0.734768306718171 0.0898713934020591 -0.672338121651645 0.613735197682162 0.334022576771239 0.715372567665532 -0.128669575545145 -0.470654839919609 -0.442728380666698 0.448873820742467 0.577881099905437 0.292708993222721
30.0951110264296 32.9100025998131 14.465778577481 0.288341171264675 0.485615356494544 -0.825249644618156 0.816369230094333 0.325725920204259 0.476910683275326 -0.419215158967711 0.166363992446261 -0.324481966905312 0.460508108910213 -0.0555444341703317 -0.020126643999997
30.4764901638228 32.9175490176898 14.633071421142 -0.175283894441833 0.809054811610323 -0.560986407779458 0.772630746893126 0.4661952525504 0.43093341607458 -0.616216943333693 -0.89130411441729 -0.53522508939153 0.684625930011235 0.394435537459047 0.0463393593132922
30.9119815745536 33.1135015077037 14.643641682541 -0.625569604887508 0.730188457524465 -0.274749643732105 0.523462238971683 0.653972767308481 0.546174685131488 -0.473309809961608 0.830949168182167 -0.232367666561851 0.404552530857109 -0.157069193157416 0.16481910264614
30.7232440100296 33.365558655107 14.9601605700215 -0.955124972242605 0.126524950851612 0.267820115126184 0.295934023798291 0.446136034694884 0.844621559015996 -1.30939102989836 -0.211647354552035 1.35215004211202 -0.273437892744126 1.06512910184832 0.60804659014635
30.7179058609691 32.4555998766113 16.4405529984202 -0.664702484478082 -0.302135628277333 0.683289515013458 0.366249400905151 0.665367700082241 0.65049756766105 -3.77852564366551 -6.49419482977362 6.2009352203165 0.390415910790097 0.536554847138086 0.424025343236614
