
#id1 id2 FENE BEXC STCK NEXC HB CRSTCK CXSTCK total, t = 100
0 1 0.000204868 0 -1.33142 0 0 0 0 -1.33121
1 2 0.379446 0 -0.995837 0 0 0 0 -0.616391
2 3 0.103139 0 -1.3377 0 0 0 0 -1.23456
3 4 0.00615102 0 -1.14974 0 0 0 0 -1.14359
4 5 0.105737 0 -1.29031 0 0 0 0 -1.18458
5 6 0.0461977 0 -0.87763 0 0 0 0 -0.831432
6 7 0.129496 0.000736657 -0.789332 0 0 0 0 -0.659099
7 8 0.000172588 0 -1.19793 0 0 0 0 -1.19775
8 9 0.804654 0 -1.42023 0 0 0 0 -0.615571
9 10 0.0983 0 -1.26995 0 0 0 0 -1.17165
10 11 0.3223 0 -1.26529 0 0 0 0 -0.94299
11 12 0.596321 0 -1.2275 0 0 0 0 -0.631184
12 13 0.0531516 0 -1.22198 0 0 0 0 -1.16882
13 14 0.138839 0 -1.28608 0 0 0 0 -1.14724
14 15 0.141318 0 -1.23605 0 0 0 0 -1.09473
15 16 0.304926 0 -1.37755 0 0 0 0 -1.07263
16 17 0.454421 0 -1.3329 0 0 0 0 -0.878474
17 18 0.0945726 0 -1.30252 0 0 0 0 -1.20795
18 19 0.124755 0 -1.33339 0 0 0 0 -1.20863
19 20 0.123904 0 -1.36988 0 0 0 0 -1.24597
20 21 0.169379 0 -1.20756 0 0 0 0 -1.03818
21 22 0.0544366 0 -0.179907 0 0 0 0 -0.12547
22 23 0.0217356 0 -1.22224 0 0 0 0 -1.20051
23 24 0.0711992 0 -0.945542 0 0 0 0 -0.874343
24 25 0.0124459 0 -0.818452 0 0 0 0 -0.806007
#Total energy per particle is  -0.947268 and should be -0.94726810

