t = 100
b = 30 30 30
E = -0.728049087593499 -0.947268103877577 0.219219016284078
26.991755890192 -0.426040459678346 22.6072146313874 0.282832923863541 0.457600608571587 -0.842975149115264 0.847147495930508 0.292991075127308 0.443280085016892 -0.032100663278428 0.136270596381436 -0.147619993902843 0.229057115487321 0.286999202294169 -0.378605750948192
27.5309727902144 -0.399631859311502 22.6285203254961 -0.188346791097096 0.850462195741303 -0.491161298072152 0.824819745754252 0.408449802019177 0.390948888597096 -0.00467309994544299 -0.415140902670305 -0.128452648224836 0.509600292551591 0.368211954349602 -0.0833568526177349
27.9792587129107 -0.161683693487424 22.7260062943828 -0.461236887303611 0.886607368372835 -0.0344643239595186 0.714139515016311 0.394005455410229 0.578588226669188 0.589880190423976 -0.0634189560970554 0.300234840813242 0.539545378260652 0.326897217137519 0.120361693768809
28.3098890911426 0.181303987949649 22.7755542799517 -0.74336437145274 0.518814794598781 0.422185387151098 0.659210516656232 0.461271601016034 0.593860158972143 -0.0935342298809346 0.298820603410349 0.0433250145606415 0.465335927725279 0.22324016924678 -0.117423024801282
28.5944863260029 0.610132143897223 22.931440099828 -0.562842073760604 -0.162801898348268 0.810372892685945 0.669489898132696 0.485195178493417 0.562466710616038 0.505250730524694 -0.11295591402604 0.385772559469136 0.52404880063228 -0.291003915781975 0.445218980594936
28.770880130792 0.974781703373539 23.1922020460308 -0.0968968846195833 -0.736085577652409 0.669917089402701 0.6047153534807 0.491066088654841 0.627035344317348 0.118301801572706 0.307134003404284 0.269863994582474 0.329404531819662 -0.666880088711343 0.417196443968677
29.1016471111015 1.25087378243776 23.5508847228359 -0.110551476870399 -0.94042477636273 0.321526813977709 0.483478705793928 0.231764376435187 0.844116996638801 1.05363571711229 -0.548790261346657 -0.127900481291335 0.538927511296876 0.496161878135495 -0.555022217163554
29.020966628897 1.4303702983681 23.9633062712615 0.397091880542748 -0.91317853105237 -0.0917763022606445 0.572094894686619 0.168092270591931 0.802777869188959 0.482370564426873 -0.0290358321056084 0.25842595178773 0.416199820531143 0.369016274515587 0.329665552143241
29.1445044164494 1.2794098371004 24.4004138893135 0.719560224313852 -0.316625263317163 -0.618046449584255 0.68992343877336 0.224724524827506 0.688116573123669 0.249457532301107 -0.295286091262924 0.078768781866804 0.380399226160751 -0.308686789480052 0.0920310332498701
29.4119895130977 1.26135939100968 24.7062316081601 0.694926400453241 -0.0702421541299529 -0.71564182394265 0.711146090760642 0.214571135413383 0.669500072555265 0.185928672472366 0.762391844797934 -0.62855722640176 0.48697009931322 -0.170039510185989 -0.312792269810377
29.7171856086366 1.05837702594709 24.9825600656045 0.439522551098703 0.614814749240982 -0.654845502377877 0.71341578036772 0.204020736470996 0.670382983710076 0.597999579196322 0.535679702916891 0.200797208450452 0.440426797834613 -0.329527329143881 -0.00931768677636094
30.1515268906557 1.04239590880545 25.0877775312017 0.0207703495273467 0.941206950683644 -0.337191265256507 0.85509559776942 0.158035053910794 0.493797862056075 0.423178912319819 0.493574500595227 0.170562928748438 0.367217781335596 0.0239425927873481 0.1876891569243
30.5378760150237 1.20923600388465 25.1815222684724 -0.302913287281077 0.952493155298337 0.0316261284069789 0.842641587888498 0.252180794030834 0.475772936237338 -0.113452310773839 0.312724431712546 0.0761144768377693 0.308420328078726 0.0828623207798404 -0.153068344268866
30.954985629075 1.50553959180013 25.2944771628973 -0.652941546519156 0.654115935286552 0.381837091215613 0.701376471333961 0.331883467509728 0.630812405077261 0.128720573176427 0.298711159496404 0.2520338742394 0.146951232849345 0.325863659408183 -0.0698525147607845
31.180231064958 1.84786176450268 25.5150689398096 -0.760263116641804 0.0223442964597782 0.649230781515747 0.622563667528093 0.310462919697681 0.718350287944258 0.208226201185231 -0.00646615728667119 0.331376194625803 0.1682309069165 0.267507581871461 -0.0697793859514386
31.2691131024293 2.12196119339442 25.8891086857926 -0.497330887627433 -0.623696161879602 0.603046405062905 0.523234475768407 0.338823754179972 0.781936078775592 -0.171289320783119 -0.151929350772994 0.594860651120874 0.356710796059636 0.106769018622994 -0.182074578154551
31.3371502915507 2.35408938779114 26.26843359834 0.0953182155713524 -0.934203955251826 0.343769238902046 0.518890112854269 0.341342172824983 0.783733665720223 -0.0385863370869367 -0.364785253227802 0.255407998544275 0.502155410839558 0.05766829470113 0.342742254843609
31.4330572132918 2.41826604336863 26.6700206677712 0.609310694358788 -0.787284745260468 -0.094462117192653 0.584297775246643 0.365258846885232 0.724694395339652 -0.0862277704920232 -0.471099905298752 0.537427088007927 0.333770050437294 -0.0351188983547829 0.364595867432524
31.7073970811462 2.42123116644815 27.1121431557807 0.649199693262105 -0.539597690616526 -0.536072729565055 0.723866294772234 0.221872545515223 0.653291697517378 0.486614365674216 -0.10187273162333 0.27936534765468 0.246842483836899 0.143009953016985 0.0316728498464533
32.0781007787521 2.29144150084088 27.4359212204839 0.586677870443244 -0.0679733893333506 -0.806962561605134 0.803091395340257 0.177024496290354 0.568952037660646 -0.156404728559803 0.0805765019888369 -0.0807434300800863 0.397813051600057 0.598922111977376 0.0554084116061995
32.4644395554925 2.13121371201266 27.5970667266601 0.342371821586822 0.644718313850228 -0.683461566878834 0.744900572719366 0.257080415273146 0.615656298754403 -0.177536161410908 -0.306317213419032 -0.445842639923138 0.495172014051881 0.249917151751801 0.118823565981413
32.9142446095454 2.12008451842526 27.7414098297829 -0.141026078091484 0.879079484954544 -0.455335904030404 0.83178445760446 0.354635355043995 0.427045978467371 0.238416171008062 0.171227968698697 -0.0806695965966472 0.482830635850929 0.110966938625847 -0.0329424205608384
33.4108375384004 2.06701370707858 27.5894450693617 -0.446303580059432 0.893018554510596 -0.0577135781306185 0.685848176350184 0.38276742923289 0.618951738915492 -0.159844709593332 -0.29704057403328 -0.534066039145462 0.678560058030072 0.224989418607416 -0.00175214537076825
33.8123513200512 2.34950802624341 27.6258819138817 -0.715057399609095 0.446515085327035 0.537882028156584 0.691683372364099 0.563431062364571 0.451795798313628 0.227592159940933 0.270576193931558 -0.262484773056794 0.589093122773546 0.34320700222672 0.245391714463264
34.0023908939947 2.8215054549746 27.695155589566 -0.764380184322397 -0.00752320461637052 0.644721813080395 0.508143046416738 0.608469940409768 0.609553009242432 0.089796240540439 -0.0499560119609046 -0.337985523490821 1.04262703513459 -0.245207500958809 -0.0595672183898344
33.9553166261136 3.27875729084959 27.7396201535198 -0.0123203712915505 -0.610156322425314 0.792185179251418 0.741345087411577 0.526071776646682 0.416720324452239 -0.424502429063175 -0.321604546647461 -0.440673346883143 0.361149076003544 -1.21378245764481 0.527976962801392
