
#id1 id2 FENE BEXC STCK NEXC HB CRSTCK CXSTCK total, t = 100
0 1 0.0278214 0 -0.926979 0 0 0 0 -0.899158
1 2 0.0265989 0 -0.231952 0 0 0 0 -0.205354
2 3 0.0237259 0 -0.875612 0 0 0 0 -0.851886
3 4 0.413913 0 -0.987345 0 0 0 0 -0.573431
4 5 0.0610483 0 -1.29599 0 0 0 0 -1.23494
5 6 0.207981 0 -1.39298 0 0 0 0 -1.185
6 7 0.265317 0 -1.41096 0 0 0 0 -1.14565
7 8 0.24749 0 -0.557167 0 0 0 0 -0.309677
8 9 0.000191363 0 -1.13509 0 0 0 0 -1.1349
9 10 0.618649 0 -1.10331 0 0 0 0 -0.484664
10 11 0.0168354 0 -1.32312 0 0 0 0 -1.30628
11 12 0.0377476 0 -0.942051 0 0 0 0 -0.904303
12 13 0.0273281 0 -1.13355 0 0 0 0 -1.10622
13 14 0.00133159 0 -1.40699 0 0 0 0 -1.40566
14 15 0.0622346 0 -1.10875 0 0 0 0 -1.04651
15 16 0.219523 0 -1.23313 0 0 0 0 -1.01361
16 17 0.197283 0 -1.27413 0 0 0 0 -1.07684
17 18 0.188474 0 -1.08307 0 0 0 0 -0.894597
18 19 0.231861 0 -1.33416 0 0 0 0 -1.1023
19 20 0.202994 0 -1.38203 0 0 0 0 -1.17904
20 21 0.0142785 0 -1.05459 0 0 0 0 -1.04031
21 22 0.141276 0 -1.29419 0 0 0 0 -1.15291
22 23 0.0409793 0 -1.32065 0 0 0 0 -1.27968
23 24 0.00195263 0 -1.24871 0 0 0 0 -1.24676
24 25 0.581192 0 -1.22473 0 0 0 0 -0.643538
26 27 0.0254935 0 -1.21143 0 0 0 0 -1.18594
27 28 0.0782166 0 -1.2242 0 0 0 0 -1.14599
28 29 0.65975 0 -1.08519 0 0 0 0 -0.425444
29 30 0.148097 0 -1.38945 0 0 0 0 -1.24135
30 31 0.324498 0 -1.36388 0 0 0 0 -1.03938
31 32 0.134625 0 -1.21421 0 0 0 0 -1.07958
32 33 0.163487 0 -1.1307 0 0 0 0 -0.967217
33 34 0.225286 0 -1.25216 0 0 0 0 -1.02688
34 35 0.211013 0 -1.30208 0 0 0 0 -1.09106
35 36 0.0696592 0 -1.27226 0 0 0 0 -1.2026
36 37 0.190793 0 -1.29113 0 0 0 0 -1.10034
37 38 0.126209 0 -1.33242 0 0 0 0 -1.20622
38 39 0.151105 0 -1.254 0 0 0 0 -1.1029
39 40 0.19714 0 -1.30421 0 0 0 0 -1.10707
40 41 0.220317 0 -1.26815 0 0 0 0 -1.04783
41 42 0.172041 0 -1.29736 0 0 0 0 -1.12532
42 43 1.45993e-05 0 -1.03007 0 0 0 0 -1.03005
43 44 0.0400382 0 -1.29306 0 0 0 0 -1.25302
44 45 0.100664 0 -1.40648 0 0 0 0 -1.30582
45 46 0.193188 0 -0.887155 0 0 0 0 -0.693968
46 47 0.100641 0 -1.38324 0 0 0 0 -1.2826
47 48 0.165914 0 -1.24285 0 0 0 0 -1.07694
48 49 0.0144875 0 -1.33764 0 0 0 0 -1.32316
49 50 0.00861902 0 -1.30164 0 0 0 0 -1.29302
50 51 0.0190406 0 -1.07026 0 0 0 0 -1.05122
51 52 0.171167 0 -0.761119 0 0 0 0 -0.589953
#Total energy per particle is  -0.98902 and should be -0.9890210

