
#id1 id2 FENE BEXC STCK NEXC HB CRSTCK CXSTCK total, t = 100
0 1 0.1157 0 -1.14325 0 0 0 0 -1.02755
1 2 0.341021 0 -1.08194 0 0 0 0 -0.740914
2 3 0.0719783 0 -0.885262 0 0 0 0 -0.813283
3 4 0.000692227 0 -1.36855 0 0 0 0 -1.36785
4 5 0.203615 0 -1.06074 0 0 0 0 -0.857129
5 6 0.0943625 0 -1.38359 0 0 0 0 -1.28923
6 7 0.158727 0 -1.29318 0 0 0 0 -1.13445
7 8 0.0666961 0 -1.37446 0 0 0 0 -1.30776
8 9 0.0900877 0 -1.31973 0 0 0 0 -1.22964
9 10 0.0684752 0 -1.27563 0 0 0 0 -1.20715
10 11 0.16954 0 -1.28516 0 0 0 0 -1.11562
11 12 2.03453 0 0 0 0 0 0 2.03453
12 13 1.942 0 0 0 0 0 0 1.942
13 14 0.178849 0 -1.12116 0 0 0 0 -0.942307
14 15 0.00584646 0 -1.21716 0 0 0 0 -1.21131
15 16 0.0549753 0 -1.10291 0 0 0 0 -1.04793
16 17 0.136765 0 -1.12073 0 0 0 0 -0.983961
17 18 0.186965 0 -1.16691 0 0 0 0 -0.979943
18 19 0.0165353 0 -1.19538 0 0 0 0 -1.17885
19 20 0.144341 0 -1.33915 0 0 0 0 -1.19481
20 21 0.28689 0 -1.28114 0 0 0 0 -0.994252
21 22 0.0591161 0 -1.1456 0 0 0 0 -1.08648
22 23 0.0567526 0 -1.37287 0 0 0 0 -1.31612
23 24 0.54142 0 -1.26384 0 0 0 0 -0.722425
24 25 0.0445159 0 -1.38419 0 0 0 0 -1.33967
26 27 0.00136774 0 -0.820819 0 0 0 0 -0.819451
27 28 0.0821557 0 -1.26508 0 0 0 0 -1.18293
28 29 0.199528 0 -1.16834 0 0 0 0 -0.968811
29 30 0.100736 0 -0.759983 0 0 0 0 -0.659247
30 31 0.190014 0 -1.33562 0 0 0 0 -1.14561
31 32 0.150302 0 -1.27711 0 0 0 0 -1.12681
32 33 0.396957 0 -1.34284 0 0 0 0 -0.945879
33 34 0.608161 0 -1.28602 0 0 0 0 -0.677857
34 35 0.157775 0 -1.36224 0 0 0 0 -1.20446
35 36 0.0382738 0 -1.16045 0 0 0 0 -1.12217
36 37 0.505858 0 -1.07607 0 0 0 0 -0.570211
37 38 0.085293 0 -1.44172 0 0 0 0 -1.35643
38 39 0.472931 0 -1.35976 0 0 0 0 -0.886833
39 40 0.039308 0 -1.38426 0 0 0 0 -1.34495
40 41 0.0854469 0 -1.12516 0 0 0 0 -1.03972
41 42 0.0863649 0 -1.29292 0 0 0 0 -1.20656
42 43 0.477967 0 -1.22084 0 0 0 0 -0.742878
43 44 0.263715 0 -1.07318 0 0 0 0 -0.809468
44 45 0.214694 0 -1.32417 0 0 0 0 -1.10948
45 46 0.0182833 0 -1.28058 0 0 0 0 -1.26229
46 47 0.477733 0 -1.20806 0 0 0 0 -0.730328
47 48 0.000901836 0 -1.39255 0 0 0 0 -1.39164
48 49 0.012407 0 -1.18213 0 0 0 0 -1.16972
49 50 0.564604 0 -1.37794 0 0 0 0 -0.813339
50 51 0.0478247 0 -1.33266 0 0 0 0 -1.28483
51 52 0.0042833 0 -1.2848 0 0 0 0 -1.28051
53 54 0.463285 0 -1.36104 0 0 0 0 -0.897759
54 55 0.155699 0 -1.39893 0 0 0 0 -1.24323
55 56 0.0685735 0 -1.3179 0 0 0 0 -1.24933
56 57 0.0167694 0 -1.3355 0 0 0 0 -1.31873
57 58 0.254901 0 -1.08666 0 0 0 0 -0.831761
58 59 0.337414 0 -1.37726 0 0 0 0 -1.03985
59 60 0.0637982 0 -0.654356 0 0 0 0 -0.590557
60 61 0.0124781 0 -1.37358 0 0 0 0 -1.3611
61 62 0.177211 0 -1.10712 0 0 0 0 -0.929911
62 63 0.184894 0 -1.266 0 0 0 0 -1.0811
63 64 0.0681979 0 -1.18043 0 0 0 0 -1.11223
64 65 0.00114436 0 -1.396 0 0 0 0 -1.39486
65 66 0.0581958 0 -1.40869 0 0 0 0 -1.35049
66 67 0.374147 0 -1.37492 0 0 0 0 -1.00077
67 68 0.393213 0 -1.32823 0 0 0 0 -0.935016
68 69 0.134525 0.0340055 -0.89971 0 0 0 0 -0.731179
69 70 0.172054 0 -1.28098 0 0 0 0 -1.10893
70 71 0.0961104 0 -1.16208 0 0 0 0 -1.06597
71 72 0.103459 0 -0.0370796 0 0 0 0 0.0663791
72 73 0.0845566 0 -1.04459 0 0 0 0 -0.960035
73 74 0.0415319 0 -0.99602 0 0 0 0 -0.954488
74 75 0.369067 0 -0.65723 0 0 0 0 -0.288163
75 76 0.00262785 0 -1.31443 0 0 0 0 -1.3118
76 77 0.673131 0 -0.811291 0 0 0 0 -0.13816
77 78 0.201033 0 -0 0 0 0 0 0.201033
76 79 0 0 0 0 -0 -0.00176517 -1.30307e-15 -0.00176517
78 79 0.703442 0 -0 0 0 0 0 0.703442
#Total energy per particle is  -0.873636 and should be -0.87363610

