t = 0
b =  30.0 30.0 30.0
E = 0. 0. 0.
6.08447677227 20.2652232314 2.07916189888 -0.289343142876 0.956639845562 0.0334776276572 0.736945632324 0.200302392058 0.645592818063 0.0 0.0 0.0 0.0 0.0 0.0
6.55365978744 20.526726467 2.06618275468 -0.592591445276 0.650918506655 0.474489701342 0.736945632324 0.200302392058 0.645592818063 0.0 0.0 0.0 0.0 0.0 0.0
6.88776156402 20.9366065966 2.16136355284 -0.670704350016 0.0979023442918 0.735235204443 0.736945632324 0.200302392058 0.645592818063 0.0 0.0 0.0 0.0 0.0 0.0
7.0689762629 21.3688035687 2.42414123899 -0.494005458605 -0.492308555507 0.716652560898 0.736945632324 0.200302392058 0.645592818063 0.0 0.0 0.0 0.0 0.0 0.0
7.13758240195 21.6887787901 2.85027989894 -0.12962563414 -0.895483204109 0.425801627677 0.736945632324 0.200302392058 0.645592818063 0.0 0.0 0.0 0.0 0.0 0.0
7.17664037362 21.8046285869 3.37348005332 0.28400113596 -0.958448811789 -0.0268184629229 0.736945632324 0.200302392058 0.645592818063 0.0 0.0 0.0 0.0 0.0 0.0
7.28043641317 21.7019999469 3.89056693823 0.589731126263 -0.657283691461 -0.469249771077 0.736945632324 0.200302392058 0.645592818063 0.0 0.0 0.0 0.0 0.0 0.0
7.51866168151 21.4495434688 4.30068832307 0.67141240192 -0.106405507549 -0.733405245762 0.736945632324 0.200302392058 0.645592818063 0.0 0.0 0.0 0.0 0.0 0.0
7.90993542799 21.1728318519 4.54362995905 0.498012880671 0.484897907685 -0.718927805699 0.736945632324 0.200302392058 0.645592818063 0.0 0.0 0.0 0.0 0.0 0.0
8.41473122629 21.0066527283 4.6226919791 0.135409939724 0.89198050073 -0.43131767242 0.736945632324 0.200302392058 0.645592818063 0.0 0.0 0.0 0.0 0.0 0.0
8.95039372461 21.0438005879 4.60343512215 -0.278637501258 0.960184788428 0.0201572558587 0.736945632324 0.200302392058 0.645592818063 0.0 0.0 0.0 0.0 0.0 0.0
9.42254079575 21.2998226002 4.58877311231 -0.586825896942 0.663598821569 0.463974105625 0.736945632324 0.200302392058 0.645592818063 0.0 0.0 0.0 0.0 0.0 0.0
9.76092088521 21.7071119848 4.67987401445 -0.672069323171 0.114900567615 0.731519435432 0.736945632324 0.200302392058 0.645592818063 0.0 0.0 0.0 0.0 0.0 0.0
9.94610275132 22.1405929574 4.93772479491 -0.501982377128 -0.477450333011 0.721148301365 0.736945632324 0.200302392058 0.645592818063 0.0 0.0 0.0 0.0 0.0 0.0
10.0168577188 22.4652391115 5.35996135335 -0.141183933316 -0.888409869582 0.436800870653 0.736945632324 0.200302392058 0.645592818063 0.0 0.0 0.0 0.0 0.0 0.0
10.0554298042 22.587372208 5.88176668401 0.273252647232 -0.961847643278 -0.0134945137415 0.736945632324 0.200302392058 0.645592818063 0.0 0.0 0.0 0.0 0.0 0.0
10.1562898391 22.4902521039 6.40049593983 0.583875978556 -0.669863416058 -0.458663106749 0.736945632324 0.200302392058 0.645592818063 0.0 0.0 0.0 0.0 0.0 0.0
10.3902444217 22.240436613 6.81467292604 0.672675063741 -0.123386877558 -0.729577917064 0.736945632324 0.200302392058 0.645592818063 0.0 0.0 0.0 0.0 0.0 0.0
10.7775353063 21.9624950795 7.0625426031 0.505913645683 0.469966398644 -0.723313878795 0.736945632324 0.200302392058 0.645592818063 0.0 0.0 0.0 0.0 0.0 0.0
11.2801492223 21.7916824013 7.14553285873 0.146947175206 0.884771582583 -0.442250804808 0.736945632324 0.200302392058 0.645592818063 0.0 0.0 0.0 0.0 0.0 0.0
11.8162597515 21.8225534333 7.12771202949 -0.267846983959 0.963437249706 0.00683074396477 0.736945632324 0.200302392058 0.645592818063 0.0 0.0 0.0 0.0 0.0 0.0
12.2913145523 22.0730400166 7.11144826854 -0.580881595754 0.676076997854 0.453317178901 0.736945632324 0.200302392058 0.645592818063 0.0 0.0 0.0 0.0 0.0 0.0
12.6339573751 22.4776383729 7.1985181728 -0.6732295775 0.131863791113 0.727580838514 0.736945632324 0.200302392058 0.645592818063 0.0 0.0 0.0 0.0 0.0 0.0
12.8231374945 22.9122950845 7.45144015208 -0.509806386956 -0.462446674517 0.725424373072 0.736945632324 0.200302392058 0.645592818063 0.0 0.0 0.0 0.0 0.0 0.0
12.896107232 23.241537062 7.86972264003 -0.152699226499 -0.881065916802 0.447667059852 0.736945632324 0.200302392058 0.645592818063 0.0 0.0 0.0 0.0 0.0 0.0
12.9342691759 23.3699400362 8.39005084836 0.2624209231 -0.964953486657 -0.000166454000476 0.736945632324 0.200302392058 0.645592818063 0.0 0.0 0.0 0.0 0.0 0.0
2.07182760196 9.01170915178 6.03813650534 -0.602978378288 0.721736190565 -0.339873427242 0.603600832183 0.691315853045 0.397175561579 0.0 0.0 0.0 0.0 0.0 0.0
2.42188098999 9.37550004026 5.85427808942 -0.79429871882 0.564500110895 0.22456440074 0.603600832183 0.691315853045 0.397175561579 0.0 0.0 0.0 0.0 0.0 0.0
2.59087396008 9.86796874679 5.72160913572 -0.683851696106 0.192801001158 0.703686458364 0.603600832183 0.691315853045 0.397175561579 0.0 0.0 0.0 0.0 0.0 0.0
2.60398291451 10.4043864476 5.74934553234 -0.313597980651 -0.252146432381 0.915466265446 0.603600832183 0.691315853045 0.397175561579 0.0 0.0 0.0 0.0 0.0 0.0
2.5456071994 10.8833273612 5.98576249297 0.175796850732 -0.601299220594 0.779445132505 0.603600832183 0.691315853045 0.397175561579 0.0 0.0 0.0 0.0 0.0 0.0
2.52730438193 11.2252020986 6.39985399609 0.598403519356 -0.722008381717 0.347299762098 0.603600832183 0.691315853045 0.397175561579 0.0 0.0 0.0 0.0 0.0 0.0
2.64540766553 11.4024950026 6.8931124909 0.793666686203 -0.568414487289 -0.216790594473 0.603600832183 0.691315853045 0.397175561579 0.0 0.0 0.0 0.0 0.0 0.0
2.94442729523 11.4502178063 7.33695356288 0.687402609562 -0.198870425757 -0.698518579657 0.603600832183 0.691315853045 0.397175561579 0.0 0.0 0.0 0.0 0.0 0.0
3.4001403714 11.4526080903 7.62156730265 0.31998278879 0.246227835457 -0.914867677823 0.603600832183 0.691315853045 0.397175561579 0.0 0.0 0.0 0.0 0.0 0.0
3.92879353435 11.5111260171 7.69763692647 -0.169003843271 0.59778002527 -0.783643249411 0.603600832183 0.691315853045 0.397175561579 0.0 0.0 0.0 0.0 0.0 0.0
4.41892226591 11.7059079194 7.59507504693 -0.593783089679 0.722225589135 -0.354699648732 0.603600832183 0.691315853045 0.397175561579 0.0 0.0 0.0 0.0 0.0 0.0
4.77369812349 12.0653211676 7.4116593713 -0.792974212794 0.572285576719 0.209000278763 0.603600832183 0.691315853045 0.397175561579 0.0 0.0 0.0 0.0 0.0 0.0
4.94771548431 12.5551869309 7.27588531579 -0.690901174647 0.204924705603 0.693297506057 0.603600832183 0.691315853045 0.397175561579 0.0 0.0 0.0 0.0 0.0 0.0
4.96424190063 13.0917652874 7.29814844861 -0.326343229 -0.24029048733 0.914199419484 0.603600832183 0.691315853045 0.397175561579 0.0 0.0 0.0 0.0 0.0 0.0
4.90637836764 13.5735694196 7.52880336786 0.162197965512 -0.594215306683 0.78778168885 0.603600832183 0.691315853045 0.397175561579 0.0 0.0 0.0 0.0 0.0 0.0
4.88548786598 13.9199221541 7.93903314787 0.589117441121 -0.722387796278 0.362072523614 0.603600832183 0.691315853045 0.397175561579 0.0 0.0 0.0 0.0 0.0 0.0
4.99888670357 14.1016065676 8.43179737103 0.792221351329 -0.576113084386 -0.201194046872 0.603600832183 0.691315853045 0.397175561579 0.0 0.0 0.0 0.0 0.0 0.0
5.29287242312 14.1519659855 8.87869940487 0.694347124933 -0.210963379639 -0.688023635167 0.603600832183 0.691315853045 0.397175561579 0.0 0.0 0.0 0.0 0.0 0.0
5.74513459164 14.1542362943 9.16876642944 0.33267881691 0.234334840152 -0.91346154132 0.603600832183 0.691315853045 0.397175561579 0.0 0.0 0.0 0.0 0.0 0.0
6.27323090695 14.2099232373 9.25060986691 -0.15537973575 0.5906053363 -0.791860135663 0.603600832183 0.691315853045 0.397175561579 0.0 0.0 0.0 0.0 0.0 0.0
6.7659084066 14.4002386852 9.15194876155 -0.584406928989 0.722494990793 -0.369417825272 0.603600832183 0.691315853045 0.397175561579 0.0 0.0 0.0 0.0 0.0 0.0
7.1253703284 14.7552468891 8.96907885129 -0.791408159141 0.579896718812 0.193372493276 0.603600832183 0.691315853045 0.397175561579 0.0 0.0 0.0 0.0 0.0 0.0
7.30443073543 15.2424425683 8.83028820695 -0.697740197998 0.216985987998 0.682697368613 0.603600832183 0.691315853045 0.397175561579 0.0 0.0 0.0 0.0 0.0 0.0
7.32444124236 15.7791002102 8.84711844928 -0.33898907004 -0.228361347469 0.912654099522 0.603600832183 0.691315853045 0.397175561579 0.0 0.0 0.0 0.0 0.0 0.0
7.26717918012 16.2637028759 9.0719882223 0.14854967322 -0.586950389034 0.795878279261 0.603600832183 0.691315853045 0.397175561579 0.0 0.0 0.0 0.0 0.0 0.0
7.24377902056 16.6145101818 9.47827847413 0.579651912006 -0.722547164518 0.376734994332 0.603600832183 0.691315853045 0.397175561579 0.0 0.0 0.0 0.0 0.0 0.0
7.35251053258 16.8006128389 9.97044547977 0.790534698158 -0.583636191857 -0.185536213616 0.603600832183 0.691315853045 0.397175561579 0.0 0.0 0.0 0.0 0.0 0.0
13.4178348353 19.0075754344 22.4985024705 0.941475103481 -0.331505499861 -0.0610633530609 0.29627601675 0.727414263175 0.618941848341 0.0 0.0 0.0 0.0 0.0 0.0
13.5840562259 19.041932143 23.0082819993 0.85690176281 0.0837650860768 -0.508628331149 0.29627601675 0.727414263175 0.618941848341 0.0 0.0 0.0 0.0 0.0 0.0
13.9456084002 19.0953831055 23.4021196841 0.446777115814 0.467211915336 -0.762956902422 0.29627601675 0.727414263175 0.618941848341 0.0 0.0 0.0 0.0 0.0 0.0
14.4090034322 19.2553350388 23.6220413189 -0.133085627195 0.673157126593 -0.727425390505 0.29627601675 0.727414263175 0.618941848341 0.0 0.0 0.0 0.0 0.0 0.0
14.8420615913 19.5687331603 23.6761463131 -0.66238691536 0.62335869087 -0.415532810832 0.29627601675 0.727414263175 0.618941848341 0.0 0.0 0.0 0.0 0.0 0.0
15.1241286322 20.024225915 23.6355305899 -0.94003633986 0.336735866484 0.0542276310149 0.29627601675 0.727414263175 0.618941848341 0.0 0.0 0.0 0.0 0.0 0.0
15.1919143599 20.5564776211 23.607276057 -0.860550242279 -0.0778185435028 0.503386089201 0.29627601675 0.727414263175 0.618941848341 0.0 0.0 0.0 0.0 0.0 0.0
15.0635376327 21.0709905877 23.6937683989 -0.454126720022 -0.462808387756 0.761299755934 0.29627601675 0.727414263175 0.618941848341 0.0 0.0 0.0 0.0 0.0 0.0
14.8316427055 21.4800063678 23.9537990442 0.124827135764 -0.671969587757 0.729982917133 0.29627601675 0.727414263175 0.618941848341 0.0 0.0 0.0 0.0 0.0 0.0
14.6282021277 21.7358466592 24.3802293183 0.656357075675 -0.625838306637 0.421333363451 0.29627601675 0.727414263175 0.618941848341 0.0 0.0 0.0 0.0 0.0 0.0
14.574378166 21.8490270889 24.902702546 0.938525988833 -0.341940589367 -0.0473877793249 0.29627601675 0.727414263175 0.618941848341 0.0 0.0 0.0 0.0 0.0 0.0
14.734491233 21.8842621505 25.4143737278 0.864133187514 0.0718660747455 -0.498105512454 0.29627601675 0.727414263175 0.618941848341 0.0 0.0 0.0 0.0 0.0 0.0
15.0915834873 21.9358790861 25.8125017424 0.461441740723 0.458369615525 -0.759584633521 0.29627601675 0.727414263175 0.618941848341 0.0 0.0 0.0 0.0 0.0 0.0
15.5538614008 22.09198139 26.0374824159 -0.116559138263 0.670730875836 -0.732484852736 0.29627601675 0.727414263175 0.618941848341 0.0 0.0 0.0 0.0 0.0 0.0
15.9895696552 22.4009768182 26.0954931442 -0.650277251859 0.628270262394 -0.427101829903 0.29627601675 0.727414263175 0.618941848341 0.0 0.0 0.0 0.0 0.0 0.0
16.2770471895 22.8531864724 26.0561459969 -0.936944165417 0.34711927215 0.040544318872 0.29627601675 0.727414263175 0.618941848341 0.0 0.0 0.0 0.0 0.0 0.0
16.3509482719 23.3845219756 26.0260409284 -0.867650325662 -0.0659081331084 0.492787003043 0.29627601675 0.727414263175 0.618941848341 0.0 0.0 0.0 0.0 0.0 0.0
16.2270684352 23.9008337179 26.1082666727 -0.468721620849 -0.453895936674 0.757811665798 0.29627601675 0.727414263175 0.618941848341 0.0 0.0 0.0 0.0 0.0 0.0
15.9963434903 24.313679867 26.3632356101 0.108282264333 -0.669441085161 0.734931006782 0.29627601675 0.727414263175 0.618941848341 0.0 0.0 0.0 0.0 0.0 0.0
15.7903014909 24.5739268998 26.7857320936 0.644147906912 -0.630654372938 0.432837770897 0.29627601675 0.727414263175 0.618941848341 0.0 0.0 0.0 0.0 0.0 0.0
15.7310930272 24.6904162484 27.3068939605 0.935290990076 -0.352271520457 -0.0336977708123 0.29627601675 0.727414263175 0.618941848341 0.0 0.0 0.0 0.0 0.0 0.0
15.8850841741 24.7266052928 27.8203744196 0.871101388879 0.0599451723117 -0.487430965994 0.29627601675 0.727414263175 0.618941848341 0.0 0.0 0.0 0.0 0.0 0.0
16.23764291 24.7764588411 28.2227449747 0.475965806008 0.449387691889 -0.755980987783 0.29627601675 0.727414263175 0.618941848341 0.0 0.0 0.0 0.0 0.0 0.0
16.6986980664 24.9287503279 28.4527896398 -0.0999971442889 0.668100313956 -0.737321192985 0.29627601675 0.727414263175 0.618941848341 0.0 0.0 0.0 0.0 0.0 0.0
17.1369588706 25.2333353024 28.5147619157 -0.637969507608 0.63299045671 -0.43854074962 0.29627601675 0.727414263175 0.618941848341 0.0 0.0 0.0 0.0 0.0 0.0
17.4297945055 25.6822104713 28.476768814 -0.933566588705 0.357396941923 0.0268486565369 0.29627601675 0.727414263175 0.618941848341 0.0 0.0 0.0 0.0 0.0 0.0
17.509823607 26.2125542844 28.4448958644 -0.874486114352 -0.0539776464581 0.48203780919 0.29627601675 0.727414263175 0.618941848341 0.0 0.0 0.0 0.0 0.0 0.0
