t = 0
b =  30.0 30.0 30.0
E = 0. 0. 0.
18.1922879821 23.4002297326 7.22968441543 0.235450613524 0.635580800352 -0.735255095062 0.496831506924 0.571488352699 0.653115239798 0.0 0.0 0.0 0.0 0.0 0.0
18.7066470594 23.5127925108 7.33668657797 -0.299070404062 0.819217723487 -0.489325264972 0.496831506924 0.571488352699 0.653115239798 0.0 0.0 0.0 0.0 0.0 0.0
19.1528330285 23.8120959948 7.33214703096 -0.719969574955 0.691620136879 -0.0574925856361 0.496831506924 0.571488352699 0.653115239798 0.0 0.0 0.0 0.0 0.0 0.0
19.4349019105 24.2690543107 7.31450204724 -0.867340267073 0.301264496999 0.396182488207 0.496831506924 0.571488352699 0.653115239798 0.0 0.0 0.0 0.0 0.0 0.0
19.5192605512 24.7946858782 7.38716687418 -0.685193890574 -0.203546562165 0.699341210963 0.496831506924 0.571488352699 0.653115239798 0.0 0.0 0.0 0.0 0.0 0.0
19.4474292231 25.2739190005 7.61924655217 -0.242730899215 -0.631026879245 0.736808515312 0.496831506924 0.571488352699 0.653115239798 0.0 0.0 0.0 0.0 0.0 0.0
19.3202673788 25.6093095258 8.0192817544 0.291949619 -0.818769534693 0.494349945913 0.496831506924 0.571488352699 0.653115239798 0.0 0.0 0.0 0.0 0.0 0.0
19.2596554594 25.7580615099 8.53200404236 0.715713595819 -0.695447954815 0.0640795669709 0.496831506924 0.571488352699 0.653115239798 0.0 0.0 0.0 0.0 0.0 0.0
19.3621904766 25.7482861108 9.05933326962 0.867566011494 -0.307914069632 -0.390535710816 0.496831506924 0.571488352699 0.653115239798 0.0 0.0 0.0 0.0 0.0 0.0
19.6624871935 25.6683216899 9.49763986932 0.689815594472 0.196601518652 -0.696779942656 0.496831506924 0.571488352699 0.653115239798 0.0 0.0 0.0 0.0 0.0 0.0
20.1200273968 25.6331725913 9.77711545916 0.249992700008 0.626424902999 -0.738305824741 0.496831506924 0.571488352699 0.653115239798 0.0 0.0 0.0 0.0 0.0 0.0
20.634553444 25.740817069 9.88829421303 -0.284806600844 0.81825899343 -0.499336980191 0.496831506924 0.571488352699 0.653115239798 0.0 0.0 0.0 0.0 0.0 0.0
21.0841578175 26.0349837101 9.88564908654 -0.711403112323 0.699222811697 -0.0706616683985 0.496831506924 0.571488352699 0.653115239798 0.0 0.0 0.0 0.0 0.0 0.0
21.3715978293 26.4885382131 9.86689663052 -0.867725687404 0.314540193418 0.384859192619 0.496831506924 0.571488352699 0.653115239798 0.0 0.0 0.0 0.0 0.0 0.0
21.4612397432 27.0137921631 9.93587283957 -0.694384766241 -0.189641503172 0.694165611858 0.496831506924 0.571488352699 0.653115239798 0.0 0.0 0.0 0.0 0.0 0.0
21.3925966279 27.4958173264 10.1630841217 -0.257235462889 -0.62177522207 0.739746909322 0.496831506924 0.571488352699 0.653115239798 0.0 0.0 0.0 0.0 0.0 0.0
21.2653166806 27.8361088083 10.5589207351 0.277641893562 -0.817686138576 0.504285988026 0.496831506924 0.571488352699 0.653115239798 0.0 0.0 0.0 0.0 0.0 0.0
21.2013252118 27.9900087093 11.0697093553 0.707038452724 -0.702944420054 0.0772383886665 0.496831506924 0.571488352699 0.653115239798 0.0 0.0 0.0 0.0 0.0 0.0
21.2985031805 27.9836724075 11.5981044686 0.867819282644 -0.321142363749 -0.379153365904 0.496831506924 0.571488352699 0.653115239798 0.0 0.0 0.0 0.0 0.0 0.0
21.593500582 27.9041316938 12.0400715602 0.698901057923 0.182667045758 -0.691498417662 0.496831506924 0.571488352699 0.653115239798 0.0 0.0 0.0 0.0 0.0 0.0
22.0478125016 27.866229939 12.3244115658 0.264458636294 0.617078190551 -0.741131659313 0.496831506924 0.571488352699 0.653115239798 0.0 0.0 0.0 0.0 0.0 0.0
22.5624077757 27.9689911771 12.4398105864 -0.270456042776 0.817051013757 -0.50919659253 0.496831506924 0.571488352699 0.653115239798 0.0 0.0 0.0 0.0 0.0 0.0
23.0153525864 28.2579992194 12.4391382276 -0.702619949411 0.706612496472 -0.0838092269322 0.496831506924 0.571488352699 0.653115239798 0.0 0.0 0.0 0.0 0.0 0.0
23.3081351574 28.7080796026 12.4193615529 -0.867846790086 0.327720077847 0.373418665193 0.496831506924 0.571488352699 0.653115239798 0.0 0.0 0.0 0.0 0.0 0.0
23.4030920254 29.2328637879 12.4847056747 -0.703364125582 -0.17567867754 0.688778563184 0.496831506924 0.571488352699 0.653115239798 0.0 0.0 0.0 0.0 0.0 0.0
23.3377170188 29.7176020131 12.7070568917 -0.271661670149 -0.612334166139 0.742459969258 0.496831506924 0.571488352699 0.653115239798 0.0 0.0 0.0 0.0 0.0 0.0
20.4685535056 24.8693422257 16.7858756305 0.517106399014 0.751358946282 -0.409952077614 0.564533085264 0.0606121610587 0.823181973548 0.0 0.0 0.0 0.0 0.0 0.0
20.9738714695 24.7474181074 16.9217923947 0.0416331709806 0.993939758451 -0.101737090797 0.564533085264 0.0606121610587 0.823181973548 0.0 0.0 0.0 0.0 0.0 0.0
21.4886797161 24.8520625882 17.0345181859 -0.449657194778 0.858906238598 0.245129517768 0.564533085264 0.0606121610587 0.823181973548 0.0 0.0 0.0 0.0 0.0 0.0
21.900988591 25.1524947732 17.2031212584 -0.770115274373 0.397559878555 0.498867324186 0.564533085264 0.0606121610587 0.823181973548 0.0 0.0 0.0 0.0 0.0 0.0
22.1377496649 25.543550745 17.4854411531 -0.797993685593 -0.214826126198 0.563077093528 0.564533085264 0.0606121610587 0.823181973548 0.0 0.0 0.0 0.0 0.0 0.0
22.192608053 25.8856370946 17.8961144889 -0.522700953913 -0.745596093907 0.413364460892 0.564533085264 0.0606121610587 0.823181973548 0.0 0.0 0.0 0.0 0.0 0.0
22.1283167422 26.0577647911 18.4010142667 -0.048825390748 -0.993101639839 0.106607758478 0.564533085264 0.0606121610587 0.823181973548 0.0 0.0 0.0 0.0 0.0 0.0
22.0528956821 26.0035149375 18.9302152863 0.44359975468 -0.863311269022 -0.240651013768 0.564533085264 0.0606121610587 0.823181973548 0.0 0.0 0.0 0.0 0.0 0.0
22.0785932 25.7524732531 19.4045598998 0.767493936712 -0.405534513309 -0.496482442414 0.564533085264 0.0606121610587 0.823181973548 0.0 0.0 0.0 0.0 0.0 0.0
22.2792409849 25.4089899635 19.765731325 0.799804340373 0.206311584185 -0.563691890443 0.564533085264 0.0606121610587 0.823181973548 0.0 0.0 0.0 0.0 0.0 0.0
22.6622041944 25.1125354061 19.9984091659 0.528255703111 0.739776461502 -0.416745364867 0.564533085264 0.0606121610587 0.823181973548 0.0 0.0 0.0 0.0 0.0 0.0
23.165583308 24.9847129163 20.1360898878 0.0560138922728 0.992187892691 -0.111470307567 0.564533085264 0.0606121610587 0.823181973548 0.0 0.0 0.0 0.0 0.0 0.0
23.6817307902 25.0830596879 20.2483609496 -0.437508532742 0.86765055495 0.236154183262 0.564533085264 0.0606121610587 0.823181973548 0.0 0.0 0.0 0.0 0.0 0.0
24.0981481885 25.3791874308 20.4144633649 -0.764814151416 0.41347826504 0.494059751582 0.564533085264 0.0606121610587 0.823181973548 0.0 0.0 0.0 0.0 0.0 0.0
24.340226177 25.7695675572 20.6931867162 -0.801554086956 -0.197781330747 0.564263760037 0.564533085264 0.0606121610587 0.823181973548 0.0 0.0 0.0 0.0 0.0 0.0
24.3995898861 26.1148634231 21.1005340093 -0.533770223592 -0.733900492256 0.420094532068 0.564533085264 0.0606121610587 0.823181973548 0.0 0.0 0.0 0.0 0.0 0.0
24.3372806559 26.2928666486 21.6036418641 -0.0631981281228 -0.991198586595 0.116324367759 0.564533085264 0.0606121610587 0.823181973548 0.0 0.0 0.0 0.0 0.0 0.0
24.2605654105 26.2449261252 22.1332658623 0.431383992836 -0.871923765929 -0.2316393687 0.564533085264 0.0606121610587 0.823181973548 0.0 0.0 0.0 0.0 0.0 0.0
24.2821841598 25.9982305519 22.6100876591 0.762076122561 -0.4213905288 -0.491599436187 0.564533085264 0.0606121610587 0.823181973548 0.0 0.0 0.0 0.0 0.0 0.0
24.4775181852 25.6554789942 22.974849349 0.803242792092 0.189236015495 -0.564792658762 0.564533085264 0.0606121610587 0.823181973548 0.0 0.0 0.0 0.0 0.0 0.0
24.8559514303 25.3558637923 23.2108665345 0.539244095404 0.727968633646 -0.423411707444 0.564533085264 0.0606121610587 0.823181973548 0.0 0.0 0.0 0.0 0.0 0.0
25.357305384 25.2221890633 23.3503670079 0.0703775511907 0.990133796888 -0.121169569401 0.564533085264 0.0606121610587 0.823181973548 0.0 0.0 0.0 0.0 0.0 0.0
25.8747019026 25.3142153645 23.4622468743 -0.425226601369 0.876130576538 0.227106913904 0.564533085264 0.0606121610587 0.823181973548 0.0 0.0 0.0 0.0 0.0 0.0
26.2951680041 25.6059556581 23.6258957688 -0.75928005866 0.429270702039 0.489101683592 0.564533085264 0.0606121610587 0.823181973548 0.0 0.0 0.0 0.0 0.0 0.0
26.5425561924 25.9955482218 23.9010354074 -0.804870327179 -0.180676289187 0.565278546339 0.564533085264 0.0606121610587 0.823181973548 0.0 0.0 0.0 0.0 0.0 0.0
26.6064741642 26.3439556197 24.3050303085 -0.54467690169 -0.721981337406 0.426696638379 0.564533085264 0.0606121610587 0.823181973548 0.0 0.0 0.0 0.0 0.0 0.0
