
#id1 id2 FENE BEXC STCK NEXC HB CRSTCK CXSTCK total, t = 100
0 1 0.0957057 0 -1.16707 0 0 0 0 -1.07137
1 2 0.0594334 0 -1.34812 0 0 0 0 -1.28869
2 3 0.0939947 0 -1.38049 0 0 0 0 -1.28649
3 4 0.414266 0 -1.19041 0 0 0 0 -0.776143
4 5 0.136791 0 -1.16893 0 0 0 0 -1.03214
5 6 0.105663 0 -1.36306 0 0 0 0 -1.2574
6 7 0.0885902 0 -1.32186 0 0 0 0 -1.23327
7 8 0.0888593 0 -1.40762 0 0 0 0 -1.31876
8 9 0.262914 0 -1.24252 0 0 0 0 -0.97961
9 10 0.244319 0 -1.27036 0 0 0 0 -1.02604
10 11 0.000215401 0 -1.2033 0 0 0 0 -1.20309
11 12 0.295923 0 -1.3271 0 0 0 0 -1.03118
12 13 0.0605931 0 -1.24932 0 0 0 0 -1.18873
13 14 0.502869 0 -1.17199 0 0 0 0 -0.669123
14 15 0.0816669 0 -1.1437 0 0 0 0 -1.06203
15 16 0.0271731 0 -0.88767 0 0 0 0 -0.860497
16 17 0.690795 0 -1.34703 0 0 0 0 -0.656231
17 18 0.0126126 0 -1.42372 0 0 0 0 -1.41111
18 19 0.00239316 0 -1.15519 0 0 0 0 -1.15279
19 20 0.00762347 0 -0.906362 0 0 0 0 -0.898739
20 21 0.00725957 0 -1.10343 0 0 0 0 -1.09617
21 22 0.00331815 0 -0.937239 0 0 0 0 -0.933921
22 23 0.258839 0 -1.29306 0 0 0 0 -1.03422
23 24 0.107641 0 -1.14494 0 0 0 0 -1.03729
24 25 0.117521 0 -1.14067 0 0 0 0 -1.02315
25 26 0.0975476 0 -1.29981 0 0 0 0 -1.20227
#Total energy per particle is  -1.02705 and should be -1.0270510

