t = 0
b =  30.0 30.0 30.0
E = 0. 0. 0.
18.4659290582 12.4854414835 26.559032467 0.676622878459 -0.412652355539 0.609835644919 0.3858203965 0.904100856017 0.183696118071 0.0 0.0 0.0 0.0 0.0 0.0
18.4727776089 12.8298446558 26.9713729263 0.915839392783 -0.399349424404 0.0419314184804 0.3858203965 0.904100856017 0.183696118071 0.0 0.0 0.0 0.0 0.0 0.0
18.688391778 13.0832161143 27.3932716538 0.80711320977 -0.234326970171 -0.541903254895 0.3858203965 0.904100856017 0.183696118071 0.0 0.0 0.0 0.0 0.0 0.0
19.0879874287 13.2831727325 27.6916435173 0.391751224152 0.0197202177681 -0.919859821596 0.3858203965 0.904100856017 0.183696118071 0.0 0.0 0.0 0.0 0.0 0.0
19.5768827832 13.4876245749 27.7803333055 -0.172443601252 0.266275365272 -0.948346262837 0.3858203965 0.904100856017 0.183696118071 0.0 0.0 0.0 0.0 0.0 0.0
20.0264696135 13.7527738953 27.6528475332 -0.671124219437 0.411668049623 -0.616540103322 0.3858203965 0.904100856017 0.183696118071 0.0 0.0 0.0 0.0 0.0 0.0
20.3230736567 14.1117629605 27.384821425 -0.91483352606 0.400661159199 -0.0505000505544 0.3858203965 0.904100856017 0.183696118071 0.0 0.0 0.0 0.0 0.0 0.0
20.411141369 14.5620827496 27.1052838287 -0.810982280931 0.237436395698 0.534725815735 0.3858203965 0.904100856017 0.183696118071 0.0 0.0 0.0 0.0 0.0 0.0
20.3143456447 15.0665261725 26.9476369989 -0.399025308377 -0.0159944242534 0.916800404487 0.3858203965 0.904100856017 0.183696118071 0.0 0.0 0.0 0.0 0.0 0.0
20.1265920889 15.5673236659 26.9989748501 0.164528050178 -0.263348695019 0.95056719149 0.3858203965 0.904100856017 0.183696118071 0.0 0.0 0.0 0.0 0.0 0.0
19.9763427073 16.008090816 27.2669945226 0.665574451708 -0.410652393591 0.623197609809 0.3858203965 0.904100856017 0.183696118071 0.0 0.0 0.0 0.0 0.0 0.0
19.9778110429 16.3552497401 27.6770721098 0.913757991222 -0.401942382096 0.059064836854 0.3858203965 0.904100856017 0.183696118071 0.0 0.0 0.0 0.0 0.0 0.0
20.1875705414 16.6107858855 28.1006135285 0.814789592652 -0.240527739525 -0.527507655134 0.3858203965 0.904100856017 0.183696118071 0.0 0.0 0.0 0.0 0.0 0.0
20.5830613531 16.8114937252 28.4039095606 0.406269005278 0.0122674127015 -0.913671169478 0.3858203965 0.904100856017 0.183696118071 0.0 0.0 0.0 0.0 0.0 0.0
21.0711611974 17.0149979219 28.4989342208 -0.156599969656 0.260401969742 -0.952715730771 0.3858203965 0.904100856017 0.183696118071 0.0 0.0 0.0 0.0 0.0 0.0
21.5235640736 17.2778607558 28.3767873002 -0.659973997907 0.409605464789 -0.629807657386 0.3858203965 0.904100856017 0.183696118071 0.0 0.0 0.0 0.0 0.0 0.0
21.8255258563 17.6340931684 28.1110757043 -0.912612870176 0.403192995524 -0.0676251251377 0.3858203965 0.904100856017 0.183696118071 0.0 0.0 0.0 0.0 0.0 0.0
21.9194575065 18.0822334369 27.829948959 -0.818534854991 0.243600766233 0.520249322782 0.3858203965 0.904100856017 0.183696118071 0.0 0.0 0.0 0.0 0.0 0.0
21.8268041107 18.5859025078 27.6674130632 -0.413481763223 -0.00853946693854 0.910472354872 0.3858203965 0.904100856017 0.183696118071 0.0 0.0 0.0 0.0 0.0 0.0
21.639897534 19.0876250069 27.7124193694 0.148659963441 -0.257435413847 0.95479171706 0.3858203965 0.904100856017 0.183696118071 0.0 0.0 0.0 0.0 0.0 0.0
21.4868780007 19.5306650953 27.9750704775 0.654323284531 -0.408527342945 0.636369742671 0.3858203965 0.904100856017 0.183696118071 0.0 0.0 0.0 0.0 0.0 0.0
21.4830114806 19.8805813631 28.3827820884 0.911398250126 -0.404412904245 0.0761802635062 0.3858203965 0.904100856017 0.183696118071 0.0 0.0 0.0 0.0 0.0 0.0
21.6868982204 20.1383116966 28.8078589928 0.822217782732 -0.246655241799 -0.512951371431 0.3858203965 0.904100856017 0.183696118071 0.0 0.0 0.0 0.0 0.0 0.0
22.0782095296 20.3398169599 29.116008616 0.42066303293 0.00481087086213 -0.907204204271 0.3858203965 0.904100856017 0.183696118071 0.0 0.0 0.0 0.0 0.0 0.0
22.5654109903 20.5424188615 29.2173610122 -0.140708636193 0.254449253249 -0.956794992264 0.3858203965 0.904100856017 0.183696118071 0.0 0.0 0.0 0.0 0.0 0.0
23.0205379131 20.8030224783 29.1006119599 -0.648622741903 0.407418110162 -0.642883365936 0.3858203965 0.904100856017 0.183696118071 0.0 0.0 0.0 0.0 0.0 0.0
