t = 0
b =  30.0 30.0 30.0
E = 0. 0. 0.
22.3187945318 10.5039659925 7.09958579679 -0.187046885895 0.847346236192 -0.49700887164 0.382363511062 0.528838789191 0.757712135613 0.0 0.0 0.0 0.0 0.0 0.0
22.7648656622 10.789667293 7.1894769289 -0.682113613563 0.714713595904 -0.154614016254 0.382363511062 0.528838789191 0.757712135613 0.0 0.0 0.0 0.0 0.0 0.0
23.0554489729 11.2382875803 7.24412379115 -0.918033975107 0.310549311159 0.246521288916 0.382363511062 0.528838789191 0.757712135613 0.0 0.0 0.0 0.0 0.0 0.0
23.13676641 11.7576975927 7.35496518895 -0.805177880798 -0.211597849003 0.553999034811 0.382363511062 0.528838789191 0.757712135613 0.0 0.0 0.0 0.0 0.0 0.0
23.034543524 12.2288738689 7.59209068418 -0.386421247718 -0.653355448602 0.651003285011 0.382363511062 0.528838789191 0.757712135613 0.0 0.0 0.0 0.0 0.0 0.0
22.8442359023 12.5511177499 7.9776123987 0.179143277989 -0.846892389756 0.50068050304 0.382363511062 0.528838789191 0.757712135613 0.0 0.0 0.0 0.0 0.0 0.0
22.6947639965 12.6803124841 8.47726424965 0.676648277272 -0.718680752756 0.160140827034 0.382363511062 0.528838789191 0.757712135613 0.0 0.0 0.0 0.0 0.0 0.0
22.6995340868 12.6456839181 9.01342020716 0.917083283063 -0.317430282083 -0.241239026575 0.382363511062 0.528838789191 0.757712135613 0.0 0.0 0.0 0.0 0.0 0.0
22.9133533403 12.5386971093 9.49458572097 0.809103016804 0.204417259905 -0.550968140686 0.382363511062 0.528838789191 0.757712135613 0.0 0.0 0.0 0.0 0.0 0.0
23.311607652 12.4783072213 9.85015802977 0.39373098698 0.648603267181 -0.651375246455 0.382363511062 0.528838789191 0.757712135613 0.0 0.0 0.0 0.0 0.0 0.0
23.7996129545 12.5657664685 10.0572493307 -0.171226027629 0.846374049186 -0.504314005682 0.382363511062 0.528838789191 0.757712135613 0.0 0.0 0.0 0.0 0.0 0.0
24.2485872787 12.8461567068 10.1493822381 -0.671131411595 0.722593179286 -0.16565544247 0.382363511062 0.528838789191 0.757712135613 0.0 0.0 0.0 0.0 0.0 0.0
24.5445771764 13.2912620831 10.2037539822 -0.916062751577 0.324287079462 0.235938392948 0.382363511062 0.528838789191 0.757712135613 0.0 0.0 0.0 0.0 0.0 0.0
24.6317505411 13.8102887093 10.3119078903 -0.812966536483 -0.197221103641 0.547895288205 0.382363511062 0.528838789191 0.757712135613 0.0 0.0 0.0 0.0 0.0 0.0
24.5336081583 14.2843587788 10.5449545467 -0.401010742103 -0.64380169211 0.651697603153 0.382363511062 0.528838789191 0.757712135613 0.0 0.0 0.0 0.0 0.0 0.0
24.3440553641 14.6116742323 10.9265556922 0.163295737744 -0.845791253955 0.507909102859 0.382363511062 0.528838789191 0.757712135613 0.0 0.0 0.0 0.0 0.0 0.0
24.1917258386 14.7461915428 11.4239347337 0.665563436663 -0.726450577548 0.171157442603 0.382363511062 0.528838789191 0.757712135613 0.0 0.0 0.0 0.0 0.0 0.0
24.1911115193 14.7151144213 11.9603291197 0.914972458366 -0.331119181124 -0.230619791699 0.382363511062 0.528838789191 0.757712135613 0.0 0.0 0.0 0.0 0.0 0.0
24.3990652007 14.6085586721 12.4441537168 0.816768145613 0.190009928227 -0.544780711376 0.382363511062 0.528838789191 0.757712135613 0.0 0.0 0.0 0.0 0.0 0.0
24.7932012066 14.545315692 12.8037955337 0.408259958706 0.638951089047 -0.651970330554 0.382363511062 0.528838789191 0.757712135613 0.0 0.0 0.0 0.0 0.0 0.0
25.280400083 14.6277216327 13.0148206932 -0.155353012256 0.845144048446 -0.511465520792 0.382363511062 0.528838789191 0.757712135613 0.0 0.0 0.0 0.0 0.0 0.0
25.7321862353 14.9027781859 13.1092572711 -0.659944776498 0.730252653785 -0.176646408434 0.382363511062 0.528838789191 0.757712135613 0.0 0.0 0.0 0.0 0.0 0.0
26.0335379551 15.3442958545 13.1634272946 -0.91381248646 0.337926066778 0.22528362786 0.382363511062 0.528838789191 0.757712135613 0.0 0.0 0.0 0.0 0.0 0.0
26.1265860898 15.8628437806 13.2689507283 -0.820507554686 -0.18278428282 0.541624647387 0.382363511062 0.528838789191 0.757712135613 0.0 0.0 0.0 0.0 0.0 0.0
26.0325995016 16.3397260237 13.4979375173 -0.415478084732 -0.634051827385 0.652193407892 0.382363511062 0.528838789191 0.757712135613 0.0 0.0 0.0 0.0 0.0 0.0
26.2275882319 25.4432024817 2.04735710356 0.751174999067 0.527790967623 -0.396450268346 0.293953999108 0.270291103477 0.916806285858 0.0 0.0 0.0 0.0 0.0 0.0
26.6357171431 25.3254116121 2.37635741505 0.261914063589 0.899691470568 -0.349222394875 0.293953999108 0.270291103477 0.916806285858 0.0 0.0 0.0 0.0 0.0 0.0
27.1035493734 25.4127054416 2.62575247065 -0.326852403617 0.929784141805 -0.169319094903 0.293953999108 0.270291103477 0.916806285858 0.0 0.0 0.0 0.0 0.0 0.0
27.496875588 25.7119435954 2.83655123323 -0.791442178007 0.606636272408 0.0749113600864 0.293953999108 0.270291103477 0.916806285858 0.0 0.0 0.0 0.0 0.0 0.0
27.7097925333 26.1494645067 3.0644260427 -0.955349836766 0.0530171407057 0.290681736928 0.293953999108 0.270291103477 0.916806285858 0.0 0.0 0.0 0.0 0.0 0.0
27.7049374531 26.5990706768 3.35856176326 -0.756304119939 -0.52074408915 0.396017261971 0.293953999108 0.270291103477 0.916806285858 0.0 0.0 0.0 0.0 0.0 0.0
27.5276828251 26.9299732154 3.74296963114 -0.269925823217 -0.89666593316 0.350899208136 0.293953999108 0.270291103477 0.916806285858 0.0 0.0 0.0 0.0 0.0 0.0
27.2888985971 27.0564807263 4.20736498455 0.319001806664 -0.931929397708 0.172468678408 0.293953999108 0.270291103477 0.916806285858 0.0 0.0 0.0 0.0 0.0 0.0
27.122830841 26.9705549017 4.71107457863 0.786735316768 -0.613137303038 -0.0714855857697 0.293953999108 0.270291103477 0.916806285858 0.0 0.0 0.0 0.0 0.0 0.0
27.1360994251 26.7448644096 5.19848903119 0.955574926518 -0.061404095835 -0.288281280738 0.293953999108 0.270291103477 0.916806285858 0.0 0.0 0.0 0.0 0.0 0.0
27.3671913438 26.5051768519 5.62018975674 0.761375645324 0.513657553998 -0.395554097348 0.293953999108 0.270291103477 0.916806285858 0.0 0.0 0.0 0.0 0.0 0.0
27.7718388648 26.3825775498 5.95172391334 0.277917026949 0.89357211117 -0.352549299064 0.293953999108 0.270291103477 0.916806285858 0.0 0.0 0.0 0.0 0.0 0.0
28.2398375808 26.4636680386 6.20289444614 -0.311126916489 0.934003683581 -0.175605127755 0.293953999108 0.270291103477 0.916806285858 0.0 0.0 0.0 0.0 0.0 0.0
28.6369149065 26.7576646964 6.41403578453 -0.781968542588 0.61959164089 0.0680543675489 0.293953999108 0.270291103477 0.916806285858 0.0 0.0 0.0 0.0 0.0 0.0
28.8557424782 27.1928972883 6.64069011815 -0.955727245541 0.0697863748047 0.285858870813 0.293953999108 0.270291103477 0.916806285858 0.0 0.0 0.0 0.0 0.0 0.0
28.8567119943 27.6440376865 6.93250599037 -0.766389189005 -0.506531901834 0.395060809749 0.293953999108 0.270291103477 0.916806285858 0.0 0.0 0.0 0.0 0.0 0.0
28.6829830706 27.9797141217 7.31437598659 -0.285887066223 -0.890410240205 0.354172541998 0.293953999108 0.270291103477 0.916806285858 0.0 0.0 0.0 0.0 0.0 0.0
28.4440861811 28.1124215147 7.77697962492 0.303228332795 -0.936006841456 0.178728204092 0.293953999108 0.270291103477 0.916806285858 0.0 0.0 0.0 0.0 0.0 0.0
28.2743101997 28.0317661187 8.28032436298 0.777142218476 -0.625998794438 -0.0646179667245 0.293953999108 0.270291103477 0.916806285858 0.0 0.0 0.0 0.0 0.0 0.0
28.2816838114 27.8084142778 8.7689394335 0.955806782233 -0.0781633392718 -0.283414691628 0.293953999108 0.270291103477 0.916806285858 0.0 0.0 0.0 0.0 0.0 0.0
28.5069336092 27.5672451012 9.19295011615 0.771344369183 0.499367675305 -0.39453743674 0.293953999108 0.270291103477 0.916806285858 0.0 0.0 0.0 0.0 0.0 0.0
28.9080113802 27.439906802 9.52702597767 0.29383533409 0.887180561052 -0.355768813321 0.293953999108 0.270291103477 0.916806285858 0.0 0.0 0.0 0.0 0.0 0.0
29.3760689249 27.5148013396 9.78000432701 -0.295306657089 0.937938718787 -0.181837669584 0.293953999108 0.270291103477 0.916806285858 0.0 0.0 0.0 0.0 0.0 0.0
29.7768113078 27.8034990376 9.99153277384 -0.772256711976 0.632358275755 0.0611766449917 0.293953999108 0.270291103477 0.916806285858 0.0 0.0 0.0 0.0 0.0 0.0
30.0015177489 28.2363428245 10.2170064388 -0.955813530539 0.086534351298 0.280948929316 0.293953999108 0.270291103477 0.916806285858 0.0 0.0 0.0 0.0 0.0 0.0
30.0083464656 28.6889121194 10.5065224211 -0.776240808501 -0.492165419995 0.393984018178 0.293953999108 0.270291103477 0.916806285858 0.0 0.0 0.0 0.0 0.0 0.0
29.8382310657 29.0292922915 10.8858470727 -0.301761225259 -0.883883319664 0.357337991472 0.293953999108 0.270291103477 0.916806285858 0.0 0.0 0.0 0.0 0.0 0.0
