t = 100
b = 30 30 30
E = -0.822870865170515 -1.00091987962423 0.178049014453716
13.0862012169962 20.2335448764448 2.74876800358725 0.918825126894744 -0.352084593172808 -0.178316309485488 0.348287547764857 0.510867091831666 0.78594559567737 0.671057380917777 0.0284336210536 0.243382271692448 0.0820909545839751 -0.060500373125139 -0.28644739378655
13.2701556780071 20.3038180624306 3.14237626060146 0.854857401844273 0.0483305785398646 -0.516607064886954 0.430429858650942 0.489928101883355 0.758090016604293 0.14227195541522 -0.0711363691511416 -0.0279591574245524 0.339723750151442 0.710712769005733 0.0897077216935013
13.5854509490325 20.2562748296518 3.43275552150964 0.339881809124794 0.812248297971555 -0.474060063055816 0.323509661874201 0.372331480573623 0.869891171491536 0.485905328493239 -0.0859286787043444 -0.0491419641367288 0.472021021406636 -0.20719430722255 0.140352344722662
13.9400617598165 20.4970024631882 3.68055765256334 -0.226998572032871 0.887488409590413 -0.401043457349426 0.413387153345825 0.460660191400955 0.785431813031882 0.148011514936525 0.299068605129835 -0.352974418555489 0.207873919002851 -0.104786481922907 0.443770651590167
14.1670689945562 20.7012924776695 4.00637559178768 -0.583064211413309 0.732446220490794 -0.351508949425551 0.261444981341153 0.578812916080651 0.772413108932379 -0.102260043898807 0.244670702017352 0.327582505873268 0.414121756848887 -0.0943386664849107 -0.472894271698375
14.4057252869651 21.0773313922776 4.11314033806839 -0.92218827637314 0.356070449542824 0.150938724927116 0.341815471453341 0.567849970151776 0.748804698433945 -0.279471055170657 -0.13207281808044 0.293881409622589 0.474905805109796 0.32367648321902 0.318134358164952
14.5269887533355 21.5503099369847 4.31264576565775 -0.888002534883712 -0.172222021752654 0.42636950427027 0.164632376645377 0.746682115251886 0.64448575613826 -0.175161708149722 -0.00543723368254376 0.22997213989251 0.34020981242144 0.100014906816598 -0.0543921767368687
14.372249622468 21.952482462034 4.4740908718829 -0.287843052297623 -0.623471664972164 0.726931457601743 0.171087405104697 0.713368211528833 0.679584269815164 -0.256500951106032 -0.142806059610987 -0.152902737281188 0.515467189525217 0.136373258164497 0.441043667404444
14.2614074954848 22.2587696219749 4.86610996029833 0.153293877086631 -0.863679178415704 0.480165747775586 0.0968465604215244 0.49670040929014 0.862501786502643 -0.234040145259012 -0.327906429739181 -0.226676144935059 0.445066671118264 -0.303919802229824 -0.287426861244567
14.0811030277021 22.3183889205661 5.33819871980364 0.491261574869261 -0.848972913242749 0.194697047804304 0.214931526507491 0.33477406923786 0.91745879816616 0.473848116221658 -0.555345174829255 0.403901121008768 0.329835237719023 0.33810303749391 0.0619505294875248
14.0481029021498 22.3976464414948 5.76864539241141 0.852544184798512 -0.441668743712862 -0.279458430881367 0.488127093750133 0.481729021874728 0.727783601743679 -0.00324583848100777 -0.112721759970402 -0.107300849447974 0.556992356170161 0.174998460308893 -0.110039557512821
14.2198228999853 22.254510171037 6.10360761158973 0.768021884424229 0.524104081287516 -0.368045089373428 0.198834478623987 0.351149217883712 0.914963912369208 0.433159286298558 0.0362001600169423 -0.229677420403957 0.302393212661627 -0.400907031083448 0.818341761616939
14.3918937322125 22.4485350332921 6.59965387899793 0.506715762775439 0.504229384823844 -0.699279446872629 0.447616375633176 0.539348317869833 0.713262122393063 -0.135333345710712 0.529848945364888 0.0313389323630377 0.328284400659859 -0.306451169668738 -0.528776607219266
14.7751097655583 22.5284799988065 6.85779502469678 -0.0660466608292827 0.878850040575476 -0.472504312751538 0.408227610159448 0.455893715377588 0.790892547583307 -0.0600600011856087 0.0328146121448531 -0.131286489139526 0.50725016608642 0.302248511536434 0.277080794076674
15.0715665793578 22.832012250408 7.11519281839915 -0.540215156130087 0.769254630692251 -0.341196103419956 0.422293611706944 0.598510367601125 0.680774067775013 -0.449692668258883 -0.0761842267126231 0.155260075304417 0.281754173424914 -0.200035166253057 -0.375946971685945
15.4020954063297 23.1406051520655 7.25193209529949 -0.905762221788513 0.377476767777008 0.192629094834588 0.391665519601614 0.572047174148713 0.720666381576477 -0.0907004598719779 -0.366848687043701 -0.544615570479593 0.491596815340156 -0.00978710457040198 -0.00822003544066821
15.5290469486522 23.535673226433 7.50104619315712 -0.850310170594795 -0.205378305943999 0.48455365682419 0.201480076278069 0.723531724580873 0.660232921352401 -0.148305308020676 -0.269609988209258 0.19808258029184 0.489291839651662 0.27092325701401 0.106757515854601
15.395527892218 23.9531949911475 7.71369669635277 -0.479398061624747 -0.614657163070581 0.626397598326807 -0.165133280840621 0.76419343933572 0.623489613446335 -0.600331267306624 -0.0781640252886845 0.475337525203216 0.597014846883435 -0.176322367340399 -0.130700653817529
15.2139997026439 24.2439502463418 8.07145961447566 0.0596595838901655 -0.795109388903126 0.603524377929255 0.0502962499188222 0.606227723140461 0.793699011645036 0.0402798876020755 -0.0496161143732478 0.480849792861449 0.829736708560184 0.124739590116861 0.328430524585076
15.0661939195182 24.403268998468 8.466038185641 0.713026451201708 -0.628058490430945 0.311665997679244 0.0704444411999381 0.506437937172444 0.859394019796967 -0.136156304334871 -0.310358319167518 0.0769657359054271 0.228331785163564 -0.340753936317994 -0.020803939944725
15.1058055237569 24.4841886715811 8.9448436678575 0.934038862493075 -0.33148983715498 -0.132987864482085 0.276263316555612 0.434513886411413 0.85724917292108 0.308438349612214 0.307600601266291 -0.165438490359029 0.604543926761938 -0.00210752604183767 0.0413222306565204
15.3035471769208 24.4154836269614 9.37794859487827 0.88250548164911 0.20774494333424 -0.421931267197357 0.359663925722531 0.279936720386097 0.890099535423226 0.618999987093496 -0.0210138455576087 0.171746245417985 0.28937413493033 0.293350743403981 0.204185200025995
15.6390062816638 24.4239434084339 9.74751246495434 0.481543932770281 0.672380180534548 -0.56215675269196 0.330138090266361 0.455013503995537 0.827025655220047 0.849867338488921 -0.160695835100788 0.133562251195641 0.550571551430845 -0.080514019981472 0.0373440875216875
15.9939056880667 24.5381898418478 10.1442107229081 0.136051027756088 0.814911753346989 -0.563390484680949 0.261859113457572 0.518873899977112 0.813756450923385 -0.164712332968845 0.0697263908022595 0.534122204431302 0.33601099845316 0.360150179340129 0.0624816488403978
16.4155496103768 24.8395461990394 10.3596743790297 -0.731516663357791 0.637037830384774 -0.243035094080437 0.391119949283693 0.684032949468112 0.615730458840815 -0.138985457336152 0.439032048599803 -0.0952239968878758 0.199057064665467 -0.142224711005671 0.110780542811825
