
#id1 id2 FENE BEXC STCK NEXC HB CRSTCK CXSTCK total, t = 100
0 1 0.0546657 0 -1.24906 0 0 0 0 -1.19439
1 2 9.60562e-05 0 -0.862435 0 0 0 0 -0.862339
2 3 0.0191232 0 -1.0328 0 0 0 0 -1.01367
3 4 0.00857214 0 -0.853947 0 0 0 0 -0.845375
4 5 0.428875 0 -1.30762 0 0 0 0 -0.878746
5 6 0.0250586 0 -1.42845 0 0 0 0 -1.40339
6 7 0.0969677 0 -1.19492 0 0 0 0 -1.09795
7 8 0.154414 0 -1.23106 0 0 0 0 -1.07664
8 9 0.125926 0 -1.31479 0 0 0 0 -1.18886
9 10 0.62633 0 -1.22082 0 0 0 0 -0.594495
10 11 0.0176525 0 -1.15553 0 0 0 0 -1.13788
11 12 0.107304 0 -1.16403 0 0 0 0 -1.05672
12 13 0.0947267 0 -1.39073 0 0 0 0 -1.296
13 14 0.141966 0 -0.764313 0 0 0 0 -0.622347
14 15 0.0904626 0 -1.24517 0 0 0 0 -1.15471
15 16 0.0992749 0 -1.16626 0 0 0 0 -1.06699
16 17 0.0289339 0 -1.24947 0 0 0 0 -1.22053
17 18 0.184083 0 -1.32568 0 0 0 0 -1.1416
18 19 0.176555 0 -1.21929 0 0 0 0 -1.04273
19 20 0.0146292 0 -1.27455 0 0 0 0 -1.25993
20 21 0.084738 0 -1.25465 0 0 0 0 -1.16991
21 22 6.01964e-05 0 -1.28721 0 0 0 0 -1.28715
22 23 0.779668 0 -1.34085 0 0 0 0 -0.561181
23 24 0.044844 0 -1.27195 0 0 0 0 -1.22711
#Total energy per particle is  -1.01603 and should be -1.0160310

