t = 0
b =  30.0 30.0 30.0
E = 0. 0. 0.
20.542535824 28.9052369518 4.6628091742 0.956417273031 -0.221152473895 -0.190676645497 0.287899767948 0.605085012522 0.7422842119 0.0 0.0 0.0 0.0 0.0 0.0
20.7465933395 28.8467859356 5.15639717162 0.803342473145 0.269331989961 -0.531131951614 0.287899767948 0.605085012522 0.7422842119 0.0 0.0 0.0 0.0 0.0 0.0
21.133772797 28.8497291549 5.52891362395 0.345064436541 0.657492727841 -0.669801349261 0.287899767948 0.605085012522 0.7422842119 0.0 0.0 0.0 0.0 0.0 0.0
21.5996097037 29.0025478623 5.74874883765 -0.244309348675 0.795860985721 -0.554002015842 0.287899767948 0.605085012522 0.7422842119 0.0 0.0 0.0 0.0 0.0 0.0
22.0097562866 29.3367831063 5.84229927441 -0.740865927694 0.63186834904 -0.227728054185 0.287899767948 0.605085012522 0.7422842119 0.0 0.0 0.0 0.0 0.0 0.0
22.2510224581 29.8150527605 5.88393909404 -0.955955154165 0.227818362283 0.185063602667 0.287899767948 0.605085012522 0.7422842119 0.0 0.0 0.0 0.0 0.0 0.0
22.274378622 30.3452536175 5.96776416773 -0.80786103485 -0.262783629225 0.527546502767 0.287899767948 0.605085012522 0.7422842119 0.0 0.0 0.0 0.0 0.0 0.0
22.1135828377 30.8155529379 6.17184348332 -0.35284700168 -0.653549726482 0.669605666359 0.287899767948 0.605085012522 0.7422842119 0.0 0.0 0.0 0.0 0.0 0.0
21.8723555682 31.1368755776 6.52855943163 0.236219506716 -0.796021355881 0.557270442091 0.287899767948 0.605085012522 0.7422842119 0.0 0.0 0.0 0.0 0.0 0.0
21.6849745427 31.2767451242 7.01230519475 0.735542275131 -0.636071163413 0.233218859808 0.287899767948 0.605085012522 0.7422842119 0.0 0.0 0.0 0.0 0.0 0.0
21.6652604019 31.2716222291 7.5492132043 0.955420235613 -0.234466901421 -0.179436466528 0.287899767948 0.605085012522 0.7422842119 0.0 0.0 0.0 0.0 0.0 0.0
21.863334334 31.2130525964 8.04521866566 0.812318074811 0.256215256498 -0.523920879212 0.287899767948 0.605085012522 0.7422842119 0.0 0.0 0.0 0.0 0.0 0.0
22.2465761967 31.2128872395 8.42179634612 0.360602696154 0.649556954782 -0.669358990393 0.287899767948 0.605085012522 0.7422842119 0.0 0.0 0.0 0.0 0.0 0.0
22.7120174554 31.3607884109 8.64579362365 -0.228111675727 0.796121105932 -0.560496430039 0.287899767948 0.605085012522 0.7422842119 0.0 0.0 0.0 0.0 0.0 0.0
23.1254606504 31.6901654134 8.74202572233 -0.730162608175 0.640225538503 -0.238691904912 0.287899767948 0.605085012522 0.7422842119 0.0 0.0 0.0 0.0 0.0 0.0
23.3724632559 32.1654818476 8.78384799376 -0.95481255811 0.241097584997 0.173795665607 0.287899767948 0.605085012522 0.7422842119 0.0 0.0 0.0 0.0 0.0 0.0
23.4018163087 32.6957564839 8.86528699264 -0.816713253604 -0.249627371987 0.520255357053 0.287899767948 0.605085012522 0.7422842119 0.0 0.0 0.0 0.0 0.0 0.0
23.2449995497 33.1691285529 9.06531821653 -0.368330929337 -0.645514716805 0.669061340149 0.287899767948 0.605085012522 0.7422842119 0.0 0.0 0.0 0.0 0.0 0.0
23.0042217438 33.4953555218 9.41786199396 0.219986473151 -0.796160228279 0.563679734014 0.287899767948 0.605085012522 0.7422842119 0.0 0.0 0.0 0.0 0.0 0.0
22.8135898613 33.6400977417 9.8988965845 0.72472733651 -0.64433115794 0.244146772704 0.287899767948 0.605085012522 0.7422842119 0.0 0.0 0.0 0.0 0.0 0.0
22.788159598 33.6379646538 10.4355844396 0.954132167935 -0.247709908058 -0.168141629473 0.287899767948 0.605085012522 0.7422842119 0.0 0.0 0.0 0.0 0.0 0.0
22.9802237924 33.5793660846 10.9339444049 0.821046236522 0.243020477385 -0.516550215434 0.287899767948 0.605085012522 0.7422842119 0.0 0.0 0.0 0.0 0.0 0.0
23.3594455022 33.5761640409 11.3145567323 0.376031112693 0.641423320383 -0.668712738293 0.287899767948 0.605085012522 0.7422842119 0.0 0.0 0.0 0.0 0.0 0.0
23.8243835161 33.7191744633 11.5427359701 -0.211844517753 0.796138719942 -0.566820111594 0.287899767948 0.605085012522 0.7422842119 0.0 0.0 0.0 0.0 0.0 0.0
24.2410315654 34.0436647319 11.6417085455 -0.719236874053 0.648387709065 -0.249583047773 0.287899767948 0.605085012522 0.7422842119 0.0 0.0 0.0 0.0 0.0 0.0
4.30891993527 8.17166680376 11.2391147857 0.488441976133 0.502633193929 -0.713291180594 0.539056909131 0.46899380676 0.699615936024 0.0 0.0 0.0 0.0 0.0 0.0
4.8161084347 8.15624736852 11.4157702956 -0.00669825628714 0.832992861274 -0.553243189231 0.539056909131 0.46899380676 0.699615936024 0.0 0.0 0.0 0.0 0.0 0.0
5.32177006641 8.33070868221 11.4663140031 -0.499293709155 0.846884613723 -0.183008860546 0.539056909131 0.46899380676 0.699615936024 0.0 0.0 0.0 0.0 0.0 0.0
5.71361768139 8.69821737025 11.4751408351 -0.802199134168 0.539030742263 0.256753594005 0.539056909131 0.46899380676 0.699615936024 0.0 0.0 0.0 0.0 0.0 0.0
5.92260397851 9.18859813294 11.5424946569 -0.800335696057 0.0263900797042 0.598971065503 0.539056909131 0.46899380676 0.699615936024 0.0 0.0 0.0 0.0 0.0 0.0
5.94915372852 9.68499451514 11.7463839519 -0.494411346115 -0.496276615353 0.713629414953 0.539056909131 0.46899380676 0.699615936024 0.0 0.0 0.0 0.0 0.0 0.0
5.86300239663 10.0682646273 12.1129450946 -0.000651859666571 -0.830399526935 0.557168018416 0.539056909131 0.46899380676 0.699615936024 0.0 0.0 0.0 0.0 0.0 0.0
5.77670247332 10.2622451411 12.6065127045 0.493355279168 -0.849039774695 0.189029176329 0.539056909131 0.46899380676 0.699615936024 0.0 0.0 0.0 0.0 0.0 0.0
5.8028629014 10.2626870115 13.1431695212 0.799928498986 -0.54511561686 -0.250925010244 0.539056909131 0.46899380676 0.699615936024 0.0 0.0 0.0 0.0 0.0 0.0
6.01136705601 10.13886976 13.6226279739 0.802595507948 -0.0340929223329 -0.595548590183 0.539056909131 0.46899380676 0.699615936024 0.0 0.0 0.0 0.0 0.0 0.0
6.4028228819 10.0072810257 13.9663311067 0.500343064759 0.489882243392 -0.71391330367 0.539056909131 0.46899380676 0.699615936024 0.0 0.0 0.0 0.0 0.0 0.0
6.90833192515 9.98736096422 14.1472976795 0.00800192597865 0.827742954457 -0.561050417099 0.539056909131 0.46899380676 0.699615936024 0.0 0.0 0.0 0.0 0.0 0.0
7.41566500768 10.1561249353 14.200372792 -0.487379278266 0.851130278 -0.195035096809 0.539056909131 0.46899380676 0.699615936024 0.0 0.0 0.0 0.0 0.0 0.0
7.81189996839 10.5189040799 14.2089896481 -0.797596946151 0.551158978792 0.245077317571 0.539056909131 0.46899380676 0.699615936024 0.0 0.0 0.0 0.0 0.0 0.0
8.02632268013 11.0073199312 14.2734718865 -0.804794199083 0.0417931686535 0.592080761532 0.539056909131 0.46899380676 0.699615936024 0.0 0.0 0.0 0.0 0.0 0.0
8.05729252887 11.5052625365 14.472918953 -0.506236680342 -0.483450565001 0.714142825124 0.539056909131 0.46899380676 0.699615936024 0.0 0.0 0.0 0.0 0.0 0.0
7.97286571039 11.8930025704 14.835154899 -0.0153513829131 -0.825023346149 0.564890089621 0.539056909131 0.46899380676 0.699615936024 0.0 0.0 0.0 0.0 0.0 0.0
7.88493954369 12.0926785065 15.3261575588 0.481366161546 -0.85315596444 0.201026164612 0.539056909131 0.46899380676 0.699615936024 0.0 0.0 0.0 0.0 0.0 0.0
7.90674080867 12.0978775137 15.862984139 0.795204653221 -0.557160367834 -0.239210961312 0.539056909131 0.46899380676 0.699615936024 0.0 0.0 0.0 0.0 0.0 0.0
8.10980899937 11.9760717975 16.3452825732 0.806931602024 -0.0494902322626 -0.588567843639 0.539056909131 0.46899380676 0.699615936024 0.0 0.0 0.0 0.0 0.0 0.0
8.49681727414 11.8429847814 16.6934169488 0.512091744041 0.476982069978 -0.714317961838 0.539056909131 0.46899380676 0.699615936024 0.0 0.0 0.0 0.0 0.0 0.0
9.00055687808 11.818625843 16.8787225226 0.0226996707803 0.822240909119 -0.568686743575 0.539056909131 0.46899380676 0.699615936024 0.0 0.0 0.0 0.0 0.0 0.0
9.50947087268 11.9816967458 16.9343959352 -0.475316386929 0.85511667975 -0.207001923493 0.539056909131 0.46899380676 0.699615936024 0.0 0.0 0.0 0.0 0.0 0.0
9.91003648193 12.3396915227 16.9428832529 -0.792751802377 0.563119326957 0.233326388212 0.539056909131 0.46899380676 0.699615936024 0.0 0.0 0.0 0.0 0.0 0.0
10.1298942929 12.8260493678 17.0045573282 -0.809007553999 0.0571835269988 0.585010104026 0.539056909131 0.46899380676 0.699615936024 0.0 0.0 0.0 0.0 0.0 0.0
10.1653388065 13.3254421997 17.199584475 -0.517907809972 -0.470477250923 0.714438700473 0.539056909131 0.46899380676 0.699615936024 0.0 0.0 0.0 0.0 0.0 0.0
19.5705652277 24.0213425633 2.36435687131 0.872918537363 0.100259380864 -0.477452912523 0.424157423139 0.327574728492 0.84426611779 0.0 0.0 0.0 0.0 0.0 0.0
19.9201829559 23.829911249 2.72464369891 0.565757004093 0.632105673706 -0.529491670934 0.424157423139 0.327574728492 0.84426611779 0.0 0.0 0.0 0.0 0.0 0.0
20.3987650111 23.782568443 2.96423288347 0.0436549260149 0.923804452865 -0.380367690928 0.424157423139 0.327574728492 0.84426611779 0.0 0.0 0.0 0.0 0.0 0.0
20.8872982079 23.945806891 3.11711724091 -0.495032388327 0.864534475193 -0.0867356657302 0.424157423139 0.327574728492 0.84426611779 0.0 0.0 0.0 0.0 0.0 0.0
21.2629887563 24.3061159999 3.25023020062 -0.845648621844 0.47681339615 0.239848689022 0.424157423139 0.327574728492 0.84426611779 0.0 0.0 0.0 0.0 0.0 0.0
21.4459136747 24.7751147374 3.43801667654 -0.874988805431 -0.0920570639855 0.475310516758 0.424157423139 0.327574728492 0.84426611779 0.0 0.0 0.0 0.0 0.0 0.0
21.4293848674 25.2231290643 3.73415019971 -0.571906112802 -0.625953506401 0.53019393241 0.424157423139 0.327574728492 0.84426611779 0.0 0.0 0.0 0.0 0.0 0.0
21.2824900437 25.5284572697 4.15114144645 -0.0515467261594 -0.92203974635 0.383647808769 0.424157423139 0.327574728492 0.84426611779 0.0 0.0 0.0 0.0 0.0 0.0
21.1238451421 25.623606486 4.65558522328 0.488396123567 -0.867827670978 0.0913474683282 0.424157423139 0.327574728492 0.84426611779 0.0 0.0 0.0 0.0 0.0 0.0
21.0765301523 25.5209343573 5.18085165838 0.842789120402 -0.483913354097 -0.235657302579 0.424157423139 0.327574728492 0.84426611779 0.0 0.0 0.0 0.0 0.0 0.0
21.221328969 25.3079541643 5.65240000395 0.876992439714 0.0838477366055 -0.473131924257 0.424157423139 0.327574728492 0.84426611779 0.0 0.0 0.0 0.0 0.0 0.0
21.5660382399 25.1140870655 6.01609791249 0.578011668647 0.619753670312 -0.530855817565 0.424157423139 0.327574728492 0.84426611779 0.0 0.0 0.0 0.0 0.0 0.0
22.0425052889 25.0614928354 6.25878722072 0.0594346008211 0.920204822938 -0.386898710345 0.424157423139 0.327574728492 0.84426611779 0.0 0.0 0.0 0.0 0.0 0.0
22.5325204569 25.2186593236 6.41328295575 -0.48172266555 0.871054778326 -0.0959523144627 0.424157423139 0.327574728492 0.84426611779 0.0 0.0 0.0 0.0 0.0 0.0
22.9127269283 25.574382776 6.54590635768 -0.839865437305 0.490976460168 0.231447969921 0.424157423139 0.327574728492 0.84426611779 0.0 0.0 0.0 0.0 0.0 0.0
23.1014860467 26.0420243278 6.73128833163 -0.878929287627 -0.0756320238958 0.470917300928 0.424157423139 0.327574728492 0.84426611779 0.0 0.0 0.0 0.0 0.0 0.0
23.0898932064 26.4924255575 7.02401591915 -0.584073206665 -0.613506637582 0.531477275995 0.424157423139 0.327574728492 0.84426611779 0.0 0.0 0.0 0.0 0.0 0.0
22.9451608603 26.8029779298 7.43789376846 -0.0673179493079 -0.918299822367 0.390120148085 0.424157423139 0.327574728492 0.84426611779 0.0 0.0 0.0 0.0 0.0 0.0
22.7850833855 26.9042038287 7.9406995178 0.475012522487 -0.87421555148 0.100549853457 0.424157423139 0.327574728492 0.84426611779 0.0 0.0 0.0 0.0 0.0 0.0
22.7332850301 26.8061522652 8.46642560939 0.836877795204 -0.498002176482 -0.227221011603 0.424157423139 0.327574728492 0.84426611779 0.0 0.0 0.0 0.0 0.0 0.0
22.8722529945 26.5945810898 8.94035666424 0.880799201672 0.0674105515146 -0.468666815423 0.424157423139 0.327574728492 0.84426611779 0.0 0.0 0.0 0.0 0.0 0.0
23.2119991646 26.3983761518 9.30745510377 0.590090265247 0.607212883946 -0.532058260372 0.424157423139 0.327574728492 0.84426611779 0.0 0.0 0.0 0.0 0.0 0.0
23.6862564293 26.3405854098 9.55327084611 0.0751961712722 0.916324889709 -0.393311876666 0.424157423139 0.327574728492 0.84426611779 0.0 0.0 0.0 0.0 0.0 0.0
24.1776546635 26.4916709552 9.70943113378 -0.468266205382 0.877309749736 -0.105139735191 0.424157423139 0.327574728492 0.84426611779 0.0 0.0 0.0 0.0 0.0 0.0
24.5623116015 26.8427392857 9.84162481551 -0.833826421618 0.504989968001 0.222976749526 0.424157423139 0.327574728492 0.84426611779 0.0 0.0 0.0 0.0 0.0 0.0
