
#id1 id2 FENE BEXC STCK NEXC HB CRSTCK CXSTCK total, t = 100
0 1 0.035315 0 -1.19565 0 0 0 0 -1.16034
1 2 0.171561 0 -1.16532 0 0 0 0 -0.993762
2 3 0.0942015 0 -1.1374 0 0 0 0 -1.0432
3 4 0.166905 0 -1.31812 0 0 0 0 -1.15121
4 5 0.202736 0 -1.3228 0 0 0 0 -1.12006
5 6 0.216808 0 -1.33269 0 0 0 0 -1.11588
6 7 0.0678419 0 -1.31599 0 0 0 0 -1.24815
7 8 0.10957 0 -1.1622 0 0 0 0 -1.05263
8 9 0.380818 0 -0.879376 0 0 0 0 -0.498558
9 10 0.0763219 0 -1.31957 0 0 0 0 -1.24325
10 11 0.03269 0 -0.751187 0 0 0 0 -0.718497
11 12 1.57093 0 0 0 0 0 0 1.57093
12 13 1.69431 0 0 0 0 0 0 1.69431
13 14 0.0169196 0 -1.11571 0 0 0 0 -1.09879
14 15 0.0653873 0 -1.38565 0 0 0 0 -1.32026
15 16 0.00060732 0 -1.23442 0 0 0 0 -1.23382
16 17 0.000657949 0 -0.796077 0 0 0 0 -0.795419
17 18 1.85713 0 0 0 0 0 0 1.85713
18 19 1.79467 0 0 0 0 0 0 1.79467
19 20 0.0221361 0 -0.956876 0 0 0 0 -0.93474
20 21 0.042894 0 -1.28916 0 0 0 0 -1.24627
21 22 0.0295351 0 -1.38626 0 0 0 0 -1.35672
22 23 0.0976961 0 -1.13951 0 0 0 0 -1.04181
23 24 0.133262 0 -1.1971 0 0 0 0 -1.06384
25 26 0.100757 0 -1.13756 0 0 0 0 -1.0368
26 27 0.59333 0 -1.20452 0 0 0 0 -0.61119
27 28 0.0129572 0 -1.24867 0 0 0 0 -1.23571
28 29 0.08018 0 -1.1195 0 0 0 0 -1.03932
29 30 0.0122705 0 -1.13062 0 0 0 0 -1.11835
30 31 1.69527 0 0 0 0 0 0 1.69527
31 32 1.8401 0 0 0 0 0 0 1.8401
32 33 0.0444943 0 -1.0165 0 0 0 0 -0.972001
33 34 0.00634763 0 -0.797879 0 0 0 0 -0.791531
34 35 0.0645013 0 -1.19885 0 0 0 0 -1.13434
35 36 0.0274002 0 -1.41058 0 0 0 0 -1.38318
36 37 1.93688 0 0 0 0 0 0 1.93688
37 38 0.942401 0 0 0 0 0 0 0.942401
38 39 0.0169072 0 -1.00272 0 0 0 0 -0.985817
39 40 0.0199689 0 -1.08349 0 0 0 0 -1.06352
40 41 0.0713562 0 -1.03649 0 0 0 0 -0.965133
41 42 0.121038 0 -1.24351 0 0 0 0 -1.12247
42 43 5.83798e-06 0 -1.07129 0 0 0 0 -1.07128
43 44 0.00571771 0 -0.212564 0 0 0 0 -0.206846
44 45 0.0096883 0 -0.0297775 0 0 0 0 -0.0200892
44 46 0 0 0 0 0 -0 -0.0193178 -0.0193178
45 46 1.00314 0 -0.251288 0 0 0 0 0.75185
46 47 0.0145751 0 -1.12332 0 0 0 0 -1.10875
47 48 0.193615 0 -1.22528 0 0 0 0 -1.03167
48 49 0.16581 0 -1.23585 0 0 0 0 -1.07004
49 50 0.0173088 0 -0.978793 0 0 0 0 -0.961484
51 52 0.192587 0 -1.18668 0 0 0 0 -0.99409
52 53 0.011783 0 -1.0383 0 0 0 0 -1.02652
53 54 0.0388583 0 -1.25502 0 0 0 0 -1.21616
54 55 0.565814 0 -1.31783 0 0 0 0 -0.752019
55 56 0.217552 0 -1.19168 0 0 0 0 -0.974125
56 57 0.152391 0 -1.26599 0 0 0 0 -1.1136
57 58 0.394534 0 -1.04465 0 0 0 0 -0.650121
58 59 0.252924 0 -1.35009 0 0 0 0 -1.09716
59 60 0.187637 0 -1.27 0 0 0 0 -1.08236
60 61 0.154946 0 -1.3015 0 0 0 0 -1.14655
61 62 0.193079 0 -1.33279 0 0 0 0 -1.13971
62 63 0.206838 0 -1.41062 0 0 0 0 -1.20378
63 64 0.107859 0 -1.1027 0 0 0 0 -0.994843
64 65 0.0296053 0 -1.26986 0 0 0 0 -1.24025
65 66 0.254041 0 -1.19742 0 0 0 0 -0.943381
66 67 0.283005 0 -0.930702 0 0 0 0 -0.647697
67 68 0.127341 0 -0.724147 0 0 0 0 -0.596806
68 69 0.0126001 0 -1.25184 0 0 0 0 -1.23924
69 70 0.0280221 0 -1.01929 0 0 0 0 -0.991266
70 71 0.000111258 0 -1.10148 0 0 0 0 -1.10137
71 72 0.0961776 0 -1.22949 0 0 0 0 -1.13331
72 73 0.23703 0 -0.545402 0 0 0 0 -0.308372
73 74 0.246502 0 -0.0610192 0 0 0 0 0.185483
74 75 0.153332 0 -0 0 0 0 0 0.153332
#Total energy per particle is  -0.625742 and should be -0.62574210

