t = 0
b =  30.0 30.0 30.0
E = 0. 0. 0.
15.2148197283 27.8440215164 0.0497503235245 0.9346195559 -0.145002397783 0.324746963598 0.00238976288066 0.915650455242 0.401968323191 0.0 0.0 0.0 0.0 0.0 0.0
15.1971515903 28.0524787973 0.544642737156 0.965618853995 0.102379693668 -0.238953190256 0.00238976288066 0.915650455242 0.401968323191 0.0 0.0 0.0 0.0 0.0 0.0
15.3995963004 28.2842735325 0.98506576355 0.629763405171 0.310866027797 -0.711871032048 0.00238976288066 0.915650455242 0.401968323191 0.0 0.0 0.0 0.0 0.0 0.0
15.7455955985 28.5869301886 1.26321776579 0.05465030964 0.401249160563 -0.914337166916 0.00238976288066 0.915650455242 0.401968323191 0.0 0.0 0.0 0.0 0.0 0.0
16.1040524364 28.9810516035 1.33294658206 -0.541225352228 0.339191028703 -0.76943132517 0.00238976288066 0.915650455242 0.401968323191 0.0 0.0 0.0 0.0 0.0 0.0
16.3391369383 29.452491624 1.22728350355 -0.931480453979 0.148268554068 -0.332205658787 0.00238976288066 0.915650455242 0.401968323191 0.0 0.0 0.0 0.0 0.0 0.0
16.3618904413 29.9577294661 1.04589413466 -0.967850557741 -0.0989836231765 0.231230491552 0.00238976288066 0.915650455242 0.401968323191 0.0 0.0 0.0 0.0 0.0 0.0
16.1640223793 30.4404039881 0.917213763605 -0.636518053019 -0.308630267058 0.706818312183 0.00238976288066 0.915650455242 0.401968323191 0.0 0.0 0.0 0.0 0.0 0.0
15.8210600071 30.8527262311 0.949652649048 -0.0633616979402 -0.401023112461 0.913874038643 0.00238976288066 0.915650455242 0.401968323191 0.0 0.0 0.0 0.0 0.0 0.0
15.4636543338 31.173635243 1.19040915035 0.533866825537 -0.341060572691 0.773733738664 0.00238976288066 0.915650455242 0.401968323191 0.0 0.0 0.0 0.0 0.0 0.0
15.2279436202 31.4167994866 1.60753828174 0.928270416215 -0.151523419128 0.339639055228 0.00238976288066 0.915650455242 0.401968323191 0.0 0.0 0.0 0.0 0.0 0.0
15.2038321772 31.625423962 2.10208814644 0.970008555919 0.0955800146992 -0.223490183752 0.00238976288066 0.915650455242 0.401968323191 0.0 0.0 0.0 0.0 0.0 0.0
15.400834215 31.8558359048 2.54569341673 0.643224227552 0.306371002929 -0.701711765367 0.00238976288066 0.915650455242 0.401968323191 0.0 0.0 0.0 0.0 0.0 0.0
15.7444592357 32.1560851274 2.82934346802 0.0720682610017 0.400766524896 -0.913341315325 0.00238976288066 0.915650455242 0.401968323191 0.0 0.0 0.0 0.0 0.0 0.0
16.1045122188 32.5476890919 2.90479733775 -0.52646764282 0.342904143596 -0.777977229338 0.00238976288066 0.915650455242 0.401968323191 0.0 0.0 0.0 0.0 0.0 0.0
16.3445568862 33.0174580667 2.80291127357 -0.924989687065 0.154766745093 -0.34704658684 0.00238976288066 0.915650455242 0.401968323191 0.0 0.0 0.0 0.0 0.0 0.0
16.3737501252 33.522506126 2.621915929 -0.972092684191 -0.0921691274338 0.215732856308 0.00238976288066 0.915650455242 0.401968323191 0.0 0.0 0.0 0.0 0.0 0.0
16.1813548064 34.0065442297 2.49009689581 -0.64988141807 -0.304088407463 0.696551780483 0.00238976288066 0.915650455242 0.401968323191 0.0 0.0 0.0 0.0 0.0 0.0
15.8408189978 34.4212653714 2.51705686291 -0.0807693357862 -0.400479417409 0.912739037528 0.00238976288066 0.915650455242 0.401968323191 0.0 0.0 0.0 0.0 0.0 0.0
15.4818718166 34.7446972174 2.75207572232 0.519028367554 -0.344721601023 0.782161474034 0.00238976288066 0.915650455242 0.401968323191 0.0 0.0 0.0 0.0 0.0 0.0
15.2412371681 34.9895497635 3.16538831435 0.921638516369 -0.157998284971 0.354427689511 0.00238976288066 0.915650455242 0.401968323191 0.0 0.0 0.0 0.0 0.0 0.0
15.2106900484 35.1983865955 3.65949270936 0.974102783841 0.0887512211325 -0.207959099972 0.00238976288066 0.915650455242 0.401968323191 0.0 0.0 0.0 0.0 0.0 0.0
15.402189689 35.4274542713 4.10619282099 0.656489117602 0.301782654486 -0.691338750485 0.00238976288066 0.915650455242 0.401968323191 0.0 0.0 0.0 0.0 0.0 0.0
15.7433360445 35.7253133126 4.39530224269 0.089464259673 0.400161811864 -0.912067251121 0.00238976288066 0.915650455242 0.401968323191 0.0 0.0 0.0 0.0 0.0 0.0
16.1048757809 36.1143892515 4.4765059058 -0.511549566268 0.346512806566 -0.786286154105 0.00238976288066 0.915650455242 0.401968323191 0.0 0.0 0.0 0.0 0.0 0.0
27.4266408279 9.23340304517 26.1550956024 0.751778839184 0.153347175612 -0.641337057004 0.41247356023 0.649466555725 0.638794767594 0.0 0.0 0.0 0.0 0.0 0.0
27.8540993434 9.24199227362 26.4805038764 0.307292767508 0.560928359976 -0.768720059587 0.41247356023 0.649466555725 0.638794767594 0.0 0.0 0.0 0.0 0.0 0.0
28.3516052549 9.37844513938 26.6306823886 -0.253938964205 0.755403482163 -0.604053459219 0.41247356023 0.649466555725 0.638794767594 0.0 0.0 0.0 0.0 0.0 0.0
28.7912257716 9.68709225267 26.6431668958 -0.718695037784 0.662888191804 -0.209896850458 0.41247356023 0.649466555725 0.638794767594 0.0 0.0 0.0 0.0 0.0 0.0
29.0670197317 10.1468447501 26.6078054094 -0.910406850568 0.318530594479 0.26400308108 0.41247356023 0.649466555725 0.638794767594 0.0 0.0 0.0 0.0 0.0 0.0
29.1352864217 10.6792063066 26.6326234335 -0.756239879631 -0.146842101236 0.63760382822 0.41247356023 0.649466555725 0.638794767594 0.0 0.0 0.0 0.0 0.0 0.0
29.0311682072 11.1780952015 26.8027832704 -0.314764734765 -0.556427027623 0.768968220851 0.41247356023 0.649466555725 0.638794767594 0.0 0.0 0.0 0.0 0.0 0.0
28.8552993616 11.550146538 27.1482294374 0.246294795423 -0.754616023251 0.608188729918 0.41247356023 0.649466555725 0.638794767594 0.0 0.0 0.0 0.0 0.0 0.0
28.7355734224 11.7501831282 27.6323122446 0.713782815001 -0.66611377514 0.216348172116 0.41247356023 0.649466555725 0.638794767594 0.0 0.0 0.0 0.0 0.0 0.0
28.7785542983 11.7983790624 28.1657116244 0.910092809348 -0.324543767024 -0.257686673421 0.41247356023 0.649466555725 0.638794767594 0.0 0.0 0.0 0.0 0.0 0.0
29.0289908587 11.7725952347 28.6403713188 0.760643329483 0.140325844266 -0.633822043435 0.41247356023 0.649466555725 0.638794767594 0.0 0.0 0.0 0.0 0.0 0.0
29.45281609 11.7787986876 28.9705512586 0.322212731469 0.551883321197 -0.769157822208 0.41247356023 0.649466555725 0.638794767594 0.0 0.0 0.0 0.0 0.0 0.0
29.9500897236 11.9108039609 29.1254016485 -0.238631870339 0.753771097408 -0.612277684691 0.41247356023 0.649466555725 0.638794767594 0.0 0.0 0.0 0.0 0.0 0.0
30.3929672148 12.2146313797 29.140683321 -0.708816234894 0.669288631333 -0.222783018023 0.41247356023 0.649466555725 0.638794767594 0.0 0.0 0.0 0.0 0.0 0.0
30.674270023 12.6710231629 29.1051815974 -0.909709461037 0.330532224305 0.251350641925 0.41247356023 0.649466555725 0.638794767594 0.0 0.0 0.0 0.0 0.0 0.0
30.7482045309 13.2027597772 29.1269752607 -0.764988853401 -0.13379890094 0.629991990648 0.41247356023 0.649466555725 0.638794767594 0.0 0.0 0.0 0.0 0.0 0.0
30.6477598057 13.7039969277 29.292375618 -0.329636190426 -0.54729758672 0.769288849219 0.41247356023 0.649466555725 0.638794767594 0.0 0.0 0.0 0.0 0.0 0.0
30.4721745004 14.0804775761 29.6331353927 0.230950772514 -0.752868768977 0.616320012148 0.41247356023 0.649466555725 0.638794767594 0.0 0.0 0.0 0.0 0.0 0.0
30.349234431 14.285341765 30.1143853336 0.703795675686 -0.672412518606 0.229200898141 0.41247356023 0.649466555725 0.638794767594 0.0 0.0 0.0 0.0 0.0 0.0
30.386724608 14.3369294991 30.6478816264 0.909256834828 -0.336495510278 -0.244995469104 0.41247356023 0.649466555725 0.638794767594 0.0 0.0 0.0 0.0 0.0 0.0
30.6314799091 14.311813071 31.1255311943 0.769276120455 0.127261768309 -0.626113961531 0.41247356023 0.649466555725 0.638794767594 0.0 0.0 0.0 0.0 0.0 0.0
31.0515917261 14.315705967 31.460458065 0.337034546311 0.542670173412 -0.769361291905 0.41247356023 0.649466555725 0.638794767594 0.0 0.0 0.0 0.0 0.0 0.0
31.5485305785 14.4433005461 31.620009005 -0.223252086894 0.751909106675 -0.620315404449 0.41247356023 0.649466555725 0.638794767594 0.0 0.0 0.0 0.0 0.0 0.0
31.9945791107 14.7422928297 31.638159029 -0.698721519712 0.675485199061 -0.235601323723 0.41247356023 0.649466555725 0.638794767594 0.0 0.0 0.0 0.0 0.0 0.0
32.2813540505 15.1952619858 31.6026037238 -0.908734965191 0.342433170814 0.23862163893 0.41247356023 0.649466555725 0.638794767594 0.0 0.0 0.0 0.0 0.0 0.0
32.3609828264 15.7262887938 31.6214422288 -0.773504804155 -0.120714944202 0.622188251412 0.41247356023 0.649466555725 0.638794767594 0.0 0.0 0.0 0.0 0.0 0.0
1.31286354731 3.62334260506 27.7443656714 0.417231964647 0.761252886066 -0.496398560768 0.143939300972 0.483964640364 0.863168410284 0.0 0.0 0.0 0.0 0.0 0.0
1.73222103993 3.74689343281 28.0567109746 -0.188193534868 0.869720573179 -0.456255759441 0.143939300972 0.483964640364 0.863168410284 0.0 0.0 0.0 0.0 0.0 0.0
2.10867981036 4.06869709257 28.2650527631 -0.722121164058 0.647766873589 -0.242773766912 0.143939300972 0.483964640364 0.863168410284 0.0 0.0 0.0 0.0 0.0 0.0
2.32053103872 4.53815923155 28.4180542639 -0.9817028898 0.179715708638 0.0629420386272 0.143939300972 0.483964640364 0.863168410284 0.0 0.0 0.0 0.0 0.0 0.0
2.30860306245 5.04858757197 28.5854034043 -0.868319274511 -0.356612458711 0.344745111358 0.143939300972 0.483964640364 0.863168410284 0.0 0.0 0.0 0.0 0.0 0.0
2.09874168025 5.47772609121 28.8313372037 -0.42504664931 -0.757457590754 0.495573752452 0.143939300972 0.483964640364 0.863168410284 0.0 0.0 0.0 0.0 0.0 0.0
1.79199090096 5.7342021288 29.1902370555 0.179708304364 -0.870531920053 0.458125639439 0.143939300972 0.483964640364 0.863168410284 0.0 0.0 0.0 0.0 0.0 0.0
1.5262046353 5.79224038782 29.6535666613 0.716189068648 -0.652876618407 0.246627936551 0.143939300972 0.483964640364 0.863168410284 0.0 0.0 0.0 0.0 0.0 0.0
1.42367369037 5.70145540113 30.173115113 0.98057763171 -0.187182573913 -0.0585678428324 0.143939300972 0.483964640364 0.863168410284 0.0 0.0 0.0 0.0 0.0 0.0
1.54466544745 5.56800214084 30.6793130231 0.872428358101 0.349625259937 -0.341512719521 0.143939300972 0.483964640364 0.863168410284 0.0 0.0 0.0 0.0 0.0 0.0
1.86452727621 5.51424596954 31.107663098 0.432828965026 0.753604612113 -0.494711204276 0.143939300972 0.483964640364 0.863168410284 0.0 0.0 0.0 0.0 0.0 0.0
2.28305248116 5.63227399329 31.4232437383 -0.171209388377 0.871276972551 -0.459960631396 0.143939300972 0.483964640364 0.863168410284 0.0 0.0 0.0 0.0 0.0 0.0
2.66255050065 5.94890963034 31.6339763382 -0.710202432667 0.657936644142 -0.250463324517 0.143939300972 0.483964640364 0.863168410284 0.0 0.0 0.0 0.0 0.0 0.0
2.88015785326 6.41552194613 31.7876158154 -0.979377698836 0.19463518451 0.0541891868697 0.143939300972 0.483964640364 0.863168410284 0.0 0.0 0.0 0.0 0.0 0.0
2.87451602861 6.92650135836 31.9536077195 -0.876471002895 -0.342611435844 0.338254320169 0.143939300972 0.483964640364 0.863168410284 0.0 0.0 0.0 0.0 0.0 0.0
2.66908261127 7.359382483 32.1967047065 -0.44057831914 -0.749694243564 0.493810981926 0.143939300972 0.483964640364 0.863168410284 0.0 0.0 0.0 0.0 0.0 0.0
2.36321935222 7.62137078123 32.5523659224 0.162697434132 -0.871955673934 0.46176059557 0.143939300972 0.483964640364 0.863168410284 0.0 0.0 0.0 0.0 0.0 0.0
2.0944429784 7.68459675615 33.0132854805 0.704161712022 -0.662946565455 0.254279638731 0.143939300972 0.483964640364 0.863168410284 0.0 0.0 0.0 0.0 0.0 0.0
1.98618028899 7.59670404062 33.5321680903 0.978103182559 -0.202072972884 -0.0498064041905 0.143939300972 0.483964640364 0.863168410284 0.0 0.0 0.0 0.0 0.0 0.0
2.10087625082 7.46274878456 34.0396973287 0.880446901028 0.335571520565 -0.334970161441 0.143939300972 0.483964640364 0.863168410284 0.0 0.0 0.0 0.0 0.0 0.0
2.41627011144 7.40528706718 34.4708701083 0.448294121509 0.745726782895 -0.492873153958 0.143939300972 0.483964640364 0.863168410284 0.0 0.0 0.0 0.0 0.0 0.0
2.83385263117 7.51781379341 34.7896924369 -0.154173089848 0.872567972517 -0.463525394887 0.143939300972 0.483964640364 0.863168410284 0.0 0.0 0.0 0.0 0.0 0.0
3.21629139022 7.82924241644 35.0028541371 -0.698067366736 0.66790600082 -0.258076588566 0.143939300972 0.483964640364 0.863168410284 0.0 0.0 0.0 0.0 0.0 0.0
3.43960567105 8.29292023337 35.1571872709 -0.976754179937 0.20949537262 0.0454198285608 0.143939300972 0.483964640364 0.863168410284 0.0 0.0 0.0 0.0 0.0 0.0
3.44026880583 8.80435252708 35.321873856 -0.884355749721 -0.328506050215 0.331660493439 0.143939300972 0.483964640364 0.863168410284 0.0 0.0 0.0 0.0 0.0 0.0
