t = 0
b =  30.0 30.0 30.0
E = 0. 0. 0.
27.8181473427 2.65617032294 7.24775569857 0.498776694594 0.652580859696 -0.570403392774 0.668182566318 0.129655812086 0.732612741127 0.0 0.0 0.0 0.0 0.0 0.0
28.3296505846 2.51843168032 7.33763117863 0.0803258659924 0.966370296565 -0.244287136724 0.668182566318 0.129655812086 0.732612741127 0.0 0.0 0.0 0.0 0.0 0.0
28.8594641103 2.60097717721 7.37182139818 -0.368642102076 0.91301950092 0.174637886831 0.668182566318 0.129655812086 0.732612741127 0.0 0.0 0.0 0.0 0.0 0.0
29.3052456572 2.89164549807 7.44582032953 -0.677556772199 0.512797332003 0.527215057389 0.668182566318 0.129655812086 0.732612741127 0.0 0.0 0.0 0.0 0.0 0.0
29.5965781165 3.29920598689 7.63999794981 -0.729056296418 -0.0822451168563 0.67949441308 0.668182566318 0.129655812086 0.732612741127 0.0 0.0 0.0 0.0 0.0 0.0
29.7217221701 3.68801869873 7.98906634292 -0.503575144457 -0.646041270757 0.5736224807 0.668182566318 0.129655812086 0.732612741127 0.0 0.0 0.0 0.0 0.0 0.0
29.7320762537 3.92956628258 8.46889199856 -0.0867773757888 -0.964395544662 0.249821777446 0.668182566318 0.129655812086 0.732612741127 0.0 0.0 0.0 0.0 0.0 0.0
29.7226494318 3.95127987167 9.00566453623 0.362988568782 -0.916359827317 -0.168890395857 0.668182566318 0.129655812086 0.732612741127 0.0 0.0 0.0 0.0 0.0 0.0
29.7959658655 3.7641092093 9.50393850285 0.674849087227 -0.520183690855 -0.523438284077 0.668182566318 0.129655812086 0.732612741127 0.0 0.0 0.0 0.0 0.0 0.0
30.0231141699 3.45836265822 9.88289469614 0.730323154559 0.0736189267706 -0.679123216755 0.668182566318 0.129655812086 0.732612741127 0.0 0.0 0.0 0.0 0.0 0.0
30.4167396603 3.16939754382 10.1070447308 0.508335245123 0.639452483273 -0.576797885053 0.668182566318 0.129655812086 0.732612741127 0.0 0.0 0.0 0.0 0.0 0.0
30.9262401859 3.02619564311 10.1997136694 0.0932222771521 0.962347350305 -0.255337393273 0.668182566318 0.129655812086 0.732612741127 0.0 0.0 0.0 0.0 0.0 0.0
31.4569907325 3.10236085117 10.2341784412 -0.357307392502 0.919630369366 0.163130043225 0.668182566318 0.129655812086 0.732612741127 0.0 0.0 0.0 0.0 0.0 0.0
31.9062930477 3.38815583087 10.3058287115 -0.672090009884 0.527530435705 0.519621648913 0.668182566318 0.129655812086 0.732612741127 0.0 0.0 0.0 0.0 0.0 0.0
32.2023924241 3.79420138999 10.495926753 -0.731534395765 -0.0649871303185 0.678700302568 0.668182566318 0.129655812086 0.732612741127 0.0 0.0 0.0 0.0 0.0 0.0
32.3317385118 4.18543313071 10.8407345498 -0.513056634092 -0.632814999008 0.579929364014 0.668182566318 0.129655812086 0.732612741127 0.0 0.0 0.0 0.0 0.0 0.0
32.3441333238 4.43241467249 11.3177372634 -0.0996600792781 -0.960225869471 0.260833564169 0.668182566318 0.129655812086 0.732612741127 0.0 0.0 0.0 0.0 0.0 0.0
32.3338106175 4.46051269711 11.8541969961 0.351599005881 -0.922830878002 -0.157357267609 0.668182566318 0.129655812086 0.732612741127 0.0 0.0 0.0 0.0 0.0 0.0
32.4036349156 4.27825139405 12.3547871348 0.669279750284 -0.534837007071 -0.515765442548 0.668182566318 0.129655812086 0.732612741127 0.0 0.0 0.0 0.0 0.0 0.0
32.6260215539 3.97407397841 12.7378085246 0.732689927794 0.0563503848448 -0.678225702726 0.668182566318 0.129655812086 0.732612741127 0.0 0.0 0.0 0.0 0.0 0.0
33.0154248843 3.68274163476 12.9662283441 0.517738951812 0.62612932343 -0.583016679108 0.668182566318 0.129655812086 0.732612741127 0.0 0.0 0.0 0.0 0.0 0.0
33.522846825 3.53413549009 13.0617494933 0.106090291903 0.958031263719 -0.266309871579 0.668182566318 0.129655812086 0.732612741127 0.0 0.0 0.0 0.0 0.0 0.0
34.0544520511 3.60391260213 13.0965652988 -0.345863843635 0.925961109494 0.151572508627 0.668182566318 0.129655812086 0.732612741127 0.0 0.0 0.0 0.0 0.0 0.0
34.5072176032 3.88476257821 13.1659320625 -0.666418522441 0.542102848527 0.511869958649 0.668182566318 0.129655812086 0.732612741127 0.0 0.0 0.0 0.0 0.0 0.0
34.8080730321 4.28918491567 13.3519795994 -0.733789662648 -0.0477093480712 0.67769945337 0.668182566318 0.129655812086 0.732612741127 0.0 0.0 0.0 0.0 0.0 0.0
3.54190103838 22.5729307723 9.15762227837 -0.499924007197 -0.186783104041 0.845687920614 0.763947750214 0.364897588821 0.532196941569 0.0 0.0 0.0 0.0 0.0 0.0
3.63913849655 23.0147706567 9.44746274385 -0.165722343664 -0.686143701234 0.708338143874 0.763947750214 0.364897588821 0.532196941569 0.0 0.0 0.0 0.0 0.0 0.0
3.69859954127 23.3002040628 9.89876891152 0.231440008957 -0.924826834618 0.301878863494 0.763947750214 0.364897588821 0.532196941569 0.0 0.0 0.0 0.0 0.0 0.0
3.81081734332 23.3748231628 10.4188883756 0.540674432705 -0.81215279125 -0.219269244273 0.763947750214 0.364897588821 0.532196941569 0.0 0.0 0.0 0.0 0.0 0.0
4.04628189931 23.2643120085 10.8890254086 0.644497599873 -0.390928324016 -0.657113300154 0.763947750214 0.364897588821 0.532196941569 0.0 0.0 0.0 0.0 0.0 0.0
4.42865970348 23.0646887304 11.2093734441 0.503465353425 0.178816349485 -0.845309026959 0.763947750214 0.364897588821 0.532196941569 0.0 0.0 0.0 0.0 0.0 0.0
4.92580245079 22.9058266449 11.3370332603 0.171158201718 0.680625702167 -0.712357721608 0.763947750214 0.364897588821 0.532196941569 0.0 0.0 0.0 0.0 0.0 0.0
5.46196071558 22.9021132095 11.3023111115 -0.226174812434 0.92385397114 -0.308769807833 0.763947750214 0.364897588821 0.532196941569 0.0 0.0 0.0 0.0 0.0 0.0
5.94656242475 23.108992316 11.1972048753 -0.537580233901 0.816094670463 0.212124918294 0.763947750214 0.364897588821 0.532196941569 0.0 0.0 0.0 0.0 0.0 0.0
6.30862270269 23.5019002283 11.1404525208 -0.644749936647 0.398287360102 0.652429841422 0.763947750214 0.364897588821 0.532196941569 0.0 0.0 0.0 0.0 0.0 0.0
6.52371221229 23.9855977568 11.2324215693 -0.506968358816 -0.170835977372 0.844865759748 0.763947750214 0.364897588821 0.532196941569 0.0 0.0 0.0 0.0 0.0 0.0
6.62323826854 24.4303532189 11.5169777942 -0.176581025413 -0.675055870817 0.716323050544 0.763947750214 0.364897588821 0.532196941569 0.0 0.0 0.0 0.0 0.0 0.0
6.68251267449 24.721229674 11.9648198811 0.220892391822 -0.922810752606 0.315637238155 0.763947750214 0.364897588821 0.532196941569 0.0 0.0 0.0 0.0 0.0 0.0
6.79213950811 24.8017513891 12.4846114863 0.53444509628 -0.819974400907 -0.204964438182 0.763947750214 0.364897588821 0.532196941569 0.0 0.0 0.0 0.0 0.0 0.0
7.02359311825 24.6953599136 12.9576814414 0.644953173216 -0.405616065063 -0.647696697631 0.763947750214 0.364897588821 0.532196941569 0.0 0.0 0.0 0.0 0.0 0.0
7.40206382451 24.4965082434 13.2831089139 0.510432756605 0.162842595438 -0.844358152738 0.763947750214 0.364897588821 0.532196941569 0.0 0.0 0.0 0.0 0.0 0.0
7.8968876937 24.3347765479 13.416064919 0.181990401779 0.669434631349 -0.720233828705 0.763947750214 0.364897588821 0.532196941569 0.0 0.0 0.0 0.0 0.0 0.0
8.4331962807 24.3256424976 13.3848436001 -0.2155931494 0.92169725846 -0.32248063148 0.763947750214 0.364897588821 0.532196941569 0.0 0.0 0.0 0.0 0.0 0.0
8.92036040251 24.5266093665 13.2801128111 -0.531269258597 0.823791687126 0.197788349234 0.763947750214 0.364897588821 0.532196941569 0.0 0.0 0.0 0.0 0.0 0.0
9.28642168011 24.9153595763 13.2204678825 -0.645107294104 0.41291388079 0.642914229228 0.763947750214 0.364897588821 0.532196941569 0.0 0.0 0.0 0.0 0.0 0.0
9.50543072972 25.3982335183 13.3073752727 -0.513858282963 -0.15483681241 0.843786244587 0.763947750214 0.364897588821 0.532196941569 0.0 0.0 0.0 0.0 0.0 0.0
9.60730576756 25.845812404 13.586623764 -0.187385918871 -0.663762411841 0.724089758273 0.763947750214 0.364897588821 0.532196941569 0.0 0.0 0.0 0.0 0.0 0.0
9.66646617929 26.1420866271 14.0309285384 0.210277488725 -0.920513573499 0.329299466656 0.763947750214 0.364897588821 0.532196941569 0.0 0.0 0.0 0.0 0.0 0.0
9.7735593512 26.2285297521 14.5502971366 0.528052962702 -0.827546238418 -0.190597197937 0.763947750214 0.364897588821 0.532196941569 0.0 0.0 0.0 0.0 0.0 0.0
10.0010222126 26.126333686 15.0262190975 0.645212287574 -0.420180251527 -0.638082800419 0.763947750214 0.364897588821 0.532196941569 0.0 0.0 0.0 0.0 0.0 0.0
10.3755612352 25.9283575183 15.356690064 0.517244677023 0.146819237959 -0.843150078845 0.763947750214 0.364897588821 0.532196941569 0.0 0.0 0.0 0.0 0.0 0.0
10.4289763339 2.56094717005 22.7768248463 0.243123484387 0.812697778948 -0.529540641909 0.508897989247 0.35788777965 0.782904319644 0.0 0.0 0.0 0.0 0.0 0.0
10.9455648645 2.63128871647 22.9067227255 -0.287274844486 0.927947472929 -0.237458735804 0.508897989247 0.35788777965 0.782904319644 0.0 0.0 0.0 0.0 0.0 0.0
11.3966690852 2.91315591855 22.9824918785 -0.70853265696 0.690654407491 0.144837714131 0.508897989247 0.35788777965 0.782904319644 0.0 0.0 0.0 0.0 0.0 0.0
11.6862632645 3.35245781454 23.0912767929 -0.86060706702 0.19097018552 0.47210789491 0.508897989247 0.35788777965 0.782904319644 0.0 0.0 0.0 0.0 0.0 0.0
11.7796820358 3.83529137034 23.3076787169 -0.685722463737 -0.38126680278 0.62001639319 0.508897989247 0.35788777965 0.782904319644 0.0 0.0 0.0 0.0 0.0 0.0
11.7167903499 4.23121514644 23.6654133972 -0.250320431811 -0.808654158264 0.532370297575 0.508897989247 0.35788777965 0.782904319644 0.0 0.0 0.0 0.0 0.0 0.0
11.5968381137 4.44280618172 24.1445019036 0.280182517294 -0.928820279046 0.242467825155 0.508897989247 0.35788777965 0.782904319644 0.0 0.0 0.0 0.0 0.0 0.0
11.5407534911 4.44267260517 24.6788609583 0.704239443677 -0.696112046772 -0.139552227887 0.508897989247 0.35788777965 0.782904319644 0.0 0.0 0.0 0.0 0.0 0.0
11.6452002719 4.28386026565 25.1814090783 0.860744031152 -0.198939209557 -0.468554056367 0.508897989247 0.35788777965 0.782904319644 0.0 0.0 0.0 0.0 0.0 0.0
11.9458536816 4.07969972706 25.5771502864 0.690237570319 0.373813959456 -0.619544365026 0.508897989247 0.35788777965 0.782904319644 0.0 0.0 0.0 0.0 0.0 0.0
12.4038467673 3.96075009228 25.831666337 0.257498316366 0.804548955435 -0.535159411183 0.508897989247 0.35788777965 0.782904319644 0.0 0.0 0.0 0.0 0.0 0.0
12.9205366022 4.02519741722 25.964192783 -0.273068853117 0.929622351903 -0.247458449643 0.508897989247 0.35788777965 0.782904319644 0.0 0.0 0.0 0.0 0.0 0.0
13.3749803835 4.30155218651 26.0403110676 -0.699892599834 0.701516674426 0.134256114201 0.508897989247 0.35788777965 0.782904319644 0.0 0.0 0.0 0.0 0.0 0.0
13.6698836247 4.73781770382 26.1470330377 -0.860815446293 0.206893083602 0.464964535617 0.508897989247 0.35788777965 0.782904319644 0.0 0.0 0.0 0.0 0.0 0.0
13.7685639577 5.22124450605 26.3597436883 -0.694700112638 -0.366332648751 0.61902515616 0.508897989247 0.35788777965 0.782904319644 0.0 0.0 0.0 0.0 0.0 0.0
13.7088873783 5.62116576946 26.7135611427 -0.264656591426 -0.800382483088 0.537907770329 0.508897989247 0.35788777965 0.782904319644 0.0 0.0 0.0 0.0 0.0 0.0
13.5888823204 5.83863982067 27.1899946903 0.265934393691 -0.930353630418 0.252430229212 0.508897989247 0.35788777965 0.782904319644 0.0 0.0 0.0 0.0 0.0 0.0
13.529497016 5.84403973255 27.7239697166 0.695492456459 -0.706867878869 -0.128949776391 0.508897989247 0.35788777965 0.782904319644 0.0 0.0 0.0 0.0 0.0 0.0
13.628649239 5.68830908921 28.2285506373 0.860821307004 -0.214831201937 -0.461339606018 0.508897989247 0.35788777965 0.782904319644 0.0 0.0 0.0 0.0 0.0 0.0
13.9240257059 5.48360766662 28.6279691803 0.699109750854 0.358823440397 -0.618458806132 0.508897989247 0.35788777965 0.782904319644 0.0 0.0 0.0 0.0 0.0 0.0
14.3787642626 5.36070005856 28.8864100189 0.271794711863 0.796155058516 -0.540615165716 0.508897989247 0.35788777965 0.782904319644 0.0 0.0 0.0 0.0 0.0 0.0
14.8954584323 5.41927602114 29.0216176136 -0.258779682331 0.931014058903 -0.257382785241 0.508897989247 0.35788777965 0.782904319644 0.0 0.0 0.0 0.0 0.0 0.0
15.3531637654 5.69007666774 29.0981547942 -0.691039348641 0.712165252587 0.123633618557 0.508897989247 0.35788777965 0.782904319644 0.0 0.0 0.0 0.0 0.0 0.0
15.6533466572 6.12321540608 29.2028742621 -0.860761612841 0.222752960045 0.457679543622 0.508897989247 0.35788777965 0.782904319644 0.0 0.0 0.0 0.0 0.0 0.0
15.7573189122 6.60713068867 29.4119217963 -0.703466149156 -0.351286906248 0.617845358071 0.508897989247 0.35788777965 0.782904319644 0.0 0.0 0.0 0.0 0.0 0.0
