
#id1 id2 FENE BEXC STCK NEXC HB CRSTCK CXSTCK total, t = 100
0 1 0.000830531 0 -1.11711 0 0 0 0 -1.11628
1 2 0.146751 0 -1.221 0 0 0 0 -1.07425
2 3 0.121674 0 -1.41697 0 0 0 0 -1.29529
3 4 0.205686 0 -0.997541 0 0 0 0 -0.791855
4 5 0.288827 0 -1.32592 0 0 0 0 -1.03709
5 6 0.322146 0 -1.16863 0 0 0 0 -0.846486
6 7 0.211566 0 -1.36813 0 0 0 0 -1.15656
7 8 0.474277 0 -1.20242 0 0 0 0 -0.728138
8 9 0.547363 0 -0.96725 0 0 0 0 -0.419887
9 10 0.0996532 0 -1.16168 0 0 0 0 -1.06203
10 11 0.238343 0 -1.14449 0 0 0 0 -0.90615
11 12 0.0304021 0 -1.15621 0 0 0 0 -1.12581
12 13 0.115438 0 -1.2849 0 0 0 0 -1.16946
13 14 0.173014 0 -1.15939 0 0 0 0 -0.986377
14 15 0.265705 0 -1.26011 0 0 0 0 -0.994406
15 16 0.337149 0 -1.25733 0 0 0 0 -0.92018
16 17 0.0138134 0 -1.35615 0 0 0 0 -1.34234
17 18 1.72039 0 0 0 0 0 0 1.72039
18 19 1.82017 0 0 0 0 0 0 1.82017
19 20 0.000947095 0 -1.21323 0 0 0 0 -1.21228
20 21 0.17191 0 -1.07456 0 0 0 0 -0.90265
21 22 0.203642 0 -1.19723 0 0 0 0 -0.993588
22 23 0.00403764 0 -1.25663 0 0 0 0 -1.25259
23 24 0.0206597 0 -1.33494 0 0 0 0 -1.31428
25 26 5.23562e-05 0 -1.36583 0 0 0 0 -1.36578
26 27 0.0224564 0 -0.922915 0 0 0 0 -0.900459
27 28 0.0268311 0 -0.888977 0 0 0 0 -0.862146
28 29 0.00580053 0 -1.14355 0 0 0 0 -1.13775
29 30 0.00819803 0 -1.18369 0 0 0 0 -1.17549
30 31 1.84797 0 0 0 0 0 0 1.84797
31 32 1.4215 0 0 0 0 0 0 1.4215
32 33 0.675031 0 -0.819554 0 0 0 0 -0.144523
33 34 0.0996467 0 -1.2156 0 0 0 0 -1.11596
34 35 0.0811917 0 -1.10493 0 0 0 0 -1.02374
35 36 0.165287 0 -0.546875 0 0 0 0 -0.381588
36 37 0.130268 0 -1.05313 0 0 0 0 -0.922865
37 38 0.0474123 0 -1.40983 0 0 0 0 -1.36242
38 39 0.00450654 0 -1.2145 0 0 0 0 -1.20999
39 40 0.4269 0 -1.0638 0 0 0 0 -0.636902
40 41 0.0667828 0 -1.13733 0 0 0 0 -1.07055
41 42 0.0440025 0 -1.36129 0 0 0 0 -1.31729
42 43 0.134704 0 -1.31314 0 0 0 0 -1.17844
41 44 0 0 0 0 -5.51404e-99 0 0 -5.51404e-99
43 44 1.06723 0 0 0 0 0 0 1.06723
44 45 1.34905 0 0 0 0 0 0 1.34905
45 46 0.0299572 0 -0.454155 0 0 0 0 -0.424197
46 47 0.0344537 0 -1.11723 0 0 0 0 -1.08278
47 48 0.00313235 0 -1.30533 0 0 0 0 -1.30219
48 49 0.184025 0 -1.09673 0 0 0 0 -0.912702
49 50 0.0566066 0 -1.3037 0 0 0 0 -1.24709
51 52 0.1736 0 -1.17758 0 0 0 0 -1.00398
52 53 0.176451 0 -1.20722 0 0 0 0 -1.03077
53 54 0.422927 0 -1.31523 0 0 0 0 -0.8923
54 55 0.47248 0 -1.33767 0 0 0 0 -0.86519
55 56 0.126827 0 -1.28576 0 0 0 0 -1.15893
56 57 0.484402 0 -1.3498 0 0 0 0 -0.8654
57 58 0.224612 0 -1.22575 0 0 0 0 -1.00114
58 59 0.0470307 0 -1.34367 0 0 0 0 -1.29664
59 60 0.227998 0 -1.24669 0 0 0 0 -1.01869
60 61 0.640952 0 -1.19196 0 0 0 0 -0.551012
61 62 0.00547409 0 -0.882262 0 0 0 0 -0.876788
62 63 0.0234178 0 -1.13562 0 0 0 0 -1.1122
63 64 0.0725247 0 -1.34116 0 0 0 0 -1.26864
64 65 0.0680365 0 -1.28979 0 0 0 0 -1.22175
65 66 0.283904 0 -1.20061 0 0 0 0 -0.916711
66 67 0.587884 0 -1.40396 0 0 0 0 -0.816077
67 68 0.260349 0 -1.40096 0 0 0 0 -1.14061
68 69 0.273226 0 -1.27495 0 0 0 0 -1.00172
69 70 0.460657 0 -1.2545 0 0 0 0 -0.793848
70 71 1.73943e-05 0 -1.13528 0 0 0 0 -1.13526
71 72 0.0927504 0 -1.121 0 0 0 0 -1.02825
72 73 0.0965249 0 -1.36564 0 0 0 0 -1.26911
73 74 3.80004e-05 0 -0.767659 0 0 0 0 -0.767621
74 75 1.45916 0 0 0 0 0 0 1.45916
#Total energy per particle is  -0.733816 and should be -0.73381610

