t = 0
b =  30.0 30.0 30.0
E = 0. 0. 0.
6.57514040735 7.82127024046 19.8164985706 -0.0192895566276 0.924236592645 -0.381332707515 0.277784112188 0.371341477065 0.885969240114 0.0 0.0 0.0 0.0 0.0 0.0
7.01912055112 8.04008987131 20.0255074298 -0.578806581786 0.800762398447 -0.154150971821 0.277784112188 0.371341477065 0.885969240114 0.0 0.0 0.0 0.0 0.0 0.0
7.33116171636 8.44144331608 20.1993775701 -0.918425309395 0.373065181046 0.131595295335 0.277784112188 0.371341477065 0.885969240114 0.0 0.0 0.0 0.0 0.0 0.0
7.43384780342 8.92783698061 20.4032448621 -0.909118906712 -0.196365735952 0.367346309637 0.277784112188 0.371341477065 0.885969240114 0.0 0.0 0.0 0.0 0.0 0.0
7.3293002071 9.36946906945 20.6908487569 -0.554423031711 -0.691194026802 0.463536319205 0.277784112188 0.371341477065 0.885969240114 0.0 0.0 0.0 0.0 0.0 0.0
7.09837186325 9.65354345813 21.0841157703 0.0109074224951 -0.923426150722 0.383621131193 0.277784112188 0.371341477065 0.885969240114 0.0 0.0 0.0 0.0 0.0 0.0
6.86992986671 9.7271228267 21.5648292327 0.572093964533 -0.804833241121 0.157961861638 0.277784112188 0.371341477065 0.885969240114 0.0 0.0 0.0 0.0 0.0 0.0
6.77189670738 9.61724043263 22.0815501063 0.915932444544 -0.380470727124 -0.127709760135 0.277784112188 0.371341477065 0.885969240114 0.0 0.0 0.0 0.0 0.0 0.0
6.8826503776 9.42062972434 22.5691595361 0.911792875299 0.188438977239 -0.364862308839 0.277784112188 0.371341477065 0.885969240114 0.0 0.0 0.0 0.0 0.0 0.0
7.20124726244 9.26697368684 22.9735985911 0.561247948364 0.685757563617 -0.463397566243 0.277784112188 0.371341477065 0.885969240114 0.0 0.0 0.0 0.0 0.0 0.0
7.64778063476 9.26963610755 23.2724061564 -0.00252445772015 0.922545386321 -0.385880340637 0.277784112188 0.371341477065 0.885969240114 0.0 0.0 0.0 0.0 0.0 0.0
8.09373855687 9.48259277809 23.4832522858 -0.565337780109 0.808842792626 -0.161760722048 0.277784112188 0.371341477065 0.885969240114 0.0 0.0 0.0 0.0 0.0 0.0
8.41082771422 9.87992518867 23.6572250535 -0.913369827891 0.387847298882 0.123814499343 0.277784112188 0.371341477065 0.885969240114 0.0 0.0 0.0 0.0 0.0 0.0
8.51971419056 10.3656674032 23.8594213403 -0.914397407328 -0.180497868168 0.362350522365 0.277784112188 0.371341477065 0.885969240114 0.0 0.0 0.0 0.0 0.0 0.0
8.42016374912 10.8102651231 24.1442154401 -0.568030123812 -0.680268877338 0.463223523763 0.277784112188 0.371341477065 0.885969240114 0.0 0.0 0.0 0.0 0.0 0.0
8.19113082309 11.0997955309 24.5346013566 -0.00585869930202 -0.921594366518 0.388110163799 0.277784112188 0.371341477065 0.885969240114 0.0 0.0 0.0 0.0 0.0 0.0
7.96076240637 11.1792484739 25.0134569972 0.558538543025 -0.812790747622 0.165547263752 0.277784112188 0.371341477065 0.885969240114 0.0 0.0 0.0 0.0 0.0 0.0
7.85771286811 11.0734257404 25.5300491418 0.91073765459 -0.395194334567 -0.119909809597 0.277784112188 0.371341477065 0.885969240114 0.0 0.0 0.0 0.0 0.0 0.0
7.96226600687 10.8775184459 26.0193078415 0.916932304455 0.172543013486 -0.359811141495 0.277784112188 0.371341477065 0.885969240114 0.0 0.0 0.0 0.0 0.0 0.0
8.27583389328 10.7209423367 26.4265475802 0.574769041567 0.674728385951 -0.463014205018 0.277784112188 0.371341477065 0.885969240114 0.0 0.0 0.0 0.0 0.0 0.0
8.7204204008 10.7181705844 26.7282432163 0.0142414101615 0.920573163736 -0.390310430869 0.277784112188 0.371341477065 0.885969240114 0.0 0.0 0.0 0.0 0.0 0.0
9.16825323821 10.9252435137 26.9409675774 -0.551696771068 0.816676805455 -0.169321198392 0.277784112188 0.371341477065 0.885969240114 0.0 0.0 0.0 0.0 0.0 0.0
9.4903267793 11.3184779465 27.115095166 -0.90803612509 0.402511274674 0.115995988255 0.277784112188 0.371341477065 0.885969240114 0.0 0.0 0.0 0.0 0.0 0.0
9.6054134571 11.803464837 27.3156640438 -0.919397373637 -0.164575018986 0.357244359614 0.277784112188 0.371341477065 0.885969240114 0.0 0.0 0.0 0.0 0.0 0.0
9.51092347466 12.2509368468 27.5976667846 -0.581464188434 -0.669136511385 0.462769625948 0.277784112188 0.371341477065 0.885969240114 0.0 0.0 0.0 0.0 0.0 0.0
25.206918377 25.954859361 17.6074666977 -0.0566893729938 0.994756410867 -0.0851234282046 0.132518156384 0.0920032275384 0.986901385322 0.0 0.0 0.0 0.0 0.0 0.0
25.6002575725 26.119810872 17.9342087649 -0.626170273828 0.779602960371 0.0114022959993 0.132518156384 0.0920032275384 0.986901385322 0.0 0.0 0.0 0.0 0.0 0.0
25.8508612344 26.4624729023 18.2635499857 -0.957758618627 0.268265310965 0.103596097317 0.132518156384 0.0920032275384 0.986901385322 0.0 0.0 0.0 0.0 0.0 0.0
25.883143789 26.8662860186 18.6165059403 -0.925478451339 -0.344990815234 0.156432009229 0.132518156384 0.0920032275384 0.986901385322 0.0 0.0 0.0 0.0 0.0 0.0
25.7044635015 27.1914584678 19.0051205762 -0.541593547213 -0.827179162787 0.149836785432 0.132518156384 0.0920032275384 0.986901385322 0.0 0.0 0.0 0.0 0.0 0.0
25.4023269479 27.3280754008 19.4278905121 0.0480518004609 -0.995108316699 0.0863160617114 0.132518156384 0.0920032275384 0.986901385322 0.0 0.0 0.0 0.0 0.0 0.0
25.1111438037 27.2378573617 19.870336197 0.619441465756 -0.784979183773 -0.00999757698084 0.132518156384 0.0920032275384 0.986901385322 0.0 0.0 0.0 0.0 0.0 0.0
24.9611623611 26.9687032929 20.3105029339 0.955494961701 -0.276623334779 -0.102512969027 0.132518156384 0.0920032275384 0.986901385322 0.0 0.0 0.0 0.0 0.0 0.0
25.0289860251 26.6364929263 20.7273018363 0.928539946673 0.336826343992 -0.156081970215 0.132518156384 0.0920032275384 0.986901385322 0.0 0.0 0.0 0.0 0.0 0.0
25.3084703992 26.3810621354 21.1085218487 0.548817081543 0.822310063245 -0.150352821367 0.132518156384 0.0920032275384 0.986901385322 0.0 0.0 0.0 0.0 0.0 0.0
25.7130576442 26.3130769493 21.4554689307 -0.0394105685973 0.99538444118 -0.0875021219159 0.132518156384 0.0920032275384 0.986901385322 0.0 0.0 0.0 0.0 0.0 0.0
26.108661249 26.4719896779 21.7824699012 -0.612665484818 0.79029562797 0.00859209660819 0.132518156384 0.0920032275384 0.986901385322 0.0 0.0 0.0 0.0 0.0 0.0
26.3646077371 26.8110503197 22.1114294405 -0.953158540135 0.284960292656 0.101422033979 0.132518156384 0.0920032275384 0.986901385322 0.0 0.0 0.0 0.0 0.0 0.0
26.4032817061 27.2150676692 22.4635081356 -0.931530730094 -0.32863622212 0.155720044955 0.132518156384 0.0920032275384 0.986901385322 0.0 0.0 0.0 0.0 0.0 0.0
26.2296132158 27.5441723816 22.8510832198 -0.555998821327 -0.817378341608 0.150857407352 0.132518156384 0.0920032275384 0.986901385322 0.0 0.0 0.0 0.0 0.0 0.0
25.9292047767 27.6869556752 23.2730462548 0.0307663354664 -0.995584763282 0.0886815184951 0.132518156384 0.0920032275384 0.986901385322 0.0 0.0 0.0 0.0 0.0 0.0
25.6358095248 27.6027953907 23.7152242447 0.605842847031 -0.795551888096 -0.00718596191411 0.132518156384 0.0920032275384 0.986901385322 0.0 0.0 0.0 0.0 0.0 0.0
25.4805161689 27.3372890284 24.1557641944 0.950749531856 -0.293275549704 -0.100323375249 0.132518156384 0.0920032275384 0.986901385322 0.0 0.0 0.0 0.0 0.0 0.0
25.5419461987 27.0049304952 24.5734354275 0.934450573845 0.320421073326 -0.15534626101 0.132518156384 0.0920032275384 0.986901385322 0.0 0.0 0.0 0.0 0.0 0.0
25.8163842662 26.7456119558 24.9556954756 0.563138219649 0.812384373445 -0.151350504962 0.132518156384 0.0920032275384 0.986901385322 0.0 0.0 0.0 0.0 0.0 0.0
26.2191897086 26.6714764598 25.3034551713 -0.0221197593599 0.99570926775 -0.0898541616332 0.132518156384 0.0920032275384 0.986901385322 0.0 0.0 0.0 0.0 0.0 0.0
26.6169529511 26.8243129228 25.630732608 -0.598974071966 0.800747563865 0.00577927998121 0.132518156384 0.0920032275384 0.986901385322 0.0 0.0 0.0 0.0 0.0 0.0
26.8781800351 27.1596798182 25.9593274317 -0.948268120319 0.301568472683 0.0992170765064 0.132518156384 0.0920032275384 0.986901385322 0.0 0.0 0.0 0.0 0.0 0.0
26.9232493713 27.5637892564 26.3105387912 -0.937299255566 -0.312181523228 0.154960646846 0.132518156384 0.0920032275384 0.986901385322 0.0 0.0 0.0 0.0 0.0 0.0
26.7546613126 27.8967369065 26.697073435 -0.570234732815 -0.807328539068 0.151832076645 0.132518156384 0.0920032275384 0.986901385322 0.0 0.0 0.0 0.0 0.0 0.0
26.4560882287 28.0456539908 27.1182182054 0.0134714987481 -0.995757945102 0.0910199620291 0.132518156384 0.0920032275384 0.986901385322 0.0 0.0 0.0 0.0 0.0 0.0
27.1969072119 23.6577933758 0.657575138146 0.801535493448 0.378271811139 -0.463088857176 0.148214984994 0.624607569381 0.76674487445 0.0 0.0 0.0 0.0 0.0 0.0
27.54983758 23.7039864877 1.06005675738 0.309599372848 0.707031340687 -0.635810436859 0.148214984994 0.624607569381 0.76674487445 0.0 0.0 0.0 0.0 0.0 0.0
27.9733411349 23.9113474159 1.31760536752 -0.299958725723 0.767177842975 -0.566977001395 0.148214984994 0.624607569381 0.76674487445 0.0 0.0 0.0 0.0 0.0 0.0
28.3284690888 24.2935865575 1.44591155236 -0.795557489349 0.535860656187 -0.282739523752 0.148214984994 0.624607569381 0.76674487445 0.0 0.0 0.0 0.0 0.0 0.0
28.5022496879 24.7979751526 1.50976725386 -0.98891066176 0.100961047001 0.108915426117 0.148214984994 0.624607569381 0.76674487445 0.0 0.0 0.0 0.0 0.0 0.0
28.4506080706 25.3253778215 1.59845023017 -0.806560140063 -0.372295351919 0.459191584636 0.148214984994 0.624607569381 0.76674487445 0.0 0.0 0.0 0.0 0.0 0.0
28.215111044 25.7679157533 1.79180594265 -0.31778393619 -0.704110522199 0.635013182878 0.148214984994 0.624607569381 0.76674487445 0.0 0.0 0.0 0.0 0.0 0.0
27.9071751592 26.0499516693 2.12991293014 0.291723698105 -0.768422332995 0.56958265609 0.148214984994 0.624607569381 0.76674487445 0.0 0.0 0.0 0.0 0.0 0.0
27.6657377005 26.1568256904 2.59785630201 0.790400622131 -0.54079765215 0.287758155339 0.148214984994 0.624607569381 0.76674487445 0.0 0.0 0.0 0.0 0.0 0.0
27.6044720885 26.1404248696 3.13139415445 0.988791135015 -0.107714901599 -0.103390479684 0.148214984994 0.624607569381 0.76674487445 0.0 0.0 0.0 0.0 0.0 0.0
27.7686014468 26.0994704337 3.64136414379 0.811523364001 0.366290540967 -0.455259342879 0.148214984994 0.624607569381 0.76674487445 0.0 0.0 0.0 0.0 0.0 0.0
28.1177175815 26.1420119381 4.0475577516 0.325944299056 0.701136082968 -0.634167570184 0.148214984994 0.624607569381 0.76674487445 0.0 0.0 0.0 0.0 0.0 0.0
28.5411327294 26.3443774346 4.30919284182 -0.283466454599 0.76960830468 -0.57214493486 0.148214984994 0.624607569381 0.76674487445 0.0 0.0 0.0 0.0 0.0 0.0
28.8999316901 26.7221751684 4.44040747615 -0.785183562845 0.545693464279 -0.292754873029 0.148214984994 0.624607569381 0.76674487445 0.0 0.0 0.0 0.0 0.0 0.0
29.0797480329 27.2243637446 4.50488862795 -0.988596307997 0.11446055329 0.0978576596662 0.148214984994 0.624607569381 0.76674487445 0.0 0.0 0.0 0.0 0.0 0.0
29.0342138162 27.7526436075 4.59167643636 -0.816424787292 -0.360257835572 0.451292431361 0.148214984994 0.624607569381 0.76674487445 0.0 0.0 0.0 0.0 0.0 0.0
28.8025755436 28.1988026854 4.78133636869 -0.334079840001 -0.69810824951 0.633273663175 0.148214984994 0.624607569381 0.76674487445 0.0 0.0 0.0 0.0 0.0 0.0
28.4947837609 28.4858279659 5.11535105247 0.275187624024 -0.770735667712 0.574663642577 0.148214984994 0.624607569381 0.76674487445 0.0 0.0 0.0 0.0 0.0 0.0
28.2497210058 28.5971640267 5.58036033166 0.779906708791 -0.550547719737 0.297729296301 0.148214984994 0.624607569381 0.76674487445 0.0 0.0 0.0 0.0 0.0 0.0
28.1824380094 28.5830027175 6.11323701331 0.988326195543 -0.121197488367 -0.0923173874084 0.148214984994 0.624607569381 0.76674487445 0.0 0.0 0.0 0.0 0.0 0.0
28.3404440005 28.541214437 6.62506994359 0.821264036675 0.354197695148 -0.447291152177 0.148214984994 0.624607569381 0.76674487445 0.0 0.0 0.0 0.0 0.0 0.0
28.6856571545 28.5801655322 7.03494284166 0.342189939472 0.695027252406 -0.632331529924 0.148214984994 0.624607569381 0.76674487445 0.0 0.0 0.0 0.0 0.0 0.0
29.108872516 28.7775481115 7.30067574759 -0.266887836847 0.771804336239 -0.577138587434 0.148214984994 0.624607569381 0.76674487445 0.0 0.0 0.0 0.0 0.0 0.0
29.4712507867 29.1508635135 7.43484989435 -0.774570461821 0.555360048855 -0.302681046335 0.148214984994 0.624607569381 0.76674487445 0.0 0.0 0.0 0.0 0.0 0.0
29.6570656963 29.6507732561 7.50002788708 -0.987980818222 0.127925193785 0.0867700848241 0.148214984994 0.624607569381 0.76674487445 0.0 0.0 0.0 0.0 0.0 0.0
