
#id1 id2 FENE BEXC STCK NEXC HB CRSTCK CXSTCK total, t = 100
0 1 0.366665 0 -1.29045 0 0 0 0 -0.923784
1 2 0.110882 0 -1.17189 0 0 0 0 -1.06101
2 3 0.156839 0 -1.07281 0 0 0 0 -0.915974
3 4 0.00694064 0 -0.684541 0 0 0 0 -0.6776
4 5 0.000733293 0 -1.37585 0 0 0 0 -1.37512
5 6 1.95079 0 0 0 0 0 0 1.95079
6 7 2.20185 0 0 0 0 0 0 2.20185
7 8 0.0472016 0 -1.09726 0 0 0 0 -1.05006
8 9 0.0966695 0 -1.39642 0 0 0 0 -1.29975
9 10 0.236661 0 -1.31569 0 0 0 0 -1.07903
10 11 0.128577 0 -1.06325 0 0 0 0 -0.934669
11 12 0.249074 0 -1.34008 0 0 0 0 -1.09101
12 13 0.202008 0 -1.13667 0 0 0 0 -0.934665
13 14 0.0825749 0 -1.18509 0 0 0 0 -1.10252
14 15 0.184075 0 -1.33267 0 0 0 0 -1.1486
15 16 0.27077 0 -0.988664 0 0 0 0 -0.717895
16 17 0.00107002 0 -1.1797 0 0 0 0 -1.17863
17 18 1.7167 0 0 0 0 0 0 1.7167
18 19 2.06475 0 0 0 0 0 0 2.06475
19 20 0.00325823 0 -1.21986 0 0 0 0 -1.2166
20 21 0.00428139 0 -1.22801 0 0 0 0 -1.22373
21 22 0.122475 0 -1.21374 0 0 0 0 -1.09126
22 23 0.322877 0 -0.929427 0 0 0 0 -0.60655
23 24 0.00867667 0 -1.04795 0 0 0 0 -1.03927
25 26 0.00462535 0 -0.72758 0 0 0 0 -0.722955
26 27 0.00251158 0 -1.2472 0 0 0 0 -1.24468
27 28 0.091698 0 -1.07481 0 0 0 0 -0.983109
28 29 0.0616006 0 -1.32014 0 0 0 0 -1.25854
29 30 0.00071832 0 -1.21323 0 0 0 0 -1.21251
30 31 1.96197 0 0 0 0 0 0 1.96197
31 32 1.74593 0 0 0 0 0 0 1.74593
32 33 0.0131353 0 -0.897257 0 0 0 0 -0.884122
33 34 0.0918679 0 -1.0844 0 0 0 0 -0.99253
34 35 0.000609738 0 -1.32892 0 0 0 0 -1.32831
35 36 0.0476892 0 -1.15821 0 0 0 0 -1.11052
36 37 0.0759419 0 -1.2973 0 0 0 0 -1.22136
37 38 0.380543 0 -1.2846 0 0 0 0 -0.904054
38 39 0.0605102 0 -1.1346 0 0 0 0 -1.07409
39 40 0.109441 0 -1.25938 0 0 0 0 -1.14994
40 41 0.246378 0 -1.2143 0 0 0 0 -0.96792
41 42 0.00418694 0 -1.33685 0 0 0 0 -1.33266
42 43 2.15972 0 0 0 0 0 0 2.15972
43 44 1.79075 0 0 0 0 0 0 1.79075
44 45 1.86721 0 0 0 0 0 0 1.86721
45 46 0.0728085 0 -0.442035 0 0 0 0 -0.369226
46 47 0.165712 0 -1.41337 0 0 0 0 -1.24766
47 48 0.0717864 0 -1.17833 0 0 0 0 -1.10654
48 49 0.334068 0 -1.32627 0 0 0 0 -0.992201
49 50 0.0315296 0 -1.06816 0 0 0 0 -1.03663
51 52 0.0500919 0 -1.35225 0 0 0 0 -1.30216
52 53 0.787697 0 -1.29322 0 0 0 0 -0.505521
53 54 0.105985 0 -1.23258 0 0 0 0 -1.12659
54 55 0.185079 0 -1.27045 0 0 0 0 -1.08538
55 56 0.131884 0 -1.33888 0 0 0 0 -1.20699
56 57 0.129512 0 -1.41906 0 0 0 0 -1.28955
57 58 0.057406 0 -1.05839 0 0 0 0 -1.00099
58 59 0.405219 0 -1.27708 0 0 0 0 -0.871865
59 60 0.460856 0 -1.31504 0 0 0 0 -0.854183
60 61 0.20963 0 -1.36279 0 0 0 0 -1.15316
61 62 0.108248 0 -1.13788 0 0 0 0 -1.02963
62 63 0.0593472 0 -0.877162 0 0 0 0 -0.817815
63 64 0.216953 0 -1.35542 0 0 0 0 -1.13847
64 65 0.0982617 0 -1.42399 0 0 0 0 -1.32573
65 66 0.0725401 0 -1.38911 0 0 0 0 -1.31657
66 67 0.30498 0 -1.30296 0 0 0 0 -0.997976
67 68 0.0775506 0 -1.33073 0 0 0 0 -1.25318
68 69 0.110483 0 -1.11855 0 0 0 0 -1.00807
69 70 0.167378 0 -1.1949 0 0 0 0 -1.02752
70 71 0.549593 0 -1.40697 0 0 0 0 -0.857373
71 72 0.0211015 0 -1.14623 0 0 0 0 -1.12513
72 73 0.0243881 0 -1.32821 0 0 0 0 -1.30383
73 74 0.0018566 0 -1.30101 0 0 0 0 -1.29915
74 75 1.91223 0 0 0 0 0 0 1.91223
#Total energy per particle is  -0.622792 and should be -0.62279210

