t = 100
b = 30 30 30
E = -0.343648394801363 -0.576891332528862 0.2332429377275
0.544621885426906 1.6072223467884 0.463171038849935 0.910080632850343 -0.382433135391003 0.159681022981613 0.302379623757411 0.876237159862375 0.375199791914753 0.397445355470742 -0.680491584393851 -0.156752997213067 0.158524017769792 -0.426131880523305 -0.870327172781564
0.711047364230745 1.96522878340227 0.730984488374266 0.86712184557434 -0.227181677208304 -0.443269760629277 0.391527193472322 0.861000825191516 0.324628890582458 0.354948325218818 0.00817203581539505 -0.0266344416642662 0.0338020835500512 0.561458481411664 -0.232896577840316
1.03907977060194 2.24826447404192 0.978123204607407 0.347901681193671 0.0122965416142777 -0.937450317921891 0.496531664586166 0.845747672736175 0.195363921902037 -0.0609577244256978 0.0971155051707841 -0.369813726637481 0.0598372443530481 0.164900341884264 -0.479756097144535
1.44175759623352 2.51590868709564 1.03275148366202 -0.29041950925207 0.280228293007545 -0.914947262745677 0.446742664262844 0.885264756266164 0.129333624014922 0.0305791476056482 0.128611197029209 -0.0491787437009967 0.535372994798008 0.243722767892173 -0.170879378755975
1.78611812761003 2.80101720948055 0.890857883657854 -0.754163280672244 0.477285309842058 -0.451039199944614 0.41636230561448 0.878671651892153 0.233620291381163 -0.0658693426922751 0.0603694191354865 -0.290945018151348 0.534344692733972 -0.274585112295122 -0.23772808177744
2.06958896482074 3.15518602676632 0.751300424428502 -0.921364960320472 0.35994676849925 0.146713375585562 0.388587028240628 0.862004991939419 0.325495616171337 -0.272014151143306 -0.0255517193260704 -0.182032332071339 0.276887476376711 0.0282787802159825 0.223969242817142
2.13879775907139 3.61327281987816 0.710093865050571 -0.725312703625438 0.0540775331054408 0.686292199813316 0.334013860934279 0.899350983457812 0.282139027021764 -0.185043721818305 0.249098581686212 0.0376456937370462 0.221976614745642 -0.0756180858304517 -0.0623886820418706
2.08625931692446 4.05872180828422 0.748474985415056 -0.263059794374123 -0.226532348038731 0.937807294066071 0.292618822696506 0.907520736037844 0.301297560769631 -0.343868966714792 0.230344855264104 0.315164520397837 0.59170840239364 0.0638240252612742 -0.054539038287993
1.89615984271963 4.48909472832205 0.856581138863989 0.30108120086766 -0.338408398506911 0.891532246820061 0.153125773748759 0.939938623825052 0.305070101358896 0.205096549249771 -0.0851946716021794 0.382474942917825 0.68711252621895 0.209967759175388 0.362760151874288
1.82407453108036 4.82888028717009 1.19968906034923 0.792583124783923 -0.393674002420945 0.465652929771078 0.16682539190134 0.874522236643338 0.45538997911749 0.491201714037622 0.0267081845303093 0.330968209894582 0.450476224440088 -0.549168327645368 0.00248130645523361
1.90565378508821 5.18020359932105 1.52646168361472 0.928147801654205 -0.364554924298926 -0.0751082315226149 0.357165204883573 0.815512961716277 0.455380619815867 0.423838648099822 -0.409934685285126 -0.31893191215598 0.168420773131155 0.121124437832446 -0.0095901654038991
2.17596157070817 5.52182166814225 1.84981712283404 0.687976568064312 -0.27483669013798 -0.671679176749967 0.447138344662572 0.88950972901569 0.0940192829658437 0.605316590924388 0.556457769509842 -0.494263664819269 0.0563792862852486 0.277906279131281 0.285420840226866
3.69762241265871 6.04383385356277 2.072378575423 0.54384756504867 0.344754620586104 -0.76509735479202 0.384661308029856 0.707883218974338 0.59239928186407 4.09541195576195 1.82165366909579 -0.056405546022263 0.301615596338358 -1.41169766838107 -0.938220535246753
3.17082888765519 5.86475853349422 2.23519415445669 -0.430336065684833 0.550514358249904 -0.715363333527596 0.461368245588908 0.815304366571879 0.349882856562729 0.803319951650175 0.316320626128125 -1.0035940433755 0.307438951782287 0.104061610954693 0.392139208783876
4.06573304223661 6.27997618141425 2.29769596809909 -0.852042491052884 0.200289435005932 -0.483639966286177 0.22648156907476 0.974005610901945 0.00436505424507671 1.46716426674174 -0.300022819919616 0.44738191554429 0.503466165342264 1.84296647246906 0.782893649545258
3.85680515347941 6.70282330761964 2.09967361727695 -0.938792870571894 0.344024704925044 0.0177434521763856 0.343353600013036 0.930310180060705 0.12896185457313 2.6130270023023 1.26179685910706 0.146406175315124 0.388511739716321 0.272599947983417 -0.131644491766432
3.89411612254773 7.1398223384137 2.02777732701973 -0.802787714169546 0.0838164434226338 0.590344451042785 0.286944072343875 0.922193386786543 0.259272711941769 1.16743310911462 1.03836780879769 0.149088140248667 0.304701402727257 -0.280512901773521 0.0464180589505355
3.85000804091764 7.52927896280024 2.08467828462979 -0.215980318590798 -0.285399455808926 0.933755607778802 0.298808070830799 0.891124022570945 0.341484398842708 0.447348054918773 1.14778587845599 0.418424271588365 0.117563863242901 0.37063803304148 0.408245148472611
5.57450003137388 8.47672353294573 2.40307951402802 0.552318921851032 -0.475990805576518 0.684380344633605 0.33321504137308 0.878581739712297 0.342142870615429 8.56923507715603 2.0967777411727 0.980004360115717 0.0906709642855503 -0.044295700765941 0.757987684090989
3.22616152784047 8.37468621767949 2.51814991994607 0.598490026958464 -0.584133157376735 0.548268205691355 0.461022666243036 0.810816429939828 0.3606032431404 0.318126667124925 -0.361257327643796 0.280399428793594 0.0469542478061122 0.0893344272997046 -0.708605420023345
3.33031245850058 8.64786785027526 2.90618184458987 0.878119382031322 -0.432586230631076 -0.20439027719228 0.475576545579495 0.835884258838596 0.274088190344737 0.331161351680564 -0.539100940427982 -0.304783369081491 0.501706505042232 0.664558101595664 0.202025019445152
3.68187579922131 8.74628410996175 3.22417603127204 0.760938578283538 -0.154937099822057 -0.630053058123361 0.549146251375768 0.670978224780208 0.498223352138536 0.190373752391618 0.290469969748306 -0.423656298913932 0.793036274123504 0.225953417972092 0.0580070126231618
4.02186015956586 8.83550355126906 3.51978700978501 0.362418189230086 0.415763982187611 -0.834142223002681 0.444119794334114 0.709803594252528 0.546750720445969 -0.269448279433401 0.174413898999647 -0.166917304857574 0.325334176163328 -0.429427779269877 0.464697854587298
4.35512159792996 9.18550466953393 3.68545622157255 -0.272595305494563 0.440542016232925 -0.855344616057856 0.334528256142814 0.876942992533037 0.345053205679939 -0.150270591352073 0.160995835489283 -0.0496238995393496 0.327968345943509 0.0845984559845011 0.0232331226657877
4.68864378305458 9.40954274269068 3.49240484827506 -0.743897783603582 0.658639499205939 -0.113181222198179 0.617572030066958 0.742227132316765 0.260199070945185 0.229234376109343 0.0823439864152784 0.097470985512607 0.354259732162035 -0.0902900280606692 1.05895583928912
23.7938458069218 12.8754535892899 1.57458098036695 -0.139440568015231 -0.181913735562822 0.973377419964517 0.430926477972712 0.873873513396122 0.225049629441035 -0.550546053271487 -1.00913845573409 0.158184391348101 0.218964736854256 -0.542881214078848 -0.134795187948937
23.8845001319794 13.2779085140733 1.81120548266332 0.0893889285454631 -0.594418673313185 0.799172036825651 0.413234232797302 0.752198467862703 0.513259013673647 -0.224667536639683 -0.305201443517601 0.161856831351044 0.0948814113639128 -0.0643179868459242 -0.542235070698355
23.8499811329579 13.629695050656 2.05310739292641 0.695893349826356 -0.597173328870638 0.398893898332269 0.509266329613369 0.801988070238557 0.312190366676884 -0.0337362951825271 0.148881409605696 -0.0816148665357663 0.0655223474847228 -0.120007953013224 0.143887182337898
24.0126468534315 13.9803797074671 2.36153574228884 0.780103649647315 -0.554366211623182 -0.290028067709595 0.612078146821456 0.580196193119598 0.537338442976401 0.400830730576812 -0.109806026731766 -0.229789610563995 0.00744095485671687 0.35192446027322 -0.271561043937687
23.9159253195265 13.7373285567526 2.87230745062252 0.887469074563623 -0.000881668623191263 -0.460866302618923 0.335784300547256 0.686183226464532 0.645291689407978 -1.31147223728339 -0.436834945746322 -0.277324157887795 0.229838728551335 -0.577599963880312 -0.193479002497948
24.1984179533555 13.8150311676138 3.28234285968608 0.219575753507852 0.491017124717091 -0.843023460398162 0.417548672330238 0.733669736581156 0.536079942581357 -0.223966844646347 -0.741449873459944 -0.0723984323660837 -0.268657598760112 -0.269974041048395 0.212152976486431
23.7434751790149 14.1757116835549 3.49616866240802 -0.329718098231034 0.71614443207097 -0.615160964258207 0.692266417692814 0.626445608326733 0.358235950725893 -5.55182957866497 -0.38752312839064 0.00651328843776245 0.426731196997435 -0.143829650907939 0.396823580801916
25.1007862614676 14.443135956708 3.45733899723225 -0.532795298351297 0.698421213604577 -0.47784606834698 0.587515261674039 0.711688450658752 0.385130172279712 -0.880299909203512 0.170501209491353 0.296770986498 0.415691582917511 -0.446485035019232 -0.689749669910026
25.4856308847354 14.7541996341215 3.347017005143 -0.839838256921307 0.460735671007259 0.287043941988452 0.540245634354704 0.761017916013534 0.359146583716891 -1.07363077333231 -0.27608324783205 0.346017524457306 0.321724005055344 -0.340060948846515 -0.0779167593968965
25.7774274969461 15.2984193726223 3.35578153547287 -0.684242295242825 0.0539489182434662 0.727256403632997 0.440084201608389 0.825746890077204 0.352800017598075 -0.298163432201642 -0.561857967021013 -0.0472153803426924 0.588308390437396 0.0527473962590775 -0.00606434582378751
25.7376143877161 15.8057790156275 3.39130523411119 -0.047561664048439 -0.302194617593571 0.952058919516152 0.250260147257218 0.91913242657402 0.304245513215981 -0.352325333426486 0.132754571344039 0.471928523113171 0.338952661656808 0.0455915653094706 0.570608205927221
25.8079893195993 16.2559774643346 3.70832887590022 0.254020456472079 -0.680110409082955 0.687694205582532 0.263537977698487 0.732783274778042 0.627356592656266 -0.148914967344961 -0.399584144396097 0.669416321321987 0.461947748700568 -0.130768099549939 0.223921102273616
23.3830326978032 15.4104608634139 3.95716909727934 0.689526716102008 -0.593024490105834 0.415782086048442 0.170232254337175 0.690697176439188 0.702821660031783 -8.92672570661626 -4.67253808480361 -0.303392541015313 0.720004487146593 -0.146865488298223 -0.137898786669791
25.6088915543898 16.6221401688623 4.43477872399108 0.875034679354759 -0.47882233614851 0.0710166849757148 0.362312703158079 0.745156109585565 0.559885487218803 0.154758614455401 -0.0568436444553401 -0.101405762526115 0.0704559681211689 -0.139495606090794 -0.308557261587267
25.8557673980832 16.8057179839762 4.84172373550051 0.679270553300095 -0.00020708104480982 -0.733887835004287 0.55873197472646 0.64850863774219 0.516967126331843 -0.501286150553533 -0.335129694193234 -0.607288670201819 0.152059082673353 -0.0771092682161544 -0.132509145747388
26.3297306122275 16.9448797823974 5.04468780703653 0.137172766900683 0.484747382630197 -0.863830708918442 0.618549265827799 0.639226357286335 0.456931454723406 -0.0680580729085511 -0.350522820106472 -0.291459458327461 0.464186258987592 -0.131685959112608 0.234228474306007
26.7723840685818 17.2694499790188 5.30213331058665 -0.173160110941087 0.432862593662508 -0.884672501244228 0.502428804267541 0.811395907700334 0.298666803343878 -0.586605145738342 0.480935002347771 0.298385672016407 0.463246035523015 0.351888173873208 -0.0256118353026792
27.2843847947097 17.4996609370522 5.33791098736809 -0.662327881051766 0.729272153289928 -0.171708435133175 0.61824783650406 0.661456711593591 0.424552133167619 -0.143284386956142 0.019572191832759 0.501446313266931 0.126815251572174 -0.619948262344859 0.182295773811093
27.5645372511207 17.7949901876196 5.44357521528005 -0.835773696962118 0.388741652391874 0.387765573159116 0.539083524498856 0.715062389835377 0.445055741587873 -0.138825799127857 0.812342295120337 0.295022853158915 0.00727739844604568 -0.0348829165383546 0.320715416141342
27.939792558145 17.9842983519927 6.94051908815006 -0.593507846047166 -0.170209765708253 0.786623774722628 0.305035996680912 0.856889606197493 0.41556362802932 0.955646882900942 -1.09634928602908 7.14343770132831 0.449472848747824 0.381849335081193 0.686384571040769
27.5997298296848 18.5753207108333 5.33526238571049 -0.460444348735574 -0.284110162620379 0.840994827999177 0.308263346705264 0.837263230960726 0.451623600340253 -0.516048664103673 -0.599663741264895 0.552889387051727 0.439161211126402 -0.111017622558721 -0.649240248034933
27.6295480394388 19.0932104289853 5.56557528515653 0.0494411684381201 -0.681944800847789 0.729730595372135 0.365338175156768 0.692339241323342 0.622249367938236 0.302076964151048 -0.624812996180155 0.608996324791408 0.530867663175642 0.115473291352874 -0.116510004808518
27.6258570885937 19.3376202562515 5.97155941246072 0.696207855338211 -0.652973525315309 0.298194698970608 0.354405868921533 0.673912708170977 0.648257686330988 0.524814240447801 -0.474665644019841 0.0836827706978397 0.402719317543218 -0.0288987333610463 0.036186784361928
27.7609837065564 19.6281652904794 6.35051185145093 0.809219999737297 -0.539008799779821 -0.233735719661693 0.560045476921488 0.587510915642379 0.584106044763405 0.470477666132817 0.313046137504196 0.308682979894302 0.466327181960105 0.431385046543975 0.182654936867543
28.0278123744127 19.6918940920988 6.80941806506235 0.696339742047875 -0.009114288318139 -0.717654356285723 0.6185606846956 0.514742636603872 0.593651907810789 0.219314955585015 0.305496852340754 0.220143909950908 0.264785283759718 -0.493840183032718 0.126394471422388
28.4109032774416 19.7487548688567 7.06091859314833 0.112008151724325 0.567334413443808 -0.815834375922652 0.343154272289577 0.748411459970212 0.567560846140831 0.527992168844736 -0.492144223729607 -0.378197751144821 0.0506337923484839 0.0496308572073961 0.784891303029259
28.6799528590225 9.29351744375974 16.6450554229674 0.926159525391319 0.306817919626752 -0.219297028682101 0.144484169257292 0.248450610129782 0.957808175198809 0.545336968537863 0.887378057634699 -0.0964451013072179 0.12462777626513 0.0924330679547088 -0.616796818844346
28.8443341390368 9.17306209709342 17.0604901672472 0.366126434087255 0.850807992576341 -0.376931128296401 0.208242537248309 0.319873941254908 0.924291938827062 -0.16791473770218 -0.103080090795275 -0.119473832675959 0.270286942033872 0.181876090358824 -0.146040102654101
29.2374714861291 9.34995638475178 17.3202978672122 -0.40158700235521 0.899588612588885 -0.171662721995822 0.394660944048419 0.339135049000694 0.853949671726791 0.0379989406137128 0.407315893878764 0.408685203876661 0.119841447636152 -0.268410708870515 0.273878022873021
29.4761833217085 9.58821106284483 17.715205404651 -0.747574172724631 0.590146440462664 -0.304729253338584 0.111406010194035 0.563723589899411 0.818415723932691 -0.546850698220962 -0.0482082098123911 0.334971347945266 0.39337378943974 0.0540007289935267 -0.365588704590714
29.5320100046095 9.99426259711724 17.8068275475991 -0.966193892000494 -0.00215787024875129 0.257807269842799 0.215003580001849 0.545090329978514 0.810339359661643 -0.527184294455764 0.483474984872852 0.139842551947403 0.691682471826719 -0.190717279867877 0.00729598072147684
29.5815692157641 10.3207637652873 17.9785142434707 -0.690296577553369 -0.450498457937639 0.566163983002476 0.30065067519663 0.533149374416281 0.790797570810099 -0.404570071595711 -0.0951112221063506 0.260533530359723 0.278390137919975 -0.285697979489405 0.36877168119652
29.5672130518466 10.6943686880013 18.3276388660446 -0.282269151102983 -0.854085989550005 0.436876561043403 0.269286972484572 0.366545289084833 0.890577879004711 -0.171587515161721 -0.0750704917757185 0.276479009488851 0.00627242583240883 -0.170703346256006 -0.0862405128193219
29.4765494394865 10.7537417979307 18.8026475258678 0.22208814679065 -0.967148854237146 0.12369248060771 0.183084903035736 0.165969560978313 0.968986019067008 0.359888433857213 -0.304856512936926 0.0347634976155461 0.418455560333338 0.474833139404419 -0.193699246054276
29.3411374146315 10.6656192799808 19.2847132280487 0.791349055303442 -0.610436941571866 0.033664429799933 0.0480185729375408 0.116955152806622 0.991975605520356 0.00094219987272888 -0.582451649360494 0.351008159131452 0.5655358548276 0.301416124837784 0.158525811717465
29.3048967342772 10.5681626003098 19.7582332777901 0.978536679692801 -0.104983240469893 -0.177325594978336 0.198058697201038 0.241492690126591 0.949975745142426 0.333634928547699 -0.342056045205398 0.141417358039537 0.502808274207219 -0.356845706522074 -0.140009700216521
29.5045313148937 10.5688043360448 20.2171637957146 0.802699827794923 0.321404275580453 -0.502366559721641 0.393127775043151 0.348274397805362 0.850973195003124 0.284955467747832 0.224751539827092 0.203075964667401 0.414596303993553 0.274260921943556 -0.132376653450506
29.7928893003506 10.5259918356637 20.5435897408667 0.256941387471603 0.82237957193764 -0.507614857864441 0.502703110902952 0.334865428185756 0.796965882382341 0.0775155949894335 0.121067035746764 -0.054886218068312 0.447218353044445 0.0336089056271121 -0.0425283806421158
30.1331022828448 10.6911343918806 20.7792148491775 -0.390445776930602 0.886774895922659 -0.247350482799332 0.475474503198239 0.424307606900549 0.770640604968209 0.00549803840245377 0.0311312570915948 -0.0482100232558038 0.618917012518103 0.122944744517974 0.322746921461644
30.4410815865649 10.9719621102377 20.9640863656029 -0.843395952175741 0.512502234359371 0.161321459059532 0.443185449671053 0.493830620604123 0.748142944284682 -0.0471730963639469 0.128092218605134 -0.576700636994514 0.424545029479362 -0.152138015303364 0.322487760171976
30.6029855497351 11.3013996820798 21.2654523645454 -0.983440960113778 0.0617032029248492 0.170400919985074 0.177892068881108 0.508258204099933 0.842631528613497 -0.168332780711125 -0.545293165970083 -0.152537378128754 0.839118881832514 0.225466810175937 -0.122989481117233
30.5617511588805 11.7605531735756 21.4242729173648 -0.720093515995509 -0.452355581374355 0.526155525840022 0.126308502847148 0.660159695702678 0.740429085490681 0.103984667505384 -0.267940707388669 -0.10537366215112 0.614893771883169 -0.051701267164194 0.403757135377651
30.472593403712 12.1551970391565 21.6896793548626 -0.238550027181914 -0.805630137717712 0.542267320355378 0.00509900286365744 0.557341097200526 0.830267902886833 -0.612655976295117 -0.452314563776377 -0.236725486315191 0.520166269913481 -0.0378863520273974 0.00685270199807927
30.2035876214523 12.229639668694 22.1002520651352 0.415569674949742 -0.793342844860154 0.444869483790187 -0.015770465743502 0.482745103325119 0.87561883423053 -0.00556761383794343 -0.804020325344384 -0.470838632606182 0.436615991760785 -0.859050835119242 0.195828156002029
30.1904372559691 12.1956771691034 22.6432137848969 0.785654588979506 -0.600205040819155 0.150002188764743 0.202589356420772 0.478688019209012 0.854292230124991 0.154809758509683 -0.465310516781784 -0.594497273316135 0.356482984711449 0.326286106152213 0.238165018268026
30.1276485294143 12.162120498728 23.0579300949895 0.989596093757865 0.0450534260514703 -0.136636899056243 0.109097976409239 0.384138328109287 0.916807099237349 -0.17808932342183 -0.413281269700074 -0.830495711736018 0.165669670369509 -0.0524643483562027 0.0194496175613516
30.1962149387561 12.0162088818062 23.4970968724563 0.751440656639321 0.542203099781624 -0.375968908100878 0.204571231775399 0.350282263142205 0.914031087039537 -0.00467047856052066 0.085818958595021 -0.594558000147241 0.47114927270067 -0.0819204253113522 0.263845790261018
30.4895039792562 11.9768382875811 23.9757044777462 0.276275465264231 0.793687894870952 -0.541969808783533 0.555142678690092 0.32853897594718 0.764119520595125 0.0615128415009117 0.427506178141882 -0.173993348571834 0.536251829320924 -0.0386935249893313 -0.140181705784734
30.9391952610793 12.0966971576423 24.1878341788625 -0.248485293474353 0.932281052528869 -0.262882062682159 0.41729863501204 0.347949930939529 0.839519255357561 0.0659699102401333 0.317075398128412 -0.129972747704293 0.644381945610365 0.0825642739913731 0.160554426221849
31.1884987468811 12.4225127645914 24.489287506247 -0.723319344706725 0.622878006768804 -0.29804697114808 0.15889034417396 0.570184859382069 0.80600432233911 -0.290093302092739 0.0103880838692389 0.0227642131984476 0.410010776424164 0.394518666872859 0.163253758400296
31.2959357198813 13.2910041578717 23.0860005204767 -0.857406388922569 0.222238866247921 0.464181054501126 0.513553446510599 0.310900534377707 0.799752209200556 -1.46764731369526 2.07561595807364 -6.93341932817938 0.0250850309046883 -0.790805825975726 -0.209827442831565
