
#id1 id2 FENE BEXC STCK NEXC HB CRSTCK CXSTCK total, t = 100
0 1 0.0128693 0 -1.29422 0 0 0 0 -1.28135
1 2 0.101793 0 -1.06646 0 0 0 0 -0.964665
2 3 0.288335 0 -1.35528 0 0 0 0 -1.06695
3 4 0.171481 0 -1.33641 0 0 0 0 -1.16492
4 5 0.159566 0 -1.22884 0 0 0 0 -1.06927
5 6 0.200242 0 -1.26541 0 0 0 0 -1.06517
6 7 0.179289 0 -1.31195 0 0 0 0 -1.13266
7 8 0.162725 0 -1.28709 0 0 0 0 -1.12436
8 9 0.174832 0 -1.38028 0 0 0 0 -1.20545
9 10 0.160624 0 -1.39062 0 0 0 0 -1.22999
10 11 0.24757 0 -1.15968 0 0 0 0 -0.912115
11 12 0.159337 0 -1.30299 0 0 0 0 -1.14365
12 13 0.0231289 0 -1.34116 0 0 0 0 -1.31803
13 14 0.171429 0 -1.11529 0 0 0 0 -0.943862
14 15 0.421331 0 -1.03017 0 0 0 0 -0.608837
15 16 0.158395 0 -1.25051 0 0 0 0 -1.09211
16 17 1.18434e-05 0 -1.27282 0 0 0 0 -1.27281
17 18 1.28383 0 0 0 0 0 0 1.28383
18 19 1.53405 0 0 0 0 0 0 1.53405
19 20 0.0245632 0 -1.33255 0 0 0 0 -1.30799
20 21 0.0346596 0 -1.15045 0 0 0 0 -1.11579
21 22 0.1106 0 -1.19577 0 0 0 0 -1.08517
22 23 0.24723 0 -1.26018 0 0 0 0 -1.01295
23 24 0.148474 0 -1.30171 0 0 0 0 -1.15324
25 26 0.0390105 0 -1.15161 0 0 0 0 -1.1126
26 27 0.0212201 0 -0.882942 0 0 0 0 -0.861722
27 28 0.000866039 0 -1.42762 0 0 0 0 -1.42676
28 29 0.00341203 0 -0.934775 0 0 0 0 -0.931363
29 30 0.000237047 0 -1.01017 0 0 0 0 -1.00993
30 31 0.705185 0 -0.01616 0 0 0 0 0.689025
31 32 1.0325 0 -0 0 0 0 0 1.0325
32 33 0.0219628 0 -0.817807 0 0 0 0 -0.795844
33 34 0.474409 0 -1.10209 0 0 0 0 -0.627685
34 35 0.616958 0 -1.40716 0 0 0 0 -0.790205
35 36 0.362164 0 -1.33129 0 0 0 0 -0.969127
36 37 0.137188 0 -1.31331 0 0 0 0 -1.17613
37 38 0.128441 0 -0.957543 0 0 0 0 -0.829102
38 39 0.0659611 0 -1.37799 0 0 0 0 -1.31203
39 40 0.174231 0 -1.19858 0 0 0 0 -1.02435
40 41 0.0113893 0 -1.40255 0 0 0 0 -1.39117
41 42 0.0327009 0 -1.18573 0 0 0 0 -1.15303
42 43 0.0400327 0 -0.94944 0 0 0 0 -0.909407
43 44 0.00271995 0 -0.630315 0 0 0 0 -0.627595
44 45 0.0105723 0 -0.308202 0 0 0 0 -0.29763
45 46 0.0287006 0 -0.841374 0 0 0 0 -0.812673
46 47 0.208366 0 -1.26516 0 0 0 0 -1.05679
47 48 0.289206 0 -1.16761 0 0 0 0 -0.878402
48 49 0.160467 0 -1.08164 0 0 0 0 -0.921176
49 50 0.00761035 0 -1.38067 0 0 0 0 -1.37306
51 52 0.108051 0 -1.19507 0 0 0 0 -1.08702
52 53 0.0283251 0 -1.23142 0 0 0 0 -1.20309
53 54 0.127171 0 -1.06692 0 0 0 0 -0.939753
54 55 0.120752 0 -1.30257 0 0 0 0 -1.18182
55 56 0.0573723 0 -1.34907 0 0 0 0 -1.2917
56 57 0.015004 0 -1.39912 0 0 0 0 -1.38412
57 58 0.300053 0 -1.3417 0 0 0 0 -1.04165
58 59 0.187022 0 -1.39416 0 0 0 0 -1.20714
59 60 0.183151 0 -1.01245 0 0 0 0 -0.8293
60 61 0.0815059 0 -0.840685 0 0 0 0 -0.75918
61 62 0.0293436 0 -1.34902 0 0 0 0 -1.31967
62 63 0.118178 0 -1.19587 0 0 0 0 -1.07769
63 64 0.152422 0 -1.33464 0 0 0 0 -1.18222
64 65 0.100098 0 -1.08813 0 0 0 0 -0.988029
65 66 0.120338 0 -1.32842 0 0 0 0 -1.20808
66 67 0.218566 0 -1.41483 0 0 0 0 -1.19627
67 68 0.185144 0 -1.30433 0 0 0 0 -1.11919
68 69 0.248441 0 -1.29333 0 0 0 0 -1.04489
69 70 0.0762093 0 -1.2634 0 0 0 0 -1.18719
70 71 0.341421 0 -1.19829 0 0 0 0 -0.85687
71 72 0.113532 0 -1.2934 0 0 0 0 -1.17986
72 73 0.000963162 0 -1.37939 0 0 0 0 -1.37843
73 74 0.0577002 0 -0.615128 0 0 0 0 -0.557428
74 75 0.059868 0 -0.400363 0 0 0 0 -0.340495
#Total energy per particle is  -0.889221 and should be -0.88922110

