
#id1 id2 FENE BEXC STCK NEXC HB CRSTCK CXSTCK total, t = 100
0 1 0.0135035 0 -1.0703 0 0 0 0 -1.05679
1 2 0.128301 0 -1.18804 0 0 0 0 -1.05974
2 3 0.0802361 0 -1.29953 0 0 0 0 -1.2193
3 4 0.714004 0 -0.974486 0 0 0 0 -0.260482
4 5 0.875066 0 -9.26489e-08 0 0 0 0 0.875066
5 6 0.201923 0 0 0 0 0 0 0.201923
6 7 1.42381 0 0 0 0 0 0 1.42381
7 8 0.151051 0 -1.04958 0 0 0 0 -0.898525
8 9 0.0829939 0 -0.996503 0 0 0 0 -0.91351
9 10 0.000616295 0 -1.25207 0 0 0 0 -1.25145
10 11 0.0664149 0 -1.24008 0 0 0 0 -1.17366
11 12 0.0930023 0 -1.25871 0 0 0 0 -1.16571
12 13 0.124948 0 -1.18021 0 0 0 0 -1.05526
13 14 0.106782 0 -1.24187 0 0 0 0 -1.13509
14 15 0.0515753 0 -1.35895 0 0 0 0 -1.30737
15 16 0.00330413 0 -1.13723 0 0 0 0 -1.13392
16 17 0.116566 0 -1.36286 0 0 0 0 -1.24629
17 18 1.78782 0 0 0 0 0 0 1.78782
18 19 1.51191 0 0 0 0 0 0 1.51191
19 20 0.0180645 0 -1.05582 0 0 0 0 -1.03776
20 21 0.146302 0 -0.995708 0 0 0 0 -0.849406
21 22 0.240193 0 -1.18867 0 0 0 0 -0.948476
22 23 0.111088 0 -1.3276 0 0 0 0 -1.21652
23 24 0.235569 0 -1.03939 0 0 0 0 -0.803824
25 26 0.000709681 0 -1.38397 0 0 0 0 -1.38326
26 27 0.135271 0 -1.3476 0 0 0 0 -1.21233
27 28 0.108582 0 -1.29827 0 0 0 0 -1.18969
28 29 0.150695 0 -1.08554 0 0 0 0 -0.934847
29 30 0.0082374 0 -1.38416 0 0 0 0 -1.37593
30 31 1.79521 0 0 0 0 0 0 1.79521
30 32 0 0 0 0 0 -0 -0.00253668 -0.00253668
31 32 1.83589 0 0 0 0 0 0 1.83589
32 33 0.00605783 0 -1.27257 0 0 0 0 -1.26651
33 34 0.000803318 0 -1.0769 0 0 0 0 -1.07609
34 35 0.0490231 0 -1.19591 0 0 0 0 -1.14689
35 36 0.0139412 0 -0.809152 0 0 0 0 -0.795211
36 37 1.44764 0 0 0 0 0 0 1.44764
37 38 1.22228 0 0 0 0 0 0 1.22228
38 39 0.00711877 0 -1.13615 0 0 0 0 -1.12904
39 40 0.0789299 0 -1.13461 0 0 0 0 -1.05568
40 41 0.303597 0 -0.888195 0 0 0 0 -0.584598
41 42 0.506164 0 -1.08928 0 0 0 0 -0.583113
42 43 0.62943 0 -0.245651 0 0 0 0 0.38378
43 44 1.03442 0 0 0 0 0 0 1.03442
44 45 0.1393 0 0 0 0 0 0 0.1393
45 46 0.641354 0 -0 0 0 0 0 0.641354
46 47 0.144102 0 -1.34069 0 0 0 0 -1.19659
47 48 0.223122 0 -0.312997 0 0 0 0 -0.089875
48 49 0.124414 0 -0.987388 0 0 0 0 -0.862975
49 50 0.0163143 0 -1.00602 0 0 0 0 -0.989704
51 52 0.00474569 0 -1.18996 0 0 0 0 -1.18522
52 53 0.112436 0 -1.19986 0 0 0 0 -1.08743
53 54 0.314787 0 -1.15315 0 0 0 0 -0.838362
54 55 0.0207437 0 -1.4298 0 0 0 0 -1.40906
55 56 0.559368 0 -1.08085 0 0 0 0 -0.521485
56 57 0.00314025 0 -1.18043 0 0 0 0 -1.17729
57 58 0.0229843 0 -0.934887 0 0 0 0 -0.911902
58 59 0.178388 0 -1.25009 0 0 0 0 -1.0717
59 60 0.0832051 0 -0.954985 0 0 0 0 -0.87178
60 61 0.0502121 0 -1.14698 0 0 0 0 -1.09677
61 62 0.213297 0 -1.19409 0 0 0 0 -0.980789
62 63 0.338302 0 -1.29976 0 0 0 0 -0.961457
63 64 0.122767 0 -1.36257 0 0 0 0 -1.23981
64 65 0.203812 0 -1.31638 0 0 0 0 -1.11257
65 66 0.38901 0 -1.28481 0 0 0 0 -0.895795
66 67 0.155273 0 -1.29165 0 0 0 0 -1.13637
67 68 0.147747 0 -1.21211 0 0 0 0 -1.06437
68 69 0.202747 0 -1.32675 0 0 0 0 -1.124
69 70 0.091422 0 -0.9481 0 0 0 0 -0.856678
70 71 0.0637805 0 -1.29336 0 0 0 0 -1.22958
71 72 0.0512796 0 -1.14581 0 0 0 0 -1.09453
72 73 0.0555782 0 -1.10504 0 0 0 0 -1.04946
73 74 0.0294243 0 -0.0351562 0 0 0 0 -0.00573194
74 75 1.82525 0 0 0 0 0 0 1.82525
#Total energy per particle is  -0.571111 and should be -0.57111110

