t = 100
b = 30 30 30
E = -0.654699265398984 -0.883560080372974 0.22886081497399
18.049712486435 3.60331797223654 25.8075482784144 0.209756727556539 0.421442415714466 -0.882263164531367 0.796884276305642 0.449162406922919 0.404015424593596 0.037866297206809 0.259923635923102 -0.656681052818592 0.214472940776967 -0.211728197832124 -0.693238446111728
18.5234646352703 3.5746286269643 25.7561922932203 -0.220806450258695 0.890073398174063 -0.398765267064659 0.851862152747002 0.375100708173031 0.365554665260099 0.0652835147641712 0.0836011747320906 -0.399360690566936 0.145197996063479 -0.494155215940702 -0.0638130790320569
18.9712005486678 3.89075205396346 25.829934948724 -0.524270153954567 0.851433668668592 -0.0141914501579083 0.743724802419115 0.465938076489124 0.479348525327624 0.120220001200322 0.389609095426707 -0.492581943009574 0.142975068545178 0.365782853020154 -0.236060595024245
19.3805434784704 4.1894448157731 25.9086789964974 -0.753166425151753 0.477574923302821 0.452396299820085 0.655117025108018 0.606925399120829 0.449959025732317 -0.2475807450875 0.459251063200621 0.263602743283783 0.177896451569639 0.834855378027544 0.0460593928751308
19.4841647293617 4.6750670271985 26.001358822377 -0.411370833422654 -0.201091898808743 0.889008418621395 0.58371297872047 0.690985675129368 0.426401037338527 -0.544566001238341 -0.130002853620505 0.522615859053759 0.482495303003617 -0.0982151057375067 -0.164580226632664
19.5379454829007 5.13679490600146 26.2465611267129 0.0709310520523494 -0.642814692891622 0.762730582007225 0.724808795857962 0.558549052826569 0.40332994765069 -0.626230529342825 -0.273015421146056 1.05688779101864 0.861622374564171 -0.118833780820121 0.348782136252619
19.4822676404992 5.47621923268434 26.6315628891275 0.578796063462136 -0.774723452650472 0.254555649994475 0.657490469271614 0.628002696657003 0.416315719097758 -0.386917804729532 -0.275979843584968 0.939361334033239 0.203882433586378 -0.224086385627875 0.954907902618628
19.9281584669092 5.70763822763718 26.8599639936589 0.228808830838221 -0.972326911334479 -0.0471887970240269 0.835964665844557 0.171419150388069 0.521323735770683 -0.00695935764504899 0.605765457727795 0.232864865258173 0.349685290552763 0.368391927403885 -0.667159203559158
20.1518557129297 5.53150215835778 27.2059997451567 0.701719058319197 -0.399232241579174 -0.5900880114796 0.712451992969899 0.391413817903461 0.582415028472391 -0.250716476771742 -0.593134749772451 0.0791687802272893 0.804442419009886 -0.0914500133206186 -0.0518463452146039
20.545419190393 5.44708676236812 27.4925976121814 0.517434177753072 0.225905009554172 -0.825365785768238 0.768312169339357 0.302032794920816 0.564333665356658 0.390679476711963 0.00310142093148931 -0.671790898921558 0.447837769554953 -0.339977803132525 0.287966720653475
21.0080475812399 5.53837233310876 27.6422442362121 0.0939367145963846 0.473153420618107 -0.875957542241953 0.869703643607578 0.389226958183193 0.303509194483072 0.170012217830485 0.0945044503445948 -0.425588361880365 0.370494967255343 0.322002064353067 -0.174354294423343
21.4957002682023 5.60617582097563 27.6014002062345 -0.312069614360901 0.792955093067968 -0.523292134063186 0.823723620819553 0.500274652648745 0.266841809472437 0.177922851298349 0.434511406251912 -0.113442681347742 0.580885957156522 0.0299661119086849 -0.062348763954665
21.8926414593248 5.79622822720619 27.4066003138467 -0.492026408271002 0.819413272268659 0.294060854184897 0.860991722135722 0.408014071990204 0.303673596564151 -0.237411119118555 0.746635237594527 -0.0285681944409607 0.487095799007093 -0.500252142456524 0.118043459259321
22.2836755842303 6.13184703242807 27.441814662554 -0.70827902131513 0.538070719801228 0.456968940556129 0.70501072020447 0.572224089321697 0.418950304086279 -0.942286193235529 0.176391240139466 0.808818354321186 0.491980700270043 0.417945810650832 -0.240562677130066
22.5442028100382 6.54951857165017 27.3501174637396 -0.446122248363689 0.00723046617890478 0.894942758496868 0.626590547541268 0.716522215456269 0.306561725233098 -0.0844963184122518 -0.523009563207274 -0.0855887471650924 0.431443392642852 0.269935202847225 -0.00855725850862835
22.6223629765882 6.94648928262289 27.5660150765846 -0.0512864833538028 -0.557943528948957 0.828292578753756 0.682845641070686 0.585627464924564 0.436763306617281 -0.527632114207839 -0.236136488991067 0.161982767304868 0.674102700506835 0.101699272360293 0.179718524346691
22.5920442949236 7.22925589121812 27.9712982006326 0.650636724709304 -0.722772506570184 0.232962767176382 0.571552907898128 0.668076701723145 0.476445884002805 -0.00139573824969479 -0.604362636262259 0.329271162679778 0.776988376069459 -0.405569792011563 0.451053641692326
22.8041340620526 7.37213181020581 28.4763452569349 0.606182611269887 -0.786983333464881 -0.114890189025779 0.601643904246644 0.359274257968781 0.71340487590204 -0.414593033057499 -0.23946826102118 0.338591057199153 0.892219927345866 0.107516128264875 0.122056734949049
22.7935827286308 7.34894996538612 28.9653660457428 0.752815587951614 -0.360058303295561 -0.55102322061468 0.657136964771194 0.459365711072686 0.597623657446476 -0.88203834464986 -0.473508243564938 -0.0280749404195694 0.611319270933114 -0.628122630428776 0.342883310456505
23.3789772337254 7.33507238718274 29.1567703898464 0.383094690486369 0.0500892251409504 -0.922349938271516 0.880744995238272 0.281181521164704 0.381084100862019 -0.918240398693623 0.32641602531967 -0.318179627654846 0.40909128717013 0.215695336499115 0.118305497301867
23.9446267616311 7.28010772558205 29.2001009308371 -0.00285870026126048 0.638169915987804 -0.769890167216644 0.927060537395669 0.290325961481746 0.23721190255913 -0.526743612294359 -0.358004516110299 -0.637475712730216 0.648717781847185 -0.0774263300277436 -0.0491577385805032
24.4805645056721 7.35861281863894 29.1535797379637 -0.228971827173206 0.882703017091396 -0.41037442266953 0.891957484670849 0.3590883464891 0.274713105476998 -0.566842773673907 0.266600305414122 -0.0462959159025316 0.78728122643732 0.146957768854162 0.279365473331424
24.9490074438199 7.55381303492333 28.9888989114418 -0.469509397921715 0.867678278873565 0.163386689991354 0.880063223903969 0.445010341438228 0.165693709387554 -0.205481829468674 0.162629147098472 -0.192663737501337 0.378888318899708 -0.45688646347356 0.0447218793042517
25.481049115606 7.79127685450757 29.065745136686 -0.723849476418018 0.614734877278846 0.313277605509396 0.688016556192027 0.609080030781174 0.394530881813822 0.162229923256222 -0.625417448949403 0.385931676195567 0.255317844013757 0.357049670649047 -0.267903511307436
25.6767110153276 8.22547856619701 29.0695784291715 -0.466508599034447 -0.147103858058481 0.872198408431826 0.714613625305393 0.518411039403226 0.469656514719693 0.133054197371546 0.00944919502962301 0.554287875578165 0.141916206126754 0.0548144487048757 0.088825376641652
11.0695605128964 3.40774006348633 27.8702236385755 0.717844295446578 0.336364691108818 -0.609555777154009 0.496798557144598 0.365895208426129 0.786963643468536 -0.181568047384448 -0.123254323197017 -0.377602627613077 0.232029692955336 -0.0806433955162291 -0.127529142509658
11.4519032813301 3.60533543477247 28.1940236492858 0.0547738495563646 0.649147490475006 -0.758687842249479 0.63004267434923 0.566998710882452 0.530620934683773 -0.1554255551954 -0.408279307412019 -0.134790874283392 0.347795411811797 0.197856374832895 -0.284957496330962
11.8922389852812 3.87613021993903 28.2321642246213 -0.527985268742976 0.807859981696906 -0.261903968153272 0.651900804751065 0.583188002820728 0.484682353346212 0.194585817758749 -0.16750417235503 0.00335996547778916 0.769473834135009 0.106623793048959 0.228520632754804
12.1931694189114 4.30477957807264 28.2812262623087 -0.818780394463611 0.560033152977582 0.126338490881091 0.554086434585273 0.713248959811424 0.429259868692114 -0.316908064375107 -0.121263299395853 0.146250056186228 0.576473353252797 0.148692139036549 0.281245941720273
12.3760712348996 4.7825693776719 28.3117773179855 -0.800763784071165 0.133951358980669 0.583810137561301 0.472180244995409 0.740866628293272 0.477663419326184 0.17397346119983 -0.0327307688314765 0.0920826517561387 0.419397513387492 -0.760939082439823 0.0379481217127335
12.5826199320801 5.25679074487933 28.475068150666 -0.467902677844771 -0.369600361929274 0.802784241394055 0.57314001882665 0.564544365623259 0.593969746509986 0.226391529595437 0.323891523542179 0.260166506955664 0.0472231760065762 0.0165293033938059 0.473489464179024
12.9832987766739 5.6812452404605 28.7220831594159 -0.396586074672569 -0.817654049258131 0.417326281972763 0.223734972544036 0.354805570053037 0.907775057127589 1.31853974722717 -0.228768254777158 0.296508510851731 0.385874601657966 0.863661998479511 -0.613358153518702
12.6884933431365 5.85594047270731 29.1348096912549 0.433475221899555 -0.833845594906435 0.341761081236332 0.189914303300849 0.455253794350176 0.869871504820561 1.6978278640622 -0.459620018412333 -0.128591879585895 0.943728451036567 -0.267707988192315 -0.110591941110866
12.5203630940356 5.94268069944524 29.643389403378 0.88472560009141 -0.439392000801834 -0.155547955484956 0.349114075840446 0.403553476383666 0.845732725708886 1.03181007275347 -0.591262132544028 -0.159161983168047 0.738590673619623 -0.209092753671066 0.283623416523304
12.6834579674903 5.90190357924435 30.0989964124609 0.834598693601466 -0.00566602237785046 -0.550829193151314 0.522546351418963 0.324592467597794 0.788406577600995 0.264694403870366 -0.715816510357221 -0.461337157457011 0.513348667408282 -0.0886052955159165 0.113326116103713
12.9328017569044 5.87193562419431 30.4489196769581 0.574453099423021 0.38596268417041 -0.72182845873288 0.395619129684899 0.641090975021961 0.657638006392927 0.488612875248513 -0.331300692877852 0.0884047148659009 0.380866737537292 -0.0860190233844696 0.205211931564777
13.256953408981 6.05263487649256 30.7591701759722 0.00912054576626702 0.526534946686489 -0.85010449160751 0.615125253414863 0.667304008976869 0.419912094598975 0.374049344932725 0.0718550444264354 -0.347227748099421 0.392363511476186 0.31446655771809 -0.452826109515568
13.6804083391887 6.22928021968901 30.7350266223175 -0.488258427554878 0.781854715105108 -0.387694200772438 0.651904258899786 0.622108696035296 0.433591397099832 -0.156622857178024 0.218326448856905 -0.0966614140264756 0.719692912146464 0.301668896463515 0.443095345366259
14.047660925047 6.52202856727211 30.7661785081843 -0.849942518131576 0.505859917750481 0.147320541982984 0.505342895960228 0.703572075942978 0.499614629063394 -0.0456886414336399 -0.245716283541863 -0.233664249097037 0.58124750578397 0.0478987392654172 0.210787374731705
14.1763174094292 7.00137888339139 30.8774804367492 -0.923533699831458 0.0586196705019606 0.37901071264834 0.265999056952768 0.809822225332763 0.522907598207814 -0.159877074608111 -0.233869876597286 -0.281679334911244 0.652592087341929 0.00836564020045475 -0.393753483321738
14.1175140962885 7.46932114101196 30.9471078556554 -0.661056372866936 -0.357290571476477 0.659808912216744 0.256752770111688 0.71855548683472 0.646340401253051 0.223471305351021 -0.445692916831272 0.0394405484122625 0.818110652969711 -0.0224696953556368 0.165184124687171
14.05891973676 7.83265959368789 31.1083859498735 -0.0277468282522641 -0.646901790453543 0.762068282920537 0.269191719083894 0.729362774412571 0.628940098344812 -0.249877153832311 -0.415014479553648 -0.517202101299071 0.367336600560661 -0.226140469925455 0.058149056434213
14.2190623215777 8.11607034250084 31.4774666805457 0.381945373463314 -0.836614394915968 0.392675396472898 0.316714206552138 0.517648422810393 0.794815769080274 0.927968403348908 0.0195013312395422 -0.655447511939616 0.115662375982146 0.0924740642748901 0.14546384358817
14.4862857102165 8.20371416212168 31.8683903121138 0.886276695342743 -0.41840570310134 -0.198620679045945 0.435589741806765 0.607251720103517 0.664459785137057 1.53235563627148 -0.390754827297294 -0.58696084061418 0.0674462843200533 0.307653983758993 0.700666362346194
14.766915429312 9.88356346971707 32.0429469079785 0.725564528864574 -0.324122344918215 -0.607042585801198 0.665095270627861 0.556732493996741 0.49769176409219 2.63740126460407 6.13706267747495 -2.5702564969762 -0.0295136111191582 0.480511321209712 -0.02876558963212
14.498366705394 8.59165075016841 32.9605527639178 0.683690074082852 0.0386089842801662 -0.728750382028536 0.59176916542527 0.555040521279922 0.584584601763511 0.0204904130344672 0.417279465974584 -0.300598361203676 0.426734681493249 0.206276535003584 -0.735543638587349
14.9040891661375 8.53436255405264 33.2379474498655 0.133001652750785 0.754018072418598 -0.643247376693647 0.621977101313964 0.441806464452301 0.646491623839681 -0.821469717485825 0.265387479425098 -0.88674740873773 0.328917812167731 -0.331407903687317 -0.189541861515633
15.2785288419703 8.65892825583497 33.5132378343962 -0.415425422674572 0.82436631964334 -0.384501976629795 0.585823373279896 0.565836521362437 0.580206765049385 -0.15261229732096 0.220355326490875 -0.0933853944405763 0.452519700007425 -0.190450964507866 -0.167918243348274
15.6036807210777 8.90335254400215 33.6390543453845 -0.732347769938767 0.680681422428317 0.0184235426988904 0.593582121022432 0.62491211088368 0.507094670216232 -0.063258842338059 0.522438017618231 0.331911922186034 0.359055869677623 -0.0816018156627436 0.0327953677451472
15.8659443512163 9.29526980061965 33.5582179849075 -0.682358868428877 0.194278628272818 0.704728367677729 0.634732549898905 0.635684420982366 0.439340175826705 -0.0531402486544971 0.0224396446628534 0.0960022101733803 0.301578081243882 -0.994824990377199 0.0110948808234341
16.0788520685863 9.69291317217611 33.8342728025851 -0.556606190149933 -0.275542456568383 0.783751098572551 0.5144901864873 0.626394033176484 0.585602462425844 -0.0118660035541591 -0.262500787351172 0.707194092008844 0.118803774723619 0.101295326183609 0.37695108179833
12.9019585035713 23.5043632153596 24.6144128151659 0.37468649947304 -0.713030778904173 0.592618779012279 0.712458233829112 0.630457277672414 0.308101881118742 0.130459070074555 -0.451704839263338 0.450687043085425 0.32814614763975 -0.385552480502234 0.0435914483403892
13.2419108917878 23.666744589103 24.935890060451 0.43186036387348 -0.89766179807281 0.0877485226644777 0.749454441432945 0.411274186423929 0.5188173780812 -0.131053243194036 -0.611241609690972 0.375165171265864 0.569688521958013 0.580854066769868 -0.12331131970939
13.5082479726577 23.6441376615171 25.3381712274426 0.663089169890066 -0.544359434228951 -0.513795135020807 0.746958772032225 0.436602093323805 0.501429048283262 0.184791902791512 -0.0187192619924324 -0.246781920705052 0.489715337959973 0.0462975296948872 0.612035044812359
13.9408431480642 23.8011128471819 25.521071567964 0.368399980460296 -0.287532039530588 -0.884085211767606 0.900856466424015 0.345321229314948 0.263079376795953 0.00138497532579804 -0.218257023856709 -0.139554086464031 0.292170959900731 0.341561080864942 -0.260480345024799
14.4248974810677 23.686808096329 25.6690959854369 -0.0071834539935468 0.335131904557588 -0.942143771440807 0.936178764625511 0.33338808615134 0.111452192794203 0.155586176333505 0.48044485470315 -0.325661098158511 0.529922977628493 0.00676209802703967 0.0510063680368224
14.8941757214521 23.6475598484083 25.5365807223214 -0.303825175525046 0.777807115203853 -0.550187456113525 0.897038728174915 0.428087569290505 0.109829132685564 0.0611432845618502 -0.0630983539854468 0.389166734562249 0.554192053163071 -0.0690118628607021 0.355275216975556
15.3717906159289 23.8545997673857 25.4288737166995 -0.576282150709532 0.816234895182849 -0.0407352459561064 0.805099605816794 0.575571430373954 0.143290042711444 0.204826061727273 0.199434116617208 -0.308431642075641 0.145847064857527 0.432999317646431 0.26749843924597
15.6981123366493 24.2178296324185 25.3339031177532 -0.671167129171281 0.487801793794143 0.55819707859951 0.706388848115046 0.649221643687252 0.282003430271266 -0.030553577865016 0.309824396302453 -0.033217950501128 0.415549657310153 0.0116918183514841 0.135608448612953
15.9736234841339 24.5588554285801 25.4351333766504 -0.622684247481911 0.181330256657678 0.761172482175521 0.574549536044457 0.766329784026849 0.287456755941055 0.207112652046121 0.174219944807344 0.479100307190812 0.694525874415541 0.321111179451848 -0.18060707416153
15.9215821624246 25.0044974443742 25.4349973414988 0.177888220562204 -0.313746511574706 0.932694371973189 0.713417175486082 0.693942032172448 0.0973667032838841 -0.57460402082874 -0.134319204251606 0.492844837401155 0.588678072298231 -0.303162151837977 0.37075934905144
16.2410272855305 25.370709295612 25.5889648739449 0.237801289052024 -0.752460445306939 0.614209822582377 0.724627362367793 0.558524479218772 0.403689826462159 0.263916608553605 0.0930362608974453 0.0385335295240209 0.425048663360699 -0.0665562939503884 0.0299790922351551
16.4918932827905 25.4655038704806 25.9522828908686 0.511498148419605 -0.852284793230256 0.109453899814073 0.607077461728375 0.448573784046069 0.655925618653349 -0.0270098067260046 -0.972036749061107 0.0272249305445101 0.619775110358677 0.135309726757357 -0.187224291732239
16.7462673409493 25.5167565052489 26.3619109251231 0.619538221811576 -0.691843648373943 -0.370843147242089 0.767598129096066 0.435128284668648 0.470591513498479 0.571360994447083 -0.501548038257812 0.050469102214489 0.651681901271172 -0.0452278521670185 0.0844989350894496
17.0926591207173 25.5593786615284 26.6583438998251 0.474911560611561 -0.255438256696607 -0.842146179568394 0.805939451952373 0.510573121806094 0.299627381821388 -0.195012434482119 0.169140987674421 -0.0460113931416703 0.271531399985367 0.174655658574084 0.15666436501969
17.5631208664133 25.5372990585059 26.757846037342 0.0807269712498814 0.328009604352442 -0.941218750646329 0.886710090728603 0.407641874145019 0.21811281412812 0.209981814798893 -0.0676508342170746 -0.333651462107031 0.233024728450383 -0.269047295016269 -0.403728194515069
18.0596130417308 25.5418904315985 26.6801709150639 -0.2644561883833 0.728849026759994 -0.631539311201467 0.863760410800068 0.470263558292107 0.181024916937988 -0.178654973111218 0.405947255234031 -0.303543066058798 0.609452689753873 0.0690750849461107 0.157597436122629
18.4606302577513 25.6787686852128 26.467254644555 -0.427728732928146 0.901856621855131 -0.0608493677068095 0.885041507059355 0.431533292549422 0.174586456689862 -0.415530934684551 -0.133728049864729 -0.366544346789432 0.403746765138115 0.24270834964548 0.321853412109279
18.8984794699901 25.9430801473455 26.3583315946063 -0.499826994315454 0.661838862250753 0.558696856866637 0.85850487397605 0.463954970907302 0.218437742571684 0.58525830449829 0.526105245384936 -0.172872648784219 0.226038216510898 0.0325708513312171 0.428748970242524
19.1387881320276 26.3907495004135 26.3685895507619 -0.34236686438441 -0.00897048164084702 0.939523469472168 0.7509976125553 0.598288845225488 0.279379538079898 -0.508655522022603 0.420025062596227 0.270922311489611 0.278601459165141 -0.225161985076743 0.141484754033511
19.4232644314554 26.8839926052153 26.5159502398977 -0.454061423310211 -0.258227358507619 0.852728995887707 0.677755809483445 0.521143288460796 0.518706679300818 0.184748436924349 -0.466364030828933 0.459151759443901 0.334056826324122 0.433482340291053 -0.102734429608205
19.4868217424583 27.2661817486592 26.7374684280397 0.236774613346683 -0.837191276032082 0.492999426545496 0.871645256722274 0.407182139928751 0.272831693160393 0.223663149168477 -0.174784668164781 -0.0267744132112429 0.219017786102479 -0.26657940637289 0.193851905128041
19.915976001339 27.4234111559609 26.9909540662323 0.186464479334037 -0.982435560883812 0.00715873370466938 0.908905472603807 0.175265763772041 0.378381600109393 0.662275463132133 -0.209559528372167 0.515252302711944 0.352918771038229 0.741565369324125 -0.0805894895134782
20.0504708964724 27.4337669298112 27.4694417536289 0.582371177469025 -0.545283440839677 -0.602917627958835 0.806404658098147 0.293771165274043 0.513234761827878 0.656763550407557 -0.563637927158013 0.117287357941155 0.663799756807275 -0.190336231016847 0.243356383468151
20.4623328123732 27.3306178749685 27.7773358638108 0.429957387611008 0.0177510274010032 -0.902674599811008 0.814532497853021 0.423649637602176 0.396305029354435 0.558966753597764 -0.829661972904352 -0.444673677650739 0.396723086730632 -0.162489333829693 0.923020408570337
19.9832423304024 25.8193188966633 28.5700090834096 0.100944158735953 0.324665817891793 -0.940426639645013 0.887872925755109 0.397085059271606 0.232389771324731 -2.96680109416017 -6.9057543787592 1.86279996929147 0.293135691098702 0.0330741100614466 0.0387315184550018
