t = 0
b =  30.0 30.0 30.0
E = 0. 0. 0.
18.0090890395 3.53068430789 26.1519560011 0.0736759762465 0.569139575331 -0.818933449259 0.77763215678 0.481337190502 0.404478352673 0.0 0.0 0.0 0.0 0.0 0.0
18.5402526244 3.54862355366 26.073034954 -0.306443115767 0.851919761802 -0.424647308069 0.77763215678 0.481337190502 0.404478352673 0.0 0.0 0.0 0.0 0.0 0.0
19.0015624914 3.76075793593 25.8973155396 -0.570139344645 0.811041387425 0.130969445181 0.77763215678 0.481337190502 0.404478352673 0.0 0.0 0.0 0.0 0.0 0.0
19.3329090768 4.15776922799 25.7514506144 -0.617230104271 0.462034830077 0.636828716515 0.77763215678 0.481337190502 0.404478352673 0.0 0.0 0.0 0.0 0.0 0.0
19.5235580406 4.66010137411 25.7507508151 -0.429824827747 -0.0625064840282 0.900746111236 0.77763215678 0.481337190502 0.404478352673 0.0 0.0 0.0 0.0 0.0 0.0
19.6162284213 5.14818516522 25.9553761203 -0.0791219128744 -0.563300539798 0.822454998627 0.77763215678 0.481337190502 0.404478352673 0.0 0.0 0.0 0.0 0.0 0.0
19.6908629596 5.50786458056 26.3474800682 0.301640739547 -0.850087302616 0.431699481325 0.77763215678 0.481337190502 0.404478352673 0.0 0.0 0.0 0.0 0.0 0.0
19.8342565138 5.67376656852 26.8379899265 0.567805031851 -0.813911686468 -0.123065886562 0.77763215678 0.481337190502 0.404478352673 0.0 0.0 0.0 0.0 0.0 0.0
20.107081243 5.65413736194 27.3004469121 0.61825069936 -0.468517412754 -0.631076466593 0.77763215678 0.481337190502 0.404478352673 0.0 0.0 0.0 0.0 0.0 0.0
20.5208362385 5.52770959639 27.6190499973 0.433812589582 0.0548744592598 -0.899330545929 0.77763215678 0.481337190502 0.404478352673 0.0 0.0 0.0 0.0 0.0 0.0
21.0334788275 5.41379046554 27.7326506562 0.0845618240623 0.557418606748 -0.825913914862 0.77763215678 0.481337190502 0.404478352673 0.0 0.0 0.0 0.0 0.0 0.0
21.565397287 5.42693492365 27.6579842123 -0.296815392217 0.848190105991 -0.438718778994 0.77763215678 0.481337190502 0.404478352673 0.0 0.0 0.0 0.0 0.0 0.0
22.0296566684 5.6334243431 27.4833118089 -0.565427478505 0.816720002985 0.115152956 0.77763215678 0.481337190502 0.404478352673 0.0 0.0 0.0 0.0 0.0 0.0
22.3650268383 6.02608511293 27.3348885254 -0.619224212265 0.474964316015 0.625276157755 0.77763215678 0.481337190502 0.404478352673 0.0 0.0 0.0 0.0 0.0 0.0
22.5592448296 6.52701401355 27.3289969618 -0.437767314909 -0.0472382555887 0.897846493119 0.77763215678 0.481337190502 0.404478352673 0.0 0.0 0.0 0.0 0.0 0.0
22.6536737476 7.01717495231 27.5277695345 -0.0899952955399 -0.551494224113 0.829309934554 0.77763215678 0.481337190502 0.404478352673 0.0 0.0 0.0 0.0 0.0 0.0
22.7275882352 7.38162276534 27.9155833329 0.291967441246 -0.846228316405 0.44570466653 0.77763215678 0.481337190502 0.404478352673 0.0 0.0 0.0 0.0 0.0 0.0
22.8680567102 7.55317280701 28.404995524 0.563006865667 -0.819466123112 -0.107231256094 0.77763215678 0.481337190502 0.404478352673 0.0 0.0 0.0 0.0 0.0 0.0
23.136862618 7.53792552014 28.869964347 0.620150568848 -0.481375048906 -0.619428231717 0.77763215678 0.481337190502 0.404478352673 0.0 0.0 0.0 0.0 0.0 0.0
23.5470318674 7.41294877572 29.193734485 0.44168870256 0.0395984545417 -0.896294065823 0.77763215678 0.481337190502 0.404478352673 0.0 0.0 0.0 0.0 0.0 0.0
24.0578840705 7.29699850026 29.3131943625 0.0954219135274 0.545527843058 -0.832642799085 0.77763215678 0.481337190502 0.404478352673 0.0 0.0 0.0 0.0 0.0 0.0
24.5904877018 7.30540131379 29.2428532878 -0.287097255823 0.844202083257 -0.452656611929 0.77763215678 0.481337190502 0.404478352673 0.0 0.0 0.0 0.0 0.0 0.0
25.0576475046 7.50624001877 29.0693291242 -0.560543377677 0.822149837721 0.0993013901132 0.77763215678 0.481337190502 0.404478352673 0.0 0.0 0.0 0.0 0.0 0.0
25.3970314268 7.89448780512 28.9184407155 -0.621029698565 0.487749123222 0.613533133821 0.77763215678 0.481337190502 0.404478352673 0.0 0.0 0.0 0.0 0.0 0.0
25.5948516096 8.39391801945 28.907407204 -0.445576453906 -0.031955637919 0.894673382263 0.77763215678 0.481337190502 0.404478352673 0.0 0.0 0.0 0.0 0.0 0.0
10.967629767 3.71555743694 27.9450632602 0.576482626431 0.381823651942 -0.72241157261 0.450130679716 0.589462619028 0.670757923506 0.0 0.0 0.0 0.0 0.0 0.0
11.4487031221 3.73837744614 28.1832496921 0.067100732757 0.72670802558 -0.683661420018 0.450130679716 0.589462619028 0.670757923506 0.0 0.0 0.0 0.0 0.0 0.0
11.9450720914 3.92685057264 28.2655954817 -0.467773851156 0.79550387039 -0.385176863752 0.450130679716 0.589462619028 0.670757923506 0.0 0.0 0.0 0.0 0.0 0.0
12.3348119966 4.29665883142 28.2601401931 -0.824933328253 0.562074494723 0.0596428228675 0.450130679716 0.589462619028 0.670757923506 0.0 0.0 0.0 0.0 0.0 0.0
12.5365083236 4.79459198897 28.2682804878 -0.868686841797 0.115103621127 0.481803203905 0.450130679716 0.589462619028 0.670757923506 0.0 0.0 0.0 0.0 0.0 0.0
12.5401874577 5.31876302057 28.386247838 -0.582411700473 -0.375597042566 0.720918492458 0.450130679716 0.589462619028 0.670757923506 0.0 0.0 0.0 0.0 0.0 0.0
12.4111058264 5.7573166945 28.6685485813 -0.0748686167347 -0.72360211014 0.686144792613 0.450130679716 0.589462619028 0.670757923506 0.0 0.0 0.0 0.0 0.0 0.0
12.2649578915 6.03092524465 29.1072560517 0.461118306237 -0.79669863809 0.390693214324 0.450130679716 0.589462619028 0.670757923506 0.0 0.0 0.0 0.0 0.0 0.0
12.223921889 6.12292631518 29.6350220525 0.821918675183 -0.567116033338 -0.053189248128 0.450130679716 0.589462619028 0.670757923506 0.0 0.0 0.0 0.0 0.0 0.0
12.3702422744 6.08565326808 30.1506635625 0.870458397679 -0.122076565847 -0.47686422594 0.450130679716 0.589462619028 0.670757923506 0.0 0.0 0.0 0.0 0.0 0.0
12.714983679 6.02055286394 30.5576038573 0.588296421608 0.36934183002 -0.719370511572 0.450130679716 0.589462619028 0.670757923506 0.0 0.0 0.0 0.0 0.0 0.0
13.1938272714 6.03964394158 30.8005636213 0.0826307991774 0.720441089597 -0.688575912625 0.450130679716 0.589462619028 0.670757923506 0.0 0.0 0.0 0.0 0.0 0.0
13.691506557 6.22295958826 30.8865624843 -0.454427645375 0.797832734103 -0.396179812096 0.450130679716 0.589462619028 0.670757923506 0.0 0.0 0.0 0.0 0.0 0.0
14.0855990466 6.58814123178 30.8822521468 -0.818841429824 0.572114383872 0.0467316228214 0.450130679716 0.589462619028 0.670757923506 0.0 0.0 0.0 0.0 0.0 0.0
14.2930366065 7.08373636711 30.8885942841 -0.872163664784 0.129040213965 0.471888932918 0.450130679716 0.589462619028 0.670757923506 0.0 0.0 0.0 0.0 0.0 0.0
14.3016644315 7.60874622328 31.0025035185 -0.594136341694 -0.363058490665 0.717767747837 0.450130679716 0.589462619028 0.670757923506 0.0 0.0 0.0 0.0 0.0 0.0
14.1748588588 8.05099688507 31.2800279336 -0.0903866889647 -0.717225204676 0.690954594916 0.450130679716 0.589462619028 0.670757923506 0.0 0.0 0.0 0.0 0.0 0.0
14.0274496375 8.32975603889 31.7150554704 0.447702378087 -0.798906072066 0.401636239241 0.450130679716 0.589462619028 0.670757923506 0.0 0.0 0.0 0.0 0.0 0.0
13.9820941873 8.42640452844 32.2416360005 0.815701826519 -0.57706916568 -0.0402704387207 0.450130679716 0.589462619028 0.670757923506 0.0 0.0 0.0 0.0 0.0 0.0
14.1226779942 8.39151008352 32.7590368829 0.873802513249 -0.13599403517 -0.466877703727 0.450130679716 0.589462619028 0.670757923506 0.0 0.0 0.0 0.0 0.0 0.0
14.4624451114 8.325615794 33.170012978 0.599931015997 0.356747502999 -0.716110323308 0.450130679716 0.589462619028 0.670757923506 0.0 0.0 0.0 0.0 0.0 0.0
14.9389665227 8.34104210902 33.4177517024 0.0981356954558 0.713954700279 -0.693280658339 0.450130679716 0.589462619028 0.670757923506 0.0 0.0 0.0 0.0 0.0 0.0
15.4378579688 8.51921442043 33.5074570789 -0.44094301653 0.799918570237 -0.407062080232 0.450130679716 0.589462619028 0.670757923506 0.0 0.0 0.0 0.0 0.0 0.0
15.8362364404 8.8797281951 33.5043726414 -0.812500104363 0.581980001437 0.0338061878702 0.450130679716 0.589462619028 0.670757923506 0.0 0.0 0.0 0.0 0.0 0.0
16.0494054876 9.3729043294 33.5089943255 -0.87537481827 0.142937499904 0.461830919991 0.450130679716 0.589462619028 0.670757923506 0.0 0.0 0.0 0.0 0.0 0.0
16.0630328175 9.89866307131 33.6188903823 -0.60568000323 -0.35040934763 0.714398364206 0.450130679716 0.589462619028 0.670757923506 0.0 0.0 0.0 0.0 0.0 0.0
12.9823145079 23.5430712494 24.3760733923 0.218565867185 -0.746781940936 0.628128724381 0.82518131567 0.485030281719 0.289519294838 0.0 0.0 0.0 0.0 0.0 0.0
13.1455965898 23.8070976496 24.8146097349 0.482470773353 -0.871747962243 0.085307931552 0.82518131567 0.485030281719 0.289519294838 0.0 0.0 0.0 0.0 0.0 0.0
13.4188578996 23.8724090744 25.2725920233 0.563076966243 -0.665522357845 -0.489922770747 0.82518131567 0.485030281719 0.289519294838 0.0 0.0 0.0 0.0 0.0 0.0
13.8204726217 23.7860146567 25.6188964006 0.429760805512 -0.206453682761 -0.879023621366 0.82518131567 0.485030281719 0.289519294838 0.0 0.0 0.0 0.0 0.0 0.0
14.3200513328 23.6525591156 25.7648273158 0.13317132955 0.331050198125 -0.934168701738 0.82518131567 0.485030281719 0.289519294838 0.0 0.0 0.0 0.0 0.0 0.0
14.8499864528 23.5945664776 25.6978144461 -0.214012161014 0.74278257388 -0.634407473852 0.82518131567 0.485030281719 0.289519294838 0.0 0.0 0.0 0.0 0.0 0.0
15.3311374939 23.7058911507 25.4861883727 -0.479888853516 0.872319431155 -0.0936242399216 0.82518131567 0.485030281719 0.289519294838 0.0 0.0 0.0 0.0 0.0 0.0
15.7028978557 24.0160610655 25.2532206509 -0.563447747254 0.670447552131 0.482728408068 0.82518131567 0.485030281719 0.289519294838 0.0 0.0 0.0 0.0 0.0 0.0
15.9462202858 24.479059521 25.1302908848 -0.432943421466 0.213861438767 0.875684463045 0.82518131567 0.485030281719 0.289519294838 0.0 0.0 0.0 0.0 0.0 0.0
16.0908532494 24.9908076981 25.2069734197 -0.137956651435 -0.323974210757 0.935953349847 0.82518131567 0.485030281719 0.289519294838 0.0 0.0 0.0 0.0 0.0 0.0
16.2040389899 25.4287059437 25.4970065502 0.209442156989 -0.738726641054 0.640637910737 0.82518131567 0.485030281719 0.289519294838 0.0 0.0 0.0 0.0 0.0 0.0
16.3649670768 25.6982114282 25.9330731125 0.477270388286 -0.872824469564 0.101933418443 0.82518131567 0.485030281719 0.289519294838 0.0 0.0 0.0 0.0 0.0 0.0
16.6346889636 25.7687565475 26.3923754008 0.563775619538 -0.67532168924 -0.475497283753 0.82518131567 0.485030281719 0.289519294838 0.0 0.0 0.0 0.0 0.0 0.0
17.0329235207 25.6853620664 26.7432880683 0.436093067102 -0.221252908397 -0.872278617961 0.82518131567 0.485030281719 0.289519294838 0.0 0.0 0.0 0.0 0.0 0.0
17.5305655061 25.5515329779 26.8953647974 0.142731467386 0.316873551497 -0.937666721484 0.82518131567 0.485030281719 0.289519294838 0.0 0.0 0.0 0.0 0.0 0.0
18.060743134 25.4899352254 26.8337003678 -0.204856203132 0.734614451335 -0.646819560564 0.82518131567 0.485030281719 0.289519294838 0.0 0.0 0.0 0.0 0.0 0.0
18.544223784 25.5957928602 26.6245933991 -0.474615577067 0.873263039011 -0.11023483434 0.82518131567 0.485030281719 0.289519294838 0.0 0.0 0.0 0.0 0.0 0.0
18.9195157982 25.9007108323 26.3903583963 -0.564060558126 0.680144397988 0.468229948479 0.82518131567 0.485030281719 0.289519294838 0.0 0.0 0.0 0.0 0.0 0.0
19.1662301904 26.3606677412 26.2628564251 -0.439209502562 0.228627528761 0.868806345483 0.82518131567 0.485030281719 0.289519294838 0.0 0.0 0.0 0.0 0.0 0.0
19.3128267628 26.8727403026 26.3333988877 -0.147495413784 -0.30974876109 0.939308686171 0.82518131567 0.485030281719 0.289519294838 0.0 0.0 0.0 0.0 0.0 0.0
19.4258017509 27.3142056241 26.6180567948 0.200254648682 -0.730446317881 0.652951952578 0.82518131567 0.485030281719 0.289519294838 0.0 0.0 0.0 0.0 0.0 0.0
19.5844247925 27.5891656844 27.05155512 0.471924622035 -0.873635106097 0.118527855427 0.82518131567 0.485030281719 0.289519294838 0.0 0.0 0.0 0.0 0.0 0.0
19.8506230665 27.6649805949 27.5120718737 0.564302541318 -0.684915311107 -0.460926955681 0.82518131567 0.485030281719 0.289519294838 0.0 0.0 0.0 0.0 0.0 0.0
20.2454541226 27.5846690386 27.8675203133 0.442292490519 -0.235984738254 -0.865267910038 0.82518131567 0.485030281719 0.289519294838 0.0 0.0 0.0 0.0 0.0 0.0
20.7411057658 27.4505647538 28.0257309055 0.152248127835 0.302600382116 -0.940879118864 0.82518131567 0.485030281719 0.289519294838 0.0 0.0 0.0 0.0 0.0 0.0
