
#id1 id2 FENE BEXC STCK NEXC HB CRSTCK CXSTCK total, t = 100
0 1 0.0035697 0 -1.20737 0 0 0 0 -1.2038
1 2 0.0877388 0 -1.40085 0 0 0 0 -1.31311
2 3 0.0492007 0 -1.18138 0 0 0 0 -1.13218
3 4 0.0659936 0 -1.43101 0 0 0 0 -1.36501
4 5 0.0982342 0 -1.39425 0 0 0 0 -1.29602
5 6 0.207059 0 -1.14483 0 0 0 0 -0.93777
6 7 0.330035 0 -1.03422 0 0 0 0 -0.704186
7 8 0.0374184 0 -1.18557 0 0 0 0 -1.14815
8 9 0.0104441 0 -1.35536 0 0 0 0 -1.34492
9 10 0.0997749 0 -1.10495 0 0 0 0 -1.00518
10 11 0.341074 0 -1.32129 0 0 0 0 -0.980217
11 12 1.81322 0 0 0 0 0 0 1.81322
12 13 2.08149 0 0 0 0 0 0 2.08149
13 14 0.0869612 0 -1.09669 0 0 0 0 -1.00973
14 15 0.031343 0 -1.2521 0 0 0 0 -1.22075
15 16 0.0585987 0 -1.04428 0 0 0 0 -0.985678
16 17 0.129301 0 -1.38456 0 0 0 0 -1.25526
17 18 1.90178 0 0 0 0 0 0 1.90178
18 19 1.73445 0 0 0 0 0 0 1.73445
19 20 0.0114505 0 -1.16666 0 0 0 0 -1.15521
20 21 0.00756883 0 -1.09029 0 0 0 0 -1.08272
21 22 0.379746 0 -1.3245 0 0 0 0 -0.944756
22 23 0.180661 0 -0.907339 0 0 0 0 -0.726679
23 24 0.0533493 0 -1.41029 0 0 0 0 -1.35694
25 26 0.0213504 0 -1.11102 0 0 0 0 -1.08967
26 27 0.0356848 0 -1.30656 0 0 0 0 -1.27088
27 28 0.0139786 0 -1.16154 0 0 0 0 -1.14756
28 29 0.0918282 0 -1.30641 0 0 0 0 -1.21459
29 30 0.057984 0 -1.20597 0 0 0 0 -1.14799
30 31 1.43043 0 0 0 0 0 0 1.43043
31 32 1.97047 0 0 0 0 0 0 1.97047
32 33 0.0816301 0 -1.36388 0 0 0 0 -1.28225
33 34 0.148526 0 -1.33943 0 0 0 0 -1.1909
34 35 0.0301842 0 -1.09735 0 0 0 0 -1.06717
35 36 0.453924 0 -1.07265 0 0 0 0 -0.61873
36 37 0.0537179 0 -1.42431 0 0 0 0 -1.3706
37 38 0.0483514 0 -1.35488 0 0 0 0 -1.30653
38 39 0.423965 0 -0.95379 0 0 0 0 -0.529825
39 40 0.210176 0 -0 0 0 0 0 0.210176
40 41 0.312426 0 -1.19184 0 0 0 0 -0.879414
41 42 0.50982 0 -0 0 0 0 0 0.50982
42 43 0.0452808 0 -0.533194 0 0 0 0 -0.487913
43 44 1.13857 0 0 0 0 0 0 1.13857
44 45 0.0812773 0 -0.566235 0 0 0 0 -0.484958
45 46 0.0144905 0 -1.08946 0 0 0 0 -1.07497
46 47 0.0881801 0 -0.981571 0 0 0 0 -0.893391
47 48 0.0901873 0 -0.824453 0 0 0 0 -0.734265
48 49 0.0692584 0 -1.31512 0 0 0 0 -1.24586
49 50 0.00908594 0 -1.1223 0 0 0 0 -1.11322
#Total energy per particle is  -0.578991 and should be -0.57899110

