t = 0
b =  30.0 30.0 30.0
E = 0. 0. 0.
25.531654709 7.88656010214 29.4103557554 0.232388472103 0.887142136951 -0.398715972693 0.587079985988 0.198894705172 0.784715226249 0.0 0.0 0.0 0.0 0.0 0.0
26.059786892 7.9186816433 29.5037886514 -0.266461880255 0.962809181937 -0.044682720915 0.587079985988 0.198894705172 0.784715226249 0.0 0.0 0.0 0.0 0.0 0.0
26.5271790809 8.17027556779 29.5870361197 -0.664078909299 0.672688921395 0.326326243593 0.587079985988 0.198894705172 0.784715226249 0.0 0.0 0.0 0.0 0.0 0.0
26.8431944616 8.57520895307 29.7446696655 -0.809401257892 0.127002892855 0.573358412277 0.587079985988 0.198894705172 0.784715226249 0.0 0.0 0.0 0.0 0.0 0.0
26.9747068001 9.00909265177 30.0330002795 -0.647218536146 -0.466933658055 0.602562134095 0.587079985988 0.198894705172 0.784715226249 0.0 0.0 0.0 0.0 0.0 0.0
26.9586856529 9.33653880843 30.4586849509 -0.2391466716 -0.883474305556 0.402842426869 0.587079985988 0.198894705172 0.784715226249 0.0 0.0 0.0 0.0 0.0 0.0
26.8881510144 9.46259696934 30.9761975661 0.259781011805 -0.964368293473 0.0500761465088 0.587079985988 0.198894705172 0.784715226249 0.0 0.0 0.0 0.0 0.0 0.0
26.8768334657 9.36882734741 31.5051250406 0.660013545519 -0.678882643322 -0.321714899138 0.587079985988 0.198894705172 0.784715226249 0.0 0.0 0.0 0.0 0.0 0.0
27.0159660255 9.12030640557 31.9607175936 0.809495898452 -0.13547812666 -0.571281075816 0.587079985988 0.198894705172 0.784715226249 0.0 0.0 0.0 0.0 0.0 0.0
27.3396232008 8.84090322049 32.2860866075 0.651437225513 0.459396795393 -0.603808020482 0.587079985988 0.198894705172 0.784715226249 0.0 0.0 0.0 0.0 0.0 0.0
27.8117755121 8.66621954939 32.4738175641 0.245886659153 0.879739194172 -0.406938203034 0.587079985988 0.198894705172 0.784715226249 0.0 0.0 0.0 0.0 0.0 0.0
28.3399776951 8.69207245527 32.5687869445 -0.253080360026 0.96585396463 -0.0554657586101 0.587079985988 0.198894705172 0.784715226249 0.0 0.0 0.0 0.0 0.0 0.0
28.8104902021 8.93809180278 32.6511129034 -0.655897919153 0.685024665708 0.317079054848 0.587079985988 0.198894705172 0.784715226249 0.0 0.0 0.0 0.0 0.0 0.0
29.1314907578 9.34026254439 32.8057170429 -0.809528892765 0.143943043282 0.56916023409 0.587079985988 0.198894705172 0.784715226249 0.0 0.0 0.0 0.0 0.0 0.0
29.267959177 9.77524510725 33.0900612757 -0.655606305414 -0.451824947886 0.60500792455 0.587079985988 0.198894705172 0.784715226249 0.0 0.0 0.0 0.0 0.0 0.0
29.2549821181 10.107234159 33.5123170839 -0.252607921484 -0.875937087242 0.41100298928 0.587079985988 0.198894705172 0.784715226249 0.0 0.0 0.0 0.0 0.0 0.0
29.1844230756 10.2395533242 34.0282610365 0.246360435197 -0.967266082267 0.0608511467791 0.587079985988 0.198894705172 0.784715226249 0.0 0.0 0.0 0.0 0.0 0.0
29.1700219021 10.1513841555 34.5580760098 0.65173234362 -0.691114520813 -0.31241906376 0.587079985988 0.198894705172 0.784715226249 0.0 0.0 0.0 0.0 0.0 0.0
29.3041831368 9.90567541 35.0166750478 0.809500238318 -0.152396998083 -0.566996048609 0.587079985988 0.198894705172 0.784715226249 0.0 0.0 0.0 0.0 0.0 0.0
29.6228699763 9.62522776402 35.3460273186 0.659725458357 0.444218692161 -0.606161754922 0.587079985988 0.198894705172 0.784715226249 0.0 0.0 0.0 0.0 0.0 0.0
30.0919412548 9.44603978288 35.5372049983 0.259309946744 0.872068274312 -0.415036476057 0.587079985988 0.198894705172 0.784715226249 0.0 0.0 0.0 0.0 0.0 0.0
30.6201222438 9.46563979232 35.6337751003 -0.239621749068 0.968604538848 -0.0662319008977 0.587079985988 0.198894705172 0.784715226249 0.0 0.0 0.0 0.0 0.0 0.0
31.0936814476 9.70603323687 35.7152476384 -0.647517136147 0.697151744872 0.307735280751 0.587079985988 0.198894705172 0.784715226249 0.0 0.0 0.0 0.0 0.0 0.0
31.4196390998 10.1053424436 35.8668684433 -0.809409937295 0.160839347263 0.564788684183 0.587079985988 0.198894705172 0.784715226249 0.0 0.0 0.0 0.0 0.0 0.0
31.5610917314 10.5413149846 36.1472328467 -0.663794370652 -0.436578607462 0.60726942373 0.587079985988 0.198894705172 0.784715226249 0.0 0.0 0.0 0.0 0.0 0.0
28.3762952773 10.2557310676 15.3576649344 0.571584990938 -0.422623663485 0.703334797374 0.21935235078 0.904662578829 0.365335687654 0.0 0.0 0.0 0.0 0.0 0.0
28.2487572844 10.5409771564 15.7947619847 0.926640643282 -0.310360695331 0.212163514797 0.21935235078 0.904662578829 0.365335687654 0.0 0.0 0.0 0.0 0.0 0.0
28.3324470553 10.7554765148 16.2802217148 0.929650022638 -0.0801865100671 -0.359612234236 0.21935235078 0.904662578829 0.365335687654 0.0 0.0 0.0 0.0 0.0 0.0
28.6280505781 10.9516973559 16.6837078248 0.579469815474 0.180451871018 -0.794765283087 0.21935235078 0.904662578829 0.365335687654 0.0 0.0 0.0 0.0 0.0 0.0
29.0557442636 11.1890522065 16.9060271635 0.0091393371932 0.37253356931 -0.927973713126 0.21935235078 0.904662578829 0.365335687654 0.0 0.0 0.0 0.0 0.0 0.0
29.4855212613 11.5113260961 16.9168148652 -0.564663328089 0.423083536191 -0.708629414656 0.21935235078 0.904662578829 0.365335687654 0.0 0.0 0.0 0.0 0.0 0.0
29.7865832356 11.930041891 16.7660704694 -0.923940954363 0.312896994094 -0.220064953906 0.21935235078 0.904662578829 0.365335687654 0.0 0.0 0.0 0.0 0.0 0.0
29.8770328402 12.4200825655 16.5651622605 -0.932197964606 0.0838356525817 0.352105862123 0.21935235078 0.904662578829 0.365335687654 0.0 0.0 0.0 0.0 0.0 0.0
29.7549878895 12.9292335797 16.4445165939 -0.586297382575 -0.177076255004 0.790505774235 0.21935235078 0.904662578829 0.365335687654 0.0 0.0 0.0 0.0 0.0 0.0
29.499296432 13.398020056 16.5040667435 -0.0176526225355 -0.370713932756 0.928579326163 0.21935235078 0.904662578829 0.365335687654 0.0 0.0 0.0 0.0 0.0 0.0
29.2395810587 13.7823022797 16.7752865796 0.557698663942 -0.423511189448 0.713870067064 0.21935235078 0.904662578829 0.365335687654 0.0 0.0 0.0 0.0 0.0 0.0
29.1069931133 14.0700451144 17.20923312 0.921170903763 -0.315409464539 0.227949634216 0.21935235078 0.904662578829 0.365335687654 0.0 0.0 0.0 0.0 0.0 0.0
29.1843861044 14.2858903518 17.6951407868 0.934674916089 -0.0874784106868 -0.344572675786 0.21935235078 0.904662578829 0.365335687654 0.0 0.0 0.0 0.0 0.0 0.0
29.4748382721 14.4817948826 18.1025031012 0.593080300861 0.173687153946 -0.786186065308 0.21935235078 0.904662578829 0.365335687654 0.0 0.0 0.0 0.0 0.0 0.0
29.900483113 14.7172914057 18.3306542773 0.0261645635622 0.368866064901 -0.92911422429 0.21935235078 0.904662578829 0.365335687654 0.0 0.0 0.0 0.0 0.0 0.0
30.332092167 15.0368709599 18.3470138367 -0.550691528882 0.423906590688 -0.719056355503 0.21935235078 0.904662578829 0.365335687654 0.0 0.0 0.0 0.0 0.0 0.0
30.6381710696 15.4530800348 18.1994644773 -0.918330702433 0.317897915332 -0.235816955279 0.21935235078 0.904662578829 0.365335687654 0.0 0.0 0.0 0.0 0.0 0.0
30.7349164598 15.9417539494 17.9981606354 -0.937080688458 0.0911145069723 0.337013248905 0.21935235078 0.904662578829 0.365335687654 0.0 0.0 0.0 0.0 0.0 0.0
30.6180542775 16.4511974188 17.8736789743 -0.599818053785 -0.17028482594 0.781806485268 0.21935235078 0.904662578829 0.365335687654 0.0 0.0 0.0 0.0 0.0 0.0
30.3644635509 16.9218244568 17.9274101261 -0.0346745120561 -0.366990106467 0.929578366771 0.21935235078 0.904662578829 0.365335687654 0.0 0.0 0.0 0.0 0.0 0.0
30.1029687683 17.3087960885 18.1930386959 0.54364245653 -0.4242697098 0.724187885016 0.21935235078 0.904662578829 0.365335687654 0.0 0.0 0.0 0.0 0.0 0.0
29.9653973008 17.5990554264 18.6237459168 0.915420566663 -0.320362156969 0.243666317968 0.21935235078 0.904662578829 0.365335687654 0.0 0.0 0.0 0.0 0.0 0.0
30.0364959802 17.8162882006 19.1099968826 0.939415098506 -0.0947436645353 -0.32942815716 0.21935235078 0.904662578829 0.365335687654 0.0 0.0 0.0 0.0 0.0 0.0
30.3217343608 18.0119241535 19.5211546896 0.606510128243 0.166869530085 -0.777367367638 0.21935235078 0.904662578829 0.365335687654 0.0 0.0 0.0 0.0 0.0 0.0
30.7452267443 18.245598021 19.7551115806 0.0431818199516 0.365086200316 -0.929971718261 0.21935235078 0.904662578829 0.365335687654 0.0 0.0 0.0 0.0 0.0 0.0
31.1785624251 18.5624932994 19.7770813893 -0.5365519837 0.424600519131 -0.729264264818 0.21935235078 0.904662578829 0.365335687654 0.0 0.0 0.0 0.0 0.0 0.0
