t = 100
b = 30 30 30
E = -0.0547375859337057 -0.3771783950317 0.322440809097994
22.8554450393058 8.9597027070971 2.172822512608 -0.208894200783075 0.977523799291259 0.0284660542030673 0.939891144119941 0.19264176771262 0.281946214092305 -0.417338594422665 0.624695560186657 0.122582818163796 0.274601789581048 0.265533069851674 -0.227060716555668
23.2484394486466 9.32122066055847 1.98290543093973 -0.162408111678773 0.781028847266146 0.603006986615752 0.985935483140881 0.104028839581075 0.130801792383498 0.102551937261128 0.482027577881837 0.0049771377281967 0.709577972870002 0.34521396100378 0.411349639585815
23.7367851715569 9.5458290941181 1.96927090343109 -0.352469258436357 0.426622438625306 0.832921724980348 0.93125909105898 0.247697272939054 0.267212372251261 -0.127343215287874 0.143266900010978 0.198096837033852 0.431352974737283 -0.203740569388965 -0.420867330989221
24.1004991874151 9.85494815617986 2.14980618516 -0.282444154998474 -0.275674489606444 0.918819218410314 0.934009373864296 0.139387051425242 0.328934067744213 -0.0203588363448183 -0.0695245389914029 0.580654878368179 0.325394336500756 0.00137685477477891 0.111991108851008
24.4198482893612 10.0729650826133 2.40110896765838 -0.173066966518298 -0.873006678265673 0.455968252140918 0.915472374193388 0.0281611869543653 0.401394021673116 0.000548053129858785 0.17857886747032 0.328593383363279 0.282181564350846 0.160526995819256 0.106859263326858
24.6882048393609 10.0868574570821 2.7899406020364 0.115737438256671 -0.972317596336952 -0.202985772598202 0.896441338942352 0.0142367265130616 0.442933543433855 0.571242992260382 -0.0155931402807616 0.274383667530482 0.336886403660889 0.243913460823838 0.811188504506614
25.2499948361031 12.2280163217701 4.94571709035644 -0.143747114051288 -0.749804049541694 -0.645856435538393 0.943399378569111 -0.300939008378493 0.13940303799167 2.31442745082003 8.53200893848425 7.44530328858023 0.116240735667226 1.0418322211272 0.377691841564807
25.2696729044283 9.68885155188723 4.07262798214241 0.217289443954136 -0.323452125703758 -0.920958142775347 0.975475497421214 0.0380190424911594 0.216799416908068 -0.14450687383103 0.0401726914304845 1.3029890171808 -0.10069420339424 0.710785127696411 0.166396726060201
25.7339741109324 9.49858512630062 3.67502148222669 0.0165791520419798 0.226288079462403 -0.973919256399668 0.996788166489311 0.0725846886742111 0.0338333507861901 0.327374975096743 -0.348446943052932 0.706460069358035 0.326588420221794 0.738995786764264 -0.194711268897987
26.0719812575528 9.28922695509834 3.48662617732201 0.184571652442315 0.897928384472357 -0.399572028145809 0.958668931840733 -0.0749132887520376 0.274484536964915 0.112714063862272 0.0049322907346668 -0.485430130738818 0.625775235068095 -0.0137803715433629 0.288261815715434
26.6470117109801 9.30358037407099 3.43218347894751 -0.122505704100438 0.990321324619511 -0.0652373153089426 0.988667847696661 0.127519275708071 0.0792124350667332 0.0705023343732625 0.665418813574217 -0.0627497238798836 0.399250793477404 0.138854648029852 -0.0342630364193179
27.0666496087537 9.37257500979369 3.22713870375242 -0.222378114456752 0.717083885883049 0.660559276762892 0.962646681471291 0.0541523867225851 0.265289967459668 1.02769504974657 0.30467803244882 0.279068790311749 0.520754200451939 -0.492300000330918 0.260376460307391
27.4325549583783 9.63613199384262 3.35779457941779 -0.351687541591685 0.157137775099025 0.92283447946848 0.927724256922798 0.190218674874304 0.321161083600972 0.291599807575775 0.260663402017951 0.598874615133737 0.300187890060097 -0.386422024165504 0.107549548529087
27.765007924551 9.95827705268143 3.39333048028943 -0.221732160842322 -0.310351936972305 0.924400565165446 0.96910256035899 0.034909683592292 0.244174983543974 -0.322351171771657 -0.372979522853603 0.0857619595773373 0.106463600343376 0.292673900282559 0.458077359987675
28.2073200603041 10.0992073477117 3.63294570253442 -0.32335257839207 -0.762493885413662 0.560398131725367 0.90516174308586 -0.0765579436645659 0.4181159897817 0.335430974975272 -0.411052569782745 0.230605420985812 0.287016951424564 0.0950840745455644 -0.452372654086311
28.3295343538937 10.1498909540992 4.090812117778 0.258302603803891 -0.965978678581983 0.012838964159024 0.824853295447633 0.227444881594695 0.517576808826963 0.233668018931581 -0.378334151004962 0.158400214261881 0.482109059259365 -0.327918589580608 0.364720216626947
28.7548543858303 10.2169421655666 4.44484623035479 0.359828881972813 -0.806616624215907 -0.468927156444602 0.914613910679988 0.205611569096704 0.348145312176125 0.820341387454368 -0.0876054350500654 0.0247377646202349 0.248861664061528 -0.00128210862447175 0.237390862579162
29.2108701120525 10.1789468215451 4.79836681097015 0.243230124333047 -0.378503041890657 -0.893070229652708 0.941092167736117 -0.130898567389892 0.311786755922382 0.703911236237742 0.29699806518196 0.00618311366696854 0.120619624558748 0.163220582999509 -0.0655071621475282
29.6344927024844 11.6049469697055 6.86619463549711 0.190247391833454 0.157154410431705 -0.969076005285595 0.981628227797091 -0.0158169372513004 0.190146599293684 1.07868328591218 7.29481300296777 7.64117263414618 0.212942871808154 0.272778874462926 -0.198523833629041
29.7017361776701 9.47917931429248 4.84220796747135 0.308515157131012 0.606266983434895 -0.732979285042687 0.947641539032887 -0.129124096305934 0.292065685349452 -0.129044632080321 0.284079773234296 -0.316508428132873 0.313059603019719 0.258187304443467 -0.525267423354309
30.1715480342364 9.44291238978705 4.75162055393941 -0.0586614636446801 0.995989755924319 -0.0675508671472171 0.990127721125008 0.066678240656749 0.123292312739146 -0.536583887709343 0.545820187341999 -0.406815990880866 0.576197293873865 -0.171236710745202 -0.505982419284043
30.5362131958265 9.56972489377903 4.50837278200136 -0.0435270117432806 0.789384323079175 0.612354203630022 0.998976902347275 0.0268646446395983 0.0363775553703631 -0.20378902461704 0.272731836934382 0.779810954137145 0.633042072548624 -0.398763419738176 0.333899927469413
30.9856709853519 9.73871465788545 4.5220686787712 -0.28433322901636 0.313210885996354 0.906119990179317 0.958718758397177 0.0964218807314933 0.267508961390711 -0.0514910168014657 -0.0931803034774134 0.46082414529168 0.452165930417983 -0.056934073235029 0.045844514588783
31.324765884277 10.0672172929535 4.61100401770168 -0.200956583719302 -0.360609741715966 0.910811147985973 0.900743216147824 0.297463555008969 0.316507470908539 0.100842616844114 -0.418377645992119 -0.123850338564688 0.369271554956544 0.0782794947322512 0.384727987527141
31.7154371624819 10.2391982779047 4.89469554760421 -0.357750364469794 -0.699657624206423 0.618460806105777 0.836591101349506 0.054115228195464 0.545148379863729 0.210121101990062 -0.492253312604378 0.0510779189738137 0.408136871801079 0.283327770765275 -0.12081615587465
29.4249441463944 25.3159861582202 23.9351757543848 0.0258246108815166 0.66612614727394 -0.745391794675058 0.593009241918293 0.590069756040479 0.547866409650952 -0.695888052670209 -0.612671629409118 -0.531087797342218 0.0317419619486183 0.351094013015469 -0.230268129405902
29.9698989489865 25.5942061000929 24.009812267533 -0.712308957659953 0.679720598770823 -0.174916389917512 0.576192693146124 0.708619801771868 0.407258934024477 -0.45370016187821 -0.0913437082545256 -0.693340952658277 0.22040090692047 0.202598291100512 0.234923017201806
30.3773149196302 25.9051611193445 24.0081116383135 -0.839603642016519 0.506787121737916 0.195531119104669 0.532134089742519 0.695080222846105 0.483421841587841 -0.926742005809747 -0.447207944372878 -0.297852865650969 0.610319430481245 0.0771273427955354 -0.252498098992856
30.5816453523009 26.364733978303 23.8210834167795 -0.897817089765987 0.134599112255868 0.419293972943067 0.402378039983276 0.637620647171258 0.656910728046611 -0.653570860223283 -0.733294024428266 -0.954356090616434 0.391244955091183 0.64786145536657 -0.173119676485326
30.8682624035869 26.4599584979696 23.8507684753918 -0.554150831421161 -0.077159960573643 0.828832363642455 0.604515106083739 0.647202128683135 0.464425206555229 1.62076919920624 -1.75908385950584 -3.09949447334057 0.390947255630909 -1.46196563781073 -0.907930546387725
30.743488618479 26.916760770042 24.3665274123374 0.257880247820604 -0.608948124615919 0.750119884634119 0.52243501316213 0.740975984131939 0.421919576929271 0.87433269246105 -1.25052358772399 0.627194484521422 0.179531748059733 -0.31816633118208 0.56088209418895
30.6286734713698 26.8474036873792 24.0537050546743 0.762557346710377 -0.601791128901222 0.237389168102567 0.443498401630443 0.753454471438055 0.485402315684153 -1.67906155207803 -1.76730180961223 -1.5202865129468 0.0243643608481237 -0.578349022281649 0.193715677530846
30.8615602391321 27.578684650867 25.2417980639577 0.833486985399146 -0.534963262609823 -0.138252065597057 0.453694787581558 0.519800179014882 0.723856821840737 0.0882339180393232 -0.350014760871541 -0.609140667498876 0.291024660961051 -0.194618943195631 -0.0981817209676941
31.1632018783342 27.6448471078123 25.670832719592 0.683041346304944 -0.215216566997203 -0.697951451979535 0.714295640599149 0.396274386890604 0.576843334396045 0.3772571741885 -0.171679858905138 -0.675647094470616 0.393162169406902 -0.416146606007095 -0.496332271269577
31.5539170566933 27.5959707072225 25.9476987776436 0.509760456967665 0.384587546036241 -0.769569085125726 0.615378310830145 0.462111808026118 0.638562520876235 -0.245330699174173 -0.0363633596381646 -0.756500922552027 0.727851962719981 0.34958045278999 0.261088916071679
31.9482819780066 27.5808235794574 26.1676517806394 0.00139381974911598 0.765582506423784 -0.643336120502697 0.761562827946785 0.416127567246958 0.496849869664974 -0.699254015495332 -0.529811687565742 -0.627414578218471 0.134206638669137 0.252969442907196 0.0415241881180736
32.4169419692607 27.7117247022891 26.3326541344577 -0.521897212813627 0.751189170198781 -0.404150975537594 0.542049126469935 0.65789082648207 0.52284059302463 -0.605148223633323 -0.731506147581472 0.268100035462051 0.409492336169148 0.0355219721995505 -0.189489843390747
32.7348779364172 28.0374695920581 26.2704262577226 -0.828358899216237 0.493603615842291 0.264909205139628 0.560127700699722 0.737269156637997 0.377744671618581 -2.10460510476744 -2.82899465639916 -4.37523860270214 0.38483235538708 -2.00335375688553 1.23958134999698
32.973480883726 28.4725352254857 26.1933088984516 -0.630043566973127 0.0658211957457887 0.773765183086525 0.542484194415613 0.750268708551139 0.377898998362885 -0.229421739646094 0.00712893934813074 -0.486374507102757 0.682694596794995 -0.312785094964588 0.268902779313462
33.125635420327 28.9463842535769 25.8479536783244 -0.329446873843323 -0.390639299394247 0.859572904112694 0.482765319011223 0.712698045616872 0.50891947098921 0.590747004037888 0.167174331130369 -3.80343244538575 0.38769430079898 0.155322911139784 0.406418033077999
33.298291713596 29.3874929869136 26.3048499245687 0.104265617257303 -0.743378881010715 0.660693879271653 0.474258252043212 0.621083048428818 0.623967019208527 0.688289451036476 0.334593812926106 -1.81183217031631 0.56574703713944 -0.224027438284137 0.145725911758201
33.1975224899711 29.7382144914032 26.5871997432776 0.781056259130157 -0.584306325116944 0.220311434159586 0.310126565626905 0.669173503836939 0.675298618551033 0.620729783636339 0.376016329713591 -0.860259908642237 0.248711577732691 -0.0656116437041497 1.24445899722026
33.3574618280919 29.9192343526818 27.1478840842516 0.687243893870855 -0.627724604657871 -0.365592030884707 0.680449003774237 0.380074751376633 0.626523917840307 0.634382164161763 -0.00661106949561989 -0.530049071388412 0.22702086378277 -0.181932048529134 0.215053610203313
32.9134178134687 28.1066001743393 26.7981731594527 0.825404325730261 -0.139559875377834 -0.547019763124132 0.538654111706118 0.484748395023508 0.689108571811756 -1.68731159881683 -4.76810051469498 2.53541970035295 0.342933717749756 -1.5080992762079 1.09839875569146
33.92112065662 29.7826949170708 27.8397615574316 0.519370225499642 0.47060712536556 -0.713290532361087 0.592229031139015 0.403518695552089 0.697450585671832 0.289048832261357 0.177898307843155 -1.20661562209553 0.308630402957701 -0.750255843510589 -0.143532182892305
34.3344916577891 29.8605340632524 28.1048831383149 0.00572724370806291 0.766305518820501 -0.642450722937185 0.633270228996136 0.494435649749414 0.595400777842715 -0.396860878882505 -0.0966948055937181 -0.715005891830967 0.222428633574896 -0.116560877360964 0.149671145112721
34.7629714018735 30.0404957705718 28.3296686036171 -0.494106664341359 0.822090349217089 -0.282888569700093 0.630245977848543 0.562830679887935 0.534800443273037 -0.343859879508978 -0.106748491032895 -0.608869550273608 0.130356984497086 0.328257306937998 0.0374585289516809
35.1782981964777 30.346885158706 28.4080067294195 -0.84297741524916 0.518505974023174 0.143319618905037 0.525240467021262 0.735748417374184 0.427547193836828 -0.500069387797932 0.0585605523665767 -0.00220300492936498 0.484287655933579 0.0241276135352171 -0.314444820946528
35.3609878135682 30.7972334199048 28.3034989729059 -0.548451461984292 0.161394438625226 0.820458843017342 0.630032078338545 0.724887818481223 0.27856259754102 0.144956356952275 -0.183964191833485 -0.00557064664863485 0.643683293972288 -0.307048047979088 0.773667508809205
35.587071778789 31.2123856957387 28.4885622332349 -0.347227846660851 -0.32222299344821 0.880684419297003 0.498426097754327 0.732076589099565 0.464365350304373 0.0483137502587805 0.35244731405041 -0.0272570626609177 0.186507443036376 -0.0460093813647591 0.113286358752197
35.5976925826687 31.612263372348 28.789502711441 0.335880546955824 -0.741045717418564 0.581408115138211 0.527828022203994 0.659326389685235 0.535430829000432 0.0925574458412644 0.270806729460592 0.284651359604882 0.199766607162183 -0.189753157961755 0.832189406423775
