t = 0
b =  30.0 30.0 30.0
E = 0. 0. 0.
26.8263777761 15.6807331892 24.3544136795 -0.312581757456 0.944999182226 0.096276635271 0.889655742688 0.255734048862 0.378302465964 0.0 0.0 0.0 0.0 0.0 0.0
27.2546190029 15.9598531483 24.1889247005 -0.448392531605 0.64592530543 0.617838682349 0.889655742688 0.255734048862 0.378302465964 0.0 0.0 0.0 0.0 0.0 0.0
27.5806491381 16.3862118011 24.1642720686 -0.413851486274 0.101453605806 0.90467348429 0.889655742688 0.255734048862 0.378302465964 0.0 0.0 0.0 0.0 0.0 0.0
27.8123418139 16.8356968066 24.3458397859 -0.22208134208 -0.481562014877 0.847807704216 0.889655742688 0.255734048862 0.378302465964 0.0 0.0 0.0 0.0 0.0 0.0
27.9934110408 17.1754097356 24.720665296 0.0540612169724 -0.881624174821 0.468845602721 0.889655742688 0.255734048862 0.378302465964 0.0 0.0 0.0 0.0 0.0 0.0
28.1868035239 17.3141564062 25.202364176 0.309665015842 -0.94674257078 -0.0882387819281 0.889655742688 0.255734048862 0.378302465964 0.0 0.0 0.0 0.0 0.0 0.0
28.450784157 17.237093078 25.6639490229 0.44762189787 -0.652177635409 -0.611799778049 0.889655742688 0.255734048862 0.378302465964 0.0 0.0 0.0 0.0 0.0 0.0
28.8168002158 17.0113658373 25.9860740912 0.415519737058 -0.109839512516 -0.902927809742 0.889655742688 0.255734048862 0.378302465964 0.0 0.0 0.0 0.0 0.0 0.0
29.2775340118 16.7606006763 26.1023767368 0.225554681018 0.474228477599 -0.851018470366 0.889655742688 0.255734048862 0.378302465964 0.0 0.0 0.0 0.0 0.0 0.0
29.7896830044 16.6179359116 26.0246896953 -0.0501023694132 0.878129140398 -0.475792985828 0.889655742688 0.255734048862 0.378302465964 0.0 0.0 0.0 0.0 0.0 0.0
30.2904111604 16.6754407122 25.8385456277 -0.306724692038 0.948413861223 0.0801942088604 0.889655742688 0.255734048862 0.378302465964 0.0 0.0 0.0 0.0 0.0 0.0
30.7212214131 16.9491364822 25.6706818326 -0.446817175994 0.658380299535 0.605714282827 0.889655742688 0.255734048862 0.378302465964 0.0 0.0 0.0 0.0 0.0 0.0
31.0501796765 17.3729100623 25.6408906273 -0.417156344405 0.118217054522 0.901113373745 0.889655742688 0.255734048862 0.378302465964 0.0 0.0 0.0 0.0 0.0 0.0
31.2840471381 17.8236312236 25.8165082439 -0.229010843095 -0.466858825987 0.854164428165 0.889655742688 0.255734048862 0.378302465964 0.0 0.0 0.0 0.0 0.0 0.0
31.4657115707 18.1679319009 26.1868326687 0.0461397063646 -0.874567233041 0.482704135458 0.889655742688 0.255734048862 0.378302465964 0.0 0.0 0.0 0.0 0.0 0.0
31.6578935509 18.3128749499 26.6671895165 0.303761009961 -0.950012926278 -0.0721435286931 0.889655742688 0.255734048862 0.378302465964 0.0 0.0 0.0 0.0 0.0 0.0
31.9193178629 18.2412625224 27.1311012446 0.44597842726 -0.664532825453 -0.599582660118 0.889655742688 0.255734048862 0.378302465964 0.0 0.0 0.0 0.0 0.0 0.0
32.2824029714 18.0181698165 27.4583380864 0.418761183681 -0.126585593842 -0.899230314477 0.889655742688 0.255734048862 0.378302465964 0.0 0.0 0.0 0.0 0.0 0.0
32.7409447049 17.7662219205 27.5805953498 0.232449565108 0.459453621268 -0.857245338036 0.889655742688 0.255734048862 0.378302465964 0.0 0.0 0.0 0.0 0.0 0.0
33.2524733241 17.6190064919 27.5074435114 -0.0421735295987 0.870938724003 -0.489578525298 0.889655742688 0.255734048862 0.378302465964 0.0 0.0 0.0 0.0 0.0 0.0
33.7543884859 17.6703215728 27.3226922327 -0.300774195307 0.951539644171 0.0640873545168 0.889655742688 0.255734048862 0.378302465964 0.0 0.0 0.0 0.0 0.0 0.0
34.1877421603 17.9385401456 27.1525496686 -0.445105715542 0.670634744623 0.593405376868 0.889655742688 0.255734048862 0.378302465964 0.0 0.0 0.0 0.0 0.0 0.0
34.519633973 18.3596299295 27.1176738787 -0.420334132672 0.134944493179 0.897278775338 0.889655742688 0.255734048862 0.378302465964 0.0 0.0 0.0 0.0 0.0 0.0
34.7557106068 18.8114803148 27.2873328139 -0.235870585188 -0.452013427376 0.860260965356 0.889655742688 0.255734048862 0.378302465964 0.0 0.0 0.0 0.0 0.0 0.0
34.9380205334 19.1602942252 27.6530882633 0.0382041411552 -0.867243889609 0.496415631839 0.889655742688 0.255734048862 0.378302465964 0.0 0.0 0.0 0.0 0.0 0.0
17.7606313781 19.0387298287 10.989902464 0.964819045727 0.257319973952 -0.0539503476157 0.0406163612891 0.0568593117996 0.997555677573 0.0 0.0 0.0 0.0 0.0 0.0
17.9778165436 18.7508323702 11.3881872358 0.629228351442 0.774085150935 -0.0697413854445 0.0406163612891 0.0568593117996 0.997555677573 0.0 0.0 0.0 0.0 0.0 0.0
18.3384343316 18.6393876463 11.7705744565 0.0545832863074 0.996762437064 -0.0590365049292 0.0406163612891 0.0568593117996 0.997555677573 0.0 0.0 0.0 0.0 0.0 0.0
18.7114943814 18.7551549512 12.1395043041 -0.540798881879 0.840753008373 -0.0259026691536 0.0406163612891 0.0568593117996 0.997555677573 0.0 0.0 0.0 0.0 0.0 0.0
18.9612793092 19.0625719308 12.5025296374 -0.930722513165 0.365327455161 0.017072023703 0.0406163612891 0.0568593117996 0.997555677573 0.0 0.0 0.0 0.0 0.0 0.0
18.9989060107 19.4532653154 12.8694465391 -0.967049100849 -0.248892106216 0.0535607693259 0.0406163612891 0.0568593117996 0.997555677573 0.0 0.0 0.0 0.0 0.0 0.0
18.8160938393 19.7872237365 13.2485726198 -0.635977566921 -0.768553395188 0.0697008831935 0.0406163612891 0.0568593117996 0.997555677573 0.0 0.0 0.0 0.0 0.0 0.0
18.4883105615 19.9459903869 13.643587019 -0.0632875223424 -0.9962283998 0.0593604661993 0.0406163612891 0.0568593117996 0.997555677573 0.0 0.0 0.0 0.0 0.0 0.0
18.146100891 19.8776667423 14.0521326384 0.533446510085 -0.845419579278 0.0264680156419 0.0406163612891 0.0568593117996 0.997555677573 0.0 0.0 0.0 0.0 0.0 0.0
17.9254903692 19.616629678 14.4667116428 0.927515294581 -0.373421725926 -0.0164800765795 0.0406163612891 0.0568593117996 0.997555677573 0.0 0.0 0.0 0.0 0.0 0.0
17.916306988 19.2704711195 14.8775340132 0.969205511437 0.240445284383 -0.0531671121761 0.0406163612891 0.0568593117996 0.997555677573 0.0 0.0 0.0 0.0 0.0 0.0
18.1280540337 18.9791220712 15.2762369387 0.642678350246 0.762963111125 -0.0696550729503 0.0406163612891 0.0568593117996 0.997555677573 0.0 0.0 0.0 0.0 0.0 0.0
18.4862996295 18.8616904881 15.6590619881 0.0719869387876 0.995618495887 -0.05967990694 0.0406163612891 0.0568593117996 0.997555677573 0.0 0.0 0.0 0.0 0.0 0.0
18.8609546503 18.9712101724 16.0282830009 -0.526053514274 0.850021768208 -0.0270313464883 0.0406163612891 0.0568593117996 0.997555677573 0.0 0.0 0.0 0.0 0.0 0.0
19.1156957559 19.2744923455 16.3913422174 -0.924237442117 0.381487559181 0.0158868744342 0.0406163612891 0.0568593117996 0.997555677573 0.0 0.0 0.0 0.0 0.0 0.0
19.1597569076 19.6647346197 16.7580228474 -0.971288113274 -0.231980151711 0.0527694061449 0.0406163612891 0.0568593117996 0.997555677573 0.0 0.0 0.0 0.0 0.0 0.0
18.9824129032 20.0020970111 17.1367322652 -0.649330191127 -0.757314724466 0.0696039582037 0.0406163612891 0.0568593117996 0.997555677573 0.0 0.0 0.0 0.0 0.0 0.0
18.6570540614 20.1668294872 17.5313079075 -0.0806808731487 -0.99493277177 0.0599948028248 0.0406163612891 0.0568593117996 0.997555677573 0.0 0.0 0.0 0.0 0.0 0.0
18.313304012 20.1047670067 17.9395593669 0.518620457451 -0.854559224689 0.0275926187931 0.0406163612891 0.0568593117996 0.997555677573 0.0 0.0 0.0 0.0 0.0 0.0
18.0877735121 19.847907724 18.3541005647 0.920889205393 -0.389524340681 -0.015292462442 0.0406163612891 0.0568593117996 0.997555677573 0.0 0.0 0.0 0.0 0.0 0.0
18.0721597357 19.5022563555 18.7651558452 0.97329674776 0.223497352852 -0.0523676815191 0.0406163612891 0.0568593117996 0.997555677573 0.0 0.0 0.0 0.0 0.0 0.0
18.2784089835 19.2075512157 19.164273911 0.655932582999 0.75160866536 -0.0695475428461 0.0406163612891 0.0568593117996 0.997555677573 0.0 0.0 0.0 0.0 0.0 0.0
18.6341780842 19.0841752949 19.5475386123 0.089368663349 0.994171279671 -0.060305129873 0.0406163612891 0.0568593117996 0.997555677573 0.0 0.0 0.0 0.0 0.0 0.0
19.0103187745 19.1874207485 19.9170567573 -0.511147905672 0.859031603177 -0.0281517898131 0.0406163612891 0.0568593117996 0.997555677573 0.0 0.0 0.0 0.0 0.0 0.0
19.2699432837 19.4864824831 20.2801577009 -0.917470839391 0.397531458394 0.0146968858696 0.0406163612891 0.0568593117996 0.997555677573 0.0 0.0 0.0 0.0 0.0 0.0
19.3204302862 19.8761615261 20.6466088002 -0.975231261931 -0.214997533804 0.0519619688916 0.0406163612891 0.0568593117996 0.997555677573 0.0 0.0 0.0 0.0 0.0 0.0
19.1486132918 20.2168318745 21.0249046318 -0.662485023066 -0.745845368343 0.0694858311739 0.0406163612891 0.0568593117996 0.997555677573 0.0 0.0 0.0 0.0 0.0 0.0
