t = 0
b =  30.0 30.0 30.0
E = 0. 0. 0.
15.7263615779 19.9957636622 2.93672661561 0.835109975173 -0.539453842594 -0.107614502166 0.335268119098 0.344055741508 0.877052412945 0.0 0.0 0.0 0.0 0.0 0.0
15.7987867443 19.7979980036 3.43102252054 0.932193129959 0.0136558354008 -0.361703589443 0.335268119098 0.344055741508 0.877052412945 0.0 0.0 0.0 0.0 0.0 0.0
16.0837053641 19.603345193 3.84286808088 0.675120529236 0.561577433214 -0.478375435729 0.335268119098 0.344055741508 0.877052412945 0.0 0.0 0.0 0.0 0.0 0.0
16.5225177298 19.536703976 4.1456679456 0.161558352042 0.896146375075 -0.413304455971 0.335268119098 0.344055741508 0.877052412945 0.0 0.0 0.0 0.0 0.0 0.0
16.9981573268 19.6743393535 4.35425504657 -0.413382544204 0.890254326277 -0.191212203307 0.335268119098 0.344055741508 0.877052412945 0.0 0.0 0.0 0.0 0.0 0.0
17.37956636 20.0149082326 4.51925531978 -0.831272500519 0.546139774667 0.10352476229 0.335268119098 0.344055741508 0.877052412945 0.0 0.0 0.0 0.0 0.0 0.0
17.5714868004 20.4799696905 4.70785406581 -0.933348135752 -0.00546240830825 0.358930939852 0.335268119098 0.344055741508 0.877052412945 0.0 0.0 0.0 0.0 0.0 0.0
17.550650504 20.9437859922 4.97827113087 -0.680829209465 -0.554989331041 0.477973252359 0.335268119098 0.344055741508 0.877052412945 0.0 0.0 0.0 0.0 0.0 0.0
17.3746191678 21.2810924585 5.35764221385 -0.169651883644 -0.893666527984 0.415425535008 0.335268119098 0.344055741508 0.877052412945 0.0 0.0 0.0 0.0 0.0 0.0
17.1599156795 21.4146876117 5.8317095606 0.405979029201 -0.892824869639 0.195050711363 0.335268119098 0.344055741508 0.877052412945 0.0 0.0 0.0 0.0 0.0 0.0
17.0377551236 21.3447633077 6.35023872315 0.827371721246 -0.552784116082 -0.0994271386029 0.335268119098 0.344055741508 0.877052412945 0.0 0.0 0.0 0.0 0.0 0.0
17.1041939776 21.148831847 6.84610346633 0.934432063471 -0.00273143476784 -0.35613095628 0.335268119098 0.344055741508 0.877052412945 0.0 0.0 0.0 0.0 0.0 0.0
17.3836366498 20.9522777557 7.26078814681 0.686486041913 0.548358964282 -0.477534669475 0.335268119098 0.344055741508 0.877052412945 0.0 0.0 0.0 0.0 0.0 0.0
17.819563837 20.8807221076 7.56661878436 0.177732495598 0.891118624728 -0.417514977782 0.335268119098 0.344055741508 0.877052412945 0.0 0.0 0.0 0.0 0.0 0.0
18.296005152 21.012296978 7.77727686959 -0.398544597324 0.895327420931 -0.198874365551 0.335268119098 0.344055741508 0.877052412945 0.0 0.0 0.0 0.0 0.0 0.0
18.6815982136 21.3479617622 7.94260153694 -0.823407934412 0.559386360846 0.0953219431541 0.335268119098 0.344055741508 0.877052412945 0.0 0.0 0.0 0.0 0.0 0.0
18.8794954107 21.8111386849 8.12965484422 -0.935444830571 0.0109250698346 0.353303851958 0.335268119098 0.344055741508 0.877052412945 0.0 0.0 0.0 0.0 0.0 0.0
18.8641579291 22.2768059777 8.39724377568 -0.692090595792 -0.541686837864 0.477059720477 0.335268119098 0.344055741508 0.877052412945 0.0 0.0 0.0 0.0 0.0 0.0
18.6910583745 22.6189957387 8.77357848543 -0.185799572534 -0.888502859338 0.419572625174 0.335268119098 0.344055741508 0.877052412945 0.0 0.0 0.0 0.0 0.0 0.0
18.4756058015 22.758651245 9.24555478829 0.391079814733 -0.897761789573 0.202682874687 0.335268119098 0.344055741508 0.877052412945 0.0 0.0 0.0 0.0 0.0 0.0
18.3492998845 22.6936619231 9.76373265881 0.819381441877 -0.565946006173 -0.0912094885702 0.335268119098 0.344055741508 0.877052412945 0.0 0.0 0.0 0.0 0.0 0.0
18.409771993 22.4996651913 10.2611193235 0.936386359924 -0.019117872915 -0.350449842178 0.335268119098 0.344055741508 0.877052412945 0.0 0.0 0.0 0.0 0.0 0.0
18.6836934017 22.3013105397 10.6786209357 0.697642444292 0.534973459897 -0.476548441534 0.335268119098 0.344055741508 0.877052412945 0.0 0.0 0.0 0.0 0.0 0.0
19.1166424276 22.2249031052 10.9874933157 0.193852500113 0.885819431015 -0.421598320486 0.335268119098 0.344055741508 0.877052412945 0.0 0.0 0.0 0.0 0.0 0.0
19.5937801369 22.3504182378 11.2002623452 -0.3835852499 0.900127790179 -0.206475948737 0.335268119098 0.344055741508 0.877052412945 0.0 0.0 0.0 0.0 0.0 0.0
19.9834795765 22.6811175285 11.3659651757 -0.815292550272 0.57246255252 0.0870900880306 0.335268119098 0.344055741508 0.877052412945 0.0 0.0 0.0 0.0 0.0 0.0
