t = 0
b =  30.0 30.0 30.0
E = 0. 0. 0.
22.2227212747 11.1724417294 1.01528647541 0.061260967263 0.706874556087 -0.704681102235 0.570463316235 0.554536527971 0.605855464592 0.0 0.0 0.0 0.0 0.0 0.0
22.7402046741 11.3146563255 1.04119095519 -0.430635680333 0.83007979658 -0.354288642402 0.570463316235 0.554536527971 0.605855464592 0.0 0.0 0.0 0.0 0.0 0.0
23.1595246567 11.6460876374 0.986335327783 -0.758926633125 0.637923844157 0.13070399607 0.570463316235 0.554536527971 0.605855464592 0.0 0.0 0.0 0.0 0.0 0.0
23.4058472893 12.1229337096 0.961273680393 -0.798888669417 0.203409957822 0.56604000118 0.570463316235 0.554536527971 0.605855464592 0.0 0.0 0.0 0.0 0.0 0.0
23.4700632247 12.6461470881 1.06524086908 -0.535339543491 -0.308382772323 0.786327946158 0.570463316235 0.554536527971 0.605855464592 0.0 0.0 0.0 0.0 0.0 0.0
23.4122484942 13.099064604 1.34845153784 -0.0684059745928 -0.703015731378 0.707876757688 0.570463316235 0.554536527971 0.605855464592 0.0 0.0 0.0 0.0 0.0 0.0
23.3388406197 13.3917296617 1.79302273579 0.42451616774 -0.830561260286 0.360491353904 0.570463316235 0.554536527971 0.605855464592 0.0 0.0 0.0 0.0 0.0 0.0
23.362201219 13.4950682541 2.3197679492 0.756157520417 -0.642562680167 -0.123850742322 0.570463316235 0.554536527971 0.605855464592 0.0 0.0 0.0 0.0 0.0 0.0
23.5579279488 13.4519346633 2.818281382 0.800521988807 -0.210443794778 -0.561139870866 0.570463316235 0.554536527971 0.605855464592 0.0 0.0 0.0 0.0 0.0 0.0
23.9361336912 13.3608304028 3.18888296358 0.540754769636 0.30162620668 -0.78524258071 0.570463316235 0.554536527971 0.605855464592 0.0 0.0 0.0 0.0 0.0 0.0
24.4376045004 13.3384818456 3.38048847418 0.0755457725427 0.699103369299 -0.711018505586 0.570463316235 0.554536527971 0.605855464592 0.0 0.0 0.0 0.0 0.0 0.0
24.9562959707 13.4754939235 3.41001729406 -0.418364326598 0.830979473536 -0.366666612595 0.570463316235 0.554536527971 0.605855464592 0.0 0.0 0.0 0.0 0.0 0.0
25.3796212797 13.8019277985 3.35596444807 -0.753330823385 0.647152582541 0.11698805686 0.570463316235 0.554536527971 0.605855464592 0.0 0.0 0.0 0.0 0.0 0.0
25.6312248037 14.2758801251 3.32857903331 -0.802094345349 0.217461605625 0.556197007578 0.570463316235 0.554536527971 0.605855464592 0.0 0.0 0.0 0.0 0.0 0.0
25.6999908965 14.7994028315 3.42797874394 -0.546128815212 -0.294846671033 0.784097415999 0.570463316235 0.554536527971 0.605855464592 0.0 0.0 0.0 0.0 0.0 0.0
25.6442669087 15.25571523 3.70611348521 -0.0826798173896 -0.695137767792 0.714106106672 0.570463316235 0.554536527971 0.605855464592 0.0 0.0 0.0 0.0 0.0 0.0
25.5696960539 15.5535709524 4.14702873597 0.412180625392 -0.831334404483 0.372813948203 0.570463316235 0.554536527971 0.605855464592 0.0 0.0 0.0 0.0 0.0 0.0
25.5890817857 15.6619239712 4.67292693795 0.750446757295 -0.651693201741 -0.110116462305 0.570463316235 0.554536527971 0.605855464592 0.0 0.0 0.0 0.0 0.0 0.0
25.7795318794 15.6217235041 5.17372408888 0.803605619301 -0.224462855928 -0.551211787734 0.570463316235 0.554536527971 0.605855464592 0.0 0.0 0.0 0.0 0.0 0.0
26.1531638992 15.530356722 5.54887249546 0.551461270965 0.28804468167 -0.782892539234 0.570463316235 0.554536527971 0.605855464592 0.0 0.0 0.0 0.0 0.0 0.0
26.6525015332 15.5046497341 5.74556052308 0.0898075658483 0.691119228852 -0.717139325813 0.570463316235 0.554536527971 0.605855464592 0.0 0.0 0.0 0.0 0.0 0.0
27.1723108046 15.6364833961 5.77877661882 -0.405965535036 0.831626026095 -0.378932892586 0.570463316235 0.554536527971 0.605855464592 0.0 0.0 0.0 0.0 0.0 0.0
27.5995802195 15.957886237 5.72561494977 -0.747505541779 0.65618419198 0.103236481955 0.570463316235 0.554536527971 0.605855464592 0.0 0.0 0.0 0.0 0.0 0.0
27.8564557227 16.4288662851 5.69598604003 -0.805055695573 0.231447012516 0.546184590979 0.570463316235 0.554536527971 0.605855464592 0.0 0.0 0.0 0.0 0.0 0.0
27.9298187547 16.952604687 5.79085992499 -0.556751730806 -0.28122075659 0.781628042171 0.570463316235 0.554536527971 0.605855464592 0.0 0.0 0.0 0.0 0.0 0.0
28.2118841599 25.2389684445 3.7666216918 0.431275763289 -0.680361953088 0.592544368625 0.486859231253 0.728431081818 0.482033451106 0.0 0.0 0.0 0.0 0.0 0.0
28.1835586934 25.4736952419 4.24910081122 0.794750947401 -0.598380984994 0.101543726555 0.486859231253 0.728431081818 0.482033451106 0.0 0.0 0.0 0.0 0.0 0.0
28.3363967305 25.5720210749 4.7547268263 0.856286959068 -0.289065076305 -0.428035074955 0.486859231253 0.728431081818 0.482033451106 0.0 0.0 0.0 0.0 0.0 0.0
28.6844254067 25.6044545147 5.16278223257 0.59250523863 0.130071487783 -0.794996195124 0.486859231253 0.728431081818 0.482033451106 0.0 0.0 0.0 0.0 0.0 0.0
29.1675156708 25.6665377542 5.38961823115 0.103620871877 0.499791718983 -0.859924969138 0.486859231253 0.728431081818 0.482033451106 0.0 0.0 0.0 0.0 0.0 0.0
29.6742263159 25.8425485317 5.42043430596 -0.42463079655 0.679632720069 -0.598153870198 0.486859231253 0.728431081818 0.482033451106 0.0 0.0 0.0 0.0 0.0 0.0
30.0841423575 26.1734816092 5.31490118723 -0.79155812592 0.601269887948 -0.10913411537 0.486859231253 0.728431081818 0.482033451106 0.0 0.0 0.0 0.0 0.0 0.0
30.3136226995 26.6414741766 5.18449094347 -0.857759289106 0.294474572699 0.421347514512 0.486859231253 0.728431081818 0.482033451106 0.0 0.0 0.0 0.0 0.0 0.0
30.3475767844 27.176592232 5.15012687891 -0.598083357391 -0.124196556071 0.791752179076 0.486859231253 0.728431081818 0.482033451106 0.0 0.0 0.0 0.0 0.0 0.0
30.2451977493 27.6833996787 5.29624274847 -0.111185558782 -0.495683336733 0.861356953419 0.486859231253 0.728431081818 0.482033451106 0.0 0.0 0.0 0.0 0.0 0.0
30.1174739625 28.0772160931 5.63870496267 0.417953492531 -0.678851730388 0.603717820037 0.486859231253 0.728431081818 0.482033451106 0.0 0.0 0.0 0.0 0.0 0.0
30.0850226875 28.3162882342 6.11878467295 0.788305024222 -0.604113001872 0.1167161932 0.486859231253 0.728431081818 0.482033451106 0.0 0.0 0.0 0.0 0.0 0.0
30.2322655676 28.4176527975 6.62546984313 0.859166297454 -0.299861643714 -0.414627866825 0.486859231253 0.728431081818 0.482033451106 0.0 0.0 0.0 0.0 0.0 0.0
30.5753554322 28.4506638897 7.03764057803 0.603615929789 0.11831216631 -0.788447868035 0.486859231253 0.728431081818 0.482033451106 0.0 0.0 0.0 0.0 0.0 0.0
31.056039567 28.5106442439 7.2700845966 0.118741778477 0.491537206279 -0.862723342033 0.486859231253 0.728431081818 0.482033451106 0.0 0.0 0.0 0.0 0.0 0.0
31.563790894 28.6826705198 7.30587080221 -0.411244359736 0.678019043519 -0.609235794427 0.486859231253 0.728431081818 0.482033451106 0.0 0.0 0.0 0.0 0.0 0.0
31.9777990562 29.009251258 7.20278168931 -0.784991890045 0.606910110252 -0.12428938264 0.486859231253 0.728431081818 0.482033451106 0.0 0.0 0.0 0.0 0.0 0.0
32.2128682924 29.4741771749 7.07136080772 -0.860507876962 0.305225879105 0.40787664362 0.486859231253 0.728431081818 0.482033451106 0.0 0.0 0.0 0.0 0.0 0.0
32.2517847309 30.0086793405 7.03291541989 -0.609102534497 -0.112418766619 0.785083513635 0.486859231253 0.728431081818 0.482033451106 0.0 0.0 0.0 0.0 0.0 0.0
32.1518562275 30.5175556448 7.17342984369 -0.126288955525 -0.487353643363 0.864024030924 0.486859231253 0.728431081818 0.482033451106 0.0 0.0 0.0 0.0 0.0 0.0
32.0231401528 30.9153396707 7.51089857252 0.40450390909 -0.677134722874 0.614707373153 0.486859231253 0.728431081818 0.482033451106 0.0 0.0 0.0 0.0 0.0 0.0
31.9866307569 31.1587708152 7.98848986641 0.781618975697 -0.609661000077 0.131853106962 0.486859231253 0.728431081818 0.482033451106 0.0 0.0 0.0 0.0 0.0 0.0
32.128291431 31.2632297156 8.49613708017 0.861783925464 -0.310566870363 -0.40109435903 0.486859231253 0.728431081818 0.482033451106 0.0 0.0 0.0 0.0 0.0 0.0
32.4663957781 31.2968948881 8.91235482218 0.614542753688 0.106516805804 -0.781659372086 0.486859231253 0.728431081818 0.482033451106 0.0 0.0 0.0 0.0 0.0 0.0
32.9445851652 31.3548405699 9.15039328572 0.13382651518 0.48313296658 -0.86525892104 0.486859231253 0.728431081818 0.482033451106 0.0 0.0 0.0 0.0 0.0 0.0
33.4532803107 31.5229164266 9.19119595099 -0.397732653906 0.676198835799 -0.620132139532 0.486859231253 0.728431081818 0.482033451106 0.0 0.0 0.0 0.0 0.0 0.0
