
#id1 id2 FENE BEXC STCK NEXC HB CRSTCK CXSTCK total, t = 100
0 1 0.105026 0 -1.38727 0 0 0 0 -1.28225
1 2 0.0763288 0 -1.32601 0 0 0 0 -1.24969
2 3 0.358153 0 -1.24146 0 0 0 0 -0.883305
3 4 0.189023 0 -1.38935 0 0 0 0 -1.20033
4 5 0.113638 0 -1.28188 0 0 0 0 -1.16824
5 6 0.211641 0 -1.37788 0 0 0 0 -1.16624
6 7 0.301989 0 -1.44542 0 0 0 0 -1.14343
7 8 0.10182 0 -1.29592 0 0 0 0 -1.1941
8 9 0.040652 0 -1.33964 0 0 0 0 -1.29898
9 10 0.0460287 0 -1.31976 0 0 0 0 -1.27373
10 11 0.0979833 0 -1.05229 0 0 0 0 -0.954312
11 12 0.0614824 0.0720328 -0.828685 0 0 0 0 -0.69517
12 13 0.143493 0 -1.09983 0 0 0 0 -0.956339
13 14 0.186384 0 -1.2231 0 0 0 0 -1.03671
14 15 0.0382317 0 -1.28594 0 0 0 0 -1.2477
15 16 0.0200676 0 -1.17208 0 0 0 0 -1.15201
16 17 0.171685 0 -0.708829 0 0 0 0 -0.537145
17 18 0.0789327 0 -0.00554189 0 0 0 0 0.0733908
18 19 0.881374 0 0 0 0 0 0 0.881374
19 20 0.00636804 0 -1.18024 0 0 0 0 -1.17387
20 21 0.226134 0 -1.24726 0 0 0 0 -1.02112
21 22 0.00731883 0 -1.27865 0 0 0 0 -1.27134
22 23 0.0187053 0 -1.25003 0 0 0 0 -1.23132
23 24 0.19835 0 -1.33484 0 0 0 0 -1.13649
25 26 0.026802 0 -1.19319 0 0 0 0 -1.16639
26 27 0.0880324 0 -1.14355 0 0 0 0 -1.05552
27 28 0.00563389 0 -1.19488 0 0 0 0 -1.18925
28 29 0.083967 0 -1.18419 0 0 0 0 -1.10022
29 30 0.150721 0 -1.28884 0 0 0 0 -1.13811
30 31 0.0341463 0 -1.24354 0 0 0 0 -1.20939
31 32 0.0539293 0 -1.14933 0 0 0 0 -1.09541
32 33 0.155334 0 -1.36813 0 0 0 0 -1.21279
33 34 0.0102972 0 -1.28545 0 0 0 0 -1.27515
34 35 0.0175677 0 -1.24439 0 0 0 0 -1.22683
35 36 0.038766 0 -1.33239 0 0 0 0 -1.29362
36 37 0.0413068 0 -1.35444 0 0 0 0 -1.31314
37 38 0.339809 0 -0.00204857 0 0 0 0 0.33776
38 39 0.317315 0 -0.203694 0 0 0 0 0.113621
39 40 0.0042715 0 -1.19394 0 0 0 0 -1.18966
40 41 0.0033297 0.158527 -0.97746 0 0 0 0 -0.815603
41 42 0.407325 0 -1.36915 0 0 0 0 -0.961827
42 43 0.128612 0 -1.43564 0 0 0 0 -1.30703
43 44 0.138888 0 -1.06633 0 0 0 0 -0.927446
44 45 0.31828 0 -1.37447 0 0 0 0 -1.05619
45 46 0.252029 0 -1.3301 0 0 0 0 -1.07807
46 47 0.0504379 0 -1.2971 0 0 0 0 -1.24666
47 48 0.408124 0 -1.23672 0 0 0 0 -0.828595
48 49 0.371942 0 -1.3289 0 0 0 0 -0.956959
49 50 0.118114 0 -1.22192 0 0 0 0 -1.10381
50 51 0.0332572 0 -1.34356 0 0 0 0 -1.31031
#Total energy per particle is  -0.960109 and should be -0.96010910

