t = 0
b =  30.0 30.0 30.0
E = 0. 0. 0.
16.5366014284 10.5976005908 15.3247451054 0.90083545007 0.309505402753 -0.304469863144 0.0764048291754 0.57732472443 0.812932017232 0.0 0.0 0.0 0.0 0.0 0.0
16.8194179178 10.5920651384 15.7815484484 0.479107575019 0.693764045065 -0.537724261434 0.0764048291754 0.57732472443 0.812932017232 0.0 0.0 0.0 0.0 0.0 0.0
17.211446994 10.7446732218 16.1157775291 -0.124641278034 0.81445012754 -0.566688222535 0.0764048291754 0.57732472443 0.812932017232 0.0 0.0 0.0 0.0 0.0 0.0
17.5750640869 11.0829352375 16.3208300117 -0.681036825671 0.625712989683 -0.380357853374 0.0764048291754 0.57732472443 0.812932017232 0.0 0.0 0.0 0.0 0.0 0.0
17.783438814 11.5638285488 16.4391799096 -0.978695096906 0.199257025681 -0.049523176471 0.0764048291754 0.57732472443 0.812932017232 0.0 0.0 0.0 0.0 0.0 0.0
17.768719963 12.0901425054 16.5462409979 -0.904530737918 -0.302900013776 0.300126183156 0.0764048291754 0.57732472443 0.812932017232 0.0 0.0 0.0 0.0 0.0 0.0
17.5478133018 12.5474103943 16.7217158591 -0.486720028647 -0.689980273781 0.53575258796 0.0764048291754 0.57732472443 0.812932017232 0.0 0.0 0.0 0.0 0.0 0.0
17.2159587947 12.8473972581 17.0193155395 0.116003757032 -0.814925491923 0.567837627293 0.0764048291754 0.57732472443 0.812932017232 0.0 0.0 0.0 0.0 0.0 0.0
16.9105473478 12.9616218304 17.446353825 0.674655775935 -0.630266890855 0.384191658278 0.0764048291754 0.57732472443 0.812932017232 0.0 0.0 0.0 0.0 0.0 0.0
16.7589237061 12.9321770451 17.9609686111 0.976994785917 -0.206159360451 0.0545848549409 0.0764048291754 0.57732472443 0.812932017232 0.0 0.0 0.0 0.0 0.0 0.0
16.8300060567 12.8557382271 18.4880260165 0.908157142248 0.296271557789 -0.295759647398 0.0764048291754 0.57732472443 0.812932017232 0.0 0.0 0.0 0.0 0.0 0.0
17.1081028564 12.84683452 18.9476650011 0.494295416661 0.686143957829 -0.533740114853 0.0764048291754 0.57732472443 0.812932017232 0.0 0.0 0.0 0.0 0.0 0.0
17.4988743119 12.9943373497 19.2856379096 -0.107357401894 0.815338796574 -0.568943789016 0.0764048291754 0.57732472443 0.812932017232 0.0 0.0 0.0 0.0 0.0 0.0
17.8651736443 13.3276966837 19.4939200636 -0.66822334855 0.634772794763 -0.387996205499 0.0764048291754 0.57732472443 0.812932017232 0.0 0.0 0.0 0.0 0.0 0.0
18.0791514433 13.8057524963 19.6137584703 -0.975220072993 0.213045995386 -0.0596423765629 0.0764048291754 0.57732472443 0.812932017232 0.0 0.0 0.0 0.0 0.0 0.0
18.070827796 14.3323721502 19.7200013954 -0.911714386896 -0.289620539577 0.291370588397 0.0764048291754 0.57732472443 0.812932017232 0.0 0.0 0.0 0.0 0.0 0.0
17.8546788255 14.792972793 19.8926622553 -0.501833162165 -0.682255389357 0.531686995369 0.0764048291754 0.57732472443 0.812932017232 0.0 0.0 0.0 0.0 0.0 0.0
17.52413697 15.0980532983 20.1865211825 0.0987028710749 -0.815690010019 0.570006623467 0.0764048291754 0.57732472443 0.812932017232 0.0 0.0 0.0 0.0 0.0 0.0
17.216094437 15.2171972402 20.6103131374 0.66174003337 -0.639230358265 0.391771205308 0.0764048291754 0.57732472443 0.812932017232 0.0 0.0 0.0 0.0 0.0 0.0
17.0588955654 15.1906286018 21.123409351 0.973371093284 -0.219916406044 0.0646953561869 0.0764048291754 0.57732472443 0.812932017232 0.0 0.0 0.0 0.0 0.0 0.0
17.1235766651 15.1139300117 21.651252873 0.915202200963 0.282947465639 -0.286959340398 0.0764048291754 0.57732472443 0.812932017232 0.0 0.0 0.0 0.0 0.0 0.0
17.3968781354 15.1017293053 22.1136840043 0.509332691131 0.678314864496 -0.529593385862 0.0764048291754 0.57732472443 0.812932017232 0.0 0.0 0.0 0.0 0.0 0.0
17.7862820086 15.2441504936 22.4553943067 -0.0900408236498 0.815979105512 -0.571026049707 0.0764048291754 0.57732472443 0.812932017232 0.0 0.0 0.0 0.0 0.0 0.0
18.1551610733 15.5725741447 22.6669392031 -0.655206324124 0.643639241901 -0.395516370222 0.0764048291754 0.57732472443 0.812932017232 0.0 0.0 0.0 0.0 0.0 0.0
18.3746858357 16.0477153813 22.7883261304 -0.971447987597 0.226770069217 -0.069743409009 0.0764048291754 0.57732472443 0.812932017232 0.0 0.0 0.0 0.0 0.0 0.0
11.6017088456 0.194177600861 11.5385887474 0.726478157853 0.331829193878 -0.601763136336 0.543266632067 0.258923849912 0.798636216577 0.0 0.0 0.0 0.0 0.0 0.0
12.0443092648 0.0137743411473 11.7840365727 0.341719381956 0.800699458405 -0.492044958622 0.543266632067 0.258923849912 0.798636216577 0.0 0.0 0.0 0.0 0.0 0.0
12.5648046278 0.0158905481715 11.9173227343 -0.17286430039 0.965370611703 -0.195390674574 0.543266632067 0.258923849912 0.798636216577 0.0 0.0 0.0 0.0 0.0 0.0
13.0458955681 0.238063016509 12.0060695854 -0.62177394488 0.763281329479 0.175495793502 0.543266632067 0.258923849912 0.798636216577 0.0 0.0 0.0 0.0 0.0 0.0
13.3852531181 0.634225487918 12.1348207082 -0.834461272205 0.271208708802 0.479708475494 0.543266632067 0.258923849912 0.798636216577 0.0 0.0 0.0 0.0 0.0 0.0
13.5343951949 1.09220999303 12.3729213931 -0.73012281077 -0.323900634716 0.601671887347 0.543266632067 0.258923849912 0.798636216577 0.0 0.0 0.0 0.0 0.0 0.0
13.5171057539 1.47636133827 12.7481732036 -0.348398486521 -0.795954711776 0.49505008978 0.543266632067 0.258923849912 0.798636216577 0.0 0.0 0.0 0.0 0.0 0.0
13.420398867 1.67907478192 13.2362716977 0.165688247669 -0.965612286179 0.200350486309 0.543266632067 0.258923849912 0.798636216577 0.0 0.0 0.0 0.0 0.0 0.0
13.3614606214 1.66167687454 13.7700400914 0.61682724641 -0.768417608886 -0.170465616592 0.543266632067 0.258923849912 0.798636216577 0.0 0.0 0.0 0.0 0.0 0.0
13.443128166 1.46911814905 14.2649508425 0.833623261438 -0.27928823472 -0.476518981717 0.543266632067 0.258923849912 0.798636216577 0.0 0.0 0.0 0.0 0.0 0.0
13.7148201592 1.21289566166 14.6512390766 0.733711862008 0.315947409266 -0.601534818715 0.543266632067 0.258923849912 0.798636216577 0.0 0.0 0.0 0.0 0.0 0.0
14.1537617945 1.02869339615 14.90040743 0.355051059194 0.791149350114 -0.498017520957 0.543266632067 0.258923849912 0.798636216577 0.0 0.0 0.0 0.0 0.0 0.0
14.67363733 1.0248336499 15.0360526737 -0.158499577146 0.965780425541 -0.205295040579 0.543266632067 0.258923849912 0.798636216577 0.0 0.0 0.0 0.0 0.0 0.0
15.1573828818 1.24112358203 15.1249009065 -0.611833574156 0.773495370318 0.165422458065 0.543266632067 0.258923849912 0.798636216577 0.0 0.0 0.0 0.0 0.0 0.0
15.5016609511 1.63373180817 15.2514571938 -0.832721767033 0.287346491758 0.473293199174 0.543266632067 0.258923849912 0.798636216577 0.0 0.0 0.0 0.0 0.0 0.0
15.6561200675 2.09184067615 15.4859006808 -0.737245038248 -0.307970123198 0.601351940877 0.543266632067 0.258923849912 0.798636216577 0.0 0.0 0.0 0.0 0.0 0.0
15.6425241541 2.47974774485 15.8574223616 -0.361676593353 -0.786283739365 0.500947026172 0.543266632067 0.258923849912 0.798636216577 0.0 0.0 0.0 0.0 0.0 0.0
15.54648405 2.68842141043 16.3431349328 0.151298836267 -0.965875016984 0.210223960837 0.543266632067 0.258923849912 0.798636216577 0.0 0.0 0.0 0.0 0.0 0.0
15.4849325203 2.67692383549 16.8767680625 0.606793308407 -0.778514227082 -0.160366701977 0.543266632067 0.258923849912 0.798636216577 0.0 0.0 0.0 0.0 0.0 0.0
15.5616995444 2.48796391799 17.3738455974 0.831756857641 -0.295382866248 -0.470031373522 0.543266632067 0.258923849912 0.798636216577 0.0 0.0 0.0 0.0 0.0 0.0
15.8280655703 2.23167146684 17.7637794659 0.740722070423 0.299969384013 -0.60112326776 0.543266632067 0.258923849912 0.798636216577 0.0 0.0 0.0 0.0 0.0 0.0
16.2632792155 2.04375704621 18.0166872666 0.36827458444 0.781358250066 -0.503838382331 0.543266632067 0.258923849912 0.798636216577 0.0 0.0 0.0 0.0 0.0 0.0
16.7824410638 2.03395326327 18.1547450922 -0.144086573395 0.965896053305 -0.215136871726 0.543266632067 0.258923849912 0.798636216577 0.0 0.0 0.0 0.0 0.0 0.0
17.2687583732 2.24432551607 18.2437624612 -0.601706832998 0.783473796974 0.155298733345 0.543266632067 0.258923849912 0.798636216577 0.0 0.0 0.0 0.0 0.0 0.0
17.6179165911 2.63329064554 18.3681801813 -0.830728606744 0.303396746188 0.466733753161 0.543266632067 0.258923849912 0.798636216577 0.0 0.0 0.0 0.0 0.0 0.0
17.7777101969 3.09141507286 18.5989898751 -0.744142693745 -0.291945800997 0.60084881678 0.543266632067 0.258923849912 0.798636216577 0.0 0.0 0.0 0.0 0.0 0.0
17.7678764522 3.48299044565 18.9667630756 -0.374844529991 -0.77637325731 0.506691369247 0.543266632067 0.258923849912 0.798636216577 0.0 0.0 0.0 0.0 0.0 0.0
