t = 100
b = 30 30 30
E = -0.505483562473587 -0.799494510866895 0.294010948393308
2.23572253314034 17.0973454145109 8.82711758778123 0.981970952430922 -0.172982855219657 0.0762224771901437 0.0924348061223536 0.791138194009918 0.604612310172553 0.124487910879897 -0.165626251604023 0.195958056222413 -0.0077616071302738 0.0141428968898212 -0.593515654986538
2.32252870115673 17.387751243811 9.23260885531771 0.860815370864513 -0.0150570770843372 -0.508694476234224 0.369043006858096 0.706754610772416 0.603576890132318 -0.194401118839757 -0.1736368321894 -0.0918335854180889 0.133571188466428 0.556959054668968 -0.571615971595861
2.65153207166053 17.5450580183133 9.55994194607303 0.312686566816854 0.515902679650081 -0.797540856097978 0.38317193089108 0.699783767005203 0.602894549126816 0.179994551684197 0.409511978587836 0.258053283845422 0.46514804242907 0.371075471248815 -0.0521199134996279
2.99400271547559 17.8804670220125 9.66142305217705 -0.388859352769118 0.592040455660594 -0.705886948275742 0.34066187242998 0.804284498590545 0.486904323711468 -0.322846751545178 0.389551901702571 0.208440438119575 0.641853628433772 0.188939653661261 0.05052377746078
3.28139136440485 18.219282689398 9.68017774389198 -0.85855634351529 0.423892647084292 -0.288437012951299 0.310492189173003 0.877528817842152 0.365428060263182 0.121628412060643 0.487998881153671 0.565873689713959 0.737729981769218 0.0184993875631152 0.302514687096706
3.40214406748104 18.7052764360505 9.60125379278791 -0.97488280803228 0.077780102187416 0.208695107716474 0.144186501784683 0.934578770036264 0.325227106046836 -0.00329552336984762 0.39140921770722 0.110259698910202 0.49218257772844 -0.441157873464619 0.157256250529661
3.36830586828295 19.2250282374694 9.5964556199585 -0.676003435111484 -0.305977944975878 0.670370596089866 0.0949123218946998 0.865988559603257 0.49097387968751 -0.161025806283072 0.588957290421836 -0.29539960993286 0.556797501908442 -0.482065420899831 0.143465160559189
3.23183765149371 19.5691292006153 9.85072517804102 -0.253614349810457 -0.614850808313192 0.746751716476807 -0.0876609769592522 0.783424146593754 0.615273961620798 -0.275660087986628 -0.0677840059224701 -0.0958975519391488 0.500578698673577 0.485073920150345 0.0604509724382981
2.97110216601826 19.8437619197848 10.1073661902204 0.383081919786128 -0.606379924089715 0.696815263598122 -0.0995485214471864 0.722867109381148 0.683778563205277 -0.437003107766411 -0.0944610725320123 0.295911154407969 0.645157042478184 -0.0600407101055183 0.0435300440124299
2.85455078371371 20.0666186629384 10.5365661069333 0.802450588739252 -0.45825451732877 0.382198548928998 0.0381653011858176 0.678603575037183 0.733512428223029 0.276900930559505 0.0334648445097863 -0.127478251679943 0.521710913088599 0.272124485808519 0.368315156326636
2.77324280303706 20.1682707811516 10.9775777232524 0.96992548003466 0.02307610710181 -0.242305471157103 0.169123350089032 0.652039251385579 0.73908185651434 -0.34818158622725 -0.546224620003295 -0.955054313768124 0.584373057713642 0.167690421963918 0.210590052878472
3.09454374957954 20.0243399976983 11.3362006239791 0.655923964461104 0.634092309636815 -0.409500405171147 0.0950572951178304 0.468799999160705 0.878174561570367 0.71058999794564 -0.240327033458603 -0.509113547663196 0.64616528402405 -0.880211385380057 0.520110091817051
3.18137918667472 20.193053833745 11.7395623694738 0.286435941579188 0.637781728976351 -0.714974683744013 0.273202917803102 0.660890107314539 0.698988064904327 -0.601859244201074 -0.836983941939395 -0.533940079741884 0.272593854137381 -0.0229040983760295 -0.0532740168840678
3.52381577710073 20.405870564545 11.978693210549 -0.346679793468512 0.662584168267031 -0.663924108417164 0.266303931768892 0.748221780340253 0.607656371107828 -0.877208863688004 -1.39254636855578 -1.15329730374159 0.417328148471621 0.36192843234442 0.0320341192714156
3.89867290477902 20.7035758738488 12.0741859051119 -0.807656747269412 0.457255296300755 -0.372301025230552 0.186632974063194 0.797164567319176 0.574192186418002 0.110055264307229 -0.717072053142101 0.0636162864048302 0.602068418743555 0.112805730521341 0.130409528960573
4.06903606736159 21.1898190487307 12.0873613712738 -0.968841766057399 0.125251302733617 0.213676449348492 0.21926435224089 0.834955254291304 0.504750186211056 0.0477163132958005 -0.589963452478041 0.19102567952434 0.43385923244951 -0.21569341464055 0.281107191666084
4.32220117736083 21.514375156356 12.0748835676017 -0.787917664241672 0.0724251749007434 0.611506526828979 0.362863225548908 0.856934451819542 0.366051234941139 1.24461853941979 -1.26493258892153 -0.211385524229913 0.324229119036908 -2.16861388571522 -0.717833758662443
4.14161211759224 22.2072819193026 12.2802717085228 -0.389207019618253 -0.411391949856349 0.824181073623737 0.26840721605829 0.805256013839493 0.528696699323925 0.771130592973411 -0.703937215394222 -0.00166370060244846 0.0666974782026268 -0.428925657047036 -0.0368357536590067
4.56050097491411 21.8833561453476 12.4897958358751 0.119801544351099 -0.814149704822196 0.568161712337442 -0.0430295570084819 0.567487543368837 0.822256793961821 3.0414302855311 -3.08126254730655 -0.399880073980619 0.473610464705918 1.46532957440509 0.0315263419196477
3.65564343757104 22.7436873118132 12.9782084335542 0.679706286082568 -0.499868626559535 0.536777985901386 0.0475597736571499 0.760314758479297 0.647811251456996 0.382312714823489 -0.600812036272071 -0.372543007503096 0.287913438216814 -0.518724566906113 -0.718499692250199
3.51609143300881 22.9689313435128 13.4048619206745 0.988213221418163 -0.1389231164482 -0.0643030146346173 0.146301324281215 0.733429442321336 0.663835112543167 0.793705837318673 -0.51558774316617 -0.0634821436102101 0.318124968080949 -0.251711778681402 -0.283268980812507
3.62509761503518 23.1136475506653 13.8674317814762 0.767144083308292 0.328060257093983 -0.551240695524207 0.264748363271546 0.620809735401454 0.737904778456667 0.378920422621491 -0.292613159745816 -0.501202368769979 0.341692026017889 -0.172253205046378 0.0207233922456523
3.82906817095581 23.3824485915174 14.2697096978145 0.459804404099224 0.445603714388553 -0.768125721682974 0.391555370369763 0.674626423894475 0.625750323705683 -0.0427026993657329 -0.100863263665783 -0.141815061134498 0.574447939570681 0.263269749738869 -0.486212210089023
4.17449225314431 23.5421722981078 14.5589721168214 -0.152981468397023 0.676238216796523 -0.720623638092294 0.300744457438333 0.726477323763441 0.617886196750663 -0.536489492084699 -0.0357931414939018 0.328280835189451 0.374606036534342 -0.224092937552265 -0.103292325397108
4.48095033975615 23.9265531620826 14.7275486862986 -0.802940633511746 0.438754746273621 -0.403460645503878 0.175960610119539 0.821192866625884 0.542844380383161 -0.140506168949963 0.444366563683482 -0.0969915772206496 0.0933754213735676 0.13379703872928 0.0920756934647997
16.9772427641206 2.37975736017887 0.343885028039003 -0.472483489410584 0.745561480568363 -0.469997154264579 0.293416127533097 0.635921292513634 0.713800369179527 -0.153062953298752 0.259691915328736 0.315801026361343 0.174894607167445 -0.0574043821633063 -0.929179438077676
17.2505535904535 2.78914399561845 0.416110478013615 -0.888792012520923 0.291045157613111 0.354035812022639 0.457296446706917 0.511806674913741 0.727278329788852 0.13681834180249 0.228740345309884 -0.342943719973057 0.27561785901228 0.542380327835565 0.474093149238259
17.4126196283181 3.17164423006376 0.715270801788344 -0.822348161981532 -0.308657550980755 0.477989432831071 0.250483961350847 0.557903916737558 0.791202179074534 0.39267276430958 0.16030720775208 -0.0995035237574835 0.337223255412016 -0.28855722249025 -0.275840374027183
17.2746730021812 3.5138945465635 1.05456736555312 -0.181935940167726 -0.71400431963785 0.676089513946965 0.239072044791178 0.634814116527712 0.734748584115142 -0.131220429868548 0.0634597842636907 0.343479764769698 0.543445108664665 0.328921681405456 0.792931452936566
17.2783797973284 3.83256280143053 1.52429613039948 0.301573581415659 -0.874875697342708 0.379006297216846 0.157470516600941 0.43775775542232 0.885195499781533 -0.0272013448932886 -0.330220370470181 0.49332042319087 0.310575716281125 -0.284290343642791 0.110028532847189
17.2244283046964 3.90899467930897 2.04496385423542 0.872579681184216 -0.48596375811015 -0.0494350345635418 0.281932033041088 0.418397481340877 0.863398957344504 0.112674571826015 -0.673517628098791 0.0593097379896668 0.47926509767905 0.303390183904114 0.907193566708466
15.6001230045378 6.05382924822627 3.52588095905809 0.811225962404838 -0.514694293345244 -0.277492532993661 0.477771441468646 0.309841211653259 0.822029656460471 -5.2814658719794 7.87205450465224 4.22405455485258 0.261362854647258 0.247815042766363 -0.282400926182805
17.3122638090076 3.82668269851482 2.6111211113898 0.782534377604796 -0.115795440990807 -0.611744433243383 0.608549202614176 0.349869503493138 0.712221231278075 0.324185657461631 0.352083893882322 -0.436676999057417 0.438981865340901 -0.0649985919179955 -0.868198948127052
17.6291476780132 3.70031532645495 2.9088808048887 0.411535577266078 0.63460625046005 -0.654150790231788 0.561174765992402 0.389112741625976 0.73052997252553 -0.281037358344771 0.254721647580021 -0.49699498054644 0.363581265553956 -0.0312316327878959 0.102282825604212
18.052752306593 3.80780681944116 3.18737338899953 -0.214120950320109 0.869226558919261 -0.44564255772575 0.497915550080881 0.489627639535689 0.715782622010062 -0.1262021978359 -0.107210167417997 -0.729474242089316 0.541070606866116 -0.0929791210009716 -0.165211261237594
18.3943332391918 4.09738491851852 3.34416587490977 -0.667542408407327 0.742294572532987 -0.0581874708475892 0.578236740494301 0.566063115678173 0.587549752356123 -0.152533798497539 0.0943183195085669 -0.529664623730081 0.552032744574708 0.308942912745412 0.240153160776423
18.6956543333742 4.41804871378304 3.57836324143952 -0.913292476571204 0.376898856661482 0.154414978895348 0.39013812535516 0.70059473141965 0.597460590386005 -0.08506717207495 -0.111997106291277 0.182618074523908 0.367898175496868 0.146163393567258 -0.0529315026032541
18.889178859041 4.84460417538193 3.77137372213574 -0.849416290811277 -0.148618997742484 0.506363742501909 0.308701554502007 0.638295146475972 0.705182630693743 -0.237614593986081 -0.204757293559874 -0.384406403343279 0.565271725251526 -0.308801298308181 -0.469420242106363
18.8644077952441 5.26630445110529 4.11714366822166 -0.542765774758427 -0.627405172694833 0.558361840920385 0.195656000505251 0.55206468385463 0.810520327311614 -0.24929358968138 -0.318521143542313 0.0039959181217524 0.485232903352178 0.317710690924195 -0.133442769773603
18.7267969122909 5.59322602952549 4.45052237545701 0.020287170972965 -0.885635160169514 0.463938224185461 0.254257005912809 0.453347776776626 0.854300328979824 0.0216903481344943 -0.136274374184132 0.137333760766521 0.444524785595598 -0.0557983252507204 -0.108377916485404
18.8005629716471 5.64777015896579 4.96089023333545 0.440875371544909 -0.879658478429773 0.178408952904243 0.346597262831729 0.35019940554815 0.870189977370305 0.231852089151649 -0.372619909009574 0.194743125107558 0.427476489417544 0.0409528366300996 -0.638331745225356
18.7165191434529 5.72550351989578 5.43767560911356 0.857162319628726 -0.490578911485888 -0.156859726703811 0.42136309410896 0.49279884391542 0.76131617833511 0.343405359537742 -0.508329750138003 0.0382306509888097 0.419347044835928 0.364795565414018 0.0852273242380149
18.8766461623471 5.63742039832274 5.87650547433348 0.787317311580751 0.226292760694814 -0.57351801933085 0.485272575063969 0.346356791073457 0.802837084443114 -0.017290915866867 0.471571339811144 -0.275459906217568 0.255689921824509 -0.426706368061529 -0.152587270550266
19.1525720662643 5.72117996722628 6.25740218316935 0.420172718140909 0.480925826514905 -0.769522656263681 0.710628675198778 0.352978763453999 0.608615454813291 -0.125536491665921 0.412559366683939 -0.128902890002598 0.635318313276921 0.277496594851917 -0.443198033856196
19.5820594941921 5.67527449178444 6.46882981375958 -0.051792526733854 0.890373817951567 -0.452274120121853 0.708098827425722 0.352094801697434 0.612066334193183 -0.397748622636692 0.0349367073967413 -0.50217516982794 0.777359573125509 -0.0762106742961619 -0.259940531024756
19.9823803151933 5.90048061423662 6.60367542344062 -0.559336971678537 0.821255326545782 -0.112613152033902 0.632125507932014 0.510462898404908 0.582962145437506 -0.0536724501751718 0.380649708768035 -0.0394318561498466 0.714484991885937 0.230524519997612 0.1450159783889
20.2555563064463 6.28072795299771 6.64286272131557 -0.813980297769384 0.398196049770949 0.422937184317594 0.580479164985621 0.585036024323483 0.56637150163783 -0.211554693175327 0.431740387361177 -0.197421328592091 0.67278690410409 -0.211638173036718 0.0863776500514509
20.425733745272 6.66254483612643 6.93161174170717 -0.893940679526942 -0.0157311739013533 0.447909005450472 0.33099195164904 0.650647899840263 0.683448260832201 0.0529735808275943 -0.553741892248292 0.00422203341711406 0.368990286953044 0.170402999798654 -0.217780123713817
20.4453796066904 7.0955565508041 7.20177749156067 -0.579198240829017 -0.604882754860828 0.546485254885227 0.29494773023725 0.469462202028325 0.832232515071999 -0.0957740343889907 -0.308015299624831 0.124325929510582 0.686784236488127 -0.0846374947845753 -0.49795693526959
20.2050276192994 7.36021647734935 7.51249998834775 0.224694566125605 -0.791935522588587 0.567759069564296 0.141512675365986 0.60300124085945 0.785088246237114 -0.0418943341910214 -0.28752195513826 0.387330141743732 0.357176090622346 -0.159453770089186 0.333168301000512
20.3141570633693 7.59494418635557 7.94765116057702 0.404066792232982 -0.902447384210354 0.149394218589999 0.44299608818884 0.335949115458985 0.83119945788655 0.639400051242882 0.305480966598126 0.0599422210172252 -0.0104608247354229 -0.0337136225795622 -0.204671586776927
20.4682616314058 7.75684721213446 8.40209632157763 0.74182268523258 -0.435023206971675 -0.510346739350449 0.670217224468164 0.45538198900993 0.586034128576874 0.650906104302731 0.279992062877118 -0.383966006640391 -0.120298827853401 0.477247179282452 0.172120171006127
