t = 100
b = 30 30 30
E = -0.648368768414505 -0.813405038824668 0.165036270410164
3.04006327339166 16.7348799933569 22.9793044534307 -0.28750320840232 0.524460640016084 -0.801425496992281 0.673727890531189 0.705478469114502 0.219978968358499 0.206910751995523 0.770163575784776 -0.0928154978737378 0.277378740699119 0.0702622039327698 -0.637992471484254
3.41999765958477 16.9930187891972 22.8426766097486 -0.687816500521653 0.725514858899278 0.0231631915889769 0.585930273372474 0.536083047100869 0.607701048661987 -0.169934454113823 0.0860010105413394 -0.377392515233006 0.511796984427187 -0.0722197771445773 0.223287162934182
3.58605507394124 17.3852386613862 22.9563293500327 -0.855824657885176 0.406965303054111 0.319285575114949 0.490034982165093 0.835518106243615 0.248545973561495 -0.0468705628998139 0.122413861902125 0.531293757242355 0.24167752123255 0.247044657060968 -0.0942853683769157
3.70828518947321 17.8553916235848 22.9384575069551 -0.591904619695973 0.00972761057617004 0.805949238839483 0.510935582975654 0.777879782132968 0.36585209881677 0.0820237798190864 -0.263877931372845 -0.0796205163619481 0.422023953869053 -0.00526957750855977 0.162587154830882
3.83381827691201 18.331251981134 23.0657264945665 -0.184717318906193 -0.500398746491669 0.845860796731579 0.459150261563623 0.717029191748508 0.524452150351079 0.131022119092622 0.410692475352948 -0.0628984207790171 0.38543139968224 -0.0117303183925691 -0.101331433157062
3.78317708143291 18.6924298979798 23.3508633400715 0.352539818386198 -0.736610329304068 0.577166163525483 0.335143135374889 0.67523718059628 0.65706447133872 0.082847836364485 -0.102699336865591 -0.08851989869132 0.411514642376337 -0.0707879335957505 -0.00524985263582133
3.86192838667726 18.9297895554196 23.8176458871927 0.615060430225533 -0.774842670970439 0.146011587780783 0.490248486817261 0.520842954781274 0.698841131261768 0.115933134622963 -0.384595621153514 -0.246379729085631 0.465053641391455 0.193756490865749 -0.182708302131323
3.9983126393957 18.9836126645638 24.2446651653023 0.852237150067807 -0.29113977665826 -0.434660042383541 0.500459266474441 0.695766212230807 0.515218188070819 -0.0769440320554272 -0.310675787390709 0.0286004126588181 0.380745182250505 -0.0952834590098378 0.399279193360222
4.27564844614982 19.1838174922078 24.4778190025557 0.564366457621282 0.0936964187098305 -0.820189834402801 0.619028287363637 0.609287981772656 0.495552233653965 -0.373063424432746 -0.167682215841265 -0.512092728469804 0.45132502054255 0.159919022233528 -0.0614783287993579
4.6429815789456 19.1163064442577 24.7335330080347 0.259213017139036 0.408287813422933 -0.8752768447004 0.781262022485904 0.444175095776434 0.438563597043272 0.0886878571535869 0.182510259775577 -0.132225673371005 0.45749685639987 0.174340108044759 0.108895489954494
5.10428244065081 19.2545535792039 24.8451339606118 -0.282685316263205 0.631040804889308 -0.722410130478962 0.702670515125969 0.648898024386637 0.291865358961795 0.130842086617043 0.455601243634985 -0.171386177620234 0.474488093733956 -0.226288492450014 -0.321625171472849
5.3695712762547 19.5550281927355 24.7822651890085 -0.63193551137772 0.702674862123859 -0.326963962468256 0.643453042899866 0.71083992327162 0.28403286977955 -0.287243738308954 -0.0523045640612959 0.00805517417953639 0.521862398853682 0.0186238365735052 -0.256792331644258
5.68007214709392 19.9535864466378 24.7558773627571 -0.864031142355837 0.459123007490666 0.206533613517508 0.503159056761234 0.773876909295105 0.38463668050534 -0.329389451229372 0.169674320234077 0.306813228789943 0.23006512220341 0.234683749333709 -0.0215362711511058
5.73670501175897 20.44504922326 24.7712486116224 -0.655851534085396 -0.0419754575448361 0.75372190296595 0.515852929645419 0.704041946631598 0.488078450067863 -0.829448978064737 -0.154018510384334 -0.201541143569396 0.364758041245583 0.166644490947996 -0.331700322261567
5.71540513276536 20.8658468612578 24.9934446063922 -0.26231409857545 -0.474278255557494 0.840387607573608 0.476568324673223 0.693597507543703 0.540189791919237 -0.18759531813232 -0.0758617315420858 0.243827823111716 0.214198870547715 -0.0057600481656908 0.130795822028449
5.85372416180409 21.1598955731181 25.2835549313819 0.197894265254041 -0.758751887493999 0.620591100804215 0.699336547723997 0.552915061470946 0.453004647808295 0.0788831085700233 -0.581266628002167 0.426230493832426 0.146541041365449 0.348592021769207 0.0339867410186067
6.00353011193921 21.3771282454709 25.7154489158091 0.675240433386272 -0.73622164012467 -0.0450326237144276 0.646492843923618 0.561340879331423 0.516665559936921 0.292576315449993 -0.710460148957536 0.249951052623813 0.308075100066416 0.639628057176949 0.35513856604432
6.21683284345607 21.4013196345409 26.1531987712756 0.744327834202391 -0.226266429598502 -0.628314786296856 0.645459473818193 0.48514400561319 0.589929866491234 0.385455494463284 -0.397783704140761 0.369276407089558 0.509930486440565 0.267582864208383 1.04758072134645
6.26634268101105 20.2072164813928 26.7823277250754 0.628039263054083 -0.147193354157355 -0.764133943237301 0.606861794606384 0.707312347228224 0.362529842686348 -0.604689584950627 -5.42863074217594 0.80886530432187 -0.118532941906233 0.193564201892215 -0.421796186004046
6.86270955280635 21.6591263087814 26.757075810032 0.208520914010067 0.367069648013362 -0.906520150422463 0.622298128139975 0.66526010708409 0.412521406454408 -0.079585162501189 -0.0719574550365475 -0.24394316584371 0.0796164543225236 -0.109043972495831 -0.179867396036097
7.31728760887187 21.8469564460353 26.7084644421433 -0.448391749948562 0.714210157604669 -0.537446344847968 0.527615664656978 0.696839008689618 0.485836379218309 -0.0367825300758039 -0.334713655725675 -0.307836847708849 0.0651309160336642 0.215320758394569 0.268293495614519
7.61411902834748 22.3084739157775 26.8336167369915 -0.798160928180252 0.51026424647971 -0.320264597735534 0.331292008332529 0.815771399937511 0.474091246044685 -0.431857240022336 -0.0833337723468774 -0.0918704251017296 0.338068778502134 0.5465138154939 -0.332836591863789
7.98544637825996 22.6485601278011 26.7610298978611 -0.86349247932557 0.431795334359376 0.260640383168965 0.500600322093241 0.796736494969337 0.338541223754981 -0.222969522988035 0.562221067509704 0.484510863463704 0.339803325440329 0.0843948487788546 -0.00689671328419203
8.18325747186155 23.1225501779591 26.7279944539218 -0.709370497699732 -0.0610615776827573 0.702185774298267 0.444965346800425 0.733823563920284 0.513330983927525 -0.211845889592178 -0.192991033702239 0.551250721515505 0.45163283857416 -0.283112213251946 -0.319416474181185
8.20529738133391 23.5273777731642 26.8130845223754 -0.0578003336842661 -0.403590761716102 0.913111986709334 0.502626107643221 0.778498287047812 0.375908625954088 -0.117487201228707 0.460235883507986 0.441754088758217 0.282201923573868 0.106000922538277 0.572028965893105
1.28969317737534 2.73351597695168 27.1410471256919 0.675954151873098 0.401078415702566 -0.618241029178201 0.397122152875939 0.508452952241911 0.764048083294396 0.267866490555755 -0.104558483861954 -0.334106863620524 0.269173124808559 -0.349233924493079 0.0784589881744027
1.61920500449466 2.97838602151902 27.4551752344071 0.16069859928851 0.594859175273242 -0.787602947320536 0.598237880213272 0.575986513679275 0.557091428950015 0.354864390777919 -0.197441472538504 -0.0857540995873129 0.224283544236031 0.306626769613783 -0.127890657587062
2.06001105386794 3.26145927392524 27.5818504792414 -0.439298521037782 0.690982038588515 -0.574073612490949 0.478116741512027 0.720848784335704 0.5017781324872 -0.214721926168925 -0.162738051538188 0.0821220954215956 0.21690117851598 0.190225170647562 0.0434224753767862
2.38975375883814 3.65308611947735 27.6835968710858 -0.855692924811696 0.480102549128397 -0.193108885196471 0.295285802805127 0.759454924834475 0.579684735701554 0.226042016880898 -0.0541687907768048 0.211884164451691 0.415596589596535 -0.0123533143715975 -0.151429302600337
2.57197202208938 4.02091288267501 27.7775108951845 -0.955950547667161 0.16229292523003 0.244580126270771 0.277657587069786 0.77024458115065 0.57413363690691 -0.313012039636365 -0.0389499435690283 0.399432907861878 0.620724960627708 0.0366065701244891 -0.409705515776408
2.6207877482565 4.46926825220329 27.7241500738239 -0.547309725547513 -0.193846160735225 0.814171733385376 0.407707091165126 0.787819318199246 0.461644380226217 -0.305644438921518 -0.157109741506804 0.240742254430243 0.361964340489312 -0.330241147936732 0.259110565666042
2.74216745669639 4.95214792635394 27.9117417668792 -0.12824354335264 -0.599405043895361 0.790105732018085 0.422729803431861 0.687646475870222 0.590289520760272 0.520778187307549 0.300814066211621 0.109379583740361 0.121174927631522 -0.150386531999455 0.254788697378412
2.72275698351586 5.18750347025979 28.262683756474 0.668797175392048 -0.63188434235293 0.391704491014495 0.407914735553629 0.752377916218037 0.517235846490043 0.239490174931539 -0.264618709308236 0.0840789844365816 -0.0338483233407951 -0.0870131662802598 0.475523903817377
2.38631718119235 5.27547471076584 28.768407279967 0.655462551003139 -0.696815126704648 0.291234291181855 0.291723879836184 0.589298877699109 0.753408186229617 0.371114305635957 -0.415098860467216 -0.1151796851628 0.163419055372312 0.23369671404436 -0.220324573404773
2.50976146347124 5.38472910767101 29.2335004378814 0.910629917288187 -0.1815419111985 -0.371208255623386 0.403722479158094 0.582390581075057 0.705570161407186 0.0470143571733123 -0.579023846478434 0.237487371602875 0.228200047857569 -0.180111009240945 -0.276509588189148
2.81630154482262 5.41917651323193 29.6117578956253 0.606770964475562 0.458174927239808 -0.649541851418035 0.331733790692425 0.596630779372486 0.730742284268603 -0.0540805347931037 0.191800416097286 0.144847348900254 0.365111977866161 -0.0823157378383684 0.641536452297225
3.12832418923468 5.80039155286888 29.8505854289404 0.23541698484257 0.384012106042131 -0.892812091226111 0.562278863657196 0.695471312814016 0.447394697500766 0.241756969478923 1.22333082835762 -0.16680493433572 0.10112801016701 0.316888423367844 -0.304885348161565
3.62142143436988 6.01521825724867 29.8809427249575 -0.514265235422356 0.666858738797462 -0.539287096320466 0.565879857023559 0.736346405348801 0.37090948785129 -0.132019508522445 0.944117575279453 -0.72686732109698 0.574014745936422 0.622157695613515 0.322275575854278
3.83805283516161 6.81281223528282 29.6776067029629 -0.697937000830921 0.67747146338547 -0.232198716214986 0.418007507217119 0.648632842773969 0.636038552271244 -0.135079675603915 1.83817199307029 -1.67033762381732 0.125041836989542 -0.384091784079689 -0.463715684010558
4.19013216896673 6.87409733607179 29.9679352137176 -0.944620120261738 0.225706109936072 0.238221456438768 0.326858771005567 0.711825359339961 0.621665410779274 -0.715438364449747 1.5393137270593 0.0687898581985565 -0.0112150284335756 -0.0948704855253826 -0.472953137108665
4.25517165165198 7.153166562336 30.1055210167721 -0.522471688139858 -0.337040365209834 0.783215814448366 0.382188060539723 0.728545426507326 0.56846612041365 -0.182409182061327 0.829731985340068 -0.0787041709633089 0.271946517623429 -0.196640803420306 0.269707582517043
4.29975779032812 7.51759223198529 30.4635408772119 -0.157577162543579 -0.70014431071706 0.6963959099033 0.230226191623211 0.659726359862908 0.715371872417262 0.0360973510470694 0.0150383858742531 0.211232317741816 0.59461358665371 0.142064932174379 -0.0423095856964407
4.00894027128937 7.70258671457095 30.7640174600095 0.628042526916345 -0.548714504636873 0.55179240887607 0.179112444004198 0.791973359737651 0.583692396851057 -0.146093841531911 -0.422756413748816 0.289958992331295 0.554040197425702 -0.180018586494865 0.643749451274195
4.04499152042239 7.98655484806359 31.1399597196146 0.786857519508979 -0.596896629777061 0.156746732982824 0.331877027751635 0.623410197308766 0.707966981211045 0.362915885768542 0.508476978444882 0.468731242850926 0.181074584956944 -0.597538923987999 -0.158450060168564
4.25901665650785 8.11717841587228 31.5753617634258 0.903776949941536 -0.232463321981726 -0.359371547969097 0.419573502429464 0.647030643220951 0.636639068532903 0.296918769921299 -0.00108161983579529 -0.586166756529383 0.512045217141147 0.175640737839459 0.0130667171527907
4.52237711148946 8.15098857928793 31.9942953296879 0.640432829390921 0.339792482530966 -0.688757389494782 0.530352828393241 0.452977765955182 0.716614895256206 0.469350757249524 -0.00779182619102764 -0.578368536787639 0.346937474117352 0.183724323336146 0.0682935672179972
4.92553872861887 8.22855081959364 32.2609721434733 0.173078825011776 0.609080878489634 -0.773992302671184 0.547563785943607 0.593704409398645 0.589651471368442 0.0575838844633354 0.475121121446943 -0.0845687667486451 0.676978633813696 -0.0841831873063265 0.0465893181719917
5.33476987985473 8.36546086685186 32.4277052487882 -0.364180840114493 0.758350243365326 -0.540626585427889 0.592485295033359 0.636526112043635 0.493756590233112 -0.118623603317871 0.216085323038009 -0.225329115296807 0.452879267346459 -0.0908456919785179 0.0209129404255331
5.69747433069553 8.65991230739283 32.4845055500439 -0.806366095713451 0.58998557808755 0.0411171536056114 0.518084674078234 0.671141575103642 0.530242529085317 -0.314902128283895 0.35198674257514 0.0993088326525598 0.452124483759288 -0.21966065513172 0.325411228805738
5.91994072218709 9.09655062290912 32.5463046463159 -0.885666421718952 0.116067749656209 0.449581083093752 0.337745275699024 0.825473506261524 0.45224054248685 -0.0244770050202523 0.472118074279838 -0.247667495293476 0.408921976054108 0.0608173586872453 0.11781624382708
6.0024421342806 9.57941805975003 32.6150519621351 -0.609998268757352 -0.283093709224847 0.740108063533436 0.277533633660123 0.798516194267853 0.534178675108238 0.347302601218387 0.254327434058814 -0.0583266138165216 0.705744685723857 -0.223742174060375 0.312813351903253
5.82564347979145 9.95925099860126 32.8482388811807 0.243598121740752 -0.551431724839944 0.797861456635153 0.335841136492427 0.819707657449724 0.463993502387009 -0.399725976371024 -0.206147980570097 0.538343737560427 0.304869924982517 -0.379137154557384 0.884037271305896
