t = 100
b = 30 30 30
E = -0.871085219058336 -1.0301223990576 0.159037179999262
18.0818812845402 25.0953407481415 10.5263294987019 -0.313773856301285 0.0719512923710187 0.946767586805074 0.467680793008964 0.879489994129936 0.0881584567907588 0.579745388428003 -0.0199042311258307 0.408382840829079 0.418742692435599 0.415787094746431 -0.55071149875081
18.0818854228428 25.5804535614501 10.6166366543693 0.261166085120929 -0.366274573184858 0.893104190116201 0.518968357531623 0.833402683889619 0.190030772905344 0.0717000131182145 0.280867055054917 0.382968260430368 0.353862685312628 -0.141815569363103 -0.260104206974259
18.2207464104103 25.9094027814741 10.8740523933703 0.576731995651531 -0.616160729855838 0.536401010197821 0.652596477102041 0.742465885218364 0.15120227573639 0.131305100850416 0.15219041988474 -0.709005986521072 0.355904721842442 0.125153370646055 -0.120108748581774
18.4872131006201 26.1577395708681 11.1814260628334 0.667883622560474 -0.732519848464921 -0.131704290149004 0.740195861770849 0.63526827722699 0.220327448388739 0.344852840135049 0.0815303725860409 0.260655011567451 0.216397966861795 0.561056672538838 0.096066268842358
18.7836852269442 26.2223847175595 11.5378754979855 0.536673821483617 -0.172864898228594 -0.82589274202046 0.665047985395207 0.689062789725669 0.287929734374152 0.0222578970524272 0.0052728364246697 0.0165741558049653 0.226551587291661 -0.443441857000025 0.201041738212226
19.2304758194285 26.4015162769923 11.5422369283102 0.0566849433316913 -0.059639838746744 -0.996609144909225 0.700106860937985 0.714032073034047 -0.00290910419097657 0.565969845088109 0.173671915220006 -0.146676585896643 0.530276102428873 0.1115727077372 -0.259257484738298
19.6769194765221 26.4172911136056 11.530350112848 -0.29262455553852 0.501870606656426 -0.81393896887223 0.847595019932004 0.530179731775947 0.0221816509998599 0.646140218814221 0.265657493596889 -0.608973632516277 0.60124357151851 -0.334251927694512 0.303019780549326
20.0924885224831 26.5550437581042 11.4608361481002 -0.572312816630611 0.763019110743874 -0.300432618743967 0.785023070663508 0.615694085311512 0.0682601987349056 -0.554898649882719 -0.108952551412614 -0.286117485123915 0.443230212433406 -0.0765118575177676 0.334417526476732
20.4140855569427 26.8625814448822 11.3261219647984 -0.716032400824111 0.623562680063523 0.313794626284208 0.648171399838369 0.760788352554521 -0.032784190731921 -0.0214153978104434 -0.35471586077036 0.121346482989799 0.349132777160378 -0.0947492991380482 -0.00457081867660039
20.5659238045794 27.1940884480704 11.1189258256981 -0.392918044047428 0.384647195252676 0.835261533619887 0.595243775391238 0.798732329899118 -0.0878145724060376 0.198418823911855 0.00389765049212604 0.0205328372363736 0.553335391682711 -0.0413078029087059 0.486255560118844
20.5791117526374 27.7075447590602 11.0903537149765 -0.0642968374213814 0.0242301267316381 0.99763655646906 0.464830680444746 0.885359160970806 0.0084547587210019 -0.487970186048881 -0.565760422791685 0.369653829249634 0.509154396346701 -0.326795008608092 -0.205228358492246
20.6594521581782 28.1780558527402 11.2166129540239 0.152562076002781 -0.355779505308461 0.922033426715526 0.558513190781308 0.800727856951947 0.216558994125473 0.522473646892989 -0.416253571372897 0.355025596120997 0.546621732592375 0.248772734299828 0.0783564070490256
20.78161207247 28.5992866314008 11.4265782826825 0.577627978285051 -0.592116048172282 0.561911370354681 0.624220104109123 0.763977274828222 0.163364213305319 0.175741957475932 -0.394922833450872 0.285223805783628 0.405920907543342 0.108967160204284 -0.316282947842412
20.9500621535472 28.8484378261761 11.7815382921188 0.800174660555572 -0.58733259576177 -0.121494097479818 0.59925669736512 0.774564782869692 0.202338056152573 0.255474624296247 -0.734759250603009 -0.397192069346691 0.463606846790188 -0.0533531872405185 -0.189568122116536
21.2978437591496 29.0075971203718 12.0764939646392 0.653488688761432 -0.375369193882704 -0.657305395875597 0.652567717761117 0.719399373458101 0.237949147457711 0.151918231480017 0.129279325318297 -0.404740440621317 0.223101179709507 0.0668715968566154 0.272701203475281
21.6686386968072 29.1793268467718 12.2158958442572 0.224965169594141 0.0184805152432551 -0.974191471895774 0.67013122157542 0.722872214532715 0.168463017317338 0.259520296098487 -0.328063489118543 -0.185101420875295 0.412943427676017 0.0327114634772823 -0.311615606045521
22.1061309805503 29.2895692842794 12.1893147001303 -0.228678317711018 0.354564602465297 -0.90663666991607 0.791129296467916 0.610393564374752 0.0391665526895102 -0.5315807225265 -0.0951437387680357 0.00442779174537797 0.395403515767314 0.326649532160614 0.0227596271341172
22.5699956776555 29.3803094044533 12.0291514491776 -0.590621040693138 0.632671811793796 -0.500892250415504 0.708949180377117 0.703310506238614 0.0523953574027026 0.0515641861130785 0.0162016248464054 -0.457077817596578 0.428598295350489 0.124104689477206 -0.0366839253826904
22.848700408427 29.774644886146 11.7845449377502 -0.830494359273012 0.549159384835418 0.093289713262763 0.55021172046795 0.834864854851133 -0.0163591291627449 -0.70577009164755 -0.157368762653332 0.0247905026793179 0.557270949041865 0.231195018293592 -0.254538403908061
22.8976829689071 30.1186447602049 11.5121150529382 -0.447016860323372 0.556872302744467 0.700049316835145 0.708103598738084 0.69848644319061 -0.103469147499723 -0.814423680569482 -0.956728521732125 0.191658524686246 0.584975092709987 -0.640247141478495 0.137773053657624
23.074621948658 30.61782751302 11.4583148345582 -0.0365080617866613 0.0572578745058963 0.997691625006375 0.623763462637942 0.781303014388014 -0.0220141724787279 -0.124816887532038 -0.154230817940288 0.312195715416693 0.28871717193465 -0.234852992602605 0.0749034324513223
23.2652423760963 31.0751131926214 11.5746889464082 0.189858126960736 -0.370896748790271 0.909059610330898 0.51679654765274 0.825004185016529 0.228668554916323 0.362457917784789 -0.510398309048196 0.226501094001203 0.26093797799902 0.180953670363968 -0.177932409301175
23.3323083379043 31.5063701398631 11.8326323472219 0.666992324437485 -0.568684326834968 0.481372264002544 0.58548400680657 0.799629930727524 0.133417887266233 0.143544726023155 -0.468237731729631 -0.266017296216028 0.375266274824025 0.0908613164936479 0.111295138618288
23.5826506009839 31.8109263467846 12.1307011038555 0.792657359922202 -0.567737576992622 -0.22218963683372 0.599651806404267 0.791804149895941 0.116033530437443 0.337291577255555 -0.377342669969855 -0.56265457415361 0.368742253398126 -0.0478744518693746 0.279695636724278
23.9588902674158 31.9097815304749 12.416855644974 0.548927146563175 -0.045905436243912 -0.834608632613122 0.601282196889115 0.715286616617713 0.35612449926684 0.594571236690681 -0.535612355868025 -0.603504126294303 0.305750479176583 -0.540398557737305 0.408211092746378
24.3473148117133 32.1883221227277 12.6030107745651 0.261457588302053 0.0898295792795072 -0.961025731707653 0.716368753948272 0.649225803847664 0.255580802445672 0.132118485027698 0.241556147360287 -0.332876733833101 0.436257179106241 -0.144628915952285 0.0619937090196515
24.8126457451951 32.3477360545345 12.7206200116245 -0.176901113488151 0.356057270710747 -0.917566944738986 0.742920997271474 0.659805706286368 0.112803830294002 -0.00214037133844265 0.222762036962689 -0.413670701760294 0.269280876382773 0.337162722941684 0.133058463885368
