t = 100
b = 30 30 30
E = -0.806187895137708 -0.996265140874092 0.190077245736384
1.36782616434796 7.31672729625719 24.1874394732721 -0.19113885217396 0.0435630623746445 0.980595778672265 0.876585587565794 0.457088189314513 0.150558880796174 0.112722529224143 -0.209398349721176 -0.0346559849961353 0.125818699746557 0.00390635416630377 -0.289909746887134
1.75626023239676 7.65281094179917 24.3983247393541 0.080234521887915 -0.655800342160926 0.750658520284207 0.869692802952897 0.414018724926774 0.268743014844415 -0.435428678191438 -0.209102632738131 -0.125646478304755 0.291195034898683 0.468646009510411 0.0728204094566505
1.95110185987494 7.93525998770299 24.6863994137904 0.478787893441641 -0.874716031018169 0.0750593497083765 0.843333994494283 0.482000633929702 0.237619546317058 -0.00154396448335195 0.21041368855033 0.576374811492332 0.584481575376345 -0.610701976877483 0.142727698223106
2.31084051204707 8.07764055200652 24.9314478645961 0.505924096186489 -0.803709546324477 -0.313195873031934 0.862518416305267 0.475629001572911 0.172739445143597 0.150554731482941 -0.659366150244837 -0.607716792156056 0.477664313774189 0.120595963051359 0.403684635256525
2.7536838047131 8.20627869613982 25.2093015215738 0.248251831556718 -0.658737790265594 -0.710236182692771 0.967972527584161 0.197012590367654 0.155612053315542 0.377778111953853 -0.297137972255312 -0.20244157931569 0.487556952663696 -0.0015231192368562 -0.592408268101975
3.25795461739046 8.05341595449219 25.295521648457 0.166026229049813 -0.236404030395367 -0.95736529887677 0.980773874690416 0.140552777215751 0.135378770341043 0.221550072105944 0.73675491077 -0.174726656850893 0.58222398470167 0.0411048612373352 -0.192447055733357
3.75465972899543 7.97475319651417 25.3536712281281 -0.107937829132651 0.450651430774723 -0.886150436565697 0.948296347515243 0.314276716883906 0.044317759458074 0.269917305596412 0.490246796868347 0.00467284183045701 0.121502379117727 -0.0790514899036891 -0.142991030254789
4.23664086325715 8.05435396752257 25.198596776015 -0.480641555406685 0.824057515977324 -0.299854608835783 0.871184469767104 0.487751289035303 -0.0560016162593585 0.382843478398063 0.533778445830985 -0.299556272520749 0.204301085232628 0.0166935579799049 -0.410174180833899
4.50356913032048 8.12164720887102 24.8580722449816 -0.250583800342894 0.838310305485375 0.484193635011191 0.940626591244658 0.329129314674207 -0.0830384999609773 -0.0987375538874606 0.00803267003386841 0.122371144905319 0.798588480930108 -0.305716967976251 0.288299321971471
4.77118040783127 8.37299681962587 24.5883441428917 -0.17130706527077 0.544842256104196 0.820853632675652 0.817348965421582 0.54378553505646 -0.190362422933578 -0.570037134092045 0.153834056152275 0.223438984678953 0.323678318893066 0.347821443539944 0.256059221815961
5.07829161087593 8.76094675916281 24.4935320831293 -0.0428897140293472 -0.0923460867100114 0.994802771580927 0.863047568471321 0.498180790699538 0.083454641410995 -0.202569058337773 0.202460304429583 0.388702426128402 0.480364700395971 -0.11075113660182 0.0180706183072419
5.41765547270503 9.10089502306814 24.6480283677368 0.0812344421182644 -0.565565122188735 0.820692962574737 0.829196358167976 0.495226064412282 0.259199598813642 0.417269124732289 -0.228143987980017 0.0919592472857356 0.651452668602276 0.273697996378331 -0.075336439637637
5.573884416236 9.43970181149271 24.9422798788202 0.427355196526141 -0.862011996793884 0.272585279521571 0.832878090332089 0.492659567049829 0.252191444835722 0.384456105605628 -0.275152372797004 0.337032611337873 0.447570481231882 -0.49211137376345 0.0301420605079033
5.95096055725714 9.58521864795108 25.2284974145273 0.295837249176015 -0.919745282766468 -0.257970575401125 0.950239346613095 0.310946721698631 -0.0188997752564104 0.329841054506477 0.216612728317007 -0.0356703826292246 0.576089976989054 0.137710535232859 0.131461425960717
6.29381409106901 9.59594741802999 25.5718785812353 0.230113453556725 -0.36547634491993 -0.901928337412247 0.959525688245615 0.239826204618128 0.147626994248825 0.152131812893023 -0.271425038302872 0.214992450453792 0.141373130247809 0.388222208584023 0.500842519543647
6.84633288518981 9.53792998874764 25.4496110001626 -0.154171933514985 0.0451442716964292 -0.987012103413151 0.975755773636502 0.164015550889201 -0.144911889103499 0.252423590827761 -0.0495941380960148 -0.998600005539464 0.37725267165422 -0.311174680667874 -0.255402063167357
7.21789128516218 9.34726627862046 25.3232191419529 -0.115428652463107 0.552596876411346 -0.825416742731138 0.934052006336254 0.343115770432214 0.0990873268259754 -0.748394545509048 0.0487684062147411 -0.495126289516631 0.447877210600691 0.0172329854154773 0.167088632258612
7.69665419002597 9.41268959648444 25.2828205110212 -0.406580923766478 0.780206987591356 -0.475361854148563 0.876215356334993 0.480343152194691 0.0389485083724561 0.0639093606889799 0.0553473098372922 0.112433348400552 0.275081377165083 0.214758674078853 -0.363254991696379
8.10971904427639 9.49283631280314 25.0460569860216 -0.512372969203412 0.84791388530533 0.136073019151507 0.843651184942662 0.526592400094535 -0.104656618773457 -0.066302995931539 -0.0626193900807733 0.110657963245061 0.217285803532467 0.129248246686364 -0.0783893709857641
8.40845033603115 9.76781666551646 24.8014712775006 -0.34470224670527 0.508742540653615 0.788898769965414 0.819683288259507 0.572707919923893 -0.011172804184615 -0.194973061667982 -0.17131466279265 -0.0266136806314828 0.531309042597113 -0.174199135669981 -0.266574167870187
8.67708673548896 10.1538606304236 24.7378084335997 -0.0704852526759073 -0.0987347264936989 0.992614308209407 0.732689055591276 0.670134538754728 0.118685897146061 -0.439675339501017 0.0257692432835176 -0.0347657352579276 0.417945952216463 0.619006787548592 0.260678176311092
8.88626380075799 10.5840373887399 24.8539411483485 0.208425144802473 -0.614610835076014 0.760797188925263 0.778715847929996 0.574926065413389 0.251120567417742 -0.391884543257987 0.138092251241125 0.108556451421055 0.784127505718202 -0.302503316607229 -0.141465873353241
9.19314142491804 10.9109255208864 25.1454638924789 0.346593327133183 -0.847876094676391 0.401221977095327 0.81871953672262 0.482195586244906 0.311746094606064 0.205337081755431 -0.449090301321862 0.181947600176811 0.652824734241666 0.0953372028816557 0.0497441517782237
9.52284025537532 11.0600505267534 25.5012260696471 0.401878706551344 -0.884255005480702 -0.237879110960785 0.903827584217717 0.341368227568992 0.257998676225052 0.133344922971271 0.00964217692100817 0.118662471113677 0.678679609441428 -0.304581333799586 -0.205311250258827
9.75560445316205 11.1129279381013 25.8116931182125 0.469198589668717 -0.43111892938862 -0.770706839918872 0.869493521904983 0.378102491431173 0.317835499572936 0.0572780406488218 0.344544146436427 0.629381989044758 0.254670086391758 -0.371001723496505 0.359302563276815
10.2552483627127 11.135036512167 25.9361392561132 0.0162968242017774 -0.0363675256914456 -0.999205533104696 0.916299270185524 0.400493936064427 0.000368087040760135 0.281656783584518 0.151715950252797 -0.373651007132617 -0.100071895028598 -0.245109314495199 -0.0287640949366545
