t = 100
b = 30 30 30
E = -0.489092848457086 -0.720476990658323 0.231384142201237
3.06873982996972 18.6583640984823 8.45512443276005 0.876992988649012 0.180802344238343 -0.445189504061601 0.356243664404592 0.377092206896433 0.854922103723813 0.503813689177995 0.0977652035342029 -0.79519054272672 0.253153446914013 -0.324098683793441 -0.296396727979298
3.34155907696461 18.7358107126496 8.83283473662726 0.354265571471423 0.672741470347887 -0.649549613103858 0.476925913668517 0.467496240383273 0.744304252273884 -0.0331995562149207 -0.464700745662559 -0.179879962422447 0.0389427445868925 -0.282722461945261 -0.149604133223351
3.71731334502935 18.9822543661025 9.0738148258128 -0.246667668023436 0.811157370210928 -0.530262824640585 0.424545603342615 0.582319614767803 0.693299919031932 0.174626089925259 -0.194167630477139 -0.416373990235884 0.411958121815238 0.182201329598021 -0.197526588903253
4.08574069827376 19.3050524649174 9.13327028814442 -0.733640892721536 0.677305771429924 -0.0550255723948349 0.491587628252578 0.584890409623334 0.645170282906975 -0.210152799314753 -0.132679022330215 0.146602238873089 0.418531888793812 0.201396240789006 0.294588403236352
4.38270585448979 19.7060504582574 9.21012396817207 -0.883446269101277 0.2324393222737 0.406810192795862 0.439793940028811 0.710804864872011 0.548942273650688 0.332171950008801 0.294633582929582 0.117849565742188 0.385408669699809 -0.174452229018112 0.220807177505993
4.45934614805619 20.1715071132652 9.36475090676026 -0.652328968157054 -0.201838378186826 0.73056694948546 0.361195819135232 0.764616110194326 0.533759938202702 -0.312289381682926 -0.00965489010581667 0.0631575969690419 0.378485272709756 -0.591629684696278 -0.196975238771793
4.52924916827776 20.6521382981753 9.61725408378898 -0.294289494397407 -0.583854385095927 0.756642340474722 0.424030726936425 0.629745950632687 0.650859325145868 0.607851049675732 -0.335489470884099 0.391181461891676 0.397169651424832 -0.447135858137849 0.0750077048195728
4.56834944469458 21.0554785794345 9.92179161733749 0.118832554997711 -0.844760978837648 0.521783092076769 0.353351081747863 0.527083339197271 0.772868713637303 0.24889554231347 0.163588955557948 0.171174907962515 0.36504889118262 0.676816074919405 -0.379743620148915
4.47837736160288 21.2332801037948 10.3596901542527 0.617749156751433 -0.759819665725087 0.20263252010274 0.246057751357544 0.431507016015441 0.86790389364149 0.714041837454569 0.387351236529033 0.224989906784065 0.524645569241775 -0.077945929025134 -0.188387154125062
4.4534906362034 21.1793606307697 10.8344884617308 0.962835321854803 -0.181553359710298 -0.199966000544924 0.261659792366173 0.443496082824556 0.857231161135152 0.30007768386955 -0.28928806500198 -0.0354417763254417 0.637954918926818 -0.334766365747257 0.0151167321472271
4.6065144123914 21.3396831491339 11.2692484672687 0.793075064518496 -0.0866569949645445 -0.602928185385502 0.600467243327544 0.277506084752641 0.749952903563605 0.536271725258682 0.251807848664197 -0.428854789500568 0.498145428636931 -0.036952170250016 -0.694693478756431
4.95788274340194 21.2636102376885 11.5411024406512 0.401283374276729 0.59642710876971 -0.695159146866199 0.505232021590478 0.488918311834035 0.711125425650261 0.48951707975066 0.374942262168386 -0.328027522407225 0.685367921227518 -0.256150922406916 -0.370415902814011
5.3664564057882 21.386577487702 11.9085126514476 -0.109204870956075 0.741920584664882 -0.661534600542357 0.565952886647044 0.593520585763647 0.572215456919412 -0.0267889993371782 0.361592691936119 0.43695611021232 0.468849420610833 0.0202158471076461 -0.316928486190551
5.73983623772099 21.6201575304433 11.9357004511087 -0.676096790763936 0.729686210471338 -0.10223035069578 0.563434744194484 0.601413053050885 0.566430501692661 -0.423689281894829 0.163086465753751 -0.0362315991088103 0.507168192251311 -0.154352957918476 -0.136414455804178
6.00373185687647 21.9986318140506 12.065848360035 -0.943634988310286 0.280314627484874 0.176001704099908 0.330987318773387 0.800023559379009 0.500409422673162 -0.272600035435037 0.257688555332374 0.619521870655179 0.27339072637983 0.176528609107917 -0.0566938132168639
6.07961510955942 22.4478130525887 12.2392058074337 -0.904649329629684 -0.18008344430172 0.386237528262091 0.153538851448388 0.707728164431382 0.689598835685706 -0.339528690263221 -0.0558619740316226 0.100218490705236 0.765009110176162 0.537393376195549 -0.432828480665885
5.89685069794915 22.8284605346629 12.4370241784117 -0.260235935133255 -0.553670759305048 0.791028336501739 0.354641831389584 0.707182294723628 0.611655340827359 -0.0360441802693934 -0.282845696699391 0.389705262329767 0.591891518741896 0.0481883768075888 0.27383188065675
5.87265964590086 23.176194542636 12.7588157386552 0.355818775206958 -0.807791974892618 0.469962771992617 0.303630987031352 0.575515588240444 0.759335179236399 0.0759044446497674 -0.371332553817129 0.677565331605567 0.30855995794169 -0.125536262628147 0.0914541961716584
5.90074164328576 23.2422138636677 13.2340677787503 0.824767736746147 -0.559339138726357 -0.0830529845814207 0.350664270623157 0.390691501122298 0.851113745329142 0.217732604848798 -0.648488666495735 -0.0887992467287438 0.459309433118899 0.152550246951774 0.822710373442799
7.8577856999728 21.4063853314211 14.5001195154364 0.901532539706022 -0.119403643292613 -0.415910730908675 0.431002929171483 0.333112150927569 0.838613534317999 7.86647027057386 -7.61168375301116 3.41405218905742 0.587534100285368 -0.399030753708616 0.501131442311119
6.6488867994791 23.3638457114983 13.878236959381 0.94586845487746 0.133133990702184 -0.295986647750527 0.163853338837426 0.591340132363427 0.789600413759202 1.15609419677903 -0.432507371019077 -1.26118780489725 -0.221634253919036 -0.677130123845381 -0.637417978321774
6.51308054925814 23.436249730055 14.5629583647273 0.193157659698499 0.579341933888087 -0.791866733488233 0.390368097619364 0.695062077753337 0.603739462065658 0.232921137875565 0.00803005882105844 0.276761178790481 -0.19230419483201 0.24423420553673 -0.0369513021486741
6.81832520496846 23.7036409569202 14.7198298971409 -0.386849276447178 0.660867763465877 -0.643118432183066 0.433232831288065 0.745908061646483 0.505895601092766 -0.498164910735229 -0.0841698687416022 0.594241292595114 0.47996102981574 0.361554941551674 -0.0184958233854101
7.20611311518876 23.9270023144158 14.7005542889117 -0.791129948071312 0.608580794274217 -0.0611776540812355 0.515765364222208 0.717531352178423 0.468118294132572 -0.373206398075337 0.765340835685632 0.355430071177708 0.744964671187689 -0.424099333072748 0.171747597255728
7.43306936364771 24.2927991145192 14.5849285022833 -0.644249559700356 0.228504164069158 0.729882350744933 0.693535454148 0.576847243519946 0.431573535264395 -0.586878924843605 0.465823721691577 0.412913343627955 0.241076400151673 -0.746720661859314 1.10905140426144
7.68583262410591 24.6280603404669 14.9297189136822 -0.699313362698575 -0.332150888000266 0.632958522835653 0.462016239716674 0.465638697248261 0.754798967011228 0.220498119714204 0.721430571648571 0.42909768554927 -0.210887416539274 0.182201605373874 0.467368873554581
26.2919743577249 4.37484737872517 17.2264738313437 -0.172072144561443 0.889777815759327 -0.422713260779543 0.611376818929268 0.432929847409649 0.6624122699445 -0.204206724063502 -0.0951841669242527 0.397709000893457 0.165465433655718 0.0791221700830455 -0.341917556624375
26.6606676575008 4.62721244144309 17.3048560886325 -0.734701080677451 0.655701832271904 0.173980775993907 0.59306987218982 0.496301296213087 0.633997662379479 0.14495649630728 -0.181022758727197 -0.169429323315249 0.360297680642425 -0.342810115020131 -0.296498200716497
26.9155772694392 5.00971165870371 17.4714876347419 -0.818705170825312 0.123340120307892 0.560810966454706 0.553064236135383 0.432004888217055 0.71238445330803 -0.067865543004451 -0.288681506172205 -0.220623361299806 0.643069291225962 0.0213873772037023 0.241607427737734
27.0262034959691 5.39444923362973 17.6295789364353 -0.440089923720874 -0.420932890482874 0.793181092213609 0.561387986110439 0.56043428358486 0.608898043559912 -0.483815398284307 -0.226531153048776 -0.272035160545746 0.466371535201632 -0.327048169951576 0.369025716354832
27.2206565884986 5.72040222477561 17.9598338292869 -0.217422727621239 -0.756772487734445 0.616459763620039 0.403236397675705 0.505514385515627 0.762794532203736 0.233926896230281 -0.111030904363397 0.38776755673301 0.11466197094137 -0.0754903790563126 0.0725147552717895
27.3556841684064 6.05394771356147 18.3736580653554 -0.0120155163770366 -0.980457092723217 0.196365481816799 0.47316511458545 0.167426696684764 0.864917890956985 0.178142946376178 -0.500655893720766 -0.440618105253745 0.691560470907727 0.395915084422212 -0.464284762050754
27.2188899310968 5.97246070398009 18.8032314335687 0.789955783036105 -0.612240195693246 -0.03364051967692 0.135120125086845 0.120301663645508 0.983498840012213 0.736813107972219 0.0430932012938752 -0.257223484225842 0.722968302594735 -0.45284601813107 0.259431600105959
27.2783492111061 6.02079198155705 19.3083538232864 0.88642485646006 -0.262677551338063 -0.381118563652227 0.410448122744512 0.0654484074861569 0.909532152739903 0.442041671420782 -0.070791732635384 -0.305324994250197 0.391121426825234 -0.448729325350185 -0.245619055846288
27.5393112091113 5.93339436148848 19.6704891232642 0.679851943664136 0.386669033642978 -0.623127815119793 0.590218517261357 0.215807662919111 0.777861837096657 0.667730852047713 0.177777473101106 -0.196127436708526 0.411102300393368 -0.22634262625405 -0.0692791181651276
27.9783415572146 5.8640114820345 19.920368121241 0.252980926961195 0.836916573864206 -0.485356755389399 0.652671227708605 0.22268682126366 0.724175898777014 0.331836485462712 0.100667629160534 -0.156332505373335 0.512330238626699 -0.0873316734342188 0.0714257989710939
28.3405874987657 5.96403703552654 20.1092951203414 -0.123795952463534 0.959092715397622 -0.254589096225353 0.654692112616425 0.271741744831214 0.705361286545421 -0.157297509412688 0.335182722089223 0.156053044842719 0.4142671576196 -0.0608025626458558 -0.0208570687537377
28.7737062162159 6.10172614730289 20.3098552973218 -0.651295418887343 0.753441075642674 0.0902258519102454 0.584599005547677 0.422392016920973 0.692696809030642 -0.225796191444692 0.397420776730734 -0.21219513063658 0.272139728234884 0.201577242608262 -0.149967314093686
29.0402240539311 6.46119130463579 20.4002931669049 -0.80409106774489 0.161157730369481 0.572246120590081 0.56439562361101 0.509380809600168 0.64960653968485 -0.316415226401426 -0.10602257774174 -0.57550784289607 0.481252665515535 -0.0747520197894256 -0.0589192748774744
29.1899679221534 6.81126323984916 20.7111374942386 -0.845236556233858 -0.239885003415189 0.47752511341486 0.314453212251879 0.499242653150233 0.807388282240881 -0.345898937973137 -0.0781921482679204 0.0182622799667707 0.60004458431376 0.637554032694361 -0.0926674319649884
29.0722767133583 7.1751014049688 20.9869357692627 -0.0810247374007913 -0.814448129395256 0.574551233472943 0.48263210475515 0.472298825494509 0.737563524561868 0.0356401103184683 -0.403766483613036 0.0123092720797895 0.387985120919121 -0.397555195482285 0.205705338343625
29.2222128157471 7.42273221124801 21.3902356873841 0.405143847076239 -0.903756818396805 0.138137472757771 0.507205690596187 0.347893292298223 0.788487492308043 -0.00414075274180143 -0.0859125824460565 -0.00214996254792601 0.341783369942609 -0.0709868166781128 0.0980783791699057
28.9511634054726 7.38256546096737 21.9230043583198 0.663967893423754 -0.735893524959599 -0.13269226535636 0.386573017994156 0.185906717989386 0.903327118163983 -0.330166987750954 -0.256971992622839 0.414879090410758 0.617176024146924 -0.183608914836962 0.0173183402376687
28.6583094526212 7.29110406522832 22.4489947792835 0.864967127105445 -0.252559764921406 -0.4336419204118 0.500963441517739 0.383855853952137 0.775686917878132 -1.46271977028052 -0.192836813864091 0.284130970470398 0.13850448926447 -0.593416617801187 0.308892712881447
27.7435104962481 9.00546671193424 22.0390405350159 0.924731689549538 0.285965808445954 -0.251186670884789 0.241719446665967 0.0685514903724002 0.967921631375602 -7.14174607869204 7.23220556822371 -3.38838608854924 0.296267547821241 -1.01031100211312 -0.298047109042006
30.0455476434994 7.06932817687235 22.8042831171904 0.262448258620068 0.832148906799755 -0.488517133319303 0.493964062414521 0.319040585717243 0.808834031571871 -0.114159394112743 0.215402893420372 -0.854435134979219 0.0298487658263888 -0.420787283510023 -0.306708657986519
30.3598356097211 7.21532506480813 23.0839844424069 -0.21800992242532 0.889718131220504 -0.401090018433273 0.514770261560669 0.453988165904383 0.727259378658211 -0.53490525453832 0.165959516680044 -0.414812213491313 0.371281913454467 0.736277493029943 0.0478839926622273
30.8262353161691 7.41315796767305 23.0847179652078 -0.609639147904572 0.739685721794298 0.284964951170269 0.731006164192985 0.38559741838373 0.562978247579299 -0.220959870692127 -0.0430810709500324 -0.390423954165093 0.389825361862659 -0.271718787436725 -0.0367171753229986
31.1873127067582 7.74877991864851 23.2779522994281 -0.763473373380572 0.329974452979909 0.555180285693318 0.645806481403017 0.381402284472634 0.66141225234236 0.137378444260475 -0.273948244854001 -0.140880057365376 0.656192847923873 -0.164254926204204 0.0438522376165208
31.3430412540787 8.18257604144653 23.5138446878693 -0.555063909522434 -0.23292352772091 0.798530254527854 0.592700551257647 0.562806279737408 0.576155389170177 0.200301995725547 0.0211559656383736 0.0229846732205362 0.444877254159567 -0.485175814812762 -0.0757897789636119
31.4598825490703 8.56764738082392 23.7241912540854 -0.14596438607696 -0.529493276598248 0.8356621030266 0.519001671404081 0.678146037712734 0.520341329000228 0.543889047088149 0.138938196550784 -0.372193237237905 0.295025943027663 -0.423226153126269 0.270107754984855
