t = 0
b =  30.0 30.0 30.0
E = 0. 0. 0.
27.4056376966 0.624503366261 2.82673491755 -0.163262693562 0.986401585337 0.0188998766167 0.98526244401 0.162023594177 0.0548294752189 0.0 0.0 0.0 0.0 0.0 0.0
27.7889991448 0.809780089284 2.49902828334 -0.162167268403 0.78285834474 0.600695088319 0.98526244401 0.162023594177 0.0548294752189 0.0 0.0 0.0 0.0 0.0 0.0
28.135394559 1.17350939662 2.30825011341 -0.0994617866855 0.281894130282 0.954276192882 0.98526244401 0.162023594177 0.0548294752189 0.0 0.0 0.0 0.0 0.0 0.0
28.4591176558 1.60149647983 2.33499923167 0.0010308907062 -0.326166377288 0.945311817123 0.98526244401 0.162023594177 0.0548294752189 0.0 0.0 0.0 0.0 0.0 0.0
28.7830757441 1.95513392707 2.57723220839 0.101131915483 -0.810310824915 0.577207677267 0.98526244401 0.162023594177 0.0548294752189 0.0 0.0 0.0 0.0 0.0 0.0
29.1300868558 2.12406099628 2.9510396933 0.162811234732 -0.986604642483 -0.0101873095795 0.98526244401 0.162023594177 0.0548294752189 0.0 0.0 0.0 0.0 0.0 0.0
29.5142107936 2.06809150618 3.32252498068 0.162635843848 -0.788070861221 -0.593711967194 0.98526244401 0.162023594177 0.0548294752189 0.0 0.0 0.0 0.0 0.0 0.0
29.9354075771 1.83248123848 3.55867360645 0.10067237676 -0.29013578394 -0.951675522137 0.98526244401 0.162023594177 0.0548294752189 0.0 0.0 0.0 0.0 0.0 0.0
30.379552632 1.5307345097 3.57788776701 0.000461790587989 0.318026728472 -0.948081635054 0.98526244401 0.162023594177 0.0548294752189 0.0 0.0 0.0 0.0 0.0 0.0
30.8238029521 1.30148198368 3.38098668902 -0.099924237549 0.805365569614 -0.584295683734 0.98526244401 0.162023594177 0.0548294752189 0.0 0.0 0.0 0.0 0.0 0.0
31.2452755391 1.25581256459 3.05089539155 -0.162347377197 0.986732565865 0.00147396673921 0.98526244401 0.162023594177 0.0548294752189 0.0 0.0 0.0 0.0 0.0 0.0
31.6297410364 1.43506886494 2.72114008483 -0.163092033944 0.793223363056 0.586683632605 0.98526244401 0.162023594177 0.0548294752189 0.0 0.0 0.0 0.0 0.0 0.0
31.9770296994 1.79514045586 2.52511933063 -0.101875300243 0.298355342634 0.949002377617 0.98526244401 0.162023594177 0.0548294752189 0.0 0.0 0.0 0.0 0.0 0.0
32.3010958845 2.22322215652 2.54542369827 -0.00195443671504 -0.30986286069 0.950779252898 0.98526244401 0.162023594177 0.0548294752189 0.0 0.0 0.0 0.0 0.0 0.0
32.6247165557 2.58067060833 2.78245822652 0.0987089499973 -0.800358982607 0.591339193823 0.98526244401 0.162023594177 0.0548294752189 0.0 0.0 0.0 0.0 0.0 0.0
32.9708379352 2.75567720488 3.15428854261 0.16187115628 -0.986785345743 0.00723948834935 0.98526244401 0.162023594177 0.0548294752189 0.0 0.0 0.0 0.0 0.0 0.0
33.3538578498 2.70574605082 3.5277691003 0.163535803951 -0.79831545786 -0.579610619786 0.98526244401 0.162023594177 0.0548294752189 0.0 0.0 0.0 0.0 0.0 0.0
33.7741557561 2.47383886301 3.76912739897 0.103070465527 -0.306552180413 -0.946256962891 0.98526244401 0.162023594177 0.0548294752189 0.0 0.0 0.0 0.0 0.0 0.0
34.2179485782 2.17205309604 3.79478639317 0.00344693400416 0.301675395652 -0.953404465222 0.98526244401 0.162023594177 0.0548294752189 0.0 0.0 0.0 0.0 0.0 0.0
34.6625271291 1.939034245 3.60311680953 -0.097486145377 0.795291445165 -0.598337671142 0.98526244401 0.162023594177 0.0548294752189 0.0 0.0 0.0 0.0 0.0 0.0
35.0848837101 1.8873021039 3.27505613493 -0.161382608248 0.986762978096 -0.0159523921228 0.98526244401 0.162023594177 0.0548294752189 0.0 0.0 0.0 0.0 0.0 0.0
35.4704531204 2.06050261471 2.94335911204 -0.163967120072 0.803346757851 0.572493467373 0.98526244401 0.162023594177 0.0548294752189 0.0 0.0 0.0 0.0 0.0 0.0
35.8186462205 2.41682604425 2.74216199305 -0.104257781597 0.314725673057 0.943439487034 0.98526244401 0.162023594177 0.0548294752189 0.0 0.0 0.0 0.0 0.0 0.0
36.1430737561 2.84489120087 2.75602193481 -0.00493916879592 -0.293464956864 0.955957072103 0.98526244401 0.162023594177 0.0548294752189 0.0 0.0 0.0 0.0 0.0 0.0
36.4663754079 3.20606101134 2.98779232124 0.0962559168092 -0.7901633432 0.605290582731 0.98526244401 0.162023594177 0.0548294752189 0.0 0.0 0.0 0.0 0.0 0.0
36.8116185991 3.38711306286 3.35753871505 0.160881770305 -0.986665464628 0.0246640810599 0.98526244401 0.162023594177 0.0548294752189 0.0 0.0 0.0 0.0 0.0 0.0
8.89510574823 13.9262842317 15.2403691341 0.986962624598 -0.133651152902 -0.0896780183452 0.157583051983 0.915786719975 0.36946212965 0.0 0.0 0.0 0.0 0.0 0.0
9.08053597486 14.1347283516 15.6995551336 0.780278947326 0.113841391753 -0.614983659851 0.157583051983 0.915786719975 0.36946212965 0.0 0.0 0.0 0.0 0.0 0.0
9.44383081207 14.3691226203 16.0185555884 0.277154252396 0.318083688354 -0.906646727001 0.157583051983 0.915786719975 0.36946212965 0.0 0.0 0.0 0.0 0.0 0.0
9.87030296985 14.6760240758 16.1308858932 -0.331265976791 0.401480673674 -0.853859544239 0.157583051983 0.915786719975 0.36946212965 0.0 0.0 0.0 0.0 0.0 0.0
10.2212630378 15.0744430634 16.0485788881 -0.813832722923 0.332348438666 -0.476676844849 0.157583051983 0.915786719975 0.36946212965 0.0 0.0 0.0 0.0 0.0 0.0
10.3867099109 15.5486208882 15.8576133812 -0.98721081106 0.136951475239 0.0816033575099 0.157583051983 0.915786719975 0.36946212965 0.0 0.0 0.0 0.0 0.0 0.0
10.3271220486 16.054016806 15.6852493622 -0.78553100679 -0.110475643337 0.608881080016 0.157583051983 0.915786719975 0.36946212965 0.0 0.0 0.0 0.0 0.0 0.0
10.0884723686 16.5342297974 15.6516798046 -0.285414839662 -0.315931217956 0.904834700275 0.157583051983 0.915786719975 0.36946212965 0.0 0.0 0.0 0.0 0.0 0.0
9.78476236692 16.9424262578 15.8243673453 0.323135196934 -0.401359240784 0.85702648987 0.157583051983 0.915786719975 0.36946212965 0.0 0.0 0.0 0.0 0.0 0.0
9.55471104353 17.2591328666 16.1924141014 0.808920769683 -0.334304177671 0.483619587245 0.157583051983 0.915786719975 0.36946212965 0.0 0.0 0.0 0.0 0.0 0.0
9.50905323504 17.4996348276 16.6707019576 0.987383817596 -0.140241368192 -0.073522482263 0.157583051983 0.915786719975 0.36946212965 0.0 0.0 0.0 0.0 0.0 0.0
9.68846959885 17.7081687643 17.1322303617 0.790723245026 0.107101481773 -0.602732131529 0.157583051983 0.915786719975 0.36946212965 0.0 0.0 0.0 0.0 0.0 0.0
10.0481313512 17.9411164871 17.4563659574 0.293653691484 0.313754688172 -0.902953766883 0.157583051983 0.915786719975 0.36946212965 0.0 0.0 0.0 0.0 0.0 0.0
10.4747314718 18.245584601 17.5746732136 -0.314979809081 0.401207242835 -0.860128169616 0.157583051983 0.915786719975 0.36946212965 0.0 0.0 0.0 0.0 0.0 0.0
10.829531935 18.6415079185 17.4969142264 -0.803947213995 0.336234458118 -0.490525500136 0.157583051983 0.915786719975 0.36946212965 0.0 0.0 0.0 0.0 0.0 0.0
11.0010726055 19.1140758913 17.3073399361 -0.987481631031 0.143520581221 0.0654360079943 0.157583051983 0.915786719975 0.36946212965 0.0 0.0 0.0 0.0 0.0 0.0
10.9475168071 19.6193593851 17.1326817858 -0.795855266626 -0.103719164017 0.596537282656 0.157583051983 0.915786719975 0.36946212965 0.0 0.0 0.0 0.0 0.0 0.0
10.7125457757 20.1010000922 17.0940043279 -0.301870180439 -0.311554264754 0.901004070066 0.157583051983 0.915786719975 0.36946212965 0.0 0.0 0.0 0.0 0.0 0.0
10.4087634271 20.5116219948 17.260710776 0.306800434296 -0.401024691401 0.863164347272 0.157583051983 0.915786719975 0.36946212965 0.0 0.0 0.0 0.0 0.0 0.0
10.1749162472 20.8308303065 17.6241755644 0.798912434613 -0.338139133009 0.497394057612 0.157583051983 0.915786719975 0.36946212965 0.0 0.0 0.0 0.0 0.0 0.0
10.1231811819 21.0729597921 18.1010213437 0.987504243917 -0.146788864603 -0.0573445505204 0.157583051983 0.915786719975 0.36946212965 0.0 0.0 0.0 0.0 0.0 0.0
10.29654774 21.2816287514 18.564795431 0.800926680766 0.100328947645 -0.59029700516 0.157583051983 0.915786719975 0.36946212965 0.0 0.0 0.0 0.0 0.0 0.0
10.6524855602 21.5131676975 18.8940112974 0.310063680812 0.309330115272 -0.8989857583 0.157583051983 0.915786719975 0.36946212965 0.0 0.0 0.0 0.0 0.0 0.0
11.0791024063 21.8152184531 19.018303332 -0.298597695471 0.400811600384 -0.866134791622 0.157583051983 0.915786719975 0.36946212965 0.0 0.0 0.0 0.0 0.0 0.0
11.4376538982 22.2086342256 18.9451599135 -0.793816814957 0.340018057297 -0.504224736604 0.157583051983 0.915786719975 0.36946212965 0.0 0.0 0.0 0.0 0.0 0.0
