t = 100
b = 30 30 30
E = -0.606770420095081 -0.781906741965455 0.175136321870373
9.64050319140934 20.8252989972836 24.4865589402566 -0.502165463032369 0.74704206447212 0.435612077928373 0.589239765151052 -0.0731104599786651 0.804643549246622 0.0676390483309055 0.518899262124513 0.0832755164565351 -0.0725620471752609 -0.2532045853614 -0.13643481706391
10.0233985589726 20.9164735890417 24.9592783991835 -0.856905168869962 0.389597883275568 0.337530600233156 0.45247027164141 0.254798877629595 0.854604043225787 0.0393293045579905 0.291369666621098 -0.401034586442866 0.276322097079731 0.507688613652967 -0.586038670169404
10.1777967589196 21.2706058320882 25.223612423349 -0.782634013461541 -0.38381714832428 0.490069666920931 0.432925210003586 0.230081291818582 0.871572286954337 -0.0228091743914093 -0.102708429498412 -0.0489600513210763 0.465219318738126 0.176051116394081 0.0498148063157168
10.277189838587 21.4562250115786 25.6909140360096 -0.409385678971916 -0.886282901235335 0.216577621323021 0.426668273183868 0.0238463183323773 0.904093702480235 0.148204710928262 0.002953987621133 -0.263523632637276 0.568285123937505 -0.185633900636902 -0.0693404752586846
10.2618864882366 21.4683130243891 26.1737209356918 0.327967273152463 -0.942091911361555 -0.0700013189766384 0.338429211185412 0.0479876283493112 0.939767390547087 -0.657282884436301 -0.542865681055007 0.419155872692714 0.457787834401626 -0.251356196368928 0.273503353979663
10.4342699484596 21.4222836826843 26.6598070349346 0.507039139500216 -0.744960148196568 -0.433526895852368 0.562787749472515 -0.094814812299048 0.821145530838883 0.708179509770706 -0.273137560331747 -0.231795208503207 0.504541513838316 0.0134143436920133 0.116426659156569
10.5763181704531 21.2126227098776 27.0966048534458 0.721280611767891 -0.25530908876421 -0.643872214944546 0.63189645789915 -0.138143949826007 0.76264211713833 -0.00152533738074437 -0.0362742492399407 -0.268189833906436 0.459993250031855 0.0437047958779808 -0.26670343216238
10.7431036870313 20.963605520954 27.4085953349783 0.809212255357776 0.319446576301158 -0.493081425414483 0.5457107597736 -0.0977560222780186 0.832252010044451 0.496333235237968 0.281714186614895 0.0161627899800928 0.526800593924759 -0.274673621312979 -0.305471041204641
11.0766754401987 20.7074981909272 27.6633973192164 0.49535539538723 0.818823618297578 -0.2900875654581 0.632994195209836 -0.111534213172016 0.766079858721855 0.639123858476329 0.764273286720209 -0.117494452640293 0.301213339973612 -0.0129625947220666 -0.0992823149572332
11.5065898877873 20.6505100611263 27.8063821948147 -0.0151288508707034 0.997900567970585 0.0629718605101405 0.689266236358533 -0.0352158206982182 0.723651700272309 -0.05370539052227 0.50173771319554 0.253658115126088 0.262671319739316 0.156551300922812 0.14852516287385
11.8825426703774 20.7476543814544 28.0698878618349 -0.433682118949583 0.861575161304765 0.263833177707413 0.621951677778941 0.0743602096397163 0.77951687012283 -0.290834364206515 -0.011997164301881 0.48790564909931 0.671209589035767 0.230581962541464 -0.36122131437313
12.2508386235577 21.021097746463 28.0927817193163 -0.663853524680938 0.235366945884793 0.70985968989933 0.747210480417859 0.248373751667092 0.616430748229248 -0.211975980003454 -0.128788885964434 0.633214736755193 0.192350953420406 -0.225841848580573 0.282252769777429
12.5768964936071 21.2977952734461 28.4338221219795 -0.735226065974142 -0.389572842046447 0.554685057897654 0.597095152518329 0.0150764859497185 0.802028652360053 -0.317483858339895 -0.172258040251339 0.588942195501791 0.346978369880316 -0.137580976661041 -0.0387579057271338
12.5921287529927 21.3796504321478 28.92406754067 -0.372997080255212 -0.902278134852298 0.216257318373675 0.36595919747044 0.0711150492913587 0.927909696477009 -0.220023991175577 -0.237363438161204 0.174634208072239 0.441138177686722 0.200302224347237 0.142378958841986
12.5239868162949 21.4311249658468 29.2759654019281 0.423107891152698 -0.903054626345197 0.0739725691967599 0.46855442911846 0.287945271982756 0.835191085819834 -0.18170184175824 -0.434558819173285 0.0473973480045635 0.712319361597512 -0.410037663329771 0.495395585383196
12.6317840365962 21.443606987399 29.7921090441328 0.581308074604405 -0.738554651630535 -0.34149352834092 0.422635244671174 -0.0845755441889701 0.902344897737543 0.202783919098485 -0.0540842500783583 -0.643540442889541 0.184844389035878 -0.193083261830043 -0.0228390788388134
12.8352568366718 21.141448236746 30.1531805775358 0.779421010756573 -0.223236023403917 -0.585378891560236 0.573951590072601 -0.120152770938833 0.810026399006125 0.379824645390558 -0.29169423875646 0.101221857882049 0.36978747888736 0.249710062727464 0.258097355432082
13.1254110630694 20.9197654442267 30.4630549003128 0.680351958205979 0.376891203708744 -0.628549213927789 0.69390802169484 -0.0553027360640724 0.71793672907379 0.232813065721519 -0.316245645521743 0.0682338182032148 0.447323884341968 0.355312054454351 0.239826296259601
13.469994820655 20.5728758437072 30.1814746587085 0.520897399098067 0.821431638006877 -0.232197856580458 0.56525396214259 -0.128091823111029 0.814911236915854 -0.175245158693606 0.205557127525958 -1.33867689630122 0.153429644496495 -0.372095842211833 0.0368805620167754
14.6544545859315 19.4894779017998 28.365826019015 -0.0631128877249598 0.994466177145743 0.0839861112265907 0.414360824980301 -0.0504469624829844 0.908713430043851 2.94316283701513 -4.17737030976636 -9.79500262999003 -0.429084266231597 -0.0883386712258986 0.0559459294528946
14.2907217102875 20.8466790852812 30.6998115304722 -0.323234341248553 0.85805303994082 0.399079472168246 0.663528253581971 -0.0951812208694141 0.742071878402524 -0.366694999557967 0.303081554262231 -0.256706076572162 0.274918545499335 -0.360070889501292 -0.549586764011029
14.623420838062 21.0757203314872 31.0610070087046 -0.717211533068987 0.498766645206388 0.486661422029325 0.66872914461787 0.296210124316921 0.681953653051347 -0.832353906405924 -0.151757314303537 -0.0786575308055582 0.125674588973257 0.482237622981605 -0.34088116888848
14.8934668656753 21.3894165401547 31.3532502048996 -0.773472122999832 -0.25276902623503 0.581247431595445 0.58863518354465 0.0536150168919605 0.806618826767502 -0.411249039903745 0.0418931402016918 -0.329239131931919 0.551504179525098 0.0602562874076427 -0.296719793891061
14.9518121059929 21.5999796889311 31.7953600979829 -0.301961679194575 -0.869101874095951 0.39176645861694 0.506737801848519 0.201756862997114 0.838159205498961 -0.141773910170723 0.109938605248221 -0.066113153743898 0.485224884947502 0.160997497795648 0.345583313757725
14.9416988281343 21.6939971872036 32.2879095781734 0.32785241996108 -0.944397479127317 -0.0250215671118498 0.459290803642872 0.136188501714287 0.877783876492383 0.168628801979065 -0.18557271139258 -0.0442200798397081 0.258090855008388 -0.747962354114265 0.272419125091878
15.0916900387929 21.6288435644686 32.791202183971 0.631883824062958 -0.613743638312337 -0.473330187315831 0.566445548789872 -0.051147091925316 0.822510362797028 0.117774282628676 -0.151205925392046 -0.0946409694238845 0.264133563198816 0.215350861516661 0.76845368131687
14.5514017174996 8.27679294682584 3.58491374271626 -0.0688238347418911 0.830270941751597 0.553094317419225 0.992760123307253 0.00229280316548062 0.120091471881471 0.528732884935783 0.280757251650248 0.110700904590088 -0.191050416889602 0.109860594672734 -0.0323690284706885
15.0409139956627 8.40300912500683 3.6221829744695 -0.438838816127856 0.450476452954576 0.777490414168876 0.896617023537524 0.276479057903308 0.345886001158877 0.363684831539152 -0.298413516795346 -0.0544062393483737 0.174790405920138 0.25869273828779 -0.709282478419651
15.2440275156526 8.78162704999511 3.76109001211646 -0.144307441624758 -0.320622726514347 0.936149726462844 0.930148446577411 0.278849927458607 0.238885896087875 0.162414617710248 0.192832885186739 0.118766697757493 0.634650688081412 0.310758859631659 0.180041774006924
15.6028953539455 9.02859339211327 3.96865901800546 -0.0798950539114091 -0.781646376361039 0.618583546216101 0.926208834692791 0.171166971150052 0.335915091462419 0.436272796956569 -0.138400440651612 -0.129572749093018 0.353367693455769 -0.239075943308799 -0.0985521537220706
15.9194410490709 9.18543540484948 4.22452150330172 0.122434543389191 -0.99179515093079 -0.0367701297985893 0.964570700905656 0.110186572321255 0.23971267041537 -0.0412644075233752 0.0632080450253387 0.279349633984845 0.621668846587865 -0.139519255421766 -0.142365474150949
16.2165731077277 9.16937022546502 4.55153381592768 0.27755263460543 -0.693490688264013 -0.66485719077596 0.918273712064679 -0.0119095733459794 0.395766903348241 0.0565535469809658 -0.403276847721681 -0.156176780156327 0.267612595385314 -0.13027248147675 0.33263432501828
16.6114121118437 8.97299959694625 4.76810634165749 0.164822786687594 -0.307275890546788 -0.93723788703295 0.979767337125947 -0.0583699423961553 0.19143876019996 -0.163536258241459 -0.2583580326686 -0.0955199907308979 0.6718467315111 0.00724583341578795 -0.244975074012517
16.9427022866145 8.69334527308134 4.82198384757413 0.235408359549673 0.304393079560054 -0.92299926227576 0.971808446643593 -0.0609392894227472 0.227760024149557 -0.0348811643221507 -0.225283108292022 -0.288640124288231 0.463976250646855 0.208375416323415 0.368408793229993
17.4054916001928 8.53267857828376 4.73453021388135 0.00011570336939151 0.786408663554762 -0.61770646856655 0.994107891652699 0.0668655345657302 0.0853134294357792 -0.356921472223424 0.152666558253126 -0.245053042828558 0.21168525692812 -0.0528684442157802 -0.13164698177764
17.858420979781 8.47540760064287 4.60000261479001 -0.243039243065055 0.969190703289834 -0.040014844696516 0.969922948923802 0.243381556798425 0.00384364979577508 0.482255367299623 0.201824285340138 0.0265137857617917 0.418489762472529 0.0084046510345099 -0.051761215225071
18.281925829684 8.60931756698422 4.34243081957449 -0.312712807048829 0.773129334705642 0.551798525764854 0.933443765787 0.357636192456893 0.0279101648048916 0.122067201812675 0.452343948139556 0.16361285988347 0.560432800743907 -0.212274148361387 -0.237622655893441
18.5749993645722 8.92622096563461 4.19153088590322 -0.256254403224837 0.281615001519988 0.924676458395734 0.950575666814739 0.246934157647455 0.18822674124381 -0.58713432440264 0.371224344697636 0.451788265803611 0.585289442714607 -0.100641177912356 0.162842102498549
18.8549466176078 9.26050627276127 4.30194218683023 -0.117430551509761 -0.40394533027138 0.907214483109325 0.960745957879828 0.185006708358872 0.206735590651377 -0.252142921368567 0.553417569841675 0.734984533203099 0.525256931035582 -0.128118084196984 0.0938130646890096
19.2469303817658 9.4708008613632 4.45001532800238 -0.0191245329832667 -0.771306536584202 0.636176359011412 0.97367807748675 0.130175684555039 0.187096696463414 -0.550923252314593 -0.579773105151559 -0.235890466183264 0.265876999276603 0.236536043621098 0.202524933832776
19.6329072327984 9.58752187946292 4.70355132877125 -0.0223746630758239 -0.998145897695192 0.0566040835670924 0.979948565367243 -0.0106836705329251 0.198963689251567 -0.0952227848429462 -0.368576215602132 -0.0110202829687552 0.338815479032672 -0.116469925771851 -0.489923218502761
19.9420468020381 9.57349270705568 5.0440378854623 0.0710852744037165 -0.871407623509835 -0.48538182813418 0.978403501746407 -0.0337749902974543 0.203925772242316 -0.153793146399382 0.245417895504514 -0.297200747464531 0.284459978844407 0.549906262862819 0.31018448450863
20.4060153254458 9.44784619319664 5.24942380266196 0.00359128179564589 -0.481106474804106 -0.876654747277911 0.997904374277215 -0.0549130861042017 0.0342241861241575 0.221718612008531 0.532619699342011 0.201491453123411 0.403206364437115 -0.185887039317877 -0.62762505067597
20.7523491813857 9.15042417985554 5.35771958061924 0.201596682244097 0.356092134878192 -0.912445642573083 0.979468082629231 -0.0723717908679708 0.188160788554981 0.252190247882667 -0.25404644895474 -0.291454642306548 0.327865158478312 -0.0661229383877227 0.392345267050066
20.7420696048226 9.9533828214227 7.80566755491908 -0.133956148593495 0.731405651991571 -0.668656416655179 0.984719702270083 0.174008227805885 -0.00693728150814888 -2.3367413661225 4.67224517917227 9.86767513830149 0.157939070794219 0.357866397615851 -0.000969788581771557
21.6911472276626 8.72274326752498 4.98530737880844 -0.215446647414484 0.976310628774904 0.0200044974627209 0.975330922872347 0.216148876533368 -0.0448234138441982 -0.23166789890353 0.18284667244692 0.0723015726351901 0.584036337692156 -0.0185286843948358 -0.262931269678832
22.0521206985228 8.95251246725119 4.74012185321075 -0.134533105405389 0.729688162945594 0.670414731548626 0.962928628464457 0.255912480945488 -0.0853062021549272 -0.112455753556165 0.232741363988997 0.215586653531648 0.481248618025065 0.0821594444963934 0.548864463591316
22.5129788632952 9.18800615186526 4.72877410050319 -0.287033686044496 0.40769785281643 0.866829859614355 0.95479997678262 0.194746577999008 0.224567709037874 0.0594473188866051 0.363585548904302 0.299768244474141 0.428358848674973 0.462531538183097 -0.171502006670159
22.9196033301627 9.49335936264838 4.82047186807221 -0.303698076858737 -0.165708650446809 0.938247304147908 0.924854262055547 0.185350847364539 0.332098691017008 0.0498995818053949 -0.387593410485228 0.153875504971673 0.457629042157585 0.296143849786181 -0.0635171223582215
23.1737526619034 9.80039448846548 5.05614491229298 0.13983378304677 -0.835699658692166 0.531086129075017 0.973038480671456 0.215330078258485 0.0826374822171637 0.0455400685893302 -0.0549690687559607 0.0961762654492765 0.369090110538749 -0.506181657962607 0.132656802009513
23.6441278019712 9.94510435393952 5.23654361109172 0.0593817652478097 -0.993367055001181 -0.0984661539960344 0.98518290853901 0.0424203938903914 0.166177699423843 0.393330263528431 -0.680420655434553 0.239214577623577 0.0354706597475328 0.251595766099356 0.497284004915239
