t = 100
b = 30 30 30
E = -0.689035590736008 -0.860037045335092 0.171001454599084
17.3931354113093 11.2248805490502 8.83293201027065 0.691373746356702 -0.141314523562062 0.70854246886506 0.065993574074785 0.988937524590352 0.132843146451478 1.8231404622578 -1.20622216991515 0.959011449564085 0.217338958350468 -0.285534975326584 -0.405282389058698
17.0594857884327 11.8078667537915 8.9058941974438 0.945721011748102 -0.244824056510366 0.213712033891297 0.164645422320024 0.927928718991537 0.334424969659329 0.724577516705611 -0.739104363271209 -0.123124053655924 0.423726404368316 -0.355326164996042 -0.625107369066043
17.0824679828021 12.108225194719 9.26822885272726 0.905566399325274 -0.112858874154833 -0.408915950103627 0.279151891115926 0.884371165158451 0.374114620482089 0.636226669358896 -0.470269543098532 -0.45861874164415 0.335020626848919 -0.330982340842453 -0.578141540855219
17.3464436304179 12.3684730459539 9.54977065668831 0.433795989783815 0.16161252512922 -0.886398506254453 0.0703998551066376 0.974694862264383 0.212164248818189 0.0169734264789502 0.0848864655363139 -0.41639706779035 0.226872180221754 0.00616213615090657 0.358530596159643
17.5277903118874 12.7391056176962 9.64856390842406 -0.183834718640329 0.183177881314801 -0.965738339810012 0.215130579665671 0.966161248240755 0.142306559761994 -0.342517076326426 -0.205140740839893 0.173344949281337 0.181148460949029 0.26468116764609 -0.358447280475938
17.8230254287396 13.1329514209991 9.5771609525208 -0.661758530396698 0.232226217101535 -0.712843961779516 0.294703951426813 0.954853150040308 0.0374823664790736 -0.577539563237037 0.532402570315423 0.14153461857071 0.337963738306214 -0.0210429041474397 -0.0962614454132201
18.0378148465444 13.4646158067634 9.32618477054525 -0.953364310201025 0.300402067022185 0.0292398959535801 0.299367384341637 0.928834127075448 0.21828012820582 -0.663864487848553 0.351819657960372 0.057063262248947 0.221809431137763 -0.227792167155999 0.31550797042927
18.1421755885315 13.9877421244646 9.32338023008525 -0.917838939933482 -0.0582070085193488 0.392662076956312 0.059473446755633 0.957860739095395 0.281008175026349 0.0620757555519637 0.124226695758885 0.200839355605417 0.229314552474901 0.26097337129161 -0.372371589343794
18.0035842233497 14.4402350808088 9.25459139803793 -0.498527649442862 -0.159076633322715 0.852152972970677 -0.0362232070308906 0.985982632185518 0.16286809352035 -0.388722786182959 0.135220837701986 0.101731397125231 0.309359064219537 0.0679747112693544 -0.2956881746867
17.7913430427417 14.8879690782133 9.29315088094386 0.10559776691657 -0.276157919878476 0.95529356566609 0.0800746610959199 0.959906492737471 0.268640013435953 -0.117075970243227 -0.202329778282654 0.672112456181922 0.45485073956426 -0.0634580314173679 -0.123475628077221
17.7156700291196 15.3367824094483 9.41712964385597 0.614743375489583 -0.449328729184926 0.648223848065907 0.166055342941119 0.877171840432696 0.450549743678004 -0.19245715570426 0.0434812981124158 0.423717348202932 0.206416592633321 0.429276210020314 -0.218497799767688
17.8477481052311 15.6515896725206 9.74798135415887 0.88993500552546 -0.449113553599786 0.0794517664045659 0.369695912825357 0.812352834847036 0.451007418869123 0.680333954489447 -0.144942291709954 0.627726539940701 0.563872693147166 0.517801781189402 -0.164931037614469
18.0457918604827 15.891724136676 10.1510201657589 0.755800155075637 -0.0972729835036247 -0.64753685270636 0.40929992700346 0.842085712872705 0.351233697475163 0.958336466745189 0.0992000240072223 0.0752539591964158 0.728508300678024 0.255909812395074 0.748084566621766
18.7859694176839 15.2090398886817 10.2576237213066 0.308452745504352 0.385687077494185 -0.869541411045325 -0.0048956568592493 0.914745466660118 0.404000799265463 2.16852930589548 -3.57771977607397 -0.929386337766947 -0.190534079476708 -0.605886454248893 -0.0138887456212114
18.4569640373963 16.4169559908236 10.4015514292112 -0.0944531084200426 0.124602345793728 -0.98770073820145 0.329040718248977 0.940285136741038 0.0871547520899956 -0.268349781096466 -0.334827082167677 -0.437139584762859 0.0879112505792123 -0.106787418335674 -0.323350089782486
18.8395098112282 16.7903116979657 10.3686518534746 -0.737885503946655 0.236728361958662 -0.632047898919156 0.180569842165227 0.971575114062263 0.153088898004142 0.0187774715825399 -0.480761193872369 0.23353056058166 0.522781326516879 -0.0190824834321998 -0.150497618917661
18.9324715737199 17.2079407032518 10.185236379283 -0.936785071248132 0.335570249399473 -0.0991272871996432 0.326890814323789 0.940362279962742 0.0941332059333571 -0.589621413778335 -0.630108777131102 -0.222658841242334 0.310279772369236 0.0556012347176587 -0.197337964485176
19.0786054934488 17.6802888800038 9.99629600991766 -0.881308757114693 0.135130250776046 0.452807433096829 0.236865086649744 0.955491706280235 0.175870437417828 -0.319403482556413 0.161828486482366 0.257673732905591 0.436340276439557 0.0428531646458323 -0.000540114219539286
19.0065951034513 18.1428485540699 9.93811276598596 -0.547084470632519 -0.130457129308748 0.826849080831591 0.0225233940439441 0.985129128925493 0.170332559519084 0.0187055318997193 0.168158389704232 0.183857918641162 0.284478146335412 0.455950631392346 -0.127184986492905
18.8145077842447 18.6213972011443 10.0062595379722 0.115189930109006 -0.250699878149671 0.961187147439901 0.00657012882835919 0.967799299576485 0.251637109411004 0.154107702466527 0.141837052064268 0.394283420582019 0.388287154930589 -0.350227501079612 -0.338984054344033
18.6895019761122 19.035151836295 10.2048689166034 0.622125682089945 -0.411521256249449 0.666040368839027 0.204196428243798 0.906559567210614 0.369396064354677 0.490502203507425 0.218071036338622 0.305712894219239 0.603584763160357 -0.0103921884784811 -0.202921408030122
18.5943704207275 19.3197509549316 10.5703011537654 0.978933194147652 -0.200193611778484 0.0401522137699885 0.166264016355852 0.895724046930076 0.412352513061568 0.504266008739461 0.0867785893188903 0.146690188450233 0.534721281599932 0.0952014156712084 0.23292618568853
18.7416160891907 19.6040854502998 10.9189068503226 0.811567632857351 0.0283681030044763 -0.58356928510105 0.257588784671277 0.879133689977628 0.400963663189566 0.253875008908083 0.162559762160192 0.164587045786109 0.501145494060522 -0.351625273019771 0.188388247172733
18.9472034403215 19.9701605757766 11.1664821883699 0.420724907385751 0.125198453803551 -0.898507529333774 0.446719409233735 0.833436787135054 0.32530721213714 0.230894747566453 0.295334315325027 0.187039722522786 0.363772448491415 -0.086885743965529 0.0461120783988968
19.2487589371964 20.317344354931 11.4501917048149 -0.176241515499591 0.251728621641629 -0.951615211129536 0.28173740898044 0.93920350026708 0.196266907553563 -0.0523814405830858 0.334986523911733 0.175908904377515 0.288258936395715 -0.332698134144751 -0.106700019740092
19.5572321843583 20.7111531683644 11.3687780762949 -0.860119808198151 0.228186924544484 -0.456206675705588 0.15835054347605 0.969621406938229 0.186438497667217 -0.356730576780472 0.19409165849558 -0.210317587800012 0.0350057499303124 0.238963081895883 0.58170510259957
23.9559304453038 1.42570354428567 7.78758933906472 0.440415827076786 -0.357969321971796 0.823341821949178 0.124903903249294 0.932584199158353 0.338652635046927 0.491603764587067 -0.446565488886457 -0.0474183718124764 -0.163142462752886 0.286068903968043 -0.62973463029241
23.8314156880459 1.80735643406928 8.12031493732168 0.966496559238647 -0.227108801289517 0.119607165979267 0.192267871317982 0.949271824903583 0.248829156041636 -0.222089777059367 -0.0488838528249958 -0.142902883739887 0.279876627159913 0.238034574625644 -0.219191978781876
24.010226028099 2.07077233877898 8.46427801651171 0.779953535737194 0.198431383306902 -0.593546421353487 -0.0208183746258242 0.956105006209558 0.292283583937135 0.139770709298111 0.0307323000327048 -0.0339855639168312 0.443681830929988 -0.225184925015758 0.447442000070404
24.1877070896565 2.48890723075984 8.74912739223909 0.307491876435396 0.290706251136924 -0.90605656868067 0.0438477691447858 0.946849163583694 0.318675251710286 0.410245333743602 0.132031925737989 -0.459081708389217 0.211653739463656 -0.350736752552088 0.310047225687942
24.2531307344423 3.09808210818431 8.93202762895061 -0.0165756618151897 0.196039839213992 -0.980455767279248 0.140317625135409 0.971342461372787 0.191845432147266 -0.717002639185674 0.731959243675657 -0.492504934446617 0.214561778428328 0.137250688937258 0.037013351727604
24.1620320319885 3.84777302195713 8.96784365519141 -0.616185887489031 0.0896881850402852 -0.782477388543222 0.0184284060961763 0.994864819175477 0.0995201857034967 -2.00487036328474 2.53996766271327 -0.17444049454718 0.362558103350648 0.798967559997057 -0.429950860552341
24.6264202953496 3.91199854732729 8.83023679500102 -0.980311128545432 0.182655795638078 -0.0750122173069998 0.176176517575844 0.980640286709655 0.0854771715745143 -0.760855893597043 0.250151756293265 0.048986414538814 0.652561693433742 -0.267198548588418 0.211265829101278
24.6622727160284 4.25685712410555 8.54689630517219 -0.714942253324116 0.140789635839711 0.684861841199192 0.0397881795506042 0.986121785493557 -0.161185044576182 -0.368480096567854 0.200560482056803 0.127741101628465 0.449170968333986 -0.713479728856372 0.587524481982368
24.5665912819197 4.76010569175886 8.48132726255083 -0.419276960183525 -0.128996466735697 0.898647107268845 -0.131251982160635 0.988067448045021 0.0805947915701458 -0.370140110425314 0.185225156433054 0.0510161315761173 0.380273014315053 -0.198184420514975 -0.0268228261068357
24.3027345438612 5.17037360650907 8.53861474309282 0.128678314243534 -0.294689383546513 0.946889613135002 -0.0405008864885421 0.952469394251848 0.301929813684231 -0.0579444095377624 0.856874492233448 0.408718087557264 0.674329091458728 -0.228745285283752 -0.0894737562174524
24.0654071111203 5.44107113063235 8.72732089278977 0.658930928578613 -0.138488017728501 0.739344967730124 -0.184332900571894 0.923206182414295 0.337211525714181 0.0677770857704905 0.27568689087779 0.114252888472384 0.490627930353659 0.00237505239862408 0.0319122740487591
23.8981701812272 5.72557739288293 9.01861111092385 0.975543426970641 0.0612571461138911 0.211098235310939 -0.129422417127489 0.936333344971357 0.326388706564926 0.400613968588063 -0.350699882986469 -0.402955279002081 0.48510498199394 -0.0716642012445009 -0.0142099355450302
23.9246740366157 6.09840263129488 9.34442078870503 0.897581425725064 0.152797853188037 -0.41352180239581 0.0668353056714435 0.880005881569153 0.470236726626021 0.0968994781923903 0.43181673003543 -0.379185618915051 0.314347416189798 0.0550139008602193 0.0910363820559774
24.1054119747046 6.44289848459111 9.56485147046882 0.491620322916523 0.212626674868869 -0.844452033002485 0.189340498820604 0.920431777008846 0.341987435302526 -0.14390638999331 0.265778767170778 -0.538452270731694 0.753555198549813 0.2344705665082 0.00520414969589056
24.4253905086124 6.72119411515922 9.66650889058167 -0.0648116156784044 0.360317886419215 -0.930575282504525 0.354751428047916 0.879938993956045 0.316004248605983 -0.077649639722279 0.181277194296117 -0.416811382889054 0.613128126524704 -0.101689673229681 0.00639153174730401
24.7586099538341 7.1052938677824 9.67286879049521 -0.637385748335456 0.341268745953668 -0.690850875304875 0.165035523016545 0.936230460814233 0.31021876399103 -0.348535290123818 0.359585553662352 -0.551113193341055 0.363450552768714 -0.284370425847114 0.0756523469874361
24.8038839353076 7.58916730662788 9.55871598047089 -0.971752503131914 0.0324056222345674 -0.2337666129856 -0.0247852429890311 0.971037093079322 0.237639509374967 -0.728441930876981 -0.438071783809759 -0.319652053842535 0.20565148645299 0.30217386931031 -0.16997067647757
24.6442539084255 7.99120661972778 9.40374332038137 -0.934864825547891 -0.0600766362160561 0.349883462253891 -0.00767710936231988 0.988767616466063 0.149263338249939 -0.58839921053752 0.0796224132076306 0.0559906562334498 0.590180068255612 0.367003816457121 -0.0215506281687467
24.363003970513 8.39532930721255 9.26242146936278 -0.567739727994479 -0.113809621123945 0.815302921191951 -0.0381104052217483 0.992968954849448 0.112072001928732 -0.756351998635779 0.364984018967778 0.218886711129886 0.19052926737116 -0.0669147298980315 0.244083458616318
24.1199814665822 8.80955628384651 9.32787574934794 0.145997909510913 -0.256311150827175 0.955504623365175 -0.0271677383384158 0.964450789958024 0.262862071641662 -0.515018678737574 0.292640826184752 0.0778020476735066 0.0237664286786454 0.171619964618582 0.138334459127378
24.0809504323377 9.13698553882248 9.57338734134158 0.749027580230159 -0.134393854937063 0.648764871003073 -0.0472019039288623 0.965897517763177 0.254585637159566 -0.465994299114204 0.374425528744802 -0.0341582490168117 0.424979593368125 0.144037938398129 0.164461062551741
24.0316301331531 9.44030266441403 9.97181547728195 0.995039315472665 0.0240329457563724 0.0965352807912521 -0.0629071084686508 0.903744608597596 0.423424449580534 0.393023225247977 -0.047174642775876 0.14827231150098 0.593930593990395 -0.122458513153419 0.0970108066475923
24.0968986434656 9.69864978571333 10.3890760822045 0.898932083261551 0.134842782330802 -0.416819402866815 0.079649958419154 0.885288087175933 0.458171120039652 0.28724138797524 0.220460579625084 -0.0885152865759054 0.395823568629576 -0.0133475432249548 0.433602943540217
24.1439732564905 10.1117980759027 10.6627613890631 0.516157402164124 0.109371647515656 -0.84948175954014 0.0584781253924331 0.984998531415622 0.162351725483648 0.0348318068787554 0.176476417944499 0.14939742356557 0.236590867349744 -0.0455412619922236 -0.101928164831948
24.3614703252089 10.5814319713603 10.7437161879762 -0.287869345178508 0.0289718173561312 -0.957231298423185 0.0827086066025288 0.996559679085014 0.00528908191880596 -0.15977291752703 0.149699695671883 -0.780738949605884 0.145742500532158 0.408981887037319 0.381686235806428
