t = 100
b = 30 30 30
E = -0.776442453259768 -0.955671248708412 0.179228795448644
21.6947286812882 15.0468411143931 15.5836446166133 0.0853923988112585 0.802168022499402 -0.590960645704289 0.709009644447894 0.367793515152401 0.601691903996798 0.914442660064251 2.61176991160762 -3.92546359800655 -0.570685372355633 -0.600912630936319 -0.563485097506009
21.962708046343 14.7147307493626 16.1293025516476 -0.357544056075655 0.928859456824737 0.0968619592312687 0.900051350438694 0.315058887254354 0.301073653888928 0.20455351488945 -0.160946560658878 -0.627287304165722 -0.139507906471843 -0.0506466196182461 0.0263872666298201
22.4149022516999 15.0270627948592 16.2075598076 -0.57310232781134 0.672495755341093 0.468298048536328 0.806273729478446 0.564918619193982 0.175469403379202 0.300263468830725 0.00251208940271697 -0.369034440108594 0.108267927932761 0.208230791688322 -0.397150882156675
22.658962029588 15.4236167448922 16.262532044666 -0.454080070025555 0.207382632057595 0.866489246978902 0.803544466949245 0.515433655340481 0.29773195857078 0.250312380033034 0.498900952257653 0.156697963590762 0.497497806933884 0.513557169904312 0.158213433055411
22.8291206011694 15.8432706755549 16.3992674893559 -0.184976306491396 -0.39805655151322 0.898518017977576 0.757664057461725 0.524526410377068 0.388351781701416 -0.0769250821484748 0.211351110694959 0.238969055425963 0.406167347428908 -0.191436199105685 -0.30857920772134
23.0875613647217 16.1811349769584 16.6587247511028 -0.0491747154163472 -0.700536224860608 0.711920454201946 0.851892766014778 0.342679114544627 0.39604244890935 0.238021265289089 -0.377723674872483 0.100376577897398 0.661173562871322 0.392777619880583 -0.308765629574786
23.3059527153095 16.411380383341 17.0164537598799 0.279139149692131 -0.953427260438235 0.114270192648556 0.855820187649258 0.300982963649523 0.420691033767773 0.41295137579957 -0.464085796565357 -0.0206914287116352 0.269752891599213 0.368289866971245 -0.120939626367717
23.6654798892229 16.47108654446 17.3510714350489 0.278098944551583 -0.811888448348499 -0.513320568904371 0.933439541437396 0.102349698185195 0.343824154830482 0.601684262019531 -0.254220602985834 0.0301426127176274 0.611898331708519 0.0691123438675524 -0.526226685995693
24.0173599883198 16.357104461124 17.6448381767669 0.300307139001804 -0.320942122659074 -0.898226952406837 0.953735732820731 0.0869444690704298 0.287799762278598 -0.00668945764209168 -0.0940130323151994 -0.0996316900925161 0.668072990025672 0.216728147525845 -0.115051379546907
24.4528951530158 16.2461044438921 17.8069214269515 0.0337597937716273 0.102671148756517 -0.994142241970628 0.950004919775943 0.305641498925057 0.0638264096378972 -0.339214478733916 0.279945347403657 -0.265757155259782 0.58832932501097 -0.125491034378506 -0.580017206481732
24.866042805951 16.1711263742957 17.7007239191706 -0.223517981528513 0.770829228526639 -0.596541610597285 0.900722173100241 0.397233183928949 0.175798879457145 -0.229147679455525 0.308689819565193 -0.432657434826571 0.466992586734749 0.273558527497336 0.17200354402615
25.2776531013089 16.3740533567013 17.6561275984388 -0.467379050342584 0.869496179566931 -0.159790798284079 0.87329334586018 0.482203370614139 0.0695595204841484 0.0186226671273064 0.396205752171402 -0.0274768376260926 0.355234613311908 0.412931499219306 -0.305277686682543
25.6118432649285 16.630511166517 17.4637830205629 -0.451018323560433 0.711156199658956 0.539295106891457 0.886797898474881 0.425350153068489 0.180739083366035 -0.19996586371515 0.087438071056476 0.397096885409745 0.577033792559968 0.319693241594435 0.249667863140586
25.8980047717787 17.0017002123684 17.4798642046751 -0.493298631140613 0.200086840833493 0.846535054070434 0.722086419607873 0.636829311613191 0.270258246035447 -0.13722485584439 0.0683718502186575 0.490063280363754 0.250030535656504 0.0974524739243891 -0.159469309058043
26.0942832168618 17.448543271123 17.537894981415 -0.0806853199843095 -0.456302910766573 0.886158797859578 0.797719223867443 0.503482636514877 0.331887266905039 -0.010630395697339 -0.20582364723539 0.325566561813435 0.556457039386131 -0.272806689568528 0.153874706127571
26.3245923282353 17.6620561233056 17.8597344160263 0.235040656474829 -0.794622470237446 0.559759681259124 0.790377965090843 0.491444011754879 0.365766782814288 -0.174456081093339 -0.24894148098035 0.336753461003373 0.272120242611328 -0.0485896457045901 0.180413546848246
26.7332976004334 17.8787177523627 18.1005907891809 0.177974137718328 -0.965674070488095 0.189205396268621 0.868659246440311 0.244513874690727 0.430864204730653 0.872903044372509 0.0482074883161126 0.137780936790451 0.296987729368514 0.450024531518929 -0.225622168266575
26.9682399405057 17.9023849998314 18.4779299638514 0.465879399302004 -0.722566812824661 -0.51073815919495 0.879304049156825 0.3135407089544 0.35849197410693 -0.275817452381378 -0.0438611489516886 0.0364960493486892 0.282410902617775 0.0863908527644343 -0.0647192225237321
27.432880940601 17.9128249907871 18.6671359367872 0.277585962854066 -0.390476264408198 -0.877766599544729 0.948483924165024 0.256636453360338 0.18578444185049 -0.153646798173352 -0.09117252365701 0.107778994765727 0.157911152798002 0.160204534481762 -0.456544055463089
27.8821369253016 17.8127945578937 18.7873662577288 0.0466627873064462 0.267128869913906 -0.962530327923597 0.898393449769875 0.410036656818222 0.157350024922468 0.317157275647257 -0.0105425633964326 -0.340397809021519 0.496746220929329 0.118055039840276 -0.190766486516185
28.3252395341967 17.7877313931509 18.6331033019226 -0.17664061426676 0.835200114799206 -0.520805859546065 0.933520701868604 0.309876980608967 0.180319824031164 -0.0435686280283073 0.137898080612035 -0.56711534095242 0.246854002267875 0.0803077285838704 0.324200128661712
28.780793902548 18.0036682126733 18.6930419766284 -0.509242838220121 0.820352414180867 -0.260179808307323 0.828085225235765 0.549403517238495 0.111492234757731 0.294859222163957 0.644220332528159 0.21431629871079 0.469632674002512 0.351895088669186 -0.3143510730349
29.0530764362445 18.2207723252194 18.4518365619043 -0.313951420803214 0.728716231603528 0.608610746100922 0.93636864756071 0.343645690804978 0.0715631033474455 -0.291644708830174 0.504409688678648 -0.0542025287946053 0.571941965160245 -0.310474057264972 -0.0364835235206028
29.3601623649749 18.5968076516953 18.3440800962935 -0.186873277381063 0.164595412940028 0.96849708878785 0.922751648988079 0.367660835511549 0.11556290554143 -0.426318709891988 0.194362174341177 0.333826361003894 0.36120856716145 -0.0475010735548493 0.357150411729255
29.6321883710192 19.0000264352358 18.4671467996885 -0.069481486543422 -0.382744703465684 0.921237589466139 0.853584047119604 0.455132998942351 0.253472106909363 0.401121197499586 0.293447513222733 0.0206290524841598 0.0218910729756374 -0.470412649281034 0.205212947605564
29.9597315483535 19.264359882303 18.6144784519878 0.201873037003912 -0.826595467222192 0.525344736797294 0.956864004504198 0.280884892684409 0.0742619780854108 0.480593043960416 -0.287667790872664 0.076352141557377 -0.186256907422161 0.0321718695106856 0.492468829290991
23.7261004617324 16.7363841923587 4.77052115637124 -0.507793238369558 -0.119864944825319 0.853099238339256 0.359779919691063 0.870271568005208 0.336430809678365 0.184271015451468 -0.368035256771602 0.510007530554327 0.17293680311822 0.0699040206035225 -0.695937730243673
23.6543647953972 17.1807274053532 4.89319506556969 0.198437483070869 -0.488952887664677 0.849439532992327 0.412937923738226 0.827707411325728 0.379977096159866 0.201165087828422 -0.0543688306443991 0.0875785196004592 0.570419876225242 0.129982424120478 -0.190254275209084
23.6260685141134 17.4516424843196 5.323586627541 0.732886762452911 -0.485467577817189 0.47665302395614 0.168877899277928 0.808481502548317 0.563771061600961 -0.18428008656421 -0.292344628155787 0.574434322672501 0.542773575281007 0.0982002854872638 -0.0316967665242195
23.6166813025475 17.6862056776308 5.74515212639103 0.956586917358857 -0.28373144495091 -0.0666169465351289 0.286806240042453 0.875806929211706 0.388206496929439 -0.167107463867272 -0.249575844987119 0.0033677821973935 0.544618664662477 -0.217250101507978 0.194928791113948
23.8702375813435 18.0258408477378 5.99941374099703 0.768233249277331 -0.291288009328566 -0.570060395813015 0.561039517881465 0.735206425945291 0.380402488271272 0.00495368469305533 0.306957774282354 -0.22184524506836 0.0590329907940843 0.00422666341964699 -0.320156398633706
24.2235648903446 18.1260138210351 6.22945374369057 0.218671400750952 0.261033110662344 -0.940236361387742 0.523292790188805 0.781915245242303 0.338781768012816 -0.055955325708209 0.0413661994550113 -0.336304770629116 0.467140566540781 -0.206909968519772 -0.214565130866032
24.6641552677465 18.2891239184009 6.33680545866653 -0.305563127655508 0.546891403364311 -0.779449067994921 0.575473271691681 0.758247700213223 0.306416092101407 -0.321425811988998 -0.0492708329063166 -0.153457398499859 0.428256147978438 0.214163227646122 0.319935378982872
24.9733889797261 18.658126293057 6.2589479544155 -0.701717102761746 0.494141987136012 -0.513241352282821 0.476945020147884 0.860961299064836 0.17683035029543 -0.723606413337571 0.216366671531417 0.114417848346124 0.423312783274069 -0.110291364921463 -0.291728491705859
25.2739480276135 18.9129831824845 6.1385230951328 -0.865227519558389 0.495350981738136 0.0775153279652572 0.498135158748363 0.831734315055908 0.245110739763036 -0.805470544589765 -0.507617882588861 -0.147183289984143 0.642161386205101 0.0446480523038841 -0.309410614195083
25.4424263897312 19.3570788039719 6.00682685101312 -0.791454383026324 0.257558482605336 0.55431351412683 0.456291832989643 0.852375886088107 0.255446655035517 -0.29054599552909 -0.286534948718078 0.0588999848201287 0.353911506780956 0.225787492212023 -0.060861526527651
25.4852036565635 19.8345812992136 5.96404525261209 -0.46534604367573 -0.177841896918705 0.867078545150286 0.324708290889343 0.877009868363355 0.354144179610596 -0.162349311039185 0.0382825737424395 0.104094483462858 0.420181035468909 0.0696680907989928 -0.243211919185007
25.351214681289 20.2227834954104 6.14444806349553 0.422248819116416 -0.330853002657784 0.843944374575302 0.269939172654207 0.934668158044587 0.231361537277994 -0.0786061625545974 -0.176050381070147 0.168577842576016 0.237673108857449 -0.426346854156289 0.364711429681067
25.5484921400072 20.6545376396891 6.41121229366477 0.563269831656669 -0.668810248405461 0.48520081517525 0.492931191155535 0.743269538535532 0.452293174113924 0.32907509620419 -0.569398983223907 0.0174537517118078 0.312287437166935 0.0364328060275468 -0.471625538351221
25.60347212241 20.9174684588696 6.80536561589451 0.834835724971541 -0.536942268133306 -0.121417437784299 0.517550632479965 0.690381798766731 0.505484124390088 0.0545390963859665 -0.176149294597219 -0.694580394438988 0.671649214187573 0.14414913320106 -0.119663179344357
25.7879050001135 21.1246387297586 7.16406667319465 0.770199904227264 -0.326140736198212 -0.54810967248104 0.619677530688499 0.586065594947496 0.522040965529216 0.0375592213358979 -0.0859985689080408 -0.518725344469739 0.466397430521768 0.272854458792093 -0.306117835553355
26.1294230999022 21.1785845125932 7.49912487708319 0.358015982859836 0.282872616164571 -0.889835670134749 0.598113790327115 0.662331187274577 0.451195277338893 -0.163457903636137 -0.316906240022718 -0.503702442264406 0.568978965289236 -0.606267087917097 -0.311595429199567
26.528178436491 21.3896501680217 7.69048910153878 -0.188072323475117 0.5851220040887 -0.788835168001712 0.649805659651795 0.676382340265699 0.346784400065994 0.0483577270277956 -0.277457927893825 0.370372997530332 0.216057840423869 -0.231506605080546 0.276901821669528
26.8836365889932 21.64419592633 7.90384685691505 -0.682628065914335 0.614773589994782 -0.395059789832952 0.429331830545408 0.774864301251839 0.46396053323313 -0.547478941862112 -0.801812766105209 0.789418422437652 -0.185249125185267 -0.106628404951677 0.207099649208375
26.9542966179924 22.0108335626897 8.06979746421327 -0.885035237708211 0.424574672146993 0.190915837438318 0.465506411748727 0.803598265195193 0.370855079084012 -1.13687582926557 -0.226501727274256 1.52700069520598 -0.190000186902155 0.300563565137789 0.246235979915782
27.2946267826281 22.5590384932443 7.46470571460362 -0.851874705697693 0.290120868376746 0.436049604727009 0.400345805727452 0.897499235033222 0.18498173896053 -0.603179956339853 -0.324585889419833 0.725246176245169 0.326412646877885 -0.121611951921437 -0.724391238794485
27.3435267036372 23.0536565573223 7.36687274030677 -0.266094570922767 -0.241613506071338 0.933175478796536 0.354096939021119 0.875895504689483 0.327753421466854 0.0542180696636154 -0.37915409986066 0.578700243610277 0.421682526153073 -0.67579826001438 -0.312795607345244
27.2856926896814 23.5194404038064 7.54501530513845 0.336048728458182 -0.496317694724901 0.800462291624792 0.30853920397256 0.861002403918574 0.404324503712082 -0.285799043605387 -0.402335485114863 0.280567892465538 0.471721438598435 0.169256573168259 0.193950950664876
27.3284009594035 23.9593884212453 7.8438429787605 0.591876643240944 -0.671667927618861 0.445582893982989 0.412789369007168 0.727404606996178 0.548167273794758 0.612423040907578 0.222025868627968 -0.423617602442209 0.420451926841519 0.0825354927328861 0.0654857578341842
27.3462709767983 24.2545459295656 8.24123830797638 0.896692886212807 -0.399681237995046 -0.190254191264874 0.441322790915977 0.7739139772728 0.454192946275202 -0.0443946676443504 0.0611889840732618 0.207613356845049 0.302914108185377 0.0372541991093466 0.15869288765436
27.6616636668638 24.4684398648182 8.57006649207179 0.533578051424279 0.00659198299458187 -0.845725074693166 0.498348690858983 0.805484204561972 0.320692468442412 0.666439456944494 0.0936245991699532 -0.346002457984116 0.0214433100903025 0.00384440755325424 0.682454683650911
