t = 100
b = 30 30 30
E = -0.628873587899988 -0.819513717730406 0.190640129830418
23.7971131905089 17.0725718106881 25.1882558532824 -0.180505065886889 0.97194100970892 0.150825981706929 0.941556222386887 0.126408981720369 0.312237939537745 -0.152337584760614 0.382454066699784 0.0420326274026592 0.110401314970563 0.050478571142865 -0.737098019000705
24.1652943274102 17.3133424856001 25.0181524711247 -0.070746856455034 0.627951736106666 0.775029922174638 0.997329389409333 0.0304045236285514 0.0664043341986877 -0.16769283967257 -0.279663524916737 0.19317369089683 0.373963385763466 0.494620943706119 0.631753412480979
24.5740249440262 17.5824279010537 25.0518523497464 -0.198951806430354 0.011522552925553 0.97994147291236 0.946967742007817 0.25971914443812 0.189203457447812 -0.404199803246699 0.193701245005261 0.143374984983391 0.361856605634647 -0.0518597224851877 -0.306094790800464
24.8569525567169 17.9077389806648 25.2146107873845 -0.0376717592336674 -0.59367262800109 0.803824315641405 0.91091180944713 0.310341587448507 0.271896421022094 -0.141049186940783 -0.229101361045837 -0.106151083219823 0.742467826874206 -0.200554316519781 0.184903285593103
25.252563922939 18.0352210517296 25.515197127757 -0.122323282306248 -0.866439427488605 0.484065716051108 0.911093120442325 0.0954085387888171 0.401006761065694 -0.0604515636909955 -0.490773974978606 0.00188218271154286 0.456878224900629 0.38198505632098 -0.0786608538439431
25.5009153978308 18.1285370558623 25.9020069241828 0.131374569181454 -0.955350218963313 -0.264663111354871 0.946354416397584 0.0413560917080666 0.3204728917972 0.00249334273578204 -0.121804983290412 -0.251771844259758 0.466685263294722 -0.262279852645172 -0.138213221572764
25.8656764912063 18.0187598232608 26.1490549292411 0.170856913222718 -0.662630768932269 -0.72919699701337 0.944494329182713 -0.100621530970385 0.31273895507442 0.180813388814689 -0.142531233526123 -0.0855371980887714 0.534829727123183 0.245083183999706 -0.00880376210890185
26.1527508244636 17.689021187842 26.3186865091149 0.325407324797935 0.0475256679637744 -0.944378772241592 0.936821265831039 -0.151778923821408 0.315164971780741 0.091482599522064 0.430557959926062 -0.597809602492873 0.474617104748778 -0.424202407140966 0.144080962863546
26.5580686969168 17.448762846729 26.3505399354612 0.233600397764486 0.595751479903851 -0.768447076547411 0.97188666381819 -0.119128610820049 0.203087591379337 -0.219226890963691 -0.158516407767828 -0.300731496624616 0.358599457977025 0.17293895776266 0.2033621142937
27.0434283573534 17.4105837875807 26.2838864996561 -0.0216790276057399 0.881627383497922 -0.471447832584049 0.992003212270955 0.0776145708961433 0.0995263133963308 0.0993716771264939 0.408078368136432 0.546065519258321 0.363128434088694 -0.0507044523610489 -0.21761698098833
27.4550864083368 17.3952079739409 26.062564012663 -0.0811144245458742 0.95978524982594 0.268761241930583 0.991383495666775 0.0498663517358339 0.121128003789002 -0.124882193060152 0.527750464650049 -0.355052875114277 0.329979322594033 0.222729481558771 0.117491283630958
27.9026190860693 17.5585670145418 25.9528267329262 -0.252261254590507 0.60177378203954 0.757781271572362 0.967639354640644 0.161877802196977 0.193570500515999 0.0780423823988711 0.0363361187649919 0.259617344281315 0.292082311731139 -0.105320537534583 0.0353305297605022
28.2775648586141 17.8496928882437 25.9158141635826 -0.182478365640623 -0.110315204238152 0.977001579130899 0.973483578675095 0.119152301036266 0.195275018343677 0.254721155066893 0.504714540527713 0.0148512334792647 0.531563724296972 -0.174060622883601 0.186659556397528
28.6282647783302 18.1236141257517 26.1086830281732 0.00248633645032535 -0.666996676295295 0.745056464996829 0.900636481993415 0.325271861129824 0.288187498899913 -0.63543836756378 0.0753801942025237 0.429835816434039 0.329806208895834 -0.20374723934057 0.178447601057148
28.9706534147144 18.302367265306 26.3836254274814 -0.000775319330350722 -0.959214430600163 0.282678185730946 0.941532368710819 0.0945401996560043 0.323386505671854 -0.346590022611026 -0.101543226625588 0.227647239658531 0.627095523158486 0.325938123637918 0.3409010576483
29.2752988927574 18.2898256933402 26.7549644298929 0.155796715774081 -0.917519541812332 -0.365903207025516 0.91989171345432 -0.000197245620348182 0.392172260270278 -0.12425273487764 -0.375835244525175 0.539556670734847 0.318485685395932 0.0100609960482197 0.228670868808231
29.6593510940756 18.0677581387251 27.028647553722 0.196763570001484 -0.522855622031689 -0.829400975970414 0.978305975196166 0.048775197202961 0.201341202569532 0.22021365724613 -0.733908046329994 0.0508282967776025 0.6147894248708 -0.128732830027233 0.18831068696791
30.0540678895653 17.805828166112 27.2181756823706 0.107482024096575 0.063881490044728 -0.992152534834917 0.983920280431025 -0.150017097461632 0.0969310936485299 0.624563000429398 -0.0625580836854881 -0.698219756625198 0.49185805240869 0.398822603322317 0.451090280233943
30.5199295072587 17.6028903688205 27.1408524402658 -0.102746133837578 0.619697879319809 -0.778085890654164 0.970289042408411 -0.109818161217149 -0.215589983009692 0.107856103494575 0.556436034710143 -0.688944992829484 0.722747445875104 0.271216853691709 0.380960651553613
29.7560573225237 16.3501419428352 25.0050931136133 -0.0285822187703565 0.955999549922399 -0.291972257435673 0.996879202235489 0.0487640197682325 0.0620790590442119 -4.31061660601278 -4.24209489168954 -8.49510956359673 0.294430528516465 0.0890881886074174 0.0164800464239883
31.1754411200013 17.4254262816307 26.6971522280635 -0.074179078649903 0.990292321982576 0.117551962203255 0.970327525917082 0.044471224421958 0.237669273359405 -0.217694389886072 0.0648210370981097 0.0480718442118506 -0.0291881593221781 -0.337310171368341 -0.289713866074406
31.6943213267786 17.620354011384 26.7029222913619 -0.263058603148173 0.641184837153966 0.720889767382606 0.964210387151613 0.149055605461563 0.219272974482195 -0.288386228811084 -0.199011198723262 0.0117531971382147 0.19543535024581 0.279695488729476 -0.0329980500393962
32.1348673637918 17.8838412049588 26.8287878355785 -0.217392001910907 -0.000418540610979949 0.976084229791965 0.941487390330118 0.263790528341967 0.209799756584313 -0.19546237333138 0.0817342184389828 0.196252901368114 0.371181525500687 0.411055153205687 0.192536959381983
32.4855294674294 18.16960155237 27.0206390825694 -0.0150684688768183 -0.651491170187848 0.758506480056917 0.9418252385855 0.245489710263888 0.229564603424191 -0.0285321761288689 0.0355415696748861 0.201031789416821 0.594961948701534 -0.181176275634379 0.256389029159229
32.863934020723 18.3063786157118 27.3289159893273 0.145091506937225 -0.953235644319008 0.265122885519476 0.884277022616561 0.245136387411654 0.397444572092053 0.211609081730022 0.000317939271277408 0.276481647759203 0.471874465781059 -0.145338378204045 0.44767477000336
33.2190478396081 18.4007267885461 27.673995713267 0.337558810054215 -0.855731272641065 -0.392145286985016 0.880158571768955 0.139237764411341 0.453799096795093 -0.145240017278726 -0.541646650794942 0.447970829616542 0.358203096119075 -0.104212336423032 0.597297404604395
15.8274876901801 2.0795146356713 1.01639703066578 0.652355882666894 -0.282297226230847 -0.70337754425892 0.744071383786135 0.415095013970247 0.523501468571173 0.421650908633095 0.261718820588664 -0.308346500483028 -0.174804311168249 0.663042056666869 -0.745746733049802
16.2205579965955 1.95198469643248 1.18305309028508 0.393171750252344 0.496942752263136 -0.773604393192717 0.80730796899778 0.216121147362778 0.549131477117602 0.13277224743015 -0.294294257685814 0.287368590010571 0.383649686788382 0.657896635184332 -0.157040949537122
16.7003680538982 1.97219626759594 1.2008724453092 0.0293846556460089 0.870353961916465 -0.491548985278997 0.743339224767104 0.309743393177731 0.592879170682389 0.425945549875421 0.0477790997860314 0.396875526239898 0.476597881309112 -0.0174535973199659 -0.00771440953420669
17.1217908260331 2.16089975073409 1.3455717222274 -0.448221627834451 0.874286419904096 -0.186334408503976 0.638662471489217 0.459044337192111 0.61756653628068 0.240368621220752 0.377452804765106 0.279782681131027 0.481075459548335 0.20128665222128 -0.287951922084907
17.4539378287739 2.48676017614592 1.41705179957135 -0.754007402178739 0.52000656739532 0.401330148559098 0.644199408378176 0.465992581067668 0.606512919844092 -0.389824359800367 0.352731606224097 0.418310325175823 0.640256897965864 0.213327312029965 -0.0658059614339054
17.5881157216754 2.91012424447404 1.5761719971106 -0.676959420981135 -0.018415353127727 0.735789846291526 0.620509363936875 0.523371414822639 0.58399518747341 -0.238795018058718 0.11963581832487 0.33155061060251 0.589293162447261 0.104659679254484 0.233433272115689
17.7509691821919 3.22267258129086 1.94402926615938 -0.65497237795759 -0.421238601340502 0.627350869086203 0.485894042865903 0.401048495368998 0.776573865179342 -0.122972825363484 -0.129433203469349 0.112087205670401 0.516695430861636 0.541160600708524 -0.0859881314869982
17.6646853457867 3.52818109498718 2.27231894910631 0.187214415818567 -0.891744210824735 0.41199867448174 0.548758520774122 0.442809153208408 0.709072649017205 -0.38029250710614 -0.0380621619115035 -0.108838971283649 0.370108789912157 -0.108541913521266 0.078271828393429
17.7419720078928 3.68858964599353 2.7399583817058 0.469842315643187 -0.875128520422029 -0.115750389988596 0.576106769739665 0.204633857014071 0.791344335252882 -0.153742174340171 0.137345060654488 0.0563473969516356 0.209035990728667 -0.429399238284386 -0.105931912642854
17.962001327815 3.64386339175258 3.17172436165496 0.600269956349457 -0.558372406816739 -0.572622140375931 0.722461912657349 0.0714081397660248 0.687713272842578 0.371787955506429 -0.196390372360828 -0.635447670320207 0.613652454327719 0.383743708368705 -0.0352309500976864
18.1460469866577 3.38026708834392 3.49551162825195 0.751253591520129 0.168382238206951 -0.63817344458612 0.642413848037228 0.0352520063634398 0.765546623760638 0.0124482736778302 -0.271976102880508 -0.804862039640939 0.786983666637555 0.20472172807153 0.160405317355117
18.4905295647152 3.17209319887137 3.72772872370367 0.530693232631078 0.575348535875918 -0.622365355833251 0.674923990101489 0.157299165590642 0.720926114818656 0.0437137087573544 0.125791552910869 -0.185257834896172 0.590275424303898 -0.461531841789409 0.0666511767529882
18.9873689246744 3.23111521852279 3.90438087915282 0.0810826464716522 0.89931478454206 -0.429718982895496 0.664982586621856 0.272343198553542 0.695433118805505 0.142616984561138 0.516235021160335 -0.104876770549699 0.402313165627609 0.106150325818751 -0.014836623128347
19.4339262179988 3.32739562915907 4.07689531469233 -0.448150423886295 0.889866277367453 -0.0854346961857786 0.697196291622411 0.407729174501597 0.589638987216288 -0.373653873278233 0.356020768967408 0.253333324801048 0.312927808336995 -0.0721176021564433 -0.0615846092159377
19.7584566505239 3.59969913102327 4.11735076634617 -0.701171854756609 0.404699856708262 0.587005912154439 0.703820983329392 0.261244687464372 0.660596032021391 -0.0420703357477051 0.310574141890054 -0.0125321477547427 0.229671713530049 0.0578618555309924 0.444766920841909
20.16094115681 3.89986742983788 4.48973384157908 -0.882504010636463 -0.0161594614043618 0.470027046807949 0.445063614115241 0.294315312438962 0.845752184185115 -0.138457647347807 0.137944164723091 0.605252457345869 -0.028472907604442 -0.0814511899148778 -0.369076761712362
20.2175990287982 4.28748345342195 4.83706496943965 -0.499344605738808 -0.71732795782044 0.485896540606505 0.52228045623931 0.198248751613565 0.829409692692488 -0.266350595462698 -0.170944561381747 0.738891682732458 0.436769630946205 0.278597293782375 0.292543093301255
20.3762797954519 4.61409096038764 5.37398351819705 0.0508225864545674 -0.963198275392459 0.263943233066175 0.404173844224001 0.261511899112655 0.876501522498578 0.0479545199435593 -0.711312508944918 0.8261838597473 0.524328104583689 0.361153831694173 0.34620890012263
21.0632721738311 6.10018213886385 7.02512275906206 0.17078058224673 -0.881005378583377 -0.44120675264888 0.750831635216801 -0.173598427867063 0.637271780518022 3.51555165311125 4.67016488897005 6.81334547334186 0.163612753053444 1.10092221664772 0.239185007268592
20.4777511745446 4.63964375442344 6.11409061783292 0.812002751533436 -0.458114944171775 -0.361638093339543 0.517304283364927 0.27797093198029 0.809399976147631 0.225971870275185 -0.664507513820523 -0.435839839836548 0.278849601244938 -0.0638883967883952 -0.364482760373947
20.7689426933823 4.50763806620533 6.56392123370203 0.762710442089981 -0.0383998700934341 -0.645599034118247 0.599191670358445 0.417636300896324 0.683044028576852 -0.218411260490583 0.172224783602029 0.486401960332153 0.306030711949807 0.0815794611853143 0.16557447646299
21.1424279362002 4.33716546038304 6.85374241630196 0.37615837632452 0.679247770074732 -0.630180312313914 0.665647193740032 0.275005940854693 0.693747379821902 0.39413960296791 -0.410878340718555 0.254551644557577 0.20435902370845 -0.131957211955113 0.0252541584328757
21.5700395098591 4.31986410118483 7.01497947717704 -0.0937260365902452 0.927381746741167 -0.362185599406265 0.771244400424721 0.297683872108096 0.562642224257098 0.672573582535948 0.803363638092431 0.250607070792535 0.398430709447027 -0.103936058716777 0.17614768024934
21.9983572950204 4.47708025365232 7.12869361890999 -0.499097288104001 0.860669341194413 -0.100747520909583 0.668460241592652 0.456379716028525 0.587263436746687 0.218485790709267 -0.108282326138436 1.11221499981346 0.313462487286297 0.0443493277900314 0.219243932801962
22.3966872629789 4.86981451251454 7.33911633058679 -0.820026367280938 0.263885800805436 0.507859165990767 0.569462482930178 0.287554516032038 0.770081010049738 0.579821984496616 0.824358790255002 1.0809456294905 0.0541291979912172 -0.00343238150204766 0.71117253132861
