
#id1 id2 FENE BEXC STCK NEXC HB CRSTCK CXSTCK total, t = 100
0 1 0.00409098 0 -1.37452 0 0 0 0 -1.37043
1 2 0.0737857 0 -1.24361 0 0 0 0 -1.16982
2 3 0.0746488 0 -1.31262 0 0 0 0 -1.23797
3 4 0.400919 0 -1.31357 0 0 0 0 -0.912651
4 5 0.00598524 0 -1.05007 0 0 0 0 -1.04409
5 6 0.00149243 0 -0.608976 0 0 0 0 -0.607484
6 7 0.837804 0 0 0 0 0 0 0.837804
7 8 1.27373 0 0 0 0 0 0 1.27373
8 9 0.0302619 0 -1.23751 0 0 0 0 -1.20725
9 10 0.0476116 0 -1.239 0 0 0 0 -1.19139
10 11 0.229519 0 -1.41775 0 0 0 0 -1.18823
11 12 0.0683631 0 -0.660542 0 0 0 0 -0.592179
12 13 0.0172684 0 -1.29157 0 0 0 0 -1.2743
13 14 0.110303 0 -1.14087 0 0 0 0 -1.03056
14 15 0.16768 0 -1.3735 0 0 0 0 -1.20582
15 16 0.0530567 0 -1.03301 0 0 0 0 -0.979954
16 17 0.041128 0 -1.23273 0 0 0 0 -1.1916
17 18 0.0178486 0 -0.929611 0 0 0 0 -0.911763
18 19 0.734166 0 -0 0 0 0 0 0.734166
19 20 0.670612 0 -0.0001308 0 0 0 0 0.670482
20 21 0.0717572 0 -1.38009 0 0 0 0 -1.30833
21 22 0.171814 0 -1.09784 0 0 0 0 -0.926021
22 23 0.24951 0 -1.32862 0 0 0 0 -1.07911
23 24 0.166651 0 -1.35272 0 0 0 0 -1.18607
24 25 0.00283746 0 -1.35117 0 0 0 0 -1.34834
26 27 0.103652 0 -1.14214 0 0 0 0 -1.03848
27 28 0.145754 0 -1.20864 0 0 0 0 -1.06289
28 29 0.507793 0 -1.34997 0 0 0 0 -0.842174
29 30 0.0478572 0 -1.34599 0 0 0 0 -1.29813
30 31 0.0843833 0 -1.2504 0 0 0 0 -1.16602
31 32 0.103321 0 -1.40914 0 0 0 0 -1.30582
32 33 0.0917287 0 -1.29657 0 0 0 0 -1.20485
33 34 0.00866697 0 -1.38849 0 0 0 0 -1.37982
34 35 0.139414 0 -0.983926 0 0 0 0 -0.844513
35 36 0.132204 0 -1.31809 0 0 0 0 -1.18589
36 37 0.0822181 0 -1.04869 0 0 0 0 -0.966472
37 38 0.0257425 0 -0.986167 0 0 0 0 -0.960425
38 39 0.207243 0 -1.23544 0 0 0 0 -1.02819
39 40 0.154059 0 -1.32224 0 0 0 0 -1.16818
40 41 0.0592208 0 -1.37561 0 0 0 0 -1.31639
41 42 0.270537 0 -1.17271 0 0 0 0 -0.902171
42 43 0.150455 0 -0.618292 0 0 0 0 -0.467837
43 44 0.0153134 0 -0.0842811 0 0 0 0 -0.0689677
44 45 0.0547992 0 -0.499007 0 0 0 0 -0.444208
45 46 0.0396691 0 -0.361952 0 0 0 0 -0.322283
46 47 0.0165027 0 -1.26623 0 0 0 0 -1.24973
47 48 0.0164424 0 -0.960847 0 0 0 0 -0.944405
48 49 0.00373972 0 -1.12484 0 0 0 0 -1.1211
49 50 1.19212 0 -0 0 0 0 0 1.19212
#Total energy per particle is  -0.79498 and should be -0.7949810

