t = 100
b = 30 30 30
E = -0.697005489212841 -0.879281372287577 0.182275883074736
8.03698690192712 14.0263150371672 13.5705817289126 0.537878637190098 -0.808854561667683 -0.237572624134166 0.838563220232625 0.484402232231958 0.249331276181217 2.50573243730128 3.13116098427602 -0.719548945037641 0.239767116658511 1.44203144918015 0.147032196320113
7.86094301955626 13.5191366373758 14.111807372851 0.691146193898168 -0.197809888453425 -0.695117305162671 0.569819165709737 0.740769065339125 0.355762831433246 0.0171167365064697 0.00723294591608703 -0.371042750526568 0.264330848911658 0.340134390415834 -0.237363456276061
8.29294375257179 13.6006441264327 14.1795992724518 0.0776208901330255 0.399071028521143 -0.913628588793117 0.605999042037969 0.708790492651267 0.361083204896575 0.748040279310855 0.243824371740731 1.60295139880718 0.495477859909985 -0.346485249537553 0.43145061732881
8.77063328116593 13.7042634241838 14.1896462909594 -0.386587527419139 0.515209289314525 -0.764924410415245 0.62758507316508 0.754715932172474 0.191156272138221 0.451456581019429 0.364106054313562 0.279071415675788 0.586965799425673 -0.307504276923044 0.142533320056972
9.17490107558642 13.954690539315 14.0992763483165 -0.769203118830077 0.471331363275242 -0.431477912468483 0.532088314357564 0.846347362867754 -0.0240427968046133 -0.147617929660225 0.540485469281377 0.298754927990809 0.589815560739656 0.20570584480653 -0.0911269880493948
9.36335757301644 14.2844341003584 13.8178778258334 -0.829914496765797 0.498431976574497 0.250613993220901 0.512346010026323 0.858706201647689 -0.0111855237170318 -0.00209323115524436 -0.0949697272266513 -0.150952056782146 0.601687295917293 0.0609560862876949 0.00284751138536458
9.4573709049501 14.7517148775183 13.6425837000987 -0.655226592259008 0.197707802605414 0.729101925930309 0.507994448653828 0.829654709847813 0.231548232091883 0.0128744894352003 0.188001301668921 -0.224758623871491 0.600527896846144 0.0314474758677272 0.108999210840174
9.38772627339108 15.2010340549419 13.6201160555165 0.0602705885084244 -0.168748174948481 0.983814716259616 0.511677712361491 0.851486206179874 0.114704143918498 -0.224137218022033 -0.148663920535263 0.00935742609025158 0.346994685583338 -0.201049750135527 0.326335484119332
9.41019850780564 15.6852365542738 13.8530406190903 0.382264134627846 -0.520431046524942 0.763561090661231 0.465927091967061 0.822141905337905 0.327100159402216 -0.0133505483981749 -0.390249158586734 0.0786042243086073 0.290676624412812 -0.131216856643003 0.114963826344066
9.45665717125222 16.0415724032382 14.1920490891947 0.557854554564389 -0.676420567905044 0.4808881320119 0.657576392349006 0.713751791812501 0.241146323880723 0.159671579127912 -0.290599824427967 0.741514782755096 0.362032087546746 0.0980196975655353 -0.548578458257459
9.57536550122742 16.2560734502021 14.5127046318149 0.811197549273571 -0.566748673985302 -0.14406373098331 0.584523814835057 0.778683214584116 0.228000531002144 1.56595466382975 1.09408512241264 0.176687288723394 0.515774352622137 -0.265243965212149 0.0221987893972165
9.85001852328172 16.3916639720505 14.8219255307385 0.631324306277988 -0.249032979034618 -0.734446782607239 0.694626916140018 0.602705925170766 0.39273261208297 0.297375619337005 0.300409982100327 -0.707000575051913 0.524940739222161 0.00621355351021691 -0.0775750128754581
10.2581869818227 16.447628687198 15.0326128783721 0.255820396935165 0.265415583190957 -0.929575372705835 0.74703952735846 0.556041015212707 0.364349045128026 0.047709599958983 -0.0612496573051667 -0.349425932603395 0.579173191488847 -0.249652171606123 0.142183830647991
10.7257075172356 16.6538889044867 15.189264573291 -0.222259713470699 0.501454987626061 -0.836147951250896 0.664220282900443 0.705674117349456 0.246648209406317 0.059584818110806 0.110380005272961 -0.130428046039778 0.450342174300019 0.0453049555351198 0.0840609033136626
11.1182174436944 16.9221867553664 15.0518776609999 -0.712598181114633 0.632825228197174 -0.302879421819951 0.613228222427742 0.771552843517815 0.169284493031184 -0.302267469748069 0.00766386562183247 -0.383944428682544 0.271273143781601 0.140279078508916 0.111315559269852
11.3254745329025 17.3274720018406 14.864050775341 -0.816151822647787 0.442886387378487 0.371143818818014 0.530946796503664 0.828234724578098 0.179227850047327 -0.138378541446902 -0.16224880035116 -0.014295197033838 0.631757536608206 -0.168622524047783 0.173828380184852
11.4546688591325 17.8038026205988 14.7659619010356 -0.577101976248857 0.19955993612061 0.791914782374835 0.423237091065047 0.902387976742694 0.0810320424421287 -0.409920049212564 -0.40956954514439 -0.0928620706731589 0.548878471652505 0.138611325781206 0.159675576144724
11.4839917858082 18.3002964817024 14.7447265012275 -0.30441728796938 -0.167833890624601 0.937636273451922 0.336819518674157 0.901795481844281 0.270771873584717 -0.332967098410711 -0.069314520745837 0.505248225990203 0.534862089574207 -0.19155698338532 -0.264784410666416
11.3811892388211 18.7569111971405 14.8728690427947 0.305865774491281 -0.452761722719622 0.837527809226424 0.480173218809763 0.832971799471076 0.274939161347647 0.0405117590029558 -0.167484344292432 0.378666170300587 0.461883221873724 -0.207141084011793 0.0900324518994176
11.4969959231748 19.1295441386142 15.1182759739002 0.609047049403294 -0.658429243355806 0.442190575405331 0.585565703937726 0.749324574014099 0.309233520098344 0.070203065057332 -0.367051163127998 -0.0292968124959997 0.475557793171336 0.319113533294352 -0.314896828911291
11.6347023891325 19.382524551129 15.5248287379157 0.854027706149205 -0.494659522106182 -0.161085428700166 0.516903279458665 0.771917260940698 0.37007380874841 0.719422971316297 0.573424792414816 -0.189976180819985 0.439429303504415 -0.0691728006738634 0.318074899529245
11.8713041616523 19.5452678854884 15.936041312685 0.658171272746355 -0.0588347182524048 -0.750565742458691 0.539853570524669 0.731758863874836 0.416037222295353 -0.0105367045235417 -0.522086388646774 -0.178400096410274 0.300298861960622 -0.123865373518034 -0.021623719768819
12.2821972463055 19.8251512142028 16.1521686234941 0.234908522750008 -0.0773288091977807 -0.968936594633093 0.686320310446542 0.719084672713631 0.109002515589467 0.329011145150991 0.461920664602676 -0.409648772480036 0.364295821205267 0.236368372831084 -0.168287463378656
12.7715577690282 19.8854722714717 16.1574201216902 -0.359405122026621 0.4846457194944 -0.797462454511931 0.681122783375571 0.720385278713489 0.130830769541165 -0.354016314479382 -0.349775192658486 -0.361433321275987 0.433982239311346 -0.401237803090892 -0.223750140748182
13.2290896369462 20.1568467045899 16.2526330993648 -0.710547581503349 0.595672528926713 -0.374561414910885 0.524081579155045 0.803212314172223 0.283175489007503 0.0392668499960376 0.351541748816866 0.17575702081486 0.168948693503631 -0.24699385567035 0.163855966806929
13.5272316565591 20.4835423616824 16.134826637476 -0.78590823831528 0.298411805010066 0.541570433613242 0.540544941941864 0.756864579716667 0.367378627258343 -0.31313003312388 0.610576705045081 0.117220437591667 -0.179219003223279 0.0693324319317967 0.794572258116156
16.3785564480682 22.2582531539438 11.7255454664904 0.618940991816786 -0.634431387796735 0.463042919641389 0.0340134427671314 0.610632182812813 0.791183483318898 0.043853218037208 -0.343061992542432 0.368482992385569 0.00707987242949622 0.0274400530343249 -0.234838745609462
16.3003252683611 22.3688103319261 12.2011475707869 0.982383073408936 -0.16308104042782 -0.0912576185189012 0.170059288649805 0.577670016346125 0.79835898670274 -0.384563156744559 -0.491619587691059 0.0354569115955242 0.383370591757993 0.196527222992418 -0.184631407662284
16.5431154161333 22.503912218377 12.592212676035 0.872112588890935 0.168866375242592 -0.459242485538528 0.342020903043548 0.460809159257769 0.818948417096219 -0.38403318819749 0.343732523891396 -0.381769470240953 0.459653875911103 0.5945058605096 0.0723743435915775
16.7995835987822 22.4599759348357 13.015794460799 0.329334657202174 0.758574427276655 -0.562230739892261 0.172853458924688 0.536949573599624 0.82571588324821 0.313951990691539 0.0914067028224683 0.101651611986707 0.512028869963757 0.0292168280162566 0.364987448958283
17.0646730326531 22.8121750046598 13.2919686990011 -0.157546036698677 0.68864023974175 -0.707780861092347 0.225518702151211 0.722881343694765 0.653133800792453 -0.254847440185295 0.264037790104094 0.124013664974939 0.537581061290882 0.125021741808608 -0.244860538316485
17.4236546036862 23.1280145322539 13.3745016666702 -0.698401697979492 0.621975098352035 -0.354093103689706 0.27895278419786 0.692179699802396 0.665636908249168 0.129671458621869 0.484975412141328 0.000349307437197246 0.503034544280935 -0.21554580669729 0.143008011851208
17.5533350108757 23.5628004162432 13.6043844696334 -0.94967538708442 0.242961917135808 -0.197701921550746 0.00536130521848499 0.643675815687985 0.765279414004084 -0.407036573691954 0.229097835725563 0.298367587137611 0.478164472416912 0.174380706126141 -0.106722865491486
17.6750750106376 24.0142817225667 13.6993830161295 -0.908239695740281 -0.306903173142479 0.284448551295272 -0.0536132606867178 0.759511015262417 0.648281206273487 0.182670742551875 -0.0317161203117838 -0.143405470782857 0.178047380095297 -0.0594409704377894 -0.278313414585802
17.5296223704138 24.4204619518673 13.8401439550157 -0.352467021662113 -0.668194594995406 0.655196813255317 0.13045530041812 0.658209148040492 0.741445893421893 0.161014869338561 -0.105079514058823 -0.23055667142918 0.24278725128514 -0.323684439281843 0.153108283444799
17.3673676169591 24.6503438753124 14.2020764234859 0.319530911342794 -0.780810899566412 0.53687449235585 0.0118905021696766 0.569836125232312 0.821672250998837 -0.0952563402895881 -0.160718488915097 0.513955220741774 0.0380490228652718 0.0642074568987221 0.234700392978249
17.2206670782648 24.812084748 14.5278176606646 0.778933225070446 -0.517973722774618 0.353505496291492 0.0340407963027801 0.597801526548075 0.800920995156186 0.222461923808086 -0.324802608591306 0.318409837426788 0.588806435716251 -0.17381224126948 -0.0156229017370956
17.1685450180981 24.9333614104081 14.9930629439985 0.964156031868724 -0.256503673070156 0.0678888309941769 0.0647891950633661 0.47570481306147 0.87721558140906 0.917317539129439 0.284034574428716 -0.447837633820972 0.473264487487878 0.327513532914058 0.160448990181124
17.1613494573483 24.9001514789011 15.4464090037961 0.852147335085939 0.437518464303831 -0.287093006759213 0.0321440330901859 0.503819403705833 0.863210664957758 0.524698284882188 -0.23491789798792 -0.206364759977199 0.308146007185085 -0.326095249466604 0.136720291840958
17.1819583698746 25.0537576969945 15.9261288597035 0.530852134116388 0.527205888763678 -0.66351325864781 0.27782182941514 0.63141003619632 0.723972569250088 0.0479127344273295 -0.0601921207361467 -0.178448045813192 0.312347624298052 0.167941112010996 -0.373259164477705
17.5916424249224 25.2440911805391 16.1330342762576 -0.129765181430261 0.741246743098994 -0.658569771813348 0.254709042074761 0.666817150574002 0.700341399647289 0.0565691353199515 0.205517046128866 -0.277109260999629 0.379172342290722 -0.0881887537251947 0.0411255003671546
17.7747421862632 25.41349284537 16.4276324791443 -0.642554758387152 0.643049414608483 -0.416666190242321 0.163175139781516 0.646143434784594 0.745568519196822 0.387613610383091 0.324357936596444 0.0601745348701139 0.325548114506724 -0.0612843975590902 -0.292968066692807
17.9348971355437 25.800378673083 16.5868738426866 -0.988286087584157 0.129570024942173 -0.0806355913252709 0.0483398725241679 0.766937946418627 0.639897903938094 -0.0305698792599262 -0.888170350545341 0.712255702072022 0.400019318754707 0.177411646375333 0.340555818495322
17.8082915449348 26.3296325639776 16.7363059744583 -0.848399526524482 -0.349090643508108 0.397936989985454 -0.0647049171888504 0.814488428926166 0.576560286838181 -0.861057765761638 0.189845148873962 0.077747066291551 0.576559653142771 0.197260326933264 0.351991946639152
16.8207314907581 25.8696038349831 16.6887803623715 -0.340720139180777 -0.582371084059249 0.738074244084382 -0.0384491933890349 0.793022313518353 0.607977924073962 -3.98484902832588 -3.61206129153068 -0.656491513213083 0.490394097530128 -0.289171535633722 0.427489624908253
17.3799397177907 26.8354171609449 17.0784476190685 0.117392084966459 -0.682504098096221 0.721392497417192 -0.0748087069676274 0.71827375089196 0.69172708453983 0.143644053514362 -1.31347487935699 0.0543122572481655 0.16926524659458 -0.775426364728002 -0.129191626125921
17.3362998052156 27.1777100075575 17.4923171097727 0.70632884334194 -0.576965170510536 0.41013490215852 0.123075604122359 0.670650675332169 0.731491591591486 -0.13717091063876 -0.272104963207982 0.0358004397225077 0.048647494088451 0.478186939394909 0.292046170065178
17.2581482781822 27.2955227552119 17.9624916137818 0.998429782383166 0.0426105791172631 -0.0363620102588877 0.000929871462462262 0.636432558586262 0.771331714981012 -0.227961774765942 -0.626238167058287 -0.0274321426546033 0.148734170794546 -0.428997752049333 0.0235237775276972
17.320033587044 27.4975315721516 18.4425179553838 0.936170671877711 0.11920657915203 -0.330717624925758 0.207277269499839 0.572657069005686 0.793158179094596 0.12721227763965 0.36888907945201 0.12138397925709 0.567885425813588 0.277769535375987 -0.164664211831095
17.4777882279892 27.4476888935768 18.9721388016873 0.522316460617984 0.693479643816384 -0.49625737230457 0.277489824231417 0.412056026850897 0.867876211518318 -0.258262105282737 0.362868880922448 0.0206118610756288 0.595676842672032 -0.31146300515675 -0.00874067067492658
17.8499312155243 27.5601309005192 19.3088586244293 -0.270045404456416 0.927606663025961 -0.258110913173141 0.433389990799623 0.356481302095122 0.82770410788571 0.629373506785886 0.10091386775412 -0.175455597474685 0.454640995279027 -0.412559944317862 0.557334573977344
