
#id1 id2 FENE BEXC STCK NEXC HB CRSTCK CXSTCK total, t = 100
0 1 0.850429 0 -0 0 0 0 0 0.850429
0 2 0 0 0 0 0 0 -4.06097e-17 -4.06097e-17
1 2 0.0258955 0 -1.00727 0 0 0 0 -0.981379
0 3 0 0 0 0 -0 -0.0204712 -6.44543e-18 -0.0204712
2 3 0.122342 0 -0.820543 0 0 0 0 -0.6982
3 4 0.155498 0 -1.08361 0 0 0 0 -0.928111
4 5 0.104094 0 -1.37727 0 0 0 0 -1.27318
5 6 0.0582624 0 -1.20533 0 0 0 0 -1.14707
6 7 0.0365869 0 -1.36558 0 0 0 0 -1.32899
7 8 0.0286085 0 -1.1835 0 0 0 0 -1.1549
8 9 0.336387 0 -0.880209 0 0 0 0 -0.543822
9 10 0.422171 0 -1.14161 0 0 0 0 -0.719441
10 11 0.199215 0 -1.02829 0 0 0 0 -0.829074
11 12 0.199366 0 -1.43397 0 0 0 0 -1.23461
12 13 0.0910649 0 -1.18547 0 0 0 0 -1.09441
13 14 0.0188273 0 -1.37025 0 0 0 0 -1.35142
14 15 0.0307237 0 -1.34271 0 0 0 0 -1.31199
15 16 0.257474 0 -1.28575 0 0 0 0 -1.02828
16 17 0.171573 0 -1.29856 0 0 0 0 -1.12699
17 18 0.0675071 0 -1.31908 0 0 0 0 -1.25157
18 19 0.373088 0 -1.39621 0 0 0 0 -1.02313
19 20 0.0993689 0 -1.33962 0 0 0 0 -1.24025
20 21 0.0173847 0 -1.36493 0 0 0 0 -1.34755
21 22 0.0227289 0 -1.14028 0 0 0 0 -1.11756
22 23 0.000303989 0 -1.41555 0 0 0 0 -1.41525
23 24 0.209241 0 -0.788824 0 0 0 0 -0.579583
24 25 0.00468019 0 -1.19635 0 0 0 0 -1.19167
26 27 0.00413656 0 -1.37114 0 0 0 0 -1.367
27 28 0.365413 0 -1.11669 0 0 0 0 -0.751273
28 29 0.0169022 0 -1.25795 0 0 0 0 -1.24105
29 30 0.0781316 0 -1.12456 0 0 0 0 -1.04643
30 31 0.10904 0 -1.29425 0 0 0 0 -1.18521
31 32 0.177042 0 -1.20671 0 0 0 0 -1.02966
32 33 0.0719645 0 -1.0453 0 0 0 0 -0.973334
33 34 0.139638 0 -1.30411 0 0 0 0 -1.16447
34 35 0.165378 0 -1.29282 0 0 0 0 -1.12744
35 36 0.657349 0 -1.31066 0 0 0 0 -0.653314
36 37 0.431871 0 -1.36358 0 0 0 0 -0.931711
37 38 0.107618 0 -1.37278 0 0 0 0 -1.26516
38 39 0.153116 0 -0.866101 0 0 0 0 -0.712985
39 40 0.0264078 0 -1.23904 0 0 0 0 -1.21263
40 41 0.749798 0 -0.986862 0 0 0 0 -0.237065
41 42 0.134909 0 -1.12339 0 0 0 0 -0.988485
42 43 0.000982564 0 -1.09052 0 0 0 0 -1.08953
43 44 1.13591 0 0 0 0 0 0 1.13591
43 45 0 0 0 0 0 -0 -0.00894962 -0.00894962
44 45 0.978479 0 0 0 0 0 0 0.978479
45 46 0.0965737 0 -0.823474 0 0 0 0 -0.726901
46 47 0.0649518 0 -1.25764 0 0 0 0 -1.19269
47 48 0.284605 0 -1.22174 0 0 0 0 -0.937136
48 49 0.00593159 0 -0.889759 0 0 0 0 -0.883827
49 50 0.00783823 0 -1.15087 0 0 0 0 -1.14303
#Total energy per particle is  -0.879281 and should be -0.87928110

