t = 100
b = 30 30 30
E = -0.580991536028943 -0.801069835047833 0.220078299018889
25.0982303852804 19.7840905489126 13.4559728262289 0.296610858983303 -0.813629760467928 0.500028491333298 0.734959382103505 0.528810090711131 0.424493198519654 0.153795036346233 -0.13742212847689 0.417693940856256 -0.00149644809834267 -0.0223310847728159 -0.253435254119498
25.4121486340158 19.8661835101494 13.829429623862 0.423240086418402 -0.901511116502401 -0.0902519681815004 0.729331811217655 0.279907667095077 0.624280939611958 0.184024809403454 0.104101139233528 -0.00630118164805404 0.439087054577391 0.381727402976807 -0.268484541859936
25.5704283986572 19.7826673243011 14.1849540719175 0.792802508879047 -0.342144894831529 -0.504381734162091 0.598320352534078 0.279281018890193 0.751009160679506 0.287925171801345 -0.229972674396951 0.100481915550958 0.545246876437513 -0.00407115469554322 0.314462609107645
25.9192237947654 19.8005225952294 14.4938287639523 0.565769731128878 0.0279387115048451 -0.824089753064168 0.779235009417147 0.308686571990486 0.545440449721382 0.187995170689035 0.10104475894915 -0.0404118320713021 0.420251822704939 -0.0981007733399541 -0.129078797179315
26.3640623799283 19.7745524059062 14.7351698583075 0.154867979519645 0.506864307234328 -0.848000214737073 0.854218357150635 0.362514681825449 0.372684838157145 -0.276991666740178 0.250285984505702 0.0601643550178799 0.562773166237964 0.337693599172687 0.0146029258219287
26.864456884189 19.7979626991712 14.6281156642322 -0.247053033742717 0.923855418053314 -0.292328321579994 0.903107587365753 0.328873316475189 0.276113959319837 -0.515212226963787 0.00565072919194578 -0.280805903129192 0.625846798053351 0.104488551711621 0.202530710548749
27.3464834076463 19.9853807332482 14.6298645765262 -0.641062651205573 0.763895600161284 -0.0741759469414109 0.747932075017135 0.643481713712366 0.162876613195999 -0.232259003522756 0.267978326231696 0.0811792265857488 0.705264328376467 0.177829588707919 -0.311099051884664
27.6125329029608 20.3764951563096 14.5248536373676 -0.642510408805663 0.474938548902454 0.601343188320112 0.721310604846066 0.639731208127927 0.265433387790014 -0.272207654088798 -0.0177992328532157 0.0286383828320966 0.686536513502901 -0.0865051775531034 0.198919771136901
27.8259219534793 20.748642795548 14.4877634006501 -0.34987888915688 -0.168636783786664 0.921491336076126 0.70613620923356 0.598917707650789 0.377715656691134 -0.45015952590803 0.137928049486084 -0.400554855466953 0.546920547995356 -0.416416081337681 0.0518743529825368
27.98116391592 21.1568355673995 14.7505057963843 -0.0760136782407814 -0.671472068832578 0.737120794000068 0.576937041075302 0.573324174104927 0.581758479237518 0.102325611575767 -0.103928722046082 -0.0795239127892505 0.229603781146268 0.054393881661597 0.488132408659789
28.1437198644499 21.4256486529021 15.1374356174256 0.164237429414188 -0.938216717503377 0.304590444986148 0.663955397642285 0.333507814272607 0.669279949821929 0.312065913785916 -0.317150723631086 0.644133607712668 0.3964528990714 0.196481658414801 0.112798855590519
28.3535690738369 21.3115271417363 15.5614695570301 0.49387110953451 -0.825930831535307 -0.271899745844451 0.752867818337176 0.249709772362529 0.608962200506371 0.318958463877894 -1.16597740488836 -0.39934919016294 0.558850145165348 0.260467432279688 0.312390758480095
28.6548663282424 21.222500560252 15.8688916058273 0.668750058209843 -0.428494274141091 -0.607590238404365 0.739614391649437 0.300109839804521 0.60241557150193 0.193686544937987 -1.10957845311571 -0.720683281024398 0.595836098812662 -0.1750057131593 0.316616983624498
28.8507442042124 21.425416425003 16.4093183559173 0.552246806162466 0.0991300307319025 -0.827766019426415 0.796436631549234 0.230725591786353 0.558976100399304 -0.126558997851818 -0.203032576595989 -0.283323605324684 0.159615066848655 -0.0940429984154984 0.0286189862806246
29.2852029452897 21.4838988091561 16.6018686432396 0.062668795087702 0.494166647302105 -0.86710543050273 0.849980309232002 0.428921616835113 0.305875144916927 -0.160792679451555 -0.285281515102085 -0.247246543853581 0.32608989026404 0.43483840021818 -0.149314719318978
29.7370313501069 21.5524313599555 16.5547805314949 -0.307554679290442 0.903460661758731 -0.298611513589739 0.84732467946348 0.402829966155422 0.34607627940136 0.31072665516943 -0.278946935283406 -0.247507129109889 0.448953594715291 0.161529415540628 0.436051429889621
30.1210044325652 21.8690969131499 16.6071893520381 -0.616184375526958 0.787601252750911 0.000981277117410654 0.723283553278813 0.565371045269404 0.396505189275324 -0.215042673243866 0.364155900260349 -0.0716969434860908 0.612539936365728 0.0868115173841713 -0.234698953863817
30.3999987853817 22.2128727156144 16.4305754801617 -0.480647157241641 0.467661777239308 0.74180230184428 0.850435102768199 0.454898154743079 0.264249291703769 -0.751059697086406 0.550105088568618 0.168342571860628 0.494003284537205 -0.228037165873302 0.392590747008783
30.6851342455249 22.6081140326483 16.510408652869 -0.396444629788934 -0.172853136098482 0.901639247777862 0.759152644563974 0.490552534373969 0.427837999940935 -0.253542750736909 0.04772330965691 0.0227772125310707 0.283330733796804 0.0866543771620205 0.455766575965848
30.8180022669038 22.9211684972148 16.7981564160857 -0.0529491085385427 -0.718226592798468 0.693791640397689 0.575294925539093 0.545946310502307 0.609079847298832 -0.107916324586902 0.117813465826415 0.236567993310717 0.442431299421162 -0.0915155293454827 0.268580673865775
30.9045580109032 23.190061407457 17.2066748737009 0.276020274867381 -0.910958423979094 0.306541092180265 0.545374097425353 0.41105719771677 0.730478585951206 -0.162144752843838 -0.438578615687902 0.391211781835697 0.427185136814301 0.074235915459399 0.382109346562346
31.0340978135505 23.3250163910609 17.6498824177795 0.529661707089791 -0.800006743923947 -0.281864454441794 0.771576735640315 0.316400066337651 0.551869749690594 0.196100790480842 -0.330279961964089 0.443713240756034 0.636536165559569 -0.406731466076854 0.0920629157419646
31.3605938123777 23.3641506387789 18.0286974713142 0.503110478011475 -0.527353297973165 -0.684673810755879 0.840997217861535 0.116319402137139 0.528387515298748 0.17334771479761 -0.0020742418073913 0.210368603119853 0.530358022576931 0.590996622923998 0.211912216958424
31.6682566911437 23.2924687234706 18.4906955196063 0.452638002256268 0.0163275805864332 -0.891544799685009 0.878034449889545 0.166175007237005 0.448822084817233 -0.140725233775104 -0.163718787747748 0.256666571108613 0.406555276318054 -0.0219695311675507 0.017186046973178
32.2163807379014 23.2875656978813 18.6004109032341 -0.0569296785341465 0.500625074397386 -0.863790153117388 0.846194194166466 0.483340839171766 0.224358869036929 0.815701353561914 0.0654164735961878 -0.447425060862402 0.376876333510727 0.250527034685267 0.186423030570718
3.49696549023768 24.1855295262323 18.6443000496829 0.318448905962106 0.756882632189287 -0.570717849741665 0.772150088924627 0.142133207115963 0.619340192749416 -0.358055472781294 0.387525593726319 0.231362225268441 0.25073360939165 -0.0352509910645984 -0.72814442448288
3.97063280413125 24.2097615953625 18.6993154808332 -0.231751903420786 0.965936618709486 -0.115140724772471 0.783760072487524 0.255518917366352 0.566065468704567 0.237516550515636 0.0856296485336117 -0.119884639453757 0.21575669279168 0.159124707789654 -0.230578816564727
4.3764375939847 24.4792691848993 18.7964452991041 -0.650577830565254 0.660249079949873 0.375259269900926 0.702164823991952 0.334696774624639 0.628444517026227 0.0486500560471001 -0.0539001163319758 0.316848136822639 0.48373588579973 0.369883451482981 0.126976037700214
4.58493377258659 24.8780090174089 19.0212925375085 -0.704534164009522 0.130811013943209 0.697509835916477 0.658244784999906 0.48778270784367 0.573394909526003 -0.225312180689005 -0.211978259052372 0.138389874441486 0.359320087524187 -0.187641229813511 -0.191149519432512
4.73050568885721 25.2439673365926 19.2113121429714 -0.365676630768081 -0.475003998200888 0.800407199243284 0.812056832131395 0.257391974435497 0.523748942096815 -0.601314416021319 0.154549518634766 0.408514983754714 0.531387920746997 -0.373175440779783 0.0574631467775024
4.87280599396981 25.5364292057312 19.5314491755264 -0.0336540315623896 -0.889317086412628 0.456050882476383 0.737376353739948 0.285926450062004 0.611982074236067 0.69872456105188 -0.435318628521121 0.225156731579288 0.0655546541406621 -0.132063905953814 0.519569313149988
5.12286524781539 25.6141909654321 19.9669619764691 0.163081245580969 -0.985911379494451 0.0371906070163789 0.593611306677289 0.128159705649626 0.794481334448805 0.0398959684422461 -0.463333828981734 -0.121684367983756 0.0777021250587863 0.165806779699679 -0.494120590455529
5.20695429510001 25.561392429763 20.4144203704005 0.629351771083484 -0.674812692137968 -0.385414140401608 0.696669020336797 0.270168107126602 0.664576068550235 0.262316884386213 -0.188609929756569 -0.181180007345877 0.647192573884396 0.0563819942732217 -0.0190624978271543
5.41411147879101 25.4347792526575 20.7958784337753 0.715767928137424 -0.165825471198175 -0.678364258504054 0.696480081638973 0.0986979793858971 0.710755997551836 -0.110040102537425 0.287620071825866 -0.259518954152562 0.255089861582341 0.0945229764339032 -0.0280337411973494
5.75176801629085 25.2859573071743 21.1077453156589 0.562353273677617 0.42783316361334 -0.707613920717321 0.737931642737879 0.126478264075052 0.662917809311035 0.291162165381387 0.0851016660695715 -0.262306123879452 0.462645527992117 0.100466227105107 -0.0756973899219951
6.20393102419674 25.2036814256782 21.240296587267 0.0722767508940043 0.908146339958948 -0.412366558063078 0.822651953840241 0.179487366327431 0.539470048749814 0.303764599125476 0.231305496781071 -0.102950839557015 0.422553815106094 0.348731064169431 0.364987707919442
6.69433356611161 25.2521205614007 21.2595842217346 -0.418625348720198 0.871672205817822 0.254833818187706 0.853629082663908 0.281910605962008 0.437999646246773 0.296412764331934 0.158925484917979 -0.429947188406797 0.50002392475599 -0.241557615173449 0.75552767103473
9.02419081724988 24.0577552795596 20.2440356927517 -0.664799686157796 0.601202192659894 0.443392808328972 0.676909140880652 0.23376194696401 0.697960778269028 7.86798835181001 -5.7889899018825 -4.55873397881714 0.0258909233898509 0.0737171642861602 0.338083203824119
7.46385238317722 25.8125809617836 21.3330100656255 -0.580029422475104 -0.015688125404851 0.814444372878138 0.711471224001089 0.477148859539219 0.515885212653396 -0.194580170148799 0.309417705539616 -0.224957415064535 0.624102647942955 -0.259811394169301 0.0946923112843275
7.60270901787104 26.1246997807477 21.8020413668562 -0.610988374202164 -0.344564925767784 0.712718809606714 0.624171621170872 0.344094773358495 0.701433145057711 -0.165601666908247 -0.717453938222943 -0.004706573754298 0.500215942569401 0.299167800369489 -0.137506192640178
7.71410980949011 26.4491374015541 22.123158628889 -0.222920986201236 -0.829844628521814 0.511531043425594 0.677500664817608 0.245410720373022 0.6933731378936 0.180459062327562 -0.136280512344648 0.0578281816835422 0.504896917748083 0.116996681739811 -0.195974713920414
7.80453414674543 26.5830783425542 22.6051208386996 0.185886078322787 -0.979029705197869 0.0833491713490766 0.58801951567535 0.178803028093524 0.788836111155662 0.219955836961155 -0.292346670627373 -0.283940638115258 0.350426288054331 0.172445919401597 -0.000502476524419739
7.77458244342493 26.6129563053225 23.0893428336735 0.693751089028837 -0.573521960615856 -0.435639609807209 0.625361615179535 0.179647374940477 0.75937444873641 0.164609236162543 -0.357653713153024 0.131411315398562 0.513517799709958 -0.344902720314838 -0.0682187039323294
8.11063451684788 26.5037704415816 23.4801818297276 0.57971095073947 -0.224436574178135 -0.783302827033601 0.790928020319276 -0.0760993183402354 0.607158670713332 0.525899130381088 0.20646522705518 -0.263345638620689 0.487892991327595 0.250069811637792 -0.0468389063662757
8.41388430274521 26.2165813359816 23.6868659966257 0.540790551425742 0.551428631538357 -0.635194399936913 0.742253210840983 0.0424323223412213 0.66877466632614 0.070882324409103 0.107426970607231 -0.405460790522729 0.700693869743632 -0.439000281772605 0.0286312698899798
8.8487158355213 26.1526500356793 23.938353603875 0.142612280854645 0.873802239089448 -0.464899198879174 0.815349158088512 0.162570826047822 0.555676490328253 -0.17089222001085 0.112398561826388 -0.119958352727577 0.749305068755763 0.250556471278734 0.0747797656050287
9.32964600208521 26.1772349589913 23.9043503076265 -0.290166707231649 0.956874800126953 0.0139204863344531 0.904853490188534 0.269598320791844 0.32947959946895 0.0902365189043552 0.592028789286362 0.0982118449468636 0.498457881271126 0.148958981382625 0.3174718331362
9.74433607189282 26.4526221223316 23.9686586571502 -0.653505126139561 0.704204591151928 0.277537070303572 0.739103572019832 0.514587627894958 0.43465547163609 0.151737239024051 0.225228236915034 0.118214964006131 0.597162543920017 -0.367049820022309 -0.256306017228415
10.082953142938 26.7515960663671 24.0716307285612 -0.643498881413341 0.0834818601782216 0.760880969853859 0.73693779840664 0.336330869097421 0.586348113417514 0.108316766544671 0.3514648305986 -0.381447961276614 0.374384459291013 0.0961849102494529 0.297941566677519
10.3510355444086 27.0316492089735 24.4025406910937 -0.607479371509737 -0.566692954858123 0.556621765752037 0.561471432631763 0.189344302048863 0.805542330743312 -0.280742842582298 -0.465784176983681 0.343954939509376 0.0487803043191955 0.0471358607222196 0.20627350404123
27.1735887546634 9.15153062635178 7.69408702817014 0.813987562218335 -0.541479640685161 0.210294861555067 0.336908813587193 0.734998726897465 0.588446434130923 0.309661293124961 -0.0321966262352305 -0.367131646427652 -0.00298014522584115 -0.0917527695510931 -0.457708097526162
27.2255594904181 9.32156496919846 8.19382020511612 0.937679612421875 -0.116512279177501 -0.327386184868588 0.342433247212263 0.470113535061793 0.813469497284989 -0.493452340484987 0.120028472122845 -0.0716069160673734 0.426664036356647 0.370678666900751 -0.10027084542241
27.4623489352361 9.3139044243738 8.57005984676468 0.703390138747156 0.481604809669936 -0.522780069377655 0.393956190724076 0.348038587097987 0.850686521156599 -0.193913611027523 0.258687502637414 -0.182959990784741 0.642104149981924 -0.235651667988154 0.270597944163286
27.7812511304741 9.47829298421646 8.93798559869894 0.234353467268654 0.682761714834036 -0.692036685664009 0.587295443550094 0.467844930321496 0.660458234951606 0.0462428078047041 0.303701786211296 -0.144699117344296 0.544283598944437 0.233682854302941 -0.0572855076374115
28.1751976163037 9.65515828556799 9.10656436476693 -0.414678622520378 0.830890499790894 -0.371028972809756 0.540664110499268 0.552937239592132 0.63398944528844 -0.270853246735094 -0.482442231212856 -0.136382870861307 0.409256578320276 -0.282181319864853 0.30412980267264
28.0984358291548 10.0352082931268 9.33864073872467 -0.930870291639411 0.318002440810487 -0.179874485360303 0.134394651136682 0.755861294438181 0.640789873635124 -1.63171724598848 0.391303302411134 0.398139338188466 0.132568737981644 0.823534924585902 0.693474022895698
27.250349306179 11.135164918709 9.76392657414208 -0.810909762418623 0.299832863240027 0.502519146045438 0.522808295043656 0.756976067705402 0.391993120612418 -6.02631701789933 2.74877534499479 0.867896839032139 0.43564965207974 -1.57322884035508 0.392349067181845
28.1157287335298 11.2384674698673 9.86461212404206 -0.722454869401957 -0.103713164057147 0.683595220112118 0.362671504802144 0.784914433667075 0.502372962048552 -1.84175551476033 1.21802396580182 2.28445883556064 0.23294978415284 -1.62861210341634 -0.354497218851208
28.807880393329 11.7132974551861 9.92097153548737 -0.253548519134548 -0.572592870008163 0.779647635657559 0.168705985885004 0.767457051569087 0.618504524496732 0.922508285359796 0.516794486280396 2.31323353834671 0.272759637079684 -0.368938179652143 0.185050244239655
28.2900250399851 11.6268921953181 10.2074631377077 0.242393753884398 -0.721334876581565 0.648784362593993 0.0711541420699414 0.680143918566117 0.729617175739027 -0.578242038565807 0.540368470741021 -0.0219167879240322 0.405761973694939 0.0850879585857529 -0.480203361226571
28.2498378919116 11.7986146800271 10.6646237117959 0.707419037381531 -0.621352941968228 0.336866019135632 0.196761467372172 0.630899032101879 0.750500645013625 -0.356244510757577 0.212528624638851 0.771370326209504 0.08411059864872 -0.0273155780268316 -0.350959739254507
28.2956262683377 11.9415811066232 11.072577704706 0.935243739162221 -0.145661004293213 -0.322648262009182 0.324311124124946 0.717933370992387 0.615949552385555 -0.141086722182978 -0.00576721310857256 0.595405587048211 -0.0581557245469385 0.105488313450255 -0.0794364333763789
28.703150033391 12.1159780148043 11.3217337089374 0.560111753999434 0.243625689031145 -0.791783574258676 0.53014466383351 0.629024130724828 0.56857291703543 0.617261253635151 0.0911497777845055 0.215318226314367 0.334915005860105 0.54614246691748 0.0695101233273382
29.1347758314452 12.1061112055026 11.5610714116365 0.037970817957627 0.687197875078978 -0.725477209025095 0.370377087923603 0.664612876024783 0.648930211797174 0.46849782104237 -0.103417473044213 -0.301027903728451 0.555778974486325 0.061508795217868 0.312106347636569
29.3123386328045 12.5185922170449 11.8106421454136 -0.462489333399921 0.541988249740887 -0.701678155873228 0.350134233673901 0.838726142782488 0.417066376561309 -0.237582571975214 0.806458825447851 -0.078982879902008 0.642764884471624 0.326554218469779 0.0165645048573084
29.7583468606912 12.7034549652785 11.6734997160117 -0.884099251579564 0.467178337303637 -0.0106206583311683 0.407960789442548 0.782719793332188 0.470018733193206 0.0649254005286255 -0.202637048060466 -0.694710219082502 0.697287776584198 -0.0449804092506367 0.222613676894936
29.9048472171288 13.1966221566139 11.7509231371701 -0.93918344413327 0.038518660082824 0.341248667413366 0.221597319123962 0.827104708617633 0.516519425150339 0.461959863855408 0.512802383122199 -0.619779407881736 0.474352620199139 -0.282587350989247 0.0858219707043823
29.8492883324378 13.6120404009583 11.9915754497912 -0.751753525063437 -0.419694460880217 0.508648285058051 0.0540520017754601 0.729517310809296 0.681823114154515 0.243502867014027 1.1630208635939 1.12098343827976 0.420697616504474 -0.383125990384739 -0.0289405948596691
29.7224541725552 13.9413998875998 12.1731014288141 -0.19679759388927 -0.713088502145818 0.672885856567848 0.141458093162268 0.658475124089833 0.739188745355676 0.106431193419136 0.226002060962007 0.0732536186267033 0.718059080944097 -0.00396390100940139 0.226754483300432
29.457519418054 14.1645284500212 12.5305545616857 0.596736405271895 -0.594456542092687 0.53900553598532 -0.040537760812489 0.648520146710533 0.760117228588568 0.149281792762155 -0.577412835063722 0.0269218750331462 0.243020761534116 -0.118617230092629 0.348989664551629
29.4223897998 14.3368833481363 12.9889918355299 0.864036132132762 -0.487695046799197 0.124879882500819 0.246964142144867 0.626775928437292 0.739026744687471 0.489492006029744 -0.2937804335401 0.120682919725361 0.431951633107604 -0.059642804663682 0.154502772621693
29.6783695390165 14.5923385248927 13.4818141985926 0.904110449507033 -0.328102925919845 -0.27373828467417 0.409439940212163 0.481939146159357 0.774657008493558 0.692060913180015 -0.172534372755533 -0.331520366675693 0.658156210063649 0.375100202276166 -0.338877334194911
29.7929857659844 14.47388348649 13.9034852169351 0.704719937408586 0.617933324053174 -0.348608804493731 0.119414531282603 0.381037957126443 0.916815210265019 0.36745512773946 0.530217048101778 -0.107433318609379 0.543141912876777 -0.655407281106059 0.34579098347996
30.0090848416352 14.6863922982105 14.3468056856369 0.223283041324997 0.76904029468154 -0.59893371040363 0.265727804847734 0.543150494781371 0.796477340983581 0.378814661451029 0.384604212360612 0.398568879071488 0.0787923638692126 -0.377106264623042 0.0301551693145849
30.3061077371053 14.9474673762302 14.7313167362972 -0.435548031078848 0.671919077153123 -0.599017985780635 0.355677675802136 0.739762696595528 0.571178104264438 -0.341204305727585 0.938632085113455 0.237551402008711 -0.0333164544799952 0.193786929212924 0.243807496867811
30.3795717745691 15.5719969791954 14.911265715856 -0.982415359164825 0.185529858510286 -0.0209435064014312 0.127849994899169 0.75021925069532 0.648710517474486 -1.0721381142632 1.21268476070323 0.325292704384588 0.119224254297163 0.424325756785039 0.591068871031691
