
#id1 id2 FENE BEXC STCK NEXC HB CRSTCK CXSTCK total, t = 100
0 1 0.103071 0 -0.966863 0 0 0 0 -0.863791
1 2 0.385551 0 -1.26452 0 0 0 0 -0.878965
2 3 0.258341 0 -1.14605 0 0 0 0 -0.887706
3 4 0.056648 0 -1.31107 0 0 0 0 -1.25442
4 5 8.03615e-08 0 -1.3698 0 0 0 0 -1.3698
5 6 0.059199 0 -1.04405 0 0 0 0 -0.984856
6 7 0.0767237 0 -1.36235 0 0 0 0 -1.28563
7 8 0.154291 0 -1.09951 0 0 0 0 -0.945218
8 9 0.0494952 0 -1.30397 0 0 0 0 -1.25447
9 10 0.0944011 0 -1.26143 0 0 0 0 -1.16703
10 11 0.0925499 0 -0.838737 0 0 0 0 -0.746187
11 12 0.55613 0 -1.2824 0 0 0 0 -0.72627
12 13 0.104641 0 -0.209871 0 0 0 0 -0.10523
13 14 0.111676 0 -1.0586 0 0 0 0 -0.946919
14 15 0.125753 0 -1.40826 0 0 0 0 -1.28251
15 16 0.286235 0 -1.2096 0 0 0 0 -0.923366
16 17 0.0370762 0 -1.27342 0 0 0 0 -1.23635
17 18 0.047827 0 -1.34787 0 0 0 0 -1.30004
18 19 0.192503 0 -1.06859 0 0 0 0 -0.876089
19 20 0.138133 0 -1.35444 0 0 0 0 -1.21631
20 21 0.075313 0 -1.12911 0 0 0 0 -1.05379
21 22 0.224616 0 -1.28797 0 0 0 0 -1.06335
22 23 0.0478528 0 -0.783199 0 0 0 0 -0.735346
23 24 0.0159706 0 -1.04885 0 0 0 0 -1.03288
25 26 0.0324751 0 -1.33287 0 0 0 0 -1.30039
26 27 0.0426142 0 -1.34657 0 0 0 0 -1.30395
27 28 0.149128 0 -1.09078 0 0 0 0 -0.94165
28 29 0.292085 0 -1.21852 0 0 0 0 -0.926433
29 30 0.192741 0 -1.23796 0 0 0 0 -1.04522
30 31 0.237069 0 -1.17583 0 0 0 0 -0.938766
31 32 0.185638 0 -1.31434 0 0 0 0 -1.1287
32 33 0.31014 0 -1.28982 0 0 0 0 -0.979677
33 34 0.214075 0 -1.41689 0 0 0 0 -1.20282
34 35 0.0383123 0 -1.34624 0 0 0 0 -1.30793
35 36 0.00626226 0 -1.30627 0 0 0 0 -1.30001
36 37 2.0542 0 0 0 0 0 0 2.0542
37 38 2.00489 0 0 0 0 0 0 2.00489
38 39 0.0593607 0 -0.613839 0 0 0 0 -0.554479
39 40 0.156535 0 -1.36742 0 0 0 0 -1.21088
40 41 0.075149 0 -1.35865 0 0 0 0 -1.2835
41 42 0.00179015 0 -1.1159 0 0 0 0 -1.11411
42 43 0.0471612 0 -1.16466 0 0 0 0 -1.1175
43 44 0.0580454 0 -1.38747 0 0 0 0 -1.32942
44 45 0.180173 0 -1.27948 0 0 0 0 -1.09931
45 46 0.0605785 0 -1.14779 0 0 0 0 -1.08721
46 47 0.0981877 0 -1.15424 0 0 0 0 -1.05605
47 48 0.192896 0 -1.10224 0 0 0 0 -0.909343
48 49 0.0117425 0 -1.1585 0 0 0 0 -1.14675
50 51 0.0229909 0 -1.00231 0 0 0 0 -0.979317
51 52 0.349212 0 -1.37961 0 0 0 0 -1.0304
52 53 0.105675 0 -1.14396 0 0 0 0 -1.03828
53 54 0.129812 0 -1.37007 0 0 0 0 -1.24026
54 55 0.3247 0 -0 0 0 0 0 0.3247
55 56 1.31807 0 0 0 0 0 0 1.31807
56 57 0.25766 0 -3.00009e-06 0 0 0 0 0.257657
57 58 0.109105 0 -9.64693e-05 0 0 0 0 0.109009
58 59 0.0263218 0 -0 0 0 0 0 0.0263218
59 60 0.23501 0 -1.23787 0 0 0 0 -1.00286
60 61 0.101178 0 -1.16964 0 0 0 0 -1.06846
61 62 0.0313926 0 -0.85047 0 0 0 0 -0.819077
62 63 0.044368 0 -1.06745 0 0 0 0 -1.02309
63 64 0.186332 0 -0.912285 0 0 0 0 -0.725952
64 65 0.00569596 0 -0.529727 0 0 0 0 -0.524031
65 66 0.0675979 0 -1.33536 0 0 0 0 -1.26776
66 67 0.240519 0 -1.16571 0 0 0 0 -0.925187
67 68 0.485534 0 -1.05565 0 0 0 0 -0.570112
68 69 0.005426 0 -1.36127 0 0 0 0 -1.35584
69 70 0.172271 0 -1.19508 0 0 0 0 -1.02281
70 71 0.0160686 0 -0.779095 0 0 0 0 -0.763026
71 72 0.0468535 0 -1.03392 0 0 0 0 -0.987062
72 73 0.0509863 0 -1.15347 0 0 0 0 -1.10248
73 74 0.00144461 0 -0.969201 0 0 0 0 -0.967757
74 75 0.255252 0 -0.397007 0 0 0 0 -0.141755
#Total energy per particle is  -0.80107 and should be -0.8010710

