t = 0
b =  30.0 30.0 30.0
E = 0. 0. 0.
25.1942741922 19.7935587679 13.2257818208 0.25024610816 -0.867497230472 0.429913294136 0.737515219383 0.458482184155 0.495848150134 0.0 0.0 0.0 0.0 0.0 0.0
25.2895692202 19.9412812061 13.7335042262 0.570514457479 -0.815869085562 -0.0941853971297 0.737515219383 0.458482184155 0.495848150134 0.0 0.0 0.0 0.0 0.0 0.0
25.5149130368 19.9030262606 14.2197570675 0.674034825908 -0.454278634443 -0.58250148133 0.737515219383 0.458482184155 0.495848150134 0.0 0.0 0.0 0.0 0.0 0.0
25.8939031131 19.761218486 14.5732286777 0.521478094714 0.0798998650342 -0.849515513867 0.737515219383 0.458482184155 0.495848150134 0.0 0.0 0.0 0.0 0.0 0.0
26.3917641375 19.6376238882 14.7330531998 0.170803116689 0.58372306993 -0.793784399545 0.737515219383 0.458482184155 0.495848150134 0.0 0.0 0.0 0.0 0.0 0.0
26.9285597378 19.6470889825 14.7119345431 -0.244762821042 0.865780121231 -0.436481320468 0.737515219383 0.458482184155 0.495848150134 0.0 0.0 0.0 0.0 0.0 0.0
27.4095616453 19.8539086827 14.5913199556 -0.567339270843 0.818912829404 0.0866483098337 0.737515219383 0.458482184155 0.495848150134 0.0 0.0 0.0 0.0 0.0 0.0
27.7612385481 20.2473995882 14.4904568531 -0.674374046244 0.460926862194 0.576858798547 0.737515219383 0.458482184155 0.495848150134 0.0 0.0 0.0 0.0 0.0 0.0
27.9591918659 20.7459587864 14.5210887318 -0.525202846544 -0.0721729262495 0.847910985127 0.737515219383 0.458482184155 0.495848150134 0.0 0.0 0.0 0.0 0.0 0.0
28.0374251783 21.2280661638 14.7450019463 -0.176498304518 -0.577853013344 0.796827612142 0.737515219383 0.458482184155 0.495848150134 0.0 0.0 0.0 0.0 0.0 0.0
28.0754256966 21.5784519286 15.1505520401 0.239260894288 -0.863997079482 0.443016107057 0.737515219383 0.458482184155 0.495848150134 0.0 0.0 0.0 0.0 0.0 0.0
28.1679657433 21.7318895319 15.6570876694 0.564120879125 -0.821894209864 -0.0791046239334 0.737515219383 0.458482184155 0.495848150134 0.0 0.0 0.0 0.0 0.0 0.0
28.3890971622 21.6979763243 16.1455913972 0.674661910385 -0.46753998858 -0.571172185732 0.737515219383 0.458482184155 0.495848150134 0.0 0.0 0.0 0.0 0.0 0.0
28.7640177848 21.5574873615 16.5038964073 0.528887602144 0.064440491217 -0.846241884682 0.737515219383 0.458482184155 0.495848150134 0.0 0.0 0.0 0.0 0.0 0.0
29.2594983529 21.4316876108 16.6693005531 0.182180051319 0.571938951013 -0.799810143231 0.737515219383 0.458482184155 0.495848150134 0.0 0.0 0.0 0.0 0.0 0.0
29.7965068694 21.4362613619 16.6523879516 -0.23374074689 0.86214824101 -0.449517156254 0.737515219383 0.458482184155 0.495848150134 0.0 0.0 0.0 0.0 0.0 0.0
30.2802341753 21.6373618317 16.5330079002 -0.560859527418 0.824812999897 0.0715549139097 0.737515219383 0.458482184155 0.495848150134 0.0 0.0 0.0 0.0 0.0 0.0
30.6361135343 22.0264784507 16.4299387937 -0.674898396409 0.474117509986 0.565442075945 0.737515219383 0.458482184155 0.495848150134 0.0 0.0 0.0 0.0 0.0 0.0
30.8381497826 22.5236701711 16.4557622262 -0.532532080905 -0.0567031487916 0.844508339642 0.737515219383 0.458482184155 0.495848150134 0.0 0.0 0.0 0.0 0.0 0.0
30.9187953263 23.007936407 16.6740913613 -0.187847924403 -0.565981333317 0.802731765682 0.737515219383 0.458482184155 0.495848150134 0.0 0.0 0.0 0.0 0.0 0.0
30.9566209298 23.3631871801 17.0754032276 0.228202799229 -0.860233746612 0.45598397298 0.737515219383 0.458482184155 0.495848150134 0.0 0.0 0.0 0.0 0.0 0.0
31.0464653685 23.5223476436 17.5806566549 0.557555464087 -0.827668977227 -0.0639997547024 0.737515219383 0.458482184155 0.495848150134 0.0 0.0 0.0 0.0 0.0 0.0
31.2634045927 23.4928409377 18.0713213361 0.675083486308 -0.480658925507 -0.559668905554 0.737515219383 0.458482184155 0.495848150134 0.0 0.0 0.0 0.0 0.0 0.0
31.634229119 23.3537680146 18.4344094727 0.536136005287 0.0489614882019 -0.842710482021 0.737515219383 0.458482184155 0.495848150134 0.0 0.0 0.0 0.0 0.0 0.0
32.1272658645 23.2258558642 18.6054017284 0.193501492141 0.559980613951 -0.805592257 0.737515219383 0.458482184155 0.495848150134 0.0 0.0 0.0 0.0 0.0 0.0
3.4323209612 24.1134070327 18.684477315 0.12978590743 0.884865535834 -0.44740205825 0.6948273752 0.240737186691 0.6776876313 0.0 0.0 0.0 0.0 0.0 0.0
3.96680009936 24.1677752668 18.692303432 -0.309649486861 0.950635834251 -0.020216476566 0.6948273752 0.240737186691 0.6776876313 0.0 0.0 0.0 0.0 0.0 0.0
4.43069462724 24.4388409693 18.6955212026 -0.631443864031 0.655243685453 0.414649682567 0.6948273752 0.240737186691 0.6776876313 0.0 0.0 0.0 0.0 0.0 0.0
4.75065150645 24.8592694905 18.7932583814 -0.713342160077 0.110913505461 0.691983494719 0.6948273752 0.240737186691 0.6776876313 0.0 0.0 0.0 0.0 0.0 0.0
4.90800201782 25.3049807488 19.0487332195 -0.524229843064 -0.475554569631 0.706421207881 0.6948273752 0.240737186691 0.6776876313 0.0 0.0 0.0 0.0 0.0 0.0
4.94585431997 25.642289328 19.4652367943 -0.135953844017 -0.881351512871 0.452477693436 0.6948273752 0.240737186691 0.6776876313 0.0 0.0 0.0 0.0 0.0 0.0
4.9527159391 25.7786938021 19.9848826735 0.3039732934 -0.95230828096 0.026630338231 0.6948273752 0.240737186691 0.6776876313 0.0 0.0 0.0 0.0 0.0 0.0
5.02886828003 25.6980195735 20.5105989391 0.628415894492 -0.661467211367 -0.409334327703 0.6948273752 0.240737186691 0.6776876313 0.0 0.0 0.0 0.0 0.0 0.0
5.24826804388 25.4665638733 20.9430074318 0.714112790713 -0.119323689034 -0.689786038838 0.6948273752 0.240737186691 0.6776876313 0.0 0.0 0.0 0.0 0.0 0.0
5.63044984084 25.2079083345 21.2181791753 0.528506298412 0.468152897749 -0.708176501211 0.6948273752 0.240737186691 0.6776876313 0.0 0.0 0.0 0.0 0.0 0.0
6.13310466515 25.0559682634 21.3319220631 0.142111427191 0.877770371578 -0.457518870694 0.6948273752 0.240737186691 0.6776876313 0.0 0.0 0.0 0.0 0.0 0.0
6.66815379376 25.1041159762 21.3413735098 -0.298273951196 0.953908205707 -0.0330421718925 0.6948273752 0.240737186691 0.6776876313 0.0 0.0 0.0 0.0 0.0 0.0
7.13521136582 25.3697070944 21.3432929925 -0.62534006865 0.667640363992 0.403987800446 0.6948273752 0.240737186691 0.6776876313 0.0 0.0 0.0 0.0 0.0 0.0
7.45972264954 25.7874868546 21.437301507 -0.714829038895 0.127724785646 0.68753605308 0.6948273752 0.240737186691 0.6776876313 0.0 0.0 0.0 0.0 0.0 0.0
7.62128863136 26.2343814838 21.6880338864 -0.532742505959 -0.460715574212 0.709877864159 0.6948273752 0.240737186691 0.6776876313 0.0 0.0 0.0 0.0 0.0 0.0
7.66141594219 26.5762559833 22.1005829473 -0.14825818803 -0.874122384673 0.462525206118 0.6948273752 0.240737186691 0.6776876313 0.0 0.0 0.0 0.0 0.0 0.0
7.66774779438 26.7188742577 22.6185646435 0.292551894276 -0.95543548665 0.0394514892648 0.6948273752 0.240737186691 0.6776876313 0.0 0.0 0.0 0.0 0.0 0.0
7.74076686009 26.6437009828 23.1455393078 0.62221662074 -0.673762673219 -0.398610507954 0.6948273752 0.240737186691 0.6776876313 0.0 0.0 0.0 0.0 0.0 0.0
7.95562022406 26.4149434854 23.5816506944 0.715490850078 -0.136116155521 -0.685233708789 0.6948273752 0.240737186691 0.6776876313 0.0 0.0 0.0 0.0 0.0 0.0
8.33356974983 26.1551583061 23.8615630355 0.536938143102 0.453243165401 -0.711525167158 0.6948273752 0.240737186691 0.6776876313 0.0 0.0 0.0 0.0 0.0 0.0
8.83391434221 25.9986899206 23.9792831923 0.154393658435 0.870407829965 -0.467496318458 0.6948273752 0.240737186691 0.6776876313 0.0 0.0 0.0 0.0 0.0 0.0
9.36945297389 26.0406310273 23.9904375487 -0.286807558396 0.956890007482 -0.0458578022534 0.6948273752 0.240737186691 0.6776876313 0.0 0.0 0.0 0.0 0.0 0.0
9.83961381361 26.3006952413 23.9911386175 -0.619045788626 0.67983367281 0.393202859729 0.6948273752 0.240737186691 0.6776876313 0.0 0.0 0.0 0.0 0.0 0.0
10.1686631463 26.7157275625 24.0814702907 -0.716098173863 0.144497159624 0.682879181298 0.6948273752 0.240737186691 0.6776876313 0.0 0.0 0.0 0.0 0.0 0.0
10.3344778778 27.1636980157 24.3274642946 -0.541092890326 -0.445736240367 0.713118284762 0.6948273752 0.240737186691 0.6776876313 0.0 0.0 0.0 0.0 0.0 0.0
27.1335425544 9.24218182659 7.6683537306 0.851933822972 -0.499892651811 0.155936198303 0.267784740318 0.67180294896 0.690631689558 0.0 0.0 0.0 0.0 0.0 0.0
27.1766936971 9.25473837704 8.2037651743 0.95396949337 -0.08441384343 -0.287778575917 0.267784740318 0.67180294896 0.690631689558 0.0 0.0 0.0 0.0 0.0 0.0
27.4373022158 9.24805278921 8.67357748256 0.693576203717 0.363135195394 -0.622161457745 0.267784740318 0.67180294896 0.690631689558 0.0 0.0 0.0 0.0 0.0 0.0
27.856011452 9.32414388061 9.00156806695 0.169681718296 0.672723102191 -0.720174799791 0.267784740318 0.67180294896 0.690631689558 0.0 0.0 0.0 0.0 0.0 0.0
28.3133996412 9.55358222431 9.16539478307 -0.418677688832 0.726732255136 -0.544581694716 0.267784740318 0.67180294896 0.690631689558 0.0 0.0 0.0 0.0 0.0 0.0
28.6753502381 9.94867920844 9.20508408475 -0.847974442056 0.504643674039 -0.162092898898 0.267784740318 0.67180294896 0.690631689558 0.0 0.0 0.0 0.0 0.0 0.0
28.8440050343 10.4588097339 9.20782430502 -0.955111527366 0.0908325239819 0.28197769926 0.267784740318 0.67180294896 0.690631689558 0.0 0.0 0.0 0.0 0.0 0.0
28.7949421277 10.9896455362 9.27484135071 -0.699385774816 -0.357487420574 0.618920255054 0.267784740318 0.67180294896 0.690631689558 0.0 0.0 0.0 0.0 0.0 0.0
28.5864542117 11.4389920696 9.48294128801 -0.177951673307 -0.669991917183 0.720724658157 0.267784740318 0.67180294896 0.690631689558 0.0 0.0 0.0 0.0 0.0 0.0
28.3374022062 11.7356139244 9.85533043382 0.411089244084 -0.727955282787 0.548713713753 0.267784740318 0.67180294896 0.690631689558 0.0 0.0 0.0 0.0 0.0 0.0
28.1820580069 11.8662983496 10.3527988879 0.843950484603 -0.509356265697 0.16823725549 0.267784740318 0.67180294896 0.690631689558 0.0 0.0 0.0 0.0 0.0 0.0
28.219092347 11.8808749981 10.8886170297 0.956180825921 -0.0972442872853 -0.27615534891 0.267784740318 0.67180294896 0.690631689558 0.0 0.0 0.0 0.0 0.0 0.0
28.4740881365 11.8732848081 11.3614855511 0.705142084981 0.351812421703 -0.615631919189 0.267784740318 0.67180294896 0.690631689558 0.0 0.0 0.0 0.0 0.0 0.0
28.8898210865 11.9458902708 11.6940207571 0.18620807661 0.667209709697 -0.721219630551 0.267784740318 0.67180294896 0.690631689558 0.0 0.0 0.0 0.0 0.0 0.0
29.3480001734 12.1705862078 11.8621539256 -0.403469493298 0.729122873825 -0.552803946117 0.267784740318 0.67180294896 0.690631689558 0.0 0.0 0.0 0.0 0.0 0.0
29.7142083766 12.5614857268 11.9042754172 -0.839862257052 0.514030067903 -0.174368800164 0.267784740318 0.67180294896 0.690631689558 0.0 0.0 0.0 0.0 0.0 0.0
29.8889699519 13.069558416 11.9066495353 -0.957177307604 0.10364864506 0.270311968261 0.267784740318 0.67180294896 0.690631689558 0.0 0.0 0.0 0.0 0.0 0.0
29.8455429298 13.6012578171 11.9706412751 -0.710844695846 -0.346110630954 0.61229670057 0.267784740318 0.67180294896 0.690631689558 0.0 0.0 0.0 0.0 0.0 0.0
29.6400788369 14.054061289 12.174206067 -0.194450299446 -0.664376691608 0.721659679277 0.267784740318 0.67180294896 0.690631689558 0.0 0.0 0.0 0.0 0.0 0.0
29.3902897921 14.3554200731 12.5422732055 0.395819016749 -0.730234939334 0.55685208032 0.267784740318 0.67180294896 0.690631689558 0.0 0.0 0.0 0.0 0.0 0.0
29.2307277046 14.4903217798 13.0372747933 0.83571007074 -0.518664724729 0.180487065979 0.267784740318 0.67180294896 0.690631689558 0.0 0.0 0.0 0.0 0.0 0.0
29.2616657541 14.5069938462 13.5734184134 0.958100896529 -0.110045109589 -0.26444800231 0.267784740318 0.67180294896 0.690631689558 0.0 0.0 0.0 0.0 0.0 0.0
29.5110029331 14.4985811264 14.0492811031 0.716493173135 0.340382482541 -0.608914853186 0.267784740318 0.67180294896 0.690631689558 0.0 0.0 0.0 0.0 0.0 0.0
29.9236647534 14.5677586042 14.3863416329 0.202677714139 0.661493078661 -0.722044770824 0.267784740318 0.67180294896 0.690631689558 0.0 0.0 0.0 0.0 0.0 0.0
30.3825269651 14.7877234501 14.5588120344 -0.388138397048 0.731291394624 -0.560857808081 0.267784740318 0.67180294896 0.690631689558 0.0 0.0 0.0 0.0 0.0 0.0
30.7529130169 15.1743861924 14.6034348809 -0.831494241869 0.523259883229 -0.186591587005 0.267784740318 0.67180294896 0.690631689558 0.0 0.0 0.0 0.0 0.0 0.0
