t = 0
b =  30.0 30.0 30.0
E = 0. 0. 0.
14.8752701224 18.7887669974 13.8012109205 0.127136848384 -0.138150056753 0.982217279222 0.146204866641 0.982046407831 0.119201467424 0.0 0.0 0.0 0.0 0.0 0.0
14.6015891873 19.2009782885 14.0106523189 0.678247117232 -0.187226855634 0.710582122274 0.146204866641 0.982046407831 0.119201467424 0.0 0.0 0.0 0.0 0.0 0.0
14.482514704 19.570511212 14.3820709345 0.971679966557 -0.165173041794 0.168984936775 0.146204866641 0.982046407831 0.119201467424 0.0 0.0 0.0 0.0 0.0 0.0
14.5849346996 19.9023929354 14.7920096717 0.895955350964 -0.0803672278301 -0.436812451483 0.146204866641 0.982046407831 0.119201467424 0.0 0.0 0.0 0.0 0.0 0.0
14.8915877456 20.2159549467 15.1023769969 0.479842317965 0.0349714396545 -0.876657486307 0.146204866641 0.982046407831 0.119201467424 0.0 0.0 0.0 0.0 0.0 0.0
15.3076208632 20.5374886988 15.2129102205 -0.118570834165 0.137023872523 -0.983445685152 0.146204866641 0.982046407831 0.119201467424 0.0 0.0 0.0 0.0 0.0 0.0
15.6966257553 20.8902570469 15.0992669692 -0.671936943996 0.187018645303 -0.716606425873 0.146204866641 0.982046407831 0.119201467424 0.0 0.0 0.0 0.0 0.0 0.0
15.9324626 21.2856563011 14.8222732606 -0.970022974617 0.165961907948 -0.177516404384 0.146204866641 0.982046407831 0.119201467424 0.0 0.0 0.0 0.0 0.0 0.0
15.947182677 21.7188865774 14.504814682 -0.899581059262 0.0818534670276 0.429015067047 0.146204866641 0.982046407831 0.119201467424 0.0 0.0 0.0 0.0 0.0 0.0
15.7568432233 22.1707753542 14.2851501015 -0.4873732593 -0.0333524745332 0.872556541757 0.146204866641 0.982046407831 0.119201467424 0.0 0.0 0.0 0.0 0.0 0.0
15.4554070198 22.6150614333 14.2643848121 0.109995790317 -0.135887253395 0.984599197886 0.146204866641 0.982046407831 0.119201467424 0.0 0.0 0.0 0.0 0.0 0.0
15.1790443601 23.0283720087 14.4680589408 0.66557560016 -0.186796192779 0.722576157117 0.146204866641 0.982046407831 0.119201467424 0.0 0.0 0.0 0.0 0.0 0.0
15.0543996795 23.3991023861 14.8364443273 0.968292111672 -0.16673813546 0.186034353431 0.146204866641 0.982046407831 0.119201467424 0.0 0.0 0.0 0.0 0.0 0.0
15.1504772161 23.7318248003 15.2472362505 0.903138260979 -0.0833334727666 -0.421185011452 0.146204866641 0.982046407831 0.119201467424 0.0 0.0 0.0 0.0 0.0 0.0
15.4524251478 24.0455513467 15.5620190371 0.494867085274 0.0317309694918 -0.868389148647 0.146204866641 0.982046407831 0.119201467424 0.0 0.0 0.0 0.0 0.0 0.0
15.8671780471 24.3665109686 15.6788524899 -0.101412369864 0.134740285927 -0.985677729578 0.146204866641 0.982046407831 0.119201467424 0.0 0.0 0.0 0.0 0.0 0.0
16.2588139936 24.718184643 15.5710006733 -0.659163570166 0.186559515001 -0.72849086139 0.146204866641 0.982046407831 0.119201467424 0.0 0.0 0.0 0.0 0.0 0.0
16.5001935835 25.1123845646 15.2970893419 -0.966487509534 0.167501665217 -0.194538135242 0.146204866641 0.982046407831 0.119201467424 0.0 0.0 0.0 0.0 0.0 0.0
16.5212623151 25.5447664961 14.9788330364 -0.906626685221 0.084807132339 0.413322880989 0.146204866641 0.982046407831 0.119201467424 0.0 0.0 0.0 0.0 0.0 0.0
16.3356654654 25.9964802161 14.7547936947 -0.502323225203 -0.0301070480143 0.864155624342 0.146204866641 0.982046407831 0.119201467424 0.0 0.0 0.0 0.0 0.0 0.0
16.0355640206 26.4413310336 14.7277386547 0.0928212264664 -0.133583057464 0.986681198096 0.146204866641 0.982046407831 0.119201467424 0.0 0.0 0.0 0.0 0.0 0.0
15.7566211774 26.8557315889 14.9255976249 0.652701342313 -0.186308629993 0.734350088263 0.146204866641 0.982046407831 0.119201467424 0.0 0.0 0.0 0.0 0.0 0.0
15.6264616256 27.2276630861 15.2908517208 0.964609305631 -0.168252439074 0.203027102221 0.146204866641 0.982046407831 0.119201467424 0.0 0.0 0.0 0.0 0.0 0.0
15.7161847955 27.5612414346 15.702385851 0.910046066332 -0.08627433352 -0.405429274387 0.146204866641 0.982046407831 0.119201467424 0.0 0.0 0.0 0.0 0.0 0.0
16.0133529948 27.875153546 16.0215023654 0.509741111274 0.0284808337685 -0.85985629124 0.146204866641 0.982046407831 0.119201467424 0.0 0.0 0.0 0.0 0.0 0.0
9.06757129006 11.8039915824 13.7124044471 0.657307939119 -0.638474916957 -0.400369895957 0.753403683083 0.5695050481 0.328704868394 0.0 0.0 0.0 0.0 0.0 0.0
9.44251982745 11.7710541591 14.0958282629 0.521808327768 -0.213626022191 -0.825881342394 0.753403683083 0.5695050481 0.328704868394 0.0 0.0 0.0 0.0 0.0 0.0
9.93641458958 11.6894206773 14.2909924008 0.188065008529 0.292382970041 -0.937626658856 0.753403683083 0.5695050481 0.328704868394 0.0 0.0 0.0 0.0 0.0 0.0
10.4731787763 11.6744359027 14.2724245123 -0.21712735173 0.687310783573 -0.693151931336 0.753403683083 0.5695050481 0.328704868394 0.0 0.0 0.0 0.0 0.0 0.0
10.9604487764 11.8161236429 14.0958526192 -0.539829400891 0.821117739201 -0.18533719622 0.753403683083 0.5695050481 0.328704868394 0.0 0.0 0.0 0.0 0.0 0.0
11.3246646476 12.1449851976 13.8770331064 -0.657441235187 0.642968337351 0.392890238413 0.753403683083 0.5695050481 0.328704868394 0.0 0.0 0.0 0.0 0.0 0.0
11.5390167685 12.620411405 13.7477729359 -0.525280152404 0.220544514283 0.821852102698 0.753403683083 0.5695050481 0.328704868394 0.0 0.0 0.0 0.0 0.0 0.0
11.6336312621 13.1461107414 13.805853978 -0.193556357507 -0.285667857068 0.938578612534 0.753403683083 0.5695050481 0.328704868394 0.0 0.0 0.0 0.0 0.0 0.0
11.684124578 13.6066920807 14.0778840443 0.211702733696 -0.683350233407 0.698723415271 0.753403683083 0.5695050481 0.328704868394 0.0 0.0 0.0 0.0 0.0 0.0
11.7828755387 13.9115037129 14.5091881352 0.536532416888 -0.821416431068 0.193411510514 0.753403683083 0.5695050481 0.328704868394 0.0 0.0 0.0 0.0 0.0 0.0
12.0039290806 14.0290734437 14.9845803859 0.65752446456 -0.647412793217 -0.385380660756 0.753403683083 0.5695050481 0.328704868394 0.0 0.0 0.0 0.0 0.0 0.0
12.374865345 13.999065408 15.372125103 0.528711974923 -0.227446211057 -0.817760275783 0.753403683083 0.5695050481 0.328704868394 0.0 0.0 0.0 0.0 0.0 0.0
12.8663215207 13.9172110013 15.5732613394 0.19903296642 0.278930989381 -0.939459089818 0.753403683083 0.5695050481 0.328704868394 0.0 0.0 0.0 0.0 0.0 0.0
13.4031472673 13.8989389224 15.5602478467 -0.20626199368 0.679337643476 -0.704241688712 0.753403683083 0.5695050481 0.328704868394 0.0 0.0 0.0 0.0 0.0 0.0
13.892955586 14.0355218807 15.3867024389 -0.533194573864 0.821652568894 -0.201471095772 0.753403683083 0.5695050481 0.328704868394 0.0 0.0 0.0 0.0 0.0 0.0
14.2612221848 14.3594005679 15.1672316886 -0.657557620899 0.651807946091 0.37784173487 0.753403683083 0.5695050481 0.328704868394 0.0 0.0 0.0 0.0 0.0 0.0
14.4795985033 14.831858897 15.0338899735 -0.532103533978 0.234330586921 0.813606173257 0.753403683083 0.5695050481 0.328704868394 0.0 0.0 0.0 0.0 0.0 0.0
14.5766818044 15.3577328907 15.0860098113 -0.204494418201 -0.272172880019 0.940268023654 0.753403683083 0.5695050481 0.328704868394 0.0 0.0 0.0 0.0 0.0 0.0
14.6271505964 15.8215650679 15.3524637746 0.200805546014 -0.675273319353 0.709706331422 0.753403683083 0.5695050481 0.328704868394 0.0 0.0 0.0 0.0 0.0 0.0
14.723393019 16.1314686706 15.7806953185 0.529816126009 -0.821826134696 0.209515338226 0.753403683083 0.5695050481 0.328704868394 0.0 0.0 0.0 0.0 0.0 0.0
14.9404070442 16.2540369801 16.2566858904 0.65754070168 -0.656153461268 -0.370274034872 0.753403683083 0.5695050481 0.328704868394 0.0 0.0 0.0 0.0 0.0 0.0
15.307307493 16.2270350875 16.6482724844 0.535454571288 -0.241197117603 -0.80939011147 0.753403683083 0.5695050481 0.328704868394 0.0 0.0 0.0 0.0 0.0 0.0
15.7962648282 16.1450523043 16.8553585769 0.209940296941 0.265394043639 -0.94100535244 0.753403683083 0.5695050481 0.328704868394 0.0 0.0 0.0 0.0 0.0 0.0
16.3330780607 16.1235661017 16.8479424698 -0.195333806228 0.671157570552 -0.715116927247 0.753403683083 0.5695050481 0.328704868394 0.0 0.0 0.0 0.0 0.0 0.0
16.8253649459 16.2550702885 16.6775154367 -0.526397330605 0.821937115255 -0.217543625276 0.753403683083 0.5695050481 0.328704868394 0.0 0.0 0.0 0.0 0.0 0.0
12.2078551779 16.2742599454 5.93183148478 -0.565205162638 0.672213636038 0.478196561732 0.650226649307 0.00627577413353 0.759714366845 0.0 0.0 0.0 0.0 0.0 0.0
12.5754870899 16.6137872186 6.12741550799 -0.755534690382 0.110411620004 0.645737257557 0.650226649307 0.00627577413353 0.759714366845 0.0 0.0 0.0 0.0 0.0 0.0
12.7708948454 16.9784828242 6.47019535938 -0.658823957383 -0.493337616453 0.567951573085 0.650226649307 0.00627577413353 0.759714366845 0.0 0.0 0.0 0.0 0.0 0.0
12.8161236591 17.2307221045 6.94243978972 -0.311814988026 -0.909659644255 0.274391590354 0.650226649307 0.00627577413353 0.759714366845 0.0 0.0 0.0 0.0 0.0 0.0
12.7902742364 17.2756044403 7.47723179172 0.153657708551 -0.980386764506 -0.123414345135 0.650226649307 0.00627577413353 0.759714366845 0.0 0.0 0.0 0.0 0.0 0.0
12.7994510933 17.0970075823 7.98389148986 0.56075327263 -0.678648561728 -0.47433310753 0.650226649307 0.00627577413353 0.759714366845 0.0 0.0 0.0 0.0 0.0 0.0
12.9364516763 16.7637127632 8.38242694122 0.754809293142 -0.119080423952 -0.645044791947 0.650226649307 0.00627577413353 0.759714366845 0.0 0.0 0.0 0.0 0.0 0.0
13.2455110614 16.4032735578 8.63392441195 0.662100643451 0.485728357803 -0.57069317533 0.650226649307 0.00627577413353 0.759714366845 0.0 0.0 0.0 0.0 0.0 0.0
13.7054963091 16.1535561469 8.75533235541 0.31784888958 0.906000815483 -0.279525679924 0.650226649307 0.00627577413353 0.759714366845 0.0 0.0 0.0 0.0 0.0 0.0
14.2379352211 16.1103616503 8.81302241134 -0.147158971592 0.982068415835 0.117838294705 0.650226649307 0.00627577413353 0.759714366845 0.0 0.0 0.0 0.0 0.0 0.0
14.7368292409 16.29102968 8.89757371025 -0.556258679089 0.685031805703 0.470433531025 0.650226649307 0.00627577413353 0.759714366845 0.0 0.0 0.0 0.0 0.0 0.0
15.1089240773 16.6278507314 9.08936034737 -0.754026414252 0.127740159464 0.644303203679 0.650226649307 0.00627577413353 0.759714366845 0.0 0.0 0.0 0.0 0.0 0.0
15.3091385689 16.9937901562 9.42801592003 -0.66532690799 -0.478082109058 0.57339131708 0.650226649307 0.00627577413353 0.759714366845 0.0 0.0 0.0 0.0 0.0 0.0
15.3576917708 17.2507507491 9.89737606147 -0.323858585711 -0.902272991241 0.284638482531 0.650226649307 0.00627577413353 0.759714366845 0.0 0.0 0.0 0.0 0.0 0.0
15.332421398 17.3020381853 10.4316195539 0.140649027907 -0.983675278853 -0.112253270433 0.650226649307 0.00627577413353 0.759714366845 0.0 0.0 0.0 0.0 0.0 0.0
15.3392119755 17.1290968108 10.9402749099 0.551721724297 -0.691362881854 -0.466498129185 0.650226649307 0.00627577413353 0.759714366845 0.0 0.0 0.0 0.0 0.0 0.0
15.4717675374 16.7985592456 11.3425920026 0.753186113331 -0.136390167068 -0.643512549227 0.650226649307 0.00627577413353 0.759714366845 0.0 0.0 0.0 0.0 0.0 0.0
15.7760118975 16.4369315374 11.5982203895 0.66850250531 0.470399452509 -0.576045792862 0.650226649307 0.00627577413353 0.759714366845 0.0 0.0 0.0 0.0 0.0 0.0
16.2326414247 16.1825313993 11.7225391198 0.329843618756 0.898476455418 -0.289729608816 0.650226649307 0.00627577413353 0.759714366845 0.0 0.0 0.0 0.0 0.0 0.0
16.7644588153 16.1329389975 11.7808139766 -0.134128373254 0.985207231189 0.10665969764 0.650226649307 0.00627577413353 0.759714366845 0.0 0.0 0.0 0.0 0.0 0.0
17.2657016389 16.3079246151 11.8634019149 -0.547142753759 0.697641308045 0.462527201707 0.650226649307 0.00627577413353 0.759714366845 0.0 0.0 0.0 0.0 0.0 0.0
17.6422232546 16.6419375907 12.0514229433 -0.752288454371 0.145029788033 0.642672888803 0.650226649307 0.00627577413353 0.759714366845 0.0 0.0 0.0 0.0 0.0 0.0
17.8472606934 17.0090101111 12.385941277 -0.671627193576 -0.462680973221 0.578656400526 0.650226649307 0.00627577413353 0.759714366845 0.0 0.0 0.0 0.0 0.0 0.0
17.8992006923 17.2706144891 12.8523643554 -0.335803532933 -0.894611497135 0.294798671069 0.650226649307 0.00627577413353 0.759714366845 0.0 0.0 0.0 0.0 0.0 0.0
17.8745942654 17.3282921482 13.3859868001 0.127597504206 -0.986664156181 -0.101058002298 0.650226649307 0.00627577413353 0.759714366845 0.0 0.0 0.0 0.0 0.0 0.0
17.8790736935 17.1610596818 13.89657307 0.542522116181 -0.703866606149 -0.458521050992 0.650226649307 0.00627577413353 0.759714366845 0.0 0.0 0.0 0.0 0.0 0.0
