t = 100
b = 30 30 30
E = -0.733192520857595 -0.921951632145835 0.18875911128824
24.918212747274 23.6416562833628 13.9527528287027 0.871309491647104 0.274920133707348 -0.406495488680213 0.261760260091303 0.440291114421404 0.858851082343041 0.28111261104629 0.516131830830792 0.112800141139894 -0.0899653251605762 0.576736738134028 -0.712170016585616
25.2130330152551 23.639190635519 14.3190228977234 0.215704231046141 0.861083820848255 -0.460441330731259 0.21874568561954 0.416945249265129 0.88221701815982 0.232472306052963 -0.186092933254191 0.296317845819333 0.314778898579126 0.389002980322332 -0.0656042961236236
25.4426151011133 23.9656893211605 14.6132900730662 -0.356603892125084 0.83786115974576 -0.413306450857697 0.149489623048731 0.487863808539459 0.860024209736383 -0.0989419107279582 -0.325822523638801 -0.114703182286885 0.494484163854749 0.529065011385481 -0.0572596705438066
25.7060039501026 24.3008057550733 14.8138515174356 -0.908921809309535 0.416830748646964 -0.0106373754884076 0.161125526538104 0.374643849830881 0.913061023814757 0.0342061512339341 0.478087864307152 0.0594799569506556 0.436614564810032 0.00585526484412056 0.431149931465541
25.6259205197288 24.7007466987847 15.1198358476575 -0.959236302738606 -0.227364911030453 0.167841582548197 0.0766485551713598 0.362335585266716 0.928890630774345 -0.508503602113435 0.150186236292253 0.00896752581676037 0.421375158873619 -0.200004096366204 0.235261526272141
25.4597844849001 24.9422873098175 15.5479388425754 -0.740434463289189 -0.648916121133284 0.175112975263257 -0.135219491627218 0.399024975235982 0.906914904561511 -0.459788156651125 -0.230496493118534 0.322566780801361 0.614470829635886 0.520286323238296 0.255675031393722
25.2107705700031 25.2044075701146 15.7721762547289 0.0258579720519416 -0.839308453181725 0.543040120118711 -0.170569585941069 0.53155151052093 0.829673970649463 -0.176683129547421 -0.450508626164252 -0.181770474289832 0.248826724510093 -0.401461201212648 0.514643039517208
25.0472933900851 25.3585438280893 16.2215288042362 0.541172274925576 -0.788254784336759 0.292893918564495 0.116202203738093 0.415063284387609 0.902341066338473 -0.126383454068352 -0.432365988801339 -0.571272538565225 0.263659433366667 -0.0926828822587257 0.165176118599631
24.9179188647454 25.3034647447764 16.6906894454932 0.926148520963254 -0.377158333100619 -0.000626750180544001 0.076129405349458 0.185314994912219 0.979725751432889 0.268567110176128 0.0977302918822509 -0.149940159089189 0.418350713428689 0.371238262746499 0.417869696469511
24.9327645904524 25.2086129554546 17.0932607116698 0.994420491814563 0.00108305267125573 -0.10548267015803 0.10548810568773 -0.00865602957608384 0.994382836186919 0.215308484142674 0.212997769252359 -0.214252224632436 0.430382630193819 0.340626804649151 -0.117347910550769
25.0585553147169 25.0942526686607 17.5449542297131 0.798916321833138 0.531312429739696 -0.281850482344999 0.22075553210681 0.176871187419923 0.959157684461381 -0.0983325380941152 0.948225865788433 -0.369347131729508 0.614218088837492 0.101835544761671 -0.00211375221302216
25.3266177329207 25.042306452749 17.8469503800695 0.152053072428244 0.986833090918721 -0.0551379662347014 0.174031771281005 0.0281833380745715 0.9843365921575 0.185870020611017 0.317207704756654 -0.275911488789026 0.248266943788794 -0.587471087267964 0.272139417765313
25.5497667810214 25.305705174024 18.2857113449404 -0.480167731478215 0.867523304905616 -0.12977729869369 -0.0624111549579966 0.113785934425933 0.991542986200282 -0.565760797180101 0.47289652806869 -0.132781130555466 0.137985701012484 -0.0785378778920563 0.427341793238448
25.8296572818179 25.4668450576123 18.5888305686611 -0.930144133454272 0.360818219068982 -0.0681321354995281 0.106893533749396 0.443582940144225 0.889835845315779 0.148110325377309 0.742783231994953 -0.702101503558931 0.00209693732680989 -0.00145034230474397 -0.0385561678137383
25.8788238488679 25.6664978693877 18.9022885019465 -0.994620871876184 0.0111744580016686 0.102977347121828 0.095704596807675 0.479417828645744 0.872352601261364 -0.477387223655852 0.0426545520789617 0.159303054021777 0.315878115427627 -0.0868676725572459 -0.0856062326512889
25.8644283006869 25.9944044437886 19.232023002406 -0.799442964071088 -0.58378250154284 0.141735032412106 -0.0383045304789041 0.284988293496696 0.957765272179496 -0.000660532899574203 -0.693452975307171 0.00734767702261277 0.411391636568047 0.08628754565911 -0.0545497862030498
25.630442232287 26.1667032427998 19.5391585640872 -0.0858228372227235 -0.911433063809343 0.402397929756824 -0.126074149533309 0.410576328233902 0.90306825498133 -0.47201116967605 -0.408645181595032 0.0712411274749167 0.473731855237733 -0.247931427815536 0.0138452098219227
25.3552045504827 26.33335419984 19.871260968572 0.416260534074129 -0.846701477708974 0.331396524314872 -0.128166517468213 0.306195461005191 0.943301419177161 0.288203135760126 -0.402121630133584 -0.0481735286854655 0.693982977114196 -0.244503383164829 0.203459666347229
25.0775557178147 26.2456249063089 20.2487749779494 0.902220316803587 -0.346030300484411 0.257412924266882 -0.165383435631913 0.273641190194098 0.947506570496053 0.362634228603827 -0.575738207844703 -0.0263404824413152 0.285801419113101 -0.304962621108563 0.294864364279105
25.0900872083707 26.1320363581578 20.7440578342496 0.965168596032124 0.257947239996745 -0.0437342823440039 -0.0254363791877221 0.258886369611759 0.965572741528638 0.363140740999634 -0.27927311346349 0.0897209385779339 0.332912831880858 -0.117981894261686 0.454978784771219
25.214479537966 26.2639223489995 21.2479480745279 0.811772810557244 0.479428138646473 -0.33342682261299 0.294634214774881 0.156719846236659 0.94267144755371 0.276598071178199 0.567044534591681 0.0140884842223379 0.422803218247716 0.393302674449339 -0.281181176574498
25.5748883450733 26.2425205932934 21.5615080811895 0.242523661679281 0.931733115385869 -0.270287913180093 0.269709130434056 0.202868341596899 0.941329542820033 0.176882595514614 0.777239904280977 0.200620915424587 0.533024981800708 -0.18387188424722 0.127507865062624
25.8559728571453 26.350518918995 22.0397852647648 -0.312722988870129 0.894946073206285 -0.318238494935854 0.0051781589370685 0.336644100626651 0.941617659710867 -0.0646954618021412 0.155269640797984 0.0793919703368444 0.155714867682085 0.208726459138473 0.0628097954705708
26.0540137462476 26.5702015748676 22.4342054976475 -0.804978060724348 0.497572677572548 -0.323158836422176 -0.1167436571519 0.401190881870904 0.908524449650313 0.00597060870372918 0.2275058618551 -0.100018453438543 0.418909791459472 0.00360837028786851 -0.297380231820621
26.1383137690127 27.0441836396596 22.6032806299357 -0.90662767041803 -0.263542817638335 0.329501655644195 0.13380186162009 0.561049147852104 0.81689705960345 -0.858174229854441 0.0772950592061389 -0.391924036442454 0.509910946103902 0.0832577490578784 0.665312038110104
19.5647397869369 29.3695789908973 24.9655403410149 0.557534595567559 -0.812218615181713 -0.171627438916338 0.807580081112316 0.482772303852401 0.338740602976888 0.166785051497735 -0.0362415822669492 0.109045651423958 0.171125650430344 0.231520112379361 -0.51621048316977
19.8951557119806 29.440710902549 25.2363910200253 0.604751433931786 -0.408988934341876 -0.683376642806986 0.792735675099769 0.391504577975873 0.467219648439301 0.764269531828004 -0.0294665488700577 0.271840007442785 0.452764889095489 0.171925471153318 -0.0891412700821564
20.2840351800416 29.3278886925659 25.4761161079839 0.424203644349656 0.247089020576202 -0.871205007369856 0.790596929612695 0.368091646335887 0.489351530324698 0.040181115281899 -0.236728570573428 -0.313740074615152 0.584284011611339 -0.0799075483983423 -0.0637321483540394
20.7603467902639 29.2905480710143 25.6018404226033 -0.000837287118698164 0.751512985301228 -0.659717677447538 0.793036625097144 0.402381694353141 0.457363930866932 0.510345872932651 -0.0430123738756292 0.271278338650669 0.465213206393507 -0.0247601641058928 0.537371240947323
21.1725104501241 29.5646931633922 25.6881024419073 -0.497545555228861 0.73306866096791 -0.463744153725157 0.756889739345741 0.628052421843497 0.180742808530467 0.0476085102668586 0.687293313166749 0.487663952038562 0.334445948518845 0.00736580700539738 -0.167780975703852
21.5446355058373 29.8780833353276 25.4886664866116 -0.724305109877546 0.645003211211245 0.243624396904108 0.674587181556111 0.735989722310307 0.0570189412239202 -0.679069276144958 0.298084510462677 0.137893330116993 0.609925233034314 0.110709315648202 -0.0894794673643633
21.6994935387949 30.2788202371125 25.26064836387 -0.46995459202535 0.295055735016359 0.831916268948163 0.767495261858316 0.602118575579935 0.220009378577417 -0.441022543926371 0.505509332970199 -0.172702441169851 0.660445823898315 -0.495688437566383 0.20656582974881
21.9829600092816 30.6629642814047 25.3616222680666 -0.524120559740823 -0.080156946373796 0.847863424692505 0.738076922847534 0.453950400284164 0.499170684241709 0.0285881380824437 -0.676254274074245 0.153419595245405 0.202729559532389 0.0326741064957615 -0.217018696681735
22.0744707667109 31.0520880366454 25.444030446764 0.116539520369416 -0.656065228643761 0.745651954912363 0.772591887447276 0.531664242922174 0.347037158746796 -0.583954741787247 -0.361835079443697 0.160680632053063 0.139990501931069 0.0925380284815844 0.00696764376711666
22.1100149040222 31.4409412152653 25.6666525006845 0.531719091839431 -0.828196255713835 0.177103516217865 0.711025906961957 0.550142079108274 0.437933480668053 -0.182934531524827 -0.197829753874536 -0.606203228289605 0.239694014506246 -0.114121993816895 0.258778602921973
22.3209092352324 31.5784037283723 26.0762709321557 0.645621262872964 -0.665482926904579 -0.37457381581141 0.750125657648204 0.460722279967485 0.474390515012191 -0.50856216386083 -0.389615919412473 -1.02117985980662 0.511621715394488 0.537385640345524 0.439477274973622
22.5862728662348 31.481685271411 26.4195349625341 0.640724938353911 -0.354141896275946 -0.681215789215002 0.748345074992951 0.486386155373788 0.451007803122462 0.788953149562815 0.0123853992975182 -1.53715993604993 0.504876145883128 -0.154339281395569 0.578855686567331
23.0889369208173 31.2264432542561 26.3790595452343 0.417404398539854 0.221908116095911 -0.881209530664504 0.746341354778421 0.46949542869889 0.471750470408602 0.793202323371117 -1.49282587790175 -0.862789755790704 0.351601492307775 -0.108583276697484 0.478802416535876
23.4555875168994 31.5110975257649 26.9021481224526 0.0607714066812743 0.418034215719359 -0.90639622540162 0.73316406342878 0.597511241286613 0.324731663744854 -0.460051962815464 -0.102431466768408 -0.636560749872435 0.0750120735059753 0.129381533949993 -0.431370668668131
23.9835161793804 31.644628739869 27.0262366512233 -0.473424384181571 0.822916283790337 -0.314130583904615 0.816611340918015 0.543726132236414 0.193669040537854 -0.339323205109351 -0.0657024616155664 0.112418437304071 0.340510029831925 -0.398907651207781 -0.241957656115007
24.3058907696942 31.9967012472879 26.9251318027786 -0.59699510253989 0.716318784876144 0.361225870191915 0.788968534373032 0.605808246610861 0.102590988181745 -0.776331193558456 0.654358687597666 -0.361179968004681 0.550890457689962 0.0575112045011553 0.138189621660104
24.6363912204921 32.3511874487617 26.8107576060268 -0.577123406665115 0.440953829595856 0.687377752544588 0.750201303197018 0.618840283811884 0.232883212908716 -0.0858614090885949 -0.458457608608834 0.16952555096788 0.549018575619023 0.153558872269614 0.231282483909257
24.8589646525925 32.8006923758342 26.9827101923584 -0.49522975697062 -0.016011714094236 0.868614412522266 0.639376063596645 0.670190109878273 0.376886387607512 -0.36494040504146 -0.332446039486584 0.174377589462501 0.283965387830063 0.408686670202435 -0.294409560212924
24.9188409890424 33.2296511465863 27.1449300036434 0.0933522612804251 -0.579576444072504 0.809553198782672 0.655972328263372 0.647480831459745 0.387903028352768 -0.0767126277259112 -0.323873703730486 0.602623305020856 0.591024887421295 -0.287141508171243 -0.357363416080676
24.9975689487982 33.5312542893197 27.5042896770961 0.442653039069284 -0.775854583222358 0.449564048650243 0.604320349972541 0.628515713991371 0.489657835228595 0.496687889967759 0.0132857035322561 0.515190452561328 0.543042342184516 0.0535903456759797 0.191818859123762
25.1716155804549 33.6907537116289 27.9437678328261 0.687699455054395 -0.719364231416161 -0.0979001706545645 0.654362798804177 0.555776533112814 0.512758866739326 0.313115275131701 -0.370330348551919 0.188709381600555 0.411629411244421 -0.0458583829177563 -0.0885713444875594
25.4854245445512 33.8197023460001 28.3217247603886 0.641681999658524 -0.419593449720321 -0.642016689478494 0.756771238025635 0.482443209335044 0.441073378157675 0.238771042037038 0.496649005740481 -0.0756564435555099 0.332207009673422 0.0290063627990466 0.253464030552008
25.8813878475498 33.765678417039 28.5235906633697 0.313688578464517 0.360628965081486 -0.878376975643725 0.720894849728558 0.511619268212042 0.467499969014888 0.462636332108384 0.0947180273958107 -0.00900186012421026 0.337120598723771 -0.60179852829263 -0.0163902567928491
26.3674150875083 33.871265876588 28.7162621389237 0.00030077469047134 0.573859218407972 -0.81895383748981 0.816953442906843 0.472152563322271 0.331147870434219 -0.183876506666419 0.574128021293159 0.527009768865097 0.158638900289367 -0.00944372023408034 0.154511622991053
26.8367568573913 33.9523887099514 28.7333116721663 -0.495718000676671 0.831193541407206 -0.251755524592087 0.61222258781053 0.540047700806057 0.577522181558796 -0.155704632952282 0.217336850290664 0.0100442909734999 -0.148859014504924 0.120918429854071 0.576334233448226
19.677538557714 24.6704199131936 14.5234358908251 -0.383953120142883 -0.185847571510858 0.904455948372562 0.412500469826467 0.841829017976684 0.348090718455264 -0.000816109338796 -0.256658489360109 0.233538640260743 0.31197642116309 -0.0666561263597859 -0.0856850862688297
19.7247337992781 25.1804226673969 14.7853671190422 0.0853693997769703 -0.522888467646437 0.848115320470204 0.238704353954967 0.837166231275051 0.492110578502894 0.0782138346783578 -0.395221127670448 0.295775794872877 0.472993122115366 0.54395242191032 -0.123192845859529
19.6707730635215 25.5283329003427 15.1942877485326 0.542618554220219 -0.66541778995906 0.512624765794573 0.379521225193782 0.738655455765119 0.557092131941454 0.551637309069362 -0.188857676171983 -0.293142770971573 0.689871451242706 0.177538628511309 -0.0260101222728242
19.6963113391523 25.8185063739173 15.6154207719163 0.877101390444567 -0.480165572382134 -0.0115782057778371 0.405458838820858 0.727284240233944 0.553769492096236 0.0617233522675294 0.224428303507589 -0.087437365388015 0.486871689215767 -0.284987125052017 0.00547514743407631
19.9649755090226 26.0974382640231 16.008195214258 0.800960870836184 -0.255509167550445 -0.541457874612077 0.533066763110056 0.716076028940055 0.450638247382673 1.04629403493472 0.453615581086317 0.746495243722142 0.375447851380401 -0.291864997242264 -0.190080907060246
20.1944396584995 26.2489492548996 16.4783907315417 0.404374055548236 0.104781331986835 -0.908571613338785 0.644284617945272 0.672445860296662 0.364299028494474 0.493563307493973 0.0999447876574792 0.891716699077989 0.424657683413082 0.0441541869115953 -0.0156681645041418
20.631362406267 26.4788138429054 16.8840673581336 -0.276145869343605 0.459235601174625 -0.844302081244461 0.509854782477459 0.814662756262838 0.276355885586234 -0.00824736340643422 0.304866053412024 1.239213820175 0.542220361390323 0.70567552233328 0.113458301774299
20.9861283653168 26.6895444621005 16.5506252570959 -0.610592514144836 0.784867460343019 -0.105639691554447 0.76705597958622 0.619296845401791 0.16761991475983 -0.644895911115405 0.673946655900472 0.695539410022038 0.80140693076686 -0.586578107334924 0.598931689237603
21.261147119524 27.056357695869 16.3224339533788 -0.891336099395323 0.453308848937358 0.00556113263969897 0.449125842174714 0.881308915720776 0.146902891209466 -0.593803010405918 0.316729994827565 0.398403252096892 0.500518850964125 0.0945944913549952 -0.0105525038205922
21.4249783007039 27.4495966716043 16.200626285621 -0.72776194390785 0.1973237727597 0.656830087195788 0.520621765737535 0.782383722349306 0.341801943935629 -0.237195876164195 -0.105425421646494 0.044795662049481 0.604276840501516 -0.152336517785063 0.0465700568595788
21.4739550581891 27.957617136585 16.1853985919914 -0.584557477744313 -0.20238726439091 0.78570467318908 0.287850833022198 0.853663526097672 0.434051109548355 0.0737847977429038 -0.149561044400286 0.293314926190114 0.348578507084733 0.150106644756187 -0.345943468966483
21.3313899709482 28.3657962652368 16.2969310761359 -0.0012436927819028 -0.495746810813467 0.868466139020735 0.377935453616821 0.803821186721853 0.459386737982675 0.109260371293147 0.640243162156175 0.887991770484452 0.370291544150281 -0.44596011940131 -0.263897333359585
21.3341466421872 28.7643829556751 16.5814380471917 0.485270628635103 -0.694511784083801 0.531192696059624 0.524908050631911 0.717263619880112 0.458262281862654 -0.0509879342704953 0.000347826609871382 0.431043938971865 0.556990968300522 0.594964337689904 0.12846704275289
21.4416096663549 28.8844381498685 16.9871250198116 0.881602664360993 -0.458826688903346 -0.110700919312965 0.43529918111743 0.699720572603886 0.566485331263737 0.342281682756341 0.103319273655263 -0.181113585046545 0.258341816092228 0.0177429942371588 0.347968721596343
21.7197739497882 29.1109088264733 17.3209379191012 0.699282340947006 -0.100323818036954 -0.707770601783946 0.514399828214441 0.758141509306663 0.400766952271 0.622597639743525 -0.00658466594073809 0.192107092840449 0.569796316026564 -0.228193928935296 0.125160449885113
22.1501488663059 29.2637673759256 17.4945534218712 0.274237411235982 0.250453765279866 -0.92847543761787 0.678564794664046 0.633743842857392 0.371373733595659 0.60945862534816 0.189993341806112 -0.481146273119429 0.568598301947518 0.0426029079593728 0.398989009021812
22.5598593727672 29.4355655424069 17.6196236633627 -0.0366541356119178 0.36898749257029 -0.928711250666718 0.642076692791728 0.720825790753529 0.261050926025717 -0.545237175637983 0.0169762222892055 -0.0196777941947553 0.530990990206968 0.262389547667647 0.0101068742877675
22.9819485345337 29.6867661831775 17.6656226646553 -0.521465149104592 0.51980010468658 -0.676669663568913 0.552534442224279 0.810013133419564 0.196428863154498 0.473933128622599 -0.217002737409601 -0.453080630030762 0.113821028624112 0.293419803239262 -0.29727908483144
23.2939766467677 30.0949246434853 17.6326133185387 -0.920426187790938 0.321010528699314 -0.22308688254273 0.269416688826264 0.934412994903139 0.232995462163768 -0.269839568344521 0.0750907157846695 0.0909622692805478 0.599262649603511 0.197775375784241 -0.460125358735435
23.3185886650992 30.449597742045 17.3726051651589 -0.655275025432732 0.281814627925149 0.700853079498462 0.467274186650426 0.880212404189357 0.0829508658839321 -0.0783973898714402 0.151445135274835 -0.354113205600191 0.743882934696511 0.00514668945250414 0.297912793405476
23.4574738571141 30.9608268874671 17.460430752633 -0.528103313590709 -0.153895775671984 0.835118471948389 0.223609010442195 0.923530927233297 0.311591923159154 0.234484126865688 -0.437378527708969 0.154218924916593 0.456812912292936 0.262723864576999 -0.0439480818129798
23.290997279208 31.3890469610725 17.5468000507848 0.185601920379428 -0.428792228685958 0.884131796143404 0.178965442027638 0.899467206431837 0.398660265143263 -0.232770287276062 -0.688741496673583 -0.395384352419195 0.839549816180224 -0.12026664399719 -0.224788044499411
23.1065054034392 31.719458987808 17.8980666996968 0.528028647699539 -0.576644142826071 0.623431762142224 0.173084416045386 0.791783978723491 0.585764297968804 0.0512325631279346 0.157273628102655 0.134092132930988 0.68347763937256 -0.21557618783952 0.0301722712773967
23.0979677792865 32.0070403207312 18.2623010657214 0.916041983848292 -0.399732630612232 -0.0328753568085156 0.375120756978505 0.824854440293062 0.422965071140638 0.144687840050551 0.0292952221066575 0.785894836115288 0.263858680819322 -0.35164257104895 -0.0113548115970602
23.3889498900643 32.2888189481997 18.5660155355776 0.686644144130698 -0.462439586311739 -0.560953946449855 0.673270319182104 0.695603449545653 0.250684661321057 0.156240115236776 -0.18761964932672 -0.478307128919839 0.359492346037193 0.440754048360436 -0.116327386341326
23.8515317021029 32.0103601252861 18.8408575245044 0.531656853711201 -0.0128841338650696 -0.846861779494828 0.606091745366214 0.704208189453999 0.369788461267835 0.429624893906715 -1.42873666116484 -0.762884990186496 0.469829255877512 -0.0614984764809244 -0.170758808640271
