t = 100
b = 30 30 30
E = -0.234062789376997 -0.634287201653969 0.400224412276973
19.8463720392371 23.5601902086839 25.3119286094312 -0.769563713815191 0.633414295188228 -0.0809808797195778 0.638434387980033 0.760575539530023 -0.118009606573886 -0.234806158110404 0.461860587024136 0.11501382639199 0.369715874690029 0.268011683214934 -0.427101886604199
20.0529509491809 23.9343444325335 25.0685334359384 -0.746270139663109 0.429151409430858 0.508831826943445 0.469481287378743 0.881246907963373 -0.0546909262873809 0.346798886373222 0.264823273418996 0.0742358319786671 0.695305097739925 -0.107591168826962 -0.312739583543995
19.9943593269633 24.3373057275152 24.9234610866575 -0.0481293822630295 0.22204944845047 0.973846747230359 0.63033513608492 0.763069485599028 -0.142837175926563 -0.5027131566656 0.249029731825455 0.0443053485666757 0.420430330225776 0.0816172700967982 0.603864292794225
20.1638130738062 24.8019098977323 24.9731327704474 0.253114159199821 -0.354839628319571 0.900012190407 0.637114305754694 0.761221625609756 0.120941635444288 0.0774002025558086 -0.217123252285732 0.17246049478951 0.25160801454973 -0.335756369388998 -0.140743353632975
20.2222417776686 25.1664204772924 25.2115830494373 0.69985836903204 -0.56102620302416 0.442094726023367 0.547138854562767 0.818945891546317 0.173108590144222 -0.0772897084801104 -0.0164304622361141 0.100327396102625 0.587316895863157 0.153697752107127 0.505073618165699
20.4387260213349 25.4947098328362 25.4470189531394 0.653424775568005 -0.755146967958568 0.0528109922330659 0.697284636375065 0.627576956169753 0.346325263928613 0.0337718531965591 -0.357422683801203 -0.359157021067454 0.607088708625069 0.125055688359752 -0.352825035143633
20.6201300180199 25.6093736732893 25.8531917765877 0.686500171345208 -0.413706672285372 -0.597966708862286 0.692362426372098 0.623163442920505 0.363732708897486 -0.164567407642846 -0.591072431818583 0.0105642518901375 0.644733711125016 0.0329538964644705 0.177994925990376
21.0234468810661 25.7633697138014 26.166560746492 0.253676923331871 -0.0252333304469977 -0.966959761113722 0.697629999410261 0.697241034879652 0.164824768928857 -0.0145120912950211 -0.139833047161567 -0.0317886019624489 0.379423625673884 -0.26903763313102 0.13227529643216
21.4708183041533 25.9994108054709 26.1390521272511 -0.243093421716537 0.0491391184176376 -0.968757357270721 0.768343516427353 0.619356469326438 -0.161386775496614 -0.830041412864392 0.0207966895833722 -0.0529402571087306 0.611331614016061 0.609173047074452 -0.27600704891358
21.9257270835446 25.8914562827491 25.8227081331133 -0.430658062391397 0.542818067633704 -0.721028476450362 0.790741513819475 0.612041541771229 -0.0115279849483452 -0.407567711444766 -0.499988772940142 -0.56422864899109 0.780610126075008 0.0135136215123425 -0.338061417213896
22.3580778999798 26.0590628692979 25.4887938069868 -0.77664819183005 0.590730928146357 -0.218756583281318 0.585507451543419 0.805052129674714 0.0952469080013787 -0.231346548907217 -0.000720772767249113 -0.724690318741897 0.424708124018347 0.173358745218609 -0.427520360334805
22.4109301752121 26.4980805477459 25.257142077958 -0.814193161060625 0.398517983841404 0.422223633320412 0.496093827487649 0.855330781815213 0.149332011223604 -0.492229816907613 0.515320222061495 -0.281990531245877 0.420433285558982 0.145939376981583 0.0853299279319051
21.7551108438186 26.8092171114713 24.5609238083097 -0.399924403862686 0.128784538428341 0.907455175395316 0.412473790933491 0.909442924629826 0.0527146153166391 -4.18455839827632 -1.3445963520481 -2.80298345320668 0.650433456239732 -0.117687453082151 -0.299797041664871
22.4675317819505 27.5209592314857 25.3982712417813 0.230427178808432 -0.132560931794935 0.964018047367956 0.482190823318536 0.876050669880294 0.0052076027901364 -0.512290982613497 -0.595197816403133 0.0701454964548864 0.390440627686127 -0.197577411875328 -0.130519382244856
22.684096385888 27.9704630859601 25.6221795322009 0.489154663706086 -0.551310809128155 0.675857965144277 0.542284572278329 0.79914858108437 0.259400991372189 -0.505330039573192 -0.330118016479593 0.235427515134907 0.240081184056913 -0.221792884518721 -0.451549906057077
22.9775554156823 28.3565575810462 25.8525036276196 0.6465825356341 -0.74913179586098 0.143987709300431 0.741953182486014 0.661441809904597 0.109544912769902 0.421415172076649 -0.306112675166025 -0.431836703967156 0.33066135291726 0.312709320283519 0.109902959929756
23.3049120382338 28.5704334271929 26.139922243243 0.575869332527622 -0.535344328870842 -0.617884165858399 0.745246931918528 0.654481311194337 0.127519039588248 -0.0577270843080882 -0.383848114360696 -0.157796006637557 0.267738631978437 0.0300515247121603 -0.234806658048587
23.7233289147461 28.7206215545032 26.3248115164757 0.284723947436844 -0.199127558085609 -0.937699509568442 0.733050301284327 0.675556391383863 0.0791245808372531 -0.123294731014357 0.323016277023238 -0.231166701077614 0.39853970559606 -0.0483057748979443 0.0110218834119501
24.2291753744542 28.8591046747463 26.396113800925 -0.14762209132789 0.092741061506633 -0.984686090264703 0.715118113958663 0.697771091671309 -0.0414905842966495 -0.362773483286704 -0.088724918607354 -0.35151056513432 0.614346777793736 0.529188209176372 -0.154228791659021
24.6857369029263 28.9412624574725 26.2867210274269 -0.572091935171285 0.535606339290991 -0.621157426016471 0.793083922726554 0.554333787788928 -0.252451665165477 0.000778678212263805 0.491213884212998 -0.241519693262363 0.46954434797283 0.159900629594432 0.0320464141754269
25.0430345521796 29.2197994847651 26.0973990668886 -0.799609321131934 0.590506307448388 -0.109211336531235 0.59178704983854 0.743937557648873 -0.31039474530034 -0.129118261520425 -0.0793751932583103 -0.00881045474952784 0.584476748189773 0.256193455837618 -0.210463501729607
25.2634723298018 29.5422565993262 25.8285847130629 -0.609802706513492 0.522608704342494 0.595836120218854 0.531197339743898 0.82744603089814 -0.182105313917276 -0.298873261584303 -0.188859586512755 -0.185608940384317 0.758119090070363 -0.295845328066686 -0.28735443767518
25.3193654732987 30.0195181749828 25.7424332662459 -0.257478856352888 0.183572296542414 0.948686318699117 0.475068988947746 0.878985851972347 -0.0411487244986353 0.164513910919082 0.0694177099539336 0.233212675398096 0.562446472515461 -0.0288563015629066 0.261874276378197
25.3164397505913 30.4790297468034 25.7363248584426 0.315468975067153 -0.187577045686794 0.930211835677115 0.518399627923487 0.855131770367199 -0.00337117794225717 -0.0657331096824736 0.409437529258356 0.108693105838151 0.420323844459815 -0.527306557246576 0.136199596347983
25.5453214127399 30.9126415557282 25.8551797582423 0.576308634748335 -0.540880701965369 0.612630642843639 0.592611835460338 0.792789600913456 0.142463128668705 0.10001301594184 0.168650848360779 -0.13818487150753 0.239754202613713 0.343066727800295 0.353403935185098
27.8951036019114 7.2602305515754 23.8703294690422 0.491110234521411 0.67249584263654 -0.553678572221101 0.764358076288116 -0.0278203326099962 0.644191469080184 0.363107365859773 0.476410357595346 0.0473592516922826 0.548784492666288 0.300282747477635 -0.249835196073185
28.3383563083103 7.17550954874937 23.8803430966654 0.0302928092893758 0.998953815132004 0.0342564196788496 0.804258153576519 -0.0447102254721446 0.592595743074935 -0.608905014210868 -0.00110514549638671 -0.64369259057714 0.547605213660338 0.0778229688067399 0.0634022583157129
28.8213452576923 7.30262746339304 24.1887524850615 -0.420246388223045 0.866052446509432 0.270824692298555 0.560798005545681 0.0132463486040421 0.827846611447527 -0.49569687169593 -0.192447957983566 -0.218435654708265 0.403290087361905 -0.0168713266540111 0.0145862956365062
29.1351347277404 7.44330207244802 24.51900944706 -0.826396042158361 0.445294709399943 0.344647769099577 0.446481789757984 0.145233634996506 0.882927564592471 -1.13324196978558 -0.256943247604808 -0.717082965506849 0.22831890740916 0.487145504221431 -0.307609729931
29.3542006507521 7.69324601202576 24.716151860215 -0.782118562702266 -0.261305048626198 0.56569435771891 0.557981392328119 0.110444303232969 0.822471095783067 -0.298541691276005 -0.335585632789968 -0.152208766329629 0.535737788326091 0.0315415152950963 0.163521324502549
29.4721848965383 8.06148202482292 25.0346039061897 -0.507245386638478 -0.790434343893112 0.343388332421672 0.382658084167821 0.150445149811928 0.911558519156373 -0.0311298830178835 0.237957017394102 0.041659113384184 0.364449064314261 -0.070365908801587 0.21159274120594
29.533881145903 8.17249861213031 25.5910421804432 -0.0737934272638089 -0.995647814350535 0.0569195982973877 0.354838397718369 0.0271266166291814 0.934533971487184 0.142280660051214 0.0156072457280573 -0.617826557420676 0.386771311690882 -0.26075086313433 -0.121009512152659
29.5324809557247 8.21174238741333 26.0452430172049 0.426548916290049 -0.842213325685848 -0.329746291746681 0.398176799180989 -0.152489348434907 0.904545256715931 -0.791743881825484 0.0575355474441569 -0.975297336431268 0.429543867858283 0.511193995983721 -0.137052103028765
29.6215735138938 8.00187371877049 26.4432293484677 0.699727891992866 -0.46824961538948 -0.53955820493512 0.534891148491966 -0.157264959110693 0.830156054942184 -1.06891322992994 3.47232770718577 -1.28975892406014 0.71757922855989 -1.27372755770862 -1.03206456078734
29.3727915597447 7.61077633137797 26.6439436201518 0.872801237509039 0.41246629469958 -0.260939535676923 0.35643811876261 -0.173435022701899 0.918080630173127 -0.875763602471769 -0.847226219425672 -1.53740352460575 0.321879645207575 -1.06699875367054 0.119512103092928
29.3309862734822 7.3571229379914 27.1277017615466 0.186234917347365 0.894621183306401 -0.406164235475418 0.724918207692382 0.153920802945904 0.671417798742738 -3.08179439863394 -0.333380772363985 0.970385189336493 0.344428991307979 0.737258460910051 1.76764396515053
30.0760472266967 7.6607862519335 26.5192424362603 0.15990831144179 0.972627813337235 0.168595224421693 0.566414754719429 -0.230285864630079 0.791291746234966 -1.4182566330214 2.22809444982594 -2.74211961956451 0.216477787981025 -0.123231510025819 -0.367169475606175
29.6756515145228 7.62253077551396 27.3180752958143 -0.607340292011637 0.759775763186112 0.23211730498331 0.405820806980084 0.0455272287387497 0.91281795902716 -3.40936930675132 -0.383041036744225 0.204622275912343 -0.120713463780773 1.73483446964854 0.455508979315486
31.1485752651144 7.55644437161306 27.8051057975532 -0.767670510358802 0.607985742939159 0.20257150008092 0.37129256088052 0.164327141993949 0.913859018652625 -0.45022503279871 -0.230492278035196 -0.159247415659646 0.291942943112995 0.326476533967054 -0.718184491685211
31.3921276435822 7.83722937299041 28.1643610606065 -0.915511479946652 -0.142305398226994 0.376281523765115 0.315199631606989 0.327463801105942 0.89073932597028 -0.750315936285259 0.0300821020606691 0.0757603869264538 0.368207676544861 -0.250339780790034 -0.513516241425049
31.5850293296459 8.07315394835085 28.5712652760445 -0.70603375280458 -0.644974063842477 0.292446028838101 0.350188149349923 0.040965050720492 0.935783099343661 -0.576840096601256 -0.342248295825245 0.21401074073934 0.606900618532221 -0.00383920059791671 -0.463765722784942
31.6304083661294 8.32929295399856 28.9607272396301 -0.0855951223238817 -0.99452209513166 0.0599929839338354 0.4569553614428 0.0143215174880506 0.889374259563017 0.0722839901000008 -0.182891178077675 -0.02787412420586 0.303119386386139 0.0787848328942308 0.287598330045424
31.7212587999906 8.14001476572295 29.4297580121397 0.304057753003786 -0.891850957243198 -0.334888987946449 0.537979533653067 -0.129367175043146 0.832971810266436 0.130577162216855 -0.0859502517227474 -0.00912038509593527 0.236263804454574 0.210123103109231 -0.342362815936784
31.7853375992038 7.94946153984312 29.864847723303 0.751940109153999 -0.426573549471056 -0.502614126323094 0.513857541814774 -0.0983372271999873 0.852220686650755 0.513603857169892 -0.0720975058961659 0.524164357142993 0.543594833910472 0.0294646051269041 0.156939887871295
32.0225924234545 7.74419660296084 30.1995005107503 0.86321803840598 0.153594064262004 -0.480898495236801 0.50351661566387 -0.193249232699992 0.842095978626212 0.235292313146384 0.328396093193413 0.0323807777427736 0.45928570513833 -0.10022566675943 -0.125156282991248
32.2654148544059 7.48852597595419 30.4933692242237 0.578754938119787 0.781173241998396 -0.234117425568751 0.592645564139577 -0.205684993020717 0.778758502297788 0.432994211631597 0.360441720068004 -0.0886197370089212 0.221212818890457 0.0885454952615795 0.304046248908108
32.7006246042267 7.41349232779999 30.7160112978062 -0.0178915855410203 0.998673947282563 0.0482713341184453 0.646251834684057 -0.0252878552374704 0.762705037120498 0.292869652812348 0.284342621236374 -0.276687591369271 0.287790052031684 0.282549747016854 0.215012380150808
33.1142221922132 7.58047799061049 31.0064149333723 -0.486995084003497 0.868878044390358 0.0888066046930227 0.621601069506819 0.273369850782743 0.734085092362493 0.65914659614999 0.269515798560325 0.374089609208312 0.619817648008357 0.233758099064268 -0.18907128610997
33.641464630047 7.67672028004894 31.2924834321938 -0.764074428191841 0.587548828244223 0.266414205020312 0.518086575213327 0.312768080290025 0.796091903266158 0.721442292764183 0.041569428477472 0.806367174390008 0.642557311484596 0.378858620822431 -0.159594261374257
34.0641072216116 7.93497518582158 31.6018497474249 -0.968441459052775 -0.152193110246724 0.197378515898469 0.161659815203618 0.219187987366784 0.962196767982033 -0.281627461155936 0.0276836250431211 0.836094453770925 0.430188240117654 0.151232173092913 -0.358510811051293
0.867390063709085 17.5405118364815 8.78164555225725 -0.669057731030999 0.73040026605505 0.137393911250624 0.70852144839462 0.57101705923616 0.414652574232808 -0.194850367248299 0.155092981063618 -0.128002274539132 0.27368069971396 -0.0364026236880177 -0.0120840610946787
1.13818649403561 17.9834868079632 8.91347770722368 -0.772491660018635 0.396301208094735 0.496187332103127 0.617524280007887 0.650978966909065 0.441463516262649 -0.0218096729977268 -0.148335474685292 -0.344099051267873 0.48808554795295 0.842957983064834 0.18539942344601
1.37280695364963 18.3429434088428 9.02686269124718 -0.597446647461354 0.0137226316947898 0.801791166413563 0.684345283817322 0.529912329368663 0.500863594552968 0.405188039382113 -0.00119527481081073 -0.0898410643457687 0.390851826411406 0.174850417353229 0.052745488179886
1.59978118464491 18.7263384900183 9.35669533190988 -0.339071748695457 -0.566103252135666 0.751370307143827 0.704466535028862 0.376552353508907 0.601610428648632 0.189481758350888 0.0477774230350724 0.175376831366491 0.313430769802842 0.347056964699177 -0.110695229464444
1.78688968745388 18.9657194870465 9.78649513553965 0.0427396256195166 -0.929536025098893 0.36624579628491 0.624420054154411 0.311016978468493 0.716496980710352 0.48730657607462 -0.219779524352223 0.52214869373853 0.41040576899019 0.187669734189902 -0.0769128786196605
1.94887370717924 18.9286806718753 10.2570420807393 0.591915129521073 -0.776364870593163 -0.216550112565215 0.68265478554187 0.340059860591313 0.646793336189161 0.355286667838387 -0.79197316902613 0.242547889930175 0.571418018614972 0.237009727068828 0.660575249862122
3.09657664982139 18.0785519685397 11.4625868572627 0.726437818276745 -0.615590081557164 -0.305510779367215 0.560671178641373 0.273798858060204 0.781461389945699 3.5955950370512 -4.25020865113055 3.92681272164583 0.613113992867743 -1.98520339064883 -0.262465110834904
2.64723258063724 19.1371997775943 11.0216306176861 0.419140251235412 -0.298368344418179 -0.857494997440397 0.901511318745404 0.24879998947879 0.354084439369986 1.32602066724971 -0.145910172160712 0.287817042650805 0.220818396779542 0.415128326613369 -0.790714647150191
3.31192232490684 18.7224445479317 11.2165263379211 -0.487939234148242 0.544141780409528 -0.682513684343263 0.743758357331544 0.668447409425175 0.00120331229704752 3.29334468737206 -0.47880310872727 0.385008125043463 0.515928731811043 3.29425768322638 2.23094150773963
3.62499124112234 18.7280589478423 10.8724190768538 0.194109404831849 0.921836146878014 -0.335469134507569 0.802439546182417 0.0475022332175399 0.594839636696926 -0.149988575164809 -0.0932306271307192 -1.3432561843217 0.22099196460082 -0.445648053456185 -0.423390500785651
3.89652898443683 19.0747085960916 11.1311043720874 -0.469744003686517 0.877327329825071 0.0981692830696694 0.855670067685751 0.425125172980918 0.295122362624714 1.08631376446817 -0.54779021158272 1.00237455013216 0.443766828757131 0.79250797726637 -0.212633869349902
4.25842567297647 19.4859970722073 10.9942400495854 -0.474556753939911 0.57500984565362 0.666452883169587 0.860641698889262 0.461929171217763 0.214282979301454 0.341002161808358 0.363061924676876 0.128707375728402 0.649681486511837 -0.309734470086547 0.0250477388347948
4.42858968739215 19.9613418090382 11.0449424657783 -0.543594320158484 0.152365606553689 0.825402823831358 0.775597564049397 0.467109065850094 0.424567334254755 0.0794255040926241 0.823425182663433 0.184454082554369 0.342556127996235 -0.124235775539601 -0.273933089463011
4.67100313142643 20.2337415767072 11.2573798225039 -0.195782159939525 -0.605228751138927 0.771600535125422 0.792996166136763 0.365177875048331 0.487649547188961 0.351791507533758 -0.147940994221399 -0.125182242433865 0.355675510440703 -0.0933693084382374 0.152814742291843
4.61000506779551 20.5293186142806 11.665369480589 0.189245747043773 -0.832474008326438 0.520742694526691 0.758526305981698 0.460712794181981 0.460848614218828 -0.0937435411686666 0.0577347703715457 0.891768922551719 0.278201957942407 -0.22486665342279 -0.263508971308173
4.91382937075117 20.6414477264154 12.0386366060164 0.276914529556089 -0.958806525041383 -0.0633109285183389 0.834060356029341 0.207123754859258 0.511314926166476 1.86600169342039 -0.0446560443404685 0.468859522027593 0.365006118828586 -0.192968121570208 -0.162009606631789
5.15022726873362 20.5315727569701 12.4372481320278 0.503064550536437 -0.665968529835736 -0.550828338118874 0.795095359667696 0.10681873324524 0.597003363999157 0.292519395826398 -0.128393905171931 0.0278407129416428 0.504317919736276 0.498122250049538 -0.126489319589422
5.44482317340827 20.3506705473045 12.7516482028764 0.532164718666757 -0.00400602023235943 -0.846631292161412 0.817265157885998 0.2635588643757 0.512459041345476 0.128266829337546 -0.0447445206302381 -0.455704124389443 0.445647590085306 -0.12313343307822 -0.0736249676921873
5.9110840215711 20.3517232225556 12.9457614894616 0.157568096163023 0.327352744060781 -0.931671809438402 0.866901654100603 0.405970856910829 0.289256058336289 -0.647696195553893 0.0267063225460491 -0.819397277253471 0.43663944913454 0.345521919923465 -0.64852540397863
6.40435516889751 20.3378008517784 12.9279129379742 -0.213905085685787 0.747149646310175 -0.629294766780614 0.829173692419855 0.479451491989709 0.287397178441303 0.104226044191943 0.169033716511927 -0.483625757381088 0.36800690467525 0.652899901154966 0.0836043220886392
6.88157534579407 20.4615065572028 12.8622154591197 -0.574148764938932 0.813410870363648 0.0933586258746892 0.732551013357109 0.459423146730943 0.502294003416882 0.226432811136341 0.171968564979064 -0.266038853475656 0.521197421719906 -0.0857225904755514 -0.155264080846342
7.22291133972158 20.7957984955983 12.8657256180858 -0.659511250311009 0.468948520129704 0.587479427208063 0.740186983589452 0.541369877211044 0.398800414223488 -0.0359271721364168 0.289166354484898 0.632711982797549 0.702394313032897 -0.118952188761962 0.0508902345459394
7.42281794982675 21.255825071918 12.9058587198832 -0.375811906845438 -0.140107594543608 0.916043207143919 0.686675392367229 0.621690562571398 0.376799204421943 -0.0796393586967466 0.445596518684989 0.671166183250346 0.679786574510371 0.140505294670864 0.648931870734724
7.52231851790905 21.6888853749932 13.1055407842321 0.085519063146443 -0.664523350448772 0.742357795958069 0.627658135433539 0.614584023382182 0.477840593108107 -0.069011763223713 -0.0247641472323493 0.0727294804888414 0.555332020608077 -0.29619574356477 0.651716951264905
7.84558109634412 21.8649259908957 13.5437818658773 0.131897151700313 -0.925022232305089 0.356282040694337 0.634796774615332 0.3548750767729 0.686364787790461 0.373654602595609 -0.374422166839616 0.218138438444296 0.452423147877874 0.402246932938734 0.339492747767982
9.46459453616733 22.4690371266481 14.91081701834 0.33438885836698 -0.940993860784496 0.0521011536803544 0.834516180343193 0.32133295963226 0.447579886538849 6.16214414338279 1.67819078257286 3.85831802381756 -0.0944365110195489 0.0894686358602633 -0.435923265113728
