t = 0
b =  30.0 30.0 30.0
E = 0. 0. 0.
20.0558783161 20.9724591256 18.8561324 0.436641573907 -0.506693772382 0.743374439274 0.675063243574 0.730735778734 0.101561995129 0.0 0.0 0.0 0.0 0.0 0.0
20.1595398963 21.360474031 19.2130410888 0.702396568922 -0.678695842279 0.214501780041 0.675063243574 0.730735778734 0.101561995129 0.0 0.0 0.0 0.0 0.0 0.0
20.4233127965 21.5937801978 19.618845465 0.701299363959 -0.592850014505 -0.395863691708 0.675063243574 0.730735778734 0.101561995129 0.0 0.0 0.0 0.0 0.0 0.0
20.8469469087 21.6919461851 19.9344127003 0.433766805528 -0.281770554297 -0.855833928489 0.675063243574 0.730735778734 0.101561995129 0.0 0.0 0.0 0.0 0.0 0.0
21.369458178 21.7258825658 20.0548925646 0.00143898548306 0.136358250441 -0.990658547057 0.675063243574 0.730735778734 0.101561995129 0.0 0.0 0.0 0.0 0.0 0.0
21.892297464 21.7909018139 19.949551782 -0.431435529206 0.502682276048 -0.74911542067 0.675063243574 0.730735778734 0.101561995129 0.0 0.0 0.0 0.0 0.0 0.0
22.3167910076 21.9705075026 19.6734501156 -0.700400473132 0.678028900585 -0.222970821429 0.675063243574 0.730735778734 0.101561995129 0.0 0.0 0.0 0.0 0.0 0.0
22.5816282412 22.3046699006 19.3465222435 -0.703271567244 0.595781009751 0.387884120746 0.675063243574 0.730735778734 0.101561995129 0.0 0.0 0.0 0.0 0.0 0.0
22.686154699 22.7746405984 19.1080125689 -0.438958034886 0.287185952385 0.851375400374 0.675063243574 0.730735778734 0.101561995129 0.0 0.0 0.0 0.0 0.0 0.0
22.690620659 23.3100753432 19.0635739437 -0.00787700608839 -0.130515849785 0.991414931162 0.675063243574 0.730735778734 0.101561995129 0.0 0.0 0.0 0.0 0.0 0.0
22.6932910551 23.8157589959 19.2451283831 0.426196629019 -0.498632498513 0.754799354027 0.675063243574 0.730735778734 0.101561995129 0.0 0.0 0.0 0.0 0.0 0.0
22.7931129862 24.2077793549 19.5987393591 0.698351039134 -0.677310324365 0.231422882726 0.675063243574 0.730735778734 0.101561995129 0.0 0.0 0.0 0.0 0.0 0.0
23.0521240587 24.4454068041 20.0051031885 0.705190213676 -0.598666633966 -0.379875010907 0.675063243574 0.730735778734 0.101561995129 0.0 0.0 0.0 0.0 0.0 0.0
23.4718832626 24.5465681753 20.3248744972 0.44411583589 -0.292579480151 -0.846852036725 0.675063243574 0.730735778734 0.101561995129 0.0 0.0 0.0 0.0 0.0 0.0
23.9928786852 24.5810360448 20.4516058574 0.0143144268292 0.124663509841 -0.99209581518 0.675063243574 0.730735778734 0.101561995129 0.0 0.0 0.0 0.0 0.0 0.0
24.5171370819 24.6439209652 20.3521889454 -0.420925272309 0.494544748182 -0.760425806491 0.675063243574 0.730735778734 0.101561995129 0.0 0.0 0.0 0.0 0.0 0.0
24.9454455496 24.8195373766 20.0794329469 -0.696248423001 0.676540168341 -0.239857320274 0.675063243574 0.730735778734 0.101561995129 0.0 0.0 0.0 0.0 0.0 0.0
25.2150441673 25.1493711406 19.7520014646 -0.707055157143 0.601506667399 0.371836972116 0.675063243574 0.730735778734 0.101561995129 0.0 0.0 0.0 0.0 0.0 0.0
25.3234695396 25.6163183684 19.5093302319 -0.449239815754 0.297950726857 0.842264182016 0.675063243574 0.730735778734 0.101561995129 0.0 0.0 0.0 0.0 0.0 0.0
25.3294906819 26.1511834738 19.4586531459 -0.020750757471 -0.118801676289 0.992701147262 0.675063243574 0.730735778734 0.101561995129 0.0 0.0 0.0 0.0 0.0 0.0
25.3307816883 26.6589677333 19.6342623177 0.415621860509 -0.490419336354 0.765994349585 0.675063243574 0.730735778734 0.101561995129 0.0 0.0 0.0 0.0 0.0 0.0
25.4268137109 27.0549608896 19.9844799256 0.694092784855 -0.675718491165 0.248273491759 0.675063243574 0.730735778734 0.101561995129 0.0 0.0 0.0 0.0 0.0 0.0
25.6810642056 27.2969239947 20.3912914838 0.708866255622 -0.604300893771 -0.363770616499 0.675063243574 0.730735778734 0.101561995129 0.0 0.0 0.0 0.0 0.0 0.0
26.0969007857 27.4011366919 20.7151815184 0.454329584266 -0.303299283462 -0.837612185628 0.675063243574 0.730735778734 0.101561995129 0.0 0.0 0.0 0.0 0.0 0.0
26.6163018087 27.436212308 20.848137829 0.0271855078623 0.112930795528 -0.993230881308 0.675063243574 0.730735778734 0.101561995129 0.0 0.0 0.0 0.0 0.0 0.0
27.1418997691 27.4970305025 20.754687129 -0.410286797496 0.486256577195 -0.771504559244 0.675063243574 0.730735778734 0.101561995129 0.0 0.0 0.0 0.0 0.0 0.0
