
#id1 id2 FENE BEXC STCK NEXC HB CRSTCK CXSTCK total, t = 100
0 1 0.11641 0 -1.33699 0 0 0 0 -1.22058
1 2 0.0698999 0 -1.30672 0 0 0 0 -1.23682
2 3 0.0140756 0 -1.26374 0 0 0 0 -1.24967
3 4 0.297653 0 -1.08179 0 0 0 0 -0.784132
4 5 0.141245 0 -0.0915745 0 0 0 0 0.0496706
5 6 0.192162 0 -1.36728 0 0 0 0 -1.17511
6 7 0.343987 0 -1.36238 0 0 0 0 -1.01839
7 8 0.0601647 0 -1.41342 0 0 0 0 -1.35326
8 9 0.064927 0 -1.39871 0 0 0 0 -1.33378
9 10 0.372377 0 -0.941527 0 0 0 0 -0.569151
10 11 0.116227 0 -1.32934 0 0 0 0 -1.21312
11 12 0.128447 0 -1.26753 0 0 0 0 -1.13909
12 13 0.0750472 0 -0.79874 0 0 0 0 -0.723693
13 14 0.0179181 0 -1.28573 0 0 0 0 -1.26781
14 15 0.0989297 0 -1.30015 0 0 0 0 -1.20122
15 16 0.0640405 0 -1.38692 0 0 0 0 -1.32288
16 17 0.0925697 0 -1.30767 0 0 0 0 -1.2151
17 18 0.0763967 0 -1.2826 0 0 0 0 -1.2062
18 19 0.0810814 0 -0.93518 0 0 0 0 -0.854099
19 20 5.72643e-05 0 -1.39678 0 0 0 0 -1.39672
20 21 0.163985 0 -1.24737 0 0 0 0 -1.08338
21 22 0.0112767 0 -1.30795 0 0 0 0 -1.29667
22 23 0.0362287 0 -0.839813 0 0 0 0 -0.803584
23 24 0.0353306 0 -1.22742 0 0 0 0 -1.19209
#Total energy per particle is  -1.03228 and should be -1.0322810

