t = 0
b =  30.0 30.0 30.0
E = 0. 0. 0.
12.5157468262 1.73511100741 8.09764485414 -0.366221965884 0.647800701718 0.668008774312 0.884987653229 0.464303291114 0.0349185837855 0.0 0.0 0.0 0.0 0.0 0.0
12.7177792486 2.2024021762 7.92586893615 -0.128050479011 0.170595714376 0.976985249153 0.884987653229 0.464303291114 0.0349185837855 0.0 0.0 0.0 0.0 0.0 0.0
12.8906225602 2.70858064346 7.97679683645 0.158769525729 -0.371421437065 0.914788693518 0.884987653229 0.464303291114 0.0349185837855 0.0 0.0 0.0 0.0 0.0 0.0
13.0996573902 3.13009358245 8.23625084821 0.385270333159 -0.77232937473 0.505048618765 0.884987653229 0.464303291114 0.0349185837855 0.0 0.0 0.0 0.0 0.0 0.0
13.3965146048 3.37555401617 8.61083070851 0.465400499646 -0.879816470277 -0.0965678702201 0.884987653229 0.464303291114 0.0349185837855 0.0 0.0 0.0 0.0 0.0 0.0
13.799459878 3.4204602578 8.96339791976 0.368717235236 -0.653046579018 -0.661496610779 0.884987653229 0.464303291114 0.0349185837855 0.0 0.0 0.0 0.0 0.0 0.0
14.2864542564 3.3165045112 9.16517695777 0.131952128536 -0.178173374034 -0.97511172927 0.884987653229 0.464303291114 0.0349185837855 0.0 0.0 0.0 0.0 0.0 0.0
14.8035271268 3.17193413839 9.14467924641 -0.154943797916 0.364390874646 -0.918265598812 0.884987653229 0.464303291114 0.0349185837855 0.0 0.0 0.0 0.0 0.0 0.0
15.2852805535 3.11042667691 8.91486286291 -0.382973985018 0.768516937757 -0.512555014784 0.884987653229 0.464303291114 0.0349185837855 0.0 0.0 0.0 0.0 0.0 0.0
15.6797350483 3.22410267558 8.56820954765 -0.465505952228 0.880670567296 0.0878837888242 0.884987653229 0.464303291114 0.0349185837855 0.0 0.0 0.0 0.0 0.0 0.0
15.9680774467 3.53852755777 8.24158934483 -0.371184425342 0.658242724293 0.654934071719 0.884987653229 0.464303291114 0.0349185837855 0.0 0.0 0.0 0.0 0.0 0.0
16.1718083436 4.00299888968 8.06426138426 -0.135843729396 0.1857374651 0.973163950854 0.884987653229 0.464303291114 0.0349185837855 0.0 0.0 0.0 0.0 0.0 0.0
16.3445736581 4.5098090826 8.10876617691 0.151106270534 -0.35733256245 0.921672574626 0.884987653229 0.464303291114 0.0349185837855 0.0 0.0 0.0 0.0 0.0 0.0
16.5517836518 4.93516530667 8.36336626195 0.380648471926 -0.764645975243 0.520022377754 0.884987653229 0.464303291114 0.0349185837855 0.0 0.0 0.0 0.0 0.0 0.0
16.8457624766 5.18622045662 8.73650546436 0.46557595473 -0.881457597842 -0.0791930147374 0.884987653229 0.464303291114 0.0349185837855 0.0 0.0 0.0 0.0 0.0 0.0
17.2458693549 5.2363473194 9.09159261657 0.373623348317 -0.663388741836 -0.648321656894 0.884987653229 0.464303291114 0.0349185837855 0.0 0.0 0.0 0.0 0.0 0.0
17.7311436872 5.13525469762 9.29889482668 0.13972498523 -0.193287411538 -0.971142062236 0.884987653229 0.464303291114 0.0349185837855 0.0 0.0 0.0 0.0 0.0 0.0
18.2482683343 4.99010220429 9.28482517316 -0.147257235824 0.350247037997 -0.925009361505 0.884987653229 0.464303291114 0.0349185837855 0.0 0.0 0.0 0.0 0.0 0.0
18.7318256899 4.92478853429 9.05989960657 -0.378293970978 0.760716781978 -0.527450139007 0.884987653229 0.464303291114 0.0349185837855 0.0 0.0 0.0 0.0 0.0 0.0
19.1291509229 5.03288027868 8.7147417642 -0.46561050182 0.88217750198 0.070496209796 0.884987653229 0.464303291114 0.0349185837855 0.0 0.0 0.0 0.0 0.0 0.0
19.4203402273 5.3420644124 8.38565353508 -0.376033818428 0.668484239758 0.641659869864 0.884987653229 0.464303291114 0.0349185837855 0.0 0.0 0.0 0.0 0.0 0.0
19.625812611 5.80362954961 8.20283169348 -0.143595600465 0.200822638392 0.969046217389 0.884987653229 0.464303291114 0.0349185837855 0.0 0.0 0.0 0.0 0.0 0.0
19.7985523731 6.31097221356 8.24090396762 0.143396986905 -0.343134840875 0.92827570534 0.884987653229 0.464303291114 0.0349185837855 0.0 0.0 0.0 0.0 0.0 0.0
20.0039794828 6.74009727974 8.490576718 0.37591066148 -0.756729657185 0.53483773289 0.884987653229 0.464303291114 0.0349185837855 0.0 0.0 0.0 0.0 0.0 0.0
20.2950954396 6.99672579675 8.86216574643 0.465609590868 -0.882830224885 -0.0617940362953 0.884987653229 0.464303291114 0.0349185837855 0.0 0.0 0.0 0.0 0.0 0.0
20.6923471174 7.05211313622 9.21966882233 0.378415652107 -0.673528830017 -0.634949217951 0.884987653229 0.464303291114 0.0349185837855 0.0 0.0 0.0 0.0 0.0 0.0
21.1758586549 6.9539695577 9.43243520403 0.147455280339 -0.208342571824 -0.966876575922 0.884987653229 0.464303291114 0.0349185837855 0.0 0.0 0.0 0.0 0.0 0.0
21.7361032301 14.9704827827 22.7034018939 0.239992067878 -0.230682769201 -0.942968327861 0.969758401069 0.101407882867 0.222002443338 0.0 0.0 0.0 0.0 0.0 0.0
22.1570574142 14.6432455643 22.7697229307 0.168361433107 0.380587638138 -0.909289545491 0.969758401069 0.101407882867 0.222002443338 0.0 0.0 0.0 0.0 0.0 0.0
22.6163895922 14.4027633099 22.6287713869 0.0327674750464 0.847266438663 -0.530156462278 0.969758401069 0.101407882867 0.222002443338 0.0 0.0 0.0 0.0 0.0 0.0
23.0831911172 14.3554154669 22.3669706609 -0.115275394628 0.9920545536 0.0503919246979 0.969758401069 0.101407882867 0.222002443338 0.0 0.0 0.0 0.0 0.0 0.0
23.5237156124 14.5342064906 22.1166567757 -0.219523214581 0.759944557357 0.611795576973 0.969758401069 0.101407882867 0.222002443338 0.0 0.0 0.0 0.0 0.0 0.0
23.9141997838 14.8862269001 22.0058017115 -0.240370495082 0.239118918179 0.940767860879 0.969758401069 0.101407882867 0.222002443338 0.0 0.0 0.0 0.0 0.0 0.0
24.2498914934 15.2927544745 22.1093947108 -0.169897005722 -0.372551995871 0.912326705638 0.969758401069 0.101407882867 0.222002443338 0.0 0.0 0.0 0.0 0.0 0.0
24.5468551752 15.6143588097 22.4209526114 -0.0348768033609 -0.842684177952 0.537277381635 0.969758401069 0.101407882867 0.222002443338 0.0 0.0 0.0 0.0 0.0 0.0
24.8358686885 15.74387326 22.854982908 0.113393679706 -0.992666551901 -0.041892602449 0.969758401069 0.101407882867 0.222002443338 0.0 0.0 0.0 0.0 0.0 0.0
25.1507302947 15.6471093386 23.2794637846 0.218584008011 -0.765518306283 -0.605146886456 0.969758401069 0.101407882867 0.222002443338 0.0 0.0 0.0 0.0 0.0 0.0
25.5154181325 15.3758454952 23.5660014093 0.240730617143 -0.247536857325 -0.938495750782 0.969758401069 0.101407882867 0.222002443338 0.0 0.0 0.0 0.0 0.0 0.0
25.9349805219 15.0481556173 23.6386088981 0.171419640021 0.364487982327 -0.915294388574 0.969758401069 0.101407882867 0.222002443338 0.0 0.0 0.0 0.0 0.0 0.0
26.3936180237 14.8035507865 23.5025750023 0.0369834756718 0.838037743578 -0.54435738524 0.969758401069 0.101407882867 0.222002443338 0.0 0.0 0.0 0.0 0.0 0.0
26.8606859099 14.7499766858 23.2424548234 -0.111503329416 0.993202954801 0.0333900899163 0.969758401069 0.101407882867 0.222002443338 0.0 0.0 0.0 0.0 0.0 0.0
27.3023366087 14.9228032298 22.9899459165 -0.217628155422 0.771033758026 0.598452111661 0.969758401069 0.101407882867 0.222002443338 0.0 0.0 0.0 0.0 0.0 0.0
27.6943789627 15.2713869432 22.8738541873 -0.241072406635 0.255935945581 0.9361521706 0.969758401069 0.101407882867 0.222002443338 0.0 0.0 0.0 0.0 0.0 0.0
28.0314688539 15.6783112635 22.9711583748 -0.172929220051 -0.356396211612 0.918192368298 0.969758401069 0.101407882867 0.222002443338 0.0 0.0 0.0 0.0 0.0 0.0
28.329139524 16.0039950561 23.2777645416 -0.0390873315479 -0.833327489386 0.551395933922 0.969758401069 0.101407882867 0.222002443338 0.0 0.0 0.0 0.0 0.0 0.0
28.6179002356 16.1397218213 23.7100614289 0.109604487716 -0.99366372145 -0.024885034599 0.969758401069 0.101407882867 0.222002443338 0.0 0.0 0.0 0.0 0.0 0.0
28.9316452937 16.0489429099 24.1366857717 0.216655729607 -0.776490492563 -0.591711762421 0.969758401069 0.101407882867 0.222002443338 0.0 0.0 0.0 0.0 0.0 0.0
29.2947770321 15.7811629664 24.4284293997 0.24139583753 -0.264315543323 -0.933737298806 0.969758401069 0.101407882867 0.222002443338 0.0 0.0 0.0 0.0 0.0 0.0
29.7129349593 15.4531322863 24.5073275811 0.174425630852 0.348277299945 -0.921020424119 0.969758401069 0.101407882867 0.222002443338 0.0 0.0 0.0 0.0 0.0 0.0
30.1708532145 15.2044914278 24.3762791278 0.0411882107723 0.828553774079 -0.55839249167 0.969758401069 0.101407882867 0.222002443338 0.0 0.0 0.0 0.0 0.0 0.0
30.6381603237 15.1447194282 24.1179450884 -0.10769729921 0.99404881676 0.0163780841899 0.969758401069 0.101407882867 0.222002443338 0.0 0.0 0.0 0.0 0.0 0.0
31.0809178301 15.3115408876 23.8633444339 -0.21566680462 0.781888094343 0.584926352039 0.969758401069 0.101407882867 0.222002443338 0.0 0.0 0.0 0.0 0.0 0.0
31.4745140817 15.6565937627 23.7420777597 -0.241700885198 0.272675012414 0.931251319301 0.969758401069 0.101407882867 0.222002443338 0.0 0.0 0.0 0.0 0.0 0.0
8.76272249006 8.59185860312 2.45347835843 0.885419533425 0.371713376694 -0.279036584368 0.0522347943832 0.516964084568 0.85441188049 0.0 0.0 0.0 0.0 0.0 0.0
9.04648639459 8.56443108977 2.9089022051 0.44641166354 0.753248228278 -0.483046305493 0.0522347943832 0.516964084568 0.85441188049 0.0 0.0 0.0 0.0 0.0 0.0
9.43200985187 8.70870653375 3.25421563124 -0.162195460929 0.848611484302 -0.503538659058 0.0522347943832 0.516964084568 0.85441188049 0.0 0.0 0.0 0.0 0.0 0.0
9.78056084872 9.04642299229 3.4847474042 -0.709181818027 0.621573049411 -0.332728257329 0.0522347943832 0.516964084568 0.85441188049 0.0 0.0 0.0 0.0 0.0 0.0
9.96745382784 9.52582704699 3.63943376043 -0.98673814557 0.158388620902 -0.0355088277208 0.0522347943832 0.516964084568 0.85441188049 0.0 0.0 0.0 0.0 0.0 0.0
9.92941981563 10.0413357928 3.78602587826 -0.889416154228 -0.364970292804 0.275200999214 0.0522347943832 0.516964084568 0.85441188049 0.0 0.0 0.0 0.0 0.0 0.0
9.68864336308 10.4736495489 3.99535007253 -0.45419009565 -0.749670890296 0.481357365432 0.0522347943832 0.516964084568 0.85441188049 0.0 0.0 0.0 0.0 0.0 0.0
9.34433426394 10.735075802 4.31439969339 0.153590373919 -0.849558982736 0.504638020657 0.0522347943832 0.516964084568 0.85441188049 0.0 0.0 0.0 0.0 0.0 0.0
9.03503609536 10.8028450582 4.74848156694 0.703019292542 -0.626685413765 0.336198254736 0.0522347943832 0.516964084568 0.85441188049 0.0 0.0 0.0 0.0 0.0 0.0
8.88599119664 10.7277613546 5.25919984324 0.985359428073 -0.165723578484 0.0400311509058 0.0522347943832 0.516964084568 0.85441188049 0.0 0.0 0.0 0.0 0.0 0.0
8.96155901055 10.6149009561 5.77904322164 0.893345042547 0.358199415014 -0.271344456439 0.0522347943832 0.516964084568 0.85441188049 0.0 0.0 0.0 0.0 0.0 0.0
9.24076485502 10.5836921256 6.23703362266 0.461933939426 0.746036461973 -0.479631768144 0.0522347943832 0.516964084568 0.85441188049 0.0 0.0 0.0 0.0 0.0 0.0
9.62526855551 10.72254233 6.58569194704 -0.144973590407 0.850441783964 -0.505698952117 0.0522347943832 0.516964084568 0.85441188049 0.0 0.0 0.0 0.0 0.0 0.0
9.97672552151 11.0552507658 6.81907617938 -0.696803229415 0.631750053599 -0.339642649344 0.0522347943832 0.516964084568 0.85441188049 0.0 0.0 0.0 0.0 0.0 0.0
10.1693461694 11.5319666462 6.9750388591 -0.98390567164 0.173045915574 -0.0445504255637 0.0522347943832 0.516964084568 0.85441188049 0.0 0.0 0.0 0.0 0.0 0.0
10.1376854886 12.0481283485 7.12084626792 -0.897205899183 -0.351401258951 0.267467249732 0.0522347943832 0.516964084568 0.85441188049 0.0 0.0 0.0 0.0 0.0 0.0
9.90150669474 12.4841881228 7.32762284474 -0.469642605144 -0.742345220085 0.477869645041 0.0522347943832 0.516964084568 0.85441188049 0.0 0.0 0.0 0.0 0.0 0.0
9.55827285429 12.7510302808 7.64332982217 0.136345766595 -0.851259820758 0.506721372644 0.0522347943832 0.516964084568 0.85441188049 0.0 0.0 0.0 0.0 0.0 0.0
9.24611903563 12.8238277359 8.07454395244 0.690534102025 -0.63676658322 0.34306117885 0.0522347943832 0.516964084568 0.85441188049 0.0 0.0 0.0 0.0 0.0 0.0
9.09137248725 12.7514742283 8.58395888923 0.982376986981 -0.180355074548 0.0490663075343 0.0522347943832 0.516964084568 0.85441188049 0.0 0.0 0.0 0.0 0.0 0.0
9.16055880397 12.6380087758 9.10455849236 0.900998430115 0.344576342322 -0.263569674359 0.0522347943832 0.516964084568 0.85441188049 0.0 0.0 0.0 0.0 0.0 0.0
9.43512774118 12.6030895113 9.56507737993 0.477315505759 0.738597445734 -0.476071130313 0.0522347943832 0.516964084568 0.85441188049 0.0 0.0 0.0 0.0 0.0 0.0
9.81850076294 12.7365335579 9.91707583837 -0.127707559526 0.852013030821 -0.507705204376 0.0522347943832 0.516964084568 0.85441188049 0.0 0.0 0.0 0.0 0.0 0.0
10.1727628425 13.0641940016 10.1533428795 -0.68421238779 0.641734620601 -0.346453582919 0.0522347943832 0.516964084568 0.85441188049 0.0 0.0 0.0 0.0 0.0 0.0
10.3710586867 13.5381378723 10.3106358155 -0.980773490511 0.187650498784 -0.0535784529155 0.0522347943832 0.516964084568 0.85441188049 0.0 0.0 0.0 0.0 0.0 0.0
10.3457871829 14.0548566801 10.4557155415 -0.904722346529 -0.33772518487 0.259652027134 0.0522347943832 0.516964084568 0.85441188049 0.0 0.0 0.0 0.0 0.0 0.0
