
#id1 id2 FENE BEXC STCK NEXC HB CRSTCK CXSTCK total, t = 100
0 1 0.0789584 0 -1.14028 0 0 0 0 -1.06132
1 2 0.0564464 0 -1.23304 0 0 0 0 -1.17659
2 3 0.0650688 0 -1.07137 0 0 0 0 -1.0063
3 4 0.142981 0 -0.993463 0 0 0 0 -0.850482
4 5 0.263098 0 -1.02723 0 0 0 0 -0.764131
5 6 0.0383542 0 -0.0374432 0 0 0 0 0.000910986
6 7 1.16746 0 0 0 0 0 0 1.16746
7 8 0.0377459 0 -1.26734 0 0 0 0 -1.22959
8 9 0.00633731 0 -1.26979 0 0 0 0 -1.26346
9 10 0.0270827 0 -1.37937 0 0 0 0 -1.35229
10 11 0.0330499 0 -1.00522 0 0 0 0 -0.972174
11 12 0.0422621 0 -1.08174 0 0 0 0 -1.03948
12 13 1.29868 0 0 0 0 0 0 1.29868
13 14 0.906791 0 -0 0 0 0 0 0.906791
14 15 0.718814 0 -0.466845 0 0 0 0 0.251969
15 16 0.863236 0 -0.380645 0 0 0 0 0.482591
16 17 0.283175 0.00197804 -0.123848 0 0 0 0 0.161305
17 18 0.0358965 0 -1.30449 0 0 0 0 -1.2686
18 19 0.683345 0 -1.02687 0 0 0 0 -0.343528
19 20 1.13301 0 0 0 0 0 0 1.13301
20 21 1.37486 0 0 0 0 0 0 1.37486
21 22 0.0670077 0 -1.06062 0 0 0 0 -0.99361
22 23 0.097973 0 -0.795298 0 0 0 0 -0.697325
23 24 0.218909 0 -1.24587 0 0 0 0 -1.02696
24 25 0.101845 0 -1.28824 0 0 0 0 -1.1864
25 26 0.0343578 0 -1.25711 0 0 0 0 -1.22275
27 28 0.0420134 0 -0.964922 0 0 0 0 -0.922909
28 29 0.107071 0 -1.32005 0 0 0 0 -1.21298
29 30 0.0506605 0 -1.28775 0 0 0 0 -1.23709
30 31 0.476371 0 -1.3008 0 0 0 0 -0.824433
31 32 0.160446 0 -1.16006 0 0 0 0 -0.999609
32 33 0.0369894 0 -1.20036 0 0 0 0 -1.16337
33 34 0.024567 0 -1.05262 0 0 0 0 -1.02805
34 35 0.258567 0 -1.1811 0 0 0 0 -0.922531
35 36 0.294296 0 -1.05978 0 0 0 0 -0.76548
36 37 0.114204 0 -1.33325 0 0 0 0 -1.21905
37 38 0.388896 0 -1.34528 0 0 0 0 -0.956384
38 39 0.198172 0 -1.07072 0 0 0 0 -0.872547
39 40 0.298209 0 -1.30444 0 0 0 0 -1.00623
40 41 0.262458 0 -1.30479 0 0 0 0 -1.04233
41 42 0.216387 0 -1.06307 0 0 0 0 -0.846685
42 43 0.0881796 0 -0.228941 0 0 0 0 -0.140762
43 44 0.102882 0 -0.703717 0 0 0 0 -0.600836
44 45 1.31487 0 -0 0 0 0 0 1.31487
45 46 0.992686 0 0 0 0 0 0 0.992686
46 47 0.0853828 0 -0.884386 0 0 0 0 -0.799003
47 48 0.0178475 0 -1.10179 0 0 0 0 -1.08395
48 49 0.00621764 0 -1.09585 0 0 0 0 -1.08963
49 50 0.13972 0 -0.642013 0 0 0 0 -0.502294
50 51 0.817004 0 -4.29204e-05 0 0 0 0 0.816962
51 52 1.4144 0 0 0 0 0 0 1.4144
53 54 0.0143174 0 -1.30443 0 0 0 0 -1.29012
54 55 0.122464 0 -1.13735 0 0 0 0 -1.01489
55 56 0.0934726 0 -1.41667 0 0 0 0 -1.32319
56 57 0.0250437 0 -1.16429 0 0 0 0 -1.13924
57 58 0.117682 0 -1.36115 0 0 0 0 -1.24346
58 59 0.287419 0 -1.26883 0 0 0 0 -0.981412
59 60 0.196586 0 -0.730394 0 0 0 0 -0.533808
60 61 0.0753024 0 -1.259 0 0 0 0 -1.18369
61 62 0.21012 0 -1.09954 0 0 0 0 -0.889425
62 63 0.0691488 0 -1.00259 0 0 0 0 -0.933436
63 64 0.129521 0 -1.41451 0 0 0 0 -1.28498
64 65 0.168001 0 -1.22842 0 0 0 0 -1.06042
65 66 0.0501335 0 -1.40692 0 0 0 0 -1.35679
66 67 0.0102336 0 -1.07981 0 0 0 0 -1.06958
67 68 0.11362 0 -1.27517 0 0 0 0 -1.16155
68 69 0.0163824 0 -1.1873 0 0 0 0 -1.17092
69 70 0.0201152 0 -1.31268 0 0 0 0 -1.29257
70 71 0.154049 0 -1.08975 0 0 0 0 -0.935696
71 72 0.0561586 0 -0.834499 0 0 0 0 -0.77834
72 73 0.203627 0 -1.20001 0 0 0 0 -0.996382
73 74 0.320059 0 -1.33259 0 0 0 0 -1.01253
74 75 0.117109 0 -1.21156 0 0 0 0 -1.09445
75 76 0.134675 0 -1.37922 0 0 0 0 -1.24455
76 77 0.270501 0 -1.31284 0 0 0 0 -1.04234
77 78 1.04645 0 -0 0 0 0 0 1.04645
#Total energy per particle is  -0.637493 and should be -0.63749310

