t = 0
b =  30.0 30.0 30.0
E = 0. 0. 0.
17.0232913151 4.10446722586 25.0072505696 0.161431899869 0.950045109066 -0.267121755841 0.502973193624 0.153676075226 0.850530205459 0.0 0.0 0.0 0.0 0.0 0.0
17.5364613329 4.17707028698 25.1489207162 -0.367117683167 0.92886871695 0.0492698018818 0.502973193624 0.153676075226 0.850530205459 0.0 0.0 0.0 0.0 0.0 0.0
17.9659468633 4.46140900135 25.3018219157 -0.756193120487 0.554799569408 0.346942938123 0.502973193624 0.153676075226 0.850530205459 0.0 0.0 0.0 0.0 0.0 0.0
18.2230581481 4.87221429502 25.5338087689 -0.857978148459 -0.0300472103064 0.512806651595 0.502973193624 0.153676075226 0.850530205459 0.0 0.0 0.0 0.0 0.0 0.0
18.284593287 5.27617032616 25.8826899145 -0.633802933202 -0.603478552463 0.483846544455 0.502973193624 0.153676075226 0.850530205459 0.0 0.0 0.0 0.0 0.0 0.0
18.2016530272 5.54256340228 26.341863895 -0.168835387002 -0.947638302915 0.271065045595 0.502973193624 0.153676075226 0.850530205459 0.0 0.0 0.0 0.0 0.0 0.0
18.0802267357 5.59294229743 26.8628271613 0.360275545498 -0.931774418423 -0.0446985960531 0.502973193624 0.153676075226 0.850530205459 0.0 0.0 0.0 0.0 0.0 0.0
18.0409252662 5.43092318458 27.3736013811 0.752511774777 -0.561913853934 -0.34348049374 0.502973193624 0.153676075226 0.850530205459 0.0 0.0 0.0 0.0 0.0 0.0
18.1731588793 5.14081579105 27.8060792116 0.858856199492 0.0214271783632 -0.511768409167 0.502973193624 0.153676075226 0.850530205459 0.0 0.0 0.0 0.0 0.0 0.0
18.5011687902 4.8555927235 28.1218994172 0.638906794711 0.596627667357 -0.48562694964 0.502973193624 0.153676075226 0.850530205459 0.0 0.0 0.0 0.0 0.0 0.0
18.974817525 4.70637095149 28.3270209443 0.176226016667 0.945159330439 -0.274987692696 0.502973193624 0.153676075226 0.850530205459 0.0 0.0 0.0 0.0 0.0 0.0
19.4886369859 4.7725982786 28.4694590182 -0.353405971451 0.934609161666 0.0401239862533 0.502973193624 0.153676075226 0.850530205459 0.0 0.0 0.0 0.0 0.0 0.0
19.9218975445 5.05186979352 28.621043356 -0.748773122381 0.568985346544 0.339991891987 0.502973193624 0.153676075226 0.850530205459 0.0 0.0 0.0 0.0 0.0 0.0
20.1844752462 5.46084153608 28.8501288563 -0.8596688453 -0.0128055146573 0.510691193594 0.502973193624 0.153676075226 0.850530205459 0.0 0.0 0.0 0.0 0.0 0.0
20.2510914076 5.86689426118 29.1956264302 -0.643962000993 -0.589731346744 0.487370372453 0.502973193624 0.153676075226 0.850530205459 0.0 0.0 0.0 0.0 0.0 0.0
20.1709164107 6.13851770723 29.6522200959 -0.183603226038 -0.94260838042 0.278889398419 0.502973193624 0.153676075226 0.850530205459 0.0 0.0 0.0 0.0 0.0 0.0
20.0488890525 6.19527354331 30.1723866087 0.346509484171 -0.937372730803 -0.0355463208565 0.502973193624 0.153676075226 0.850530205459 0.0 0.0 0.0 0.0 0.0 0.0
20.0058485422 6.0383552359 30.6844503366 0.744977448014 -0.576013508718 -0.336477398536 0.502973193624 0.153676075226 0.850530205459 0.0 0.0 0.0 0.0 0.0 0.0
20.1326256647 5.75013463106 31.1198140308 0.860416023998 0.00418287576194 -0.509575086909 0.502973193624 0.153676075226 0.850530205459 0.0 0.0 0.0 0.0 0.0 0.0
20.4555346468 5.46286751288 31.439020068 0.648968167076 0.582790115806 -0.489076680125 0.502973193624 0.153676075226 0.850530205459 0.0 0.0 0.0 0.0 0.0 0.0
20.9263759431 5.30844741993 31.6467410606 0.190966453313 0.939985647123 -0.282769865635 0.502973193624 0.153676075226 0.850530205459 0.0 0.0 0.0 0.0 0.0 0.0
21.4407480484 5.36829708483 31.7900046534 -0.339586608853 0.940064915377 0.0309659484698 0.502973193624 0.153676075226 0.850530205459 0.0 0.0 0.0 0.0 0.0 0.0
21.8777113755 5.64243457676 31.9403269351 -0.74112504073 0.582997805232 0.332937281028 0.502973193624 0.153676075226 0.850530205459 0.0 0.0 0.0 0.0 0.0 0.0
22.1457352263 6.04946643674 32.1665422805 -0.861097678683 0.0044400816756 0.508420174109 0.502973193624 0.153676075226 0.850530205459 0.0 0.0 0.0 0.0 0.0 0.0
22.2174718341 6.45751041347 32.5086520206 -0.65392491172 -0.575804503144 0.490745742714 0.502973193624 0.153676075226 0.850530205459 0.0 0.0 0.0 0.0 0.0 0.0
22.1401462377 6.7342997356 32.9626272682 -0.198315137753 -0.937291330281 0.286628798831 0.502973193624 0.153676075226 0.850530205459 0.0 0.0 0.0 0.0 0.0 0.0
8.54572936148 10.8296303658 12.6685657318 0.880429032426 0.0143906618208 -0.473959521177 0.185720072429 0.909217723554 0.372600571487 0.0 0.0 0.0 0.0 0.0 0.0
8.87196163326 11.0392659107 13.0404669893 0.457353222265 0.25563024672 -0.85175184593 0.185720072429 0.909217723554 0.372600571487 0.0 0.0 0.0 0.0 0.0 0.0
9.30244758644 11.3071723784 13.2182113866 -0.139478723573 0.39975162698 -0.905949403884 0.185720072429 0.909217723554 0.372600571487 0.0 0.0 0.0 0.0 0.0 0.0
9.70113936021 11.6662022421 13.1894445888 -0.683320370365 0.39200068066 -0.615961636635 0.185720072429 0.909217723554 0.372600571487 0.0 0.0 0.0 0.0 0.0 0.0
9.94406823404 12.1145886733 13.0202693166 -0.967557183948 0.235322121855 -0.0919597452998 0.185720072429 0.909217723554 0.372600571487 0.0 0.0 0.0 0.0 0.0 0.0
9.96644241735 12.6166167895 12.8301318175 -0.884202846656 -0.0107592454185 0.46697919076 0.185720072429 0.909217723554 0.372600571487 0.0 0.0 0.0 0.0 0.0 0.0
9.78726253394 13.1161923354 12.7464422397 -0.464925064836 -0.252752995473 0.848504924775 0.185720072429 0.909217723554 0.372600571487 0.0 0.0 0.0 0.0 0.0 0.0
9.50210296738 13.558152828 12.8561693861 0.130985522248 -0.398721656742 0.907669451621 0.185720072429 0.909217723554 0.372600571487 0.0 0.0 0.0 0.0 0.0 0.0
9.24680155473 13.9092247064 13.1727998126 0.677132519468 -0.393209294344 0.621995178373 0.185720072429 0.909217723554 0.372600571487 0.0 0.0 0.0 0.0 0.0 0.0
9.1458525212 14.1706645139 13.6312140596 0.966025551491 -0.238310146917 0.100014537656 0.185720072429 0.909217723554 0.372600571487 0.0 0.0 0.0 0.0 0.0 0.0
9.26510904253 14.3777815158 14.1124266236 0.887909325417 0.00712700965795 -0.45996329807 0.185720072429 0.909217723554 0.372600571487 0.0 0.0 0.0 0.0 0.0 0.0
9.58676452253 14.5865231198 14.4887905394 0.472461501564 0.249856496106 -0.845193386683 0.185720072429 0.909217723554 0.372600571487 0.0 0.0 0.0 0.0 0.0 0.0
10.0161176167 14.8522195199 14.672492596 -0.122482345868 0.397661322306 -0.909320376816 0.185720072429 0.909217723554 0.372600571487 0.0 0.0 0.0 0.0 0.0 0.0
10.4175508562 15.208562831 14.6489150441 -0.670893102309 0.394387963619 -0.62798135277 0.185720072429 0.909217723554 0.372600571487 0.0 0.0 0.0 0.0 0.0 0.0
10.666053992 15.6548068908 14.4821891232 -0.964420352448 0.241280023738 -0.108061713518 0.185720072429 0.909217723554 0.372600571487 0.0 0.0 0.0 0.0 0.0 0.0
10.6947174781 16.1560507396 14.2908305312 -0.891548186444 -0.00349423114805 0.452912377394 0.185720072429 0.909217723554 0.372600571487 0.0 0.0 0.0 0.0 0.0 0.0
10.520152527 16.6564980783 14.2027133299 -0.479961958519 -0.2469409692 0.841817483844 0.185720072429 0.909217723554 0.372600571487 0.0 0.0 0.0 0.0 0.0 0.0
10.2361802324 17.1006552153 14.3064884505 0.113969841983 -0.396570704421 0.910902053743 0.185720072429 0.909217723554 0.372600571487 0.0 0.0 0.0 0.0 0.0 0.0
9.97818736684 17.4544140477 14.6179037229 0.664602594042 -0.395536598723 0.633919703955 0.185720072429 0.909217723554 0.372600571487 0.0 0.0 0.0 0.0 0.0 0.0
9.87169068351 17.7180103001 15.0738210118 0.962741709062 -0.244231526151 0.116100660063 0.185720072429 0.909217723554 0.372600571487 0.0 0.0 0.0 0.0 0.0 0.0
9.98465100306 17.9259339683 15.5562034499 0.895119152625 -0.000138813461077 -0.445826965687 0.185720072429 0.909217723554 0.372600571487 0.0 0.0 0.0 0.0 0.0 0.0
10.3016537616 18.133825994 15.936959617 0.487425864513 0.244006636784 -0.838377473343 0.185720072429 0.909217723554 0.372600571487 0.0 0.0 0.0 0.0 0.0 0.0
10.7297652613 18.3973393403 16.1266076127 -0.105448658854 0.395449886141 -0.912414361952 0.185720072429 0.909217723554 0.372600571487 0.0 0.0 0.0 0.0 0.0 0.0
11.1338397359 18.7509955005 16.108270726 -0.658261473715 0.396655112184 -0.639809779701 0.185720072429 0.909217723554 0.372600571487 0.0 0.0 0.0 0.0 0.0 0.0
11.3878634869 19.1950692061 15.9440891798 -0.960989749166 0.247164429388 -0.124130765092 0.185720072429 0.909217723554 0.372600571487 0.0 0.0 0.0 0.0 0.0 0.0
11.4228295943 19.6954840511 15.7516120218 -0.898621952018 0.00377184749902 0.438707602531 0.185720072429 0.909217723554 0.372600571487 0.0 0.0 0.0 0.0 0.0 0.0
11.2529547994 20.1967586888 15.6591382756 -0.49485265114 -0.241053722317 0.834873617152 0.185720072429 0.909217723554 0.372600571487 0.0 0.0 0.0 0.0 0.0 0.0
19.2243408067 13.2135109186 2.07949940631 0.289026143155 0.802917886434 -0.521331714187 0.651272029251 0.234219720993 0.72179350663 0.0 0.0 0.0 0.0 0.0 0.0
19.7579800845 13.2034630626 2.14125103662 -0.177303243945 0.971814558387 -0.155370601447 0.651272029251 0.234219720993 0.72179350663 0.0 0.0 0.0 0.0 0.0 0.0
20.2512030824 13.4149403658 2.16758593345 -0.576272164319 0.771502631736 0.269618400441 0.651272029251 0.234219720993 0.72179350663 0.0 0.0 0.0 0.0 0.0 0.0
20.6130648222 13.8022817182 2.25538035314 -0.756305654711 0.278083956452 0.592174864222 0.651272029251 0.234219720993 0.72179350663 0.0 0.0 0.0 0.0 0.0 0.0
20.8025266642 14.2530123171 2.47816105176 -0.649005982122 -0.320983463204 0.689754196449 0.651272029251 0.234219720993 0.72179350663 0.0 0.0 0.0 0.0 0.0 0.0
20.8440475722 14.6305747256 2.85817124117 -0.295138086124 -0.798103898631 0.52528437737 0.651272029251 0.234219720993 0.72179350663 0.0 0.0 0.0 0.0 0.0 0.0
20.8182917442 14.8262093252 3.35792002092 0.170857703239 -0.972011319383 0.161250241042 0.651272029251 0.234219720993 0.72179350663 0.0 0.0 0.0 0.0 0.0 0.0
20.831482935 14.800273914 3.8944257982 0.571941794552 -0.776635388738 -0.264045557819 0.651272029251 0.234219720993 0.72179350663 0.0 0.0 0.0 0.0 0.0 0.0
20.9750482758 14.5973044415 4.37074238226 0.755735635759 -0.286202689261 -0.589026034658 0.651272029251 0.234219720993 0.72179350663 0.0 0.0 0.0 0.0 0.0 0.0
21.2908835786 14.329095057 4.71279046319 0.652412873714 0.31296319692 -0.69022567294 0.651272029251 0.234219720993 0.72179350663 0.0 0.0 0.0 0.0 0.0 0.0
21.7554364166 14.132225643 4.89750158025 0.301227553184 0.793229132126 -0.529197038115 0.651272029251 0.234219720993 0.72179350663 0.0 0.0 0.0 0.0 0.0 0.0
22.2886540847 14.1161728347 4.96158221582 -0.164399151057 0.972134057953 -0.167117600807 0.651272029251 0.234219720993 0.72179350663 0.0 0.0 0.0 0.0 0.0 0.0
22.7843969612 14.3217180155 4.98756838904 -0.567567869204 0.781709001949 0.258452607105 0.651272029251 0.234219720993 0.72179350663 0.0 0.0 0.0 0.0 0.0 0.0
23.150762724 14.7054537879 5.07246884217 -0.755108064612 0.294299626627 0.58583234848 0.651272029251 0.234219720993 0.72179350663 0.0 0.0 0.0 0.0 0.0 0.0
23.3450015797 15.1562751694 5.29090979757 -0.65577008154 -0.304919097278 0.690644586073 0.651272029251 0.234219720993 0.72179350663 0.0 0.0 0.0 0.0 0.0 0.0
23.3897576248 15.5375902331 5.6667832081 -0.3072940806 -0.788293958152 0.533069398456 0.651272029251 0.234219720993 0.72179350663 0.0 0.0 0.0 0.0 0.0 0.0
23.3644659744 15.7392136643 6.16416980478 0.157928079243 -0.972182764751 0.172972233919 0.651272029251 0.234219720993 0.72179350663 0.0 0.0 0.0 0.0 0.0 0.0
23.3751740348 15.7192280036 6.70098542763 0.563150721365 -0.786723084993 -0.252839974224 0.651272029251 0.234219720993 0.72179350663 0.0 0.0 0.0 0.0 0.0 0.0
23.5142523197 15.5199087909 7.18016617039 0.754422989062 -0.302374151937 -0.582594048901 0.651272029251 0.234219720993 0.72179350663 0.0 0.0 0.0 0.0 0.0 0.0
23.8253013488 15.2516633808 7.52654458138 0.659077349935 0.296851776866 -0.691010903947 0.651272029251 0.234219720993 0.72179350663 0.0 0.0 0.0 0.0 0.0 0.0
24.2865870805 15.0510853426 7.71540703507 0.313337206382 0.78329875254 -0.536901163498 0.651272029251 0.234219720993 0.72179350663 0.0 0.0 0.0 0.0 0.0 0.0
24.8192980383 15.0290602797 7.78188285164 -0.151444980594 0.972157436068 -0.178813694527 0.651272029251 0.234219720993 0.72179350663 0.0 0.0 0.0 0.0 0.0 0.0
25.317487108 15.2286385349 7.80759808092 -0.558690687418 0.791677256028 0.247208086601 0.651272029251 0.234219720993 0.72179350663 0.0 0.0 0.0 0.0 0.0 0.0
25.6883226179 15.6086796455 7.88966440132 -0.753680461281 0.310425650285 0.57931138253 0.651272029251 0.234219720993 0.72179350663 0.0 0.0 0.0 0.0 0.0 0.0
25.8873566429 16.0594822929 8.1037847696 -0.662334427038 -0.288761850041 0.691324598666 0.651272029251 0.234219720993 0.72179350663 0.0 0.0 0.0 0.0 0.0 0.0
25.9354115145 16.4444616675 8.4754926019 -0.319356470323 -0.778243895696 0.540692041438 0.651272029251 0.234219720993 0.72179350663 0.0 0.0 0.0 0.0 0.0 0.0
1.74823527625 6.33627293822 26.373983645 0.31278840764 -0.711283441213 0.629475399283 0.63054297118 0.651127907586 0.42243107066 0.0 0.0 0.0 0.0 0.0 0.0
1.77973430096 6.60214558356 26.839821224 0.66989374767 -0.731428729583 0.12749266792 0.63054297118 0.651127907586 0.42243107066 0.0 0.0 0.0 0.0 0.0 0.0
1.96393562654 6.70128902697 27.3347207607 0.772495252934 -0.473692014748 -0.42292665955 0.63054297118 0.651127907586 0.42243107066 0.0 0.0 0.0 0.0 0.0 0.0
2.32422726932 6.69245436072 27.733214152 0.581612896176 -0.0359917838026 -0.8126690781 0.63054297118 0.651127907586 0.42243107066 0.0 0.0 0.0 0.0 0.0 0.0
2.81709759009 6.67541536622 27.9464596014 0.169766076112 0.41538232756 -0.893664926777 0.63054297118 0.651127907586 0.42243107066 0.0 0.0 0.0 0.0 0.0 0.0
3.34866609325 6.75306278635 27.9559941026 -0.306577714604 0.708945747861 -0.635142528491 0.63054297118 0.651127907586 0.42243107066 0.0 0.0 0.0 0.0 0.0 0.0
3.81035019672 6.99231441202 27.8207478445 -0.666447505837 0.733168825608 -0.135318864614 0.63054297118 0.651127907586 0.42243107066 0.0 0.0 0.0 0.0 0.0 0.0
4.12011757026 7.39869189455 27.6546556469 -0.773122747194 0.478848808578 0.41591469834 0.63054297118 0.651127907586 0.42243107066 0.0 0.0 0.0 0.0 0.0 0.0
4.25365158925 7.91422297807 27.5833712179 -0.586075730969 0.0426061232438 0.809135313672 0.63054297118 0.651127907586 0.42243107066 0.0 0.0 0.0 0.0 0.0 0.0
4.25358962693 8.43946612872 27.6965292091 -0.176368745885 -0.409823340647 0.894951895319 0.63054297118 0.651127907586 0.42243107066 0.0 0.0 0.0 0.0 0.0 0.0
4.21332440344 8.87129003597 28.013691513 0.300343674488 -0.706554065545 0.640761289137 0.63054297118 0.651127907586 0.42243107066 0.0 0.0 0.0 0.0 0.0 0.0
4.24152252999 9.14205492176 28.4769153729 0.662950511445 -0.734853087989 0.143134756254 0.63054297118 0.651127907586 0.42243107066 0.0 0.0 0.0 0.0 0.0 0.0
4.42084024649 9.24531002301 28.9727668051 0.773691365163 -0.483969136217 -0.408871063616 0.63054297118 0.651127907586 0.42243107066 0.0 0.0 0.0 0.0 0.0 0.0
4.77652093402 9.23824434443 29.3754160654 0.590493933825 -0.0492172180638 -0.805539930458 0.63054297118 0.651127907586 0.42243107066 0.0 0.0 0.0 0.0 0.0 0.0
5.26680473235 9.21995959945 29.5944424732 0.182957984495 0.4042331441 -0.89617070981 0.63054297118 0.651127907586 0.42243107066 0.0 0.0 0.0 0.0 0.0 0.0
5.798793809 9.29381981238 29.6091867395 -0.294086762039 0.704108576402 -0.64633125333 0.63054297118 0.651127907586 0.42243107066 0.0 0.0 0.0 0.0 0.0 0.0
6.26374579899 9.52818159746 29.4765997762 -0.659403030806 0.736481388461 -0.150939747627 0.63054297118 0.651127907586 0.42243107066 0.0 0.0 0.0 0.0 0.0 0.0
6.57838684736 9.93042433822 29.3096060928 -0.774201063539 0.489052607732 0.401796291777 0.63054297118 0.651127907586 0.42243107066 0.0 0.0 0.0 0.0 0.0 0.0
6.71654873894 10.4441466363 29.2342018867 -0.594867168282 0.0558245648021 0.801883202259 0.63054297118 0.651127907586 0.42243107066 0.0 0.0 0.0 0.0 0.0 0.0
6.71911064078 10.9705941457 29.3415869818 -0.189533290146 -0.398612163633 0.897321277431 0.63054297118 0.651127907586 0.42243107066 0.0 0.0 0.0 0.0 0.0 0.0
6.67846842318 11.4061779998 29.6535164903 0.287807453744 -0.701609466665 0.651851996895 0.63054297118 0.651127907586 0.42243107066 0.0 0.0 0.0 0.0 0.0 0.0
6.70343192371 11.6818299539 30.114035682 0.655805334073 -0.738053603025 0.158733244355 0.63054297118 0.651127907586 0.42243107066 0.0 0.0 0.0 0.0 0.0 0.0
6.87788627078 11.789242566 30.6107381218 0.774651803507 -0.494098835998 -0.394690921594 0.63054297118 0.651127907586 0.42243107066 0.0 0.0 0.0 0.0 0.0 0.0
7.22892252083 11.7840253329 31.0174707536 0.599195101301 -0.0624276602837 -0.798165407549 0.63054297118 0.651127907586 0.42243107066 0.0 0.0 0.0 0.0 0.0 0.0
7.71654531308 11.7645777127 31.2422615556 0.196094162103 0.392960827308 -0.898403510562 0.63054297118 0.651127907586 0.42243107066 0.0 0.0 0.0 0.0 0.0 0.0
8.24886777575 11.8347055254 31.2622612491 -0.281506227797 0.69905692665 -0.657323099407 0.63054297118 0.651127907586 0.42243107066 0.0 0.0 0.0 0.0 0.0 0.0
8.71702088494 12.0641833865 31.1324241214 -0.652157695224 0.73956961195 -0.166514652931 0.63054297118 0.651127907586 0.42243107066 0.0 0.0 0.0 0.0 0.0 0.0
5.30123905456 18.4627473523 21.8454448548 -0.710381436844 0.562067106897 0.423602150056 0.703291477419 0.590137627434 0.396381985559 0.0 0.0 0.0 0.0 0.0 0.0
5.484824032 18.9607037166 21.7616527465 -0.559494908866 0.115496044033 0.820747288004 0.703291477419 0.590137627434 0.396381985559 0.0 0.0 0.0 0.0 0.0 0.0
5.54087212736 19.4849874078 21.8649500082 -0.196046910754 -0.374953896949 0.906076809077 0.703291477419 0.590137627434 0.396381985559 0.0 0.0 0.0 0.0 0.0 0.0
5.55223132324 19.9238003464 22.1747875071 0.241882586483 -0.722952583586 0.647172601585 0.703291477419 0.590137627434 0.396381985559 0.0 0.0 0.0 0.0 0.0 0.0
5.61872766233 20.1978162208 22.6321480209 0.587916845054 -0.796289496596 0.142396702602 0.703291477419 0.590137627434 0.396381985559 0.0 0.0 0.0 0.0 0.0 0.0
5.81923966474 20.2903178793 23.1219678676 0.710591664744 -0.567102716599 -0.416478084445 0.703291477419 0.590137627434 0.396381985559 0.0 0.0 0.0 0.0 0.0 0.0
6.18173105949 20.2535484558 23.5168515218 0.563300830538 -0.122464133114 -0.817125884069 0.703291477419 0.590137627434 0.396381985559 0.0 0.0 0.0 0.0 0.0 0.0
6.67262689629 20.1888633293 23.725471305 0.202002592923 0.368700622033 -0.907333898719 0.703291477419 0.590137627434 0.396381985559 0.0 0.0 0.0 0.0 0.0 0.0
7.2095692305 20.2082235212 23.7272642974 -0.236039807047 0.719789846523 -0.652830595432 0.703291477419 0.590137627434 0.396381985559 0.0 0.0 0.0 0.0 0.0 0.0
7.69270628327 20.3916598313 23.5802445351 -0.584406737944 0.797418874075 -0.150306034195 0.703291477419 0.590137627434 0.396381985559 0.0 0.0 0.0 0.0 0.0 0.0
8.04262780173 20.7568677988 23.3989625075 -0.710747778337 0.572095139233 0.409322302416 0.703291477419 0.590137627434 0.396381985559 0.0 0.0 0.0 0.0 0.0 0.0
8.23053434176 21.2524848713 23.3109855117 -0.56706385467 0.129422896076 0.813442252835 0.703291477419 0.590137627434 0.396381985559 0.0 0.0 0.0 0.0 0.0 0.0
8.28917865827 21.777603897 23.408432703 -0.207942891813 -0.362419269136 0.908521891373 0.703291477419 0.590137627434 0.396381985559 0.0 0.0 0.0 0.0 0.0 0.0
8.30042238605 22.2201094389 23.712977488 0.230179052265 -0.716572294676 0.658438873702 0.703291477419 0.590137627434 0.396381985559 0.0 0.0 0.0 0.0 0.0 0.0
8.36413543604 22.4992723037 24.167613435 0.580852125998 -0.798487525018 0.158203919401 0.703291477419 0.590137627434 0.396381985559 0.0 0.0 0.0 0.0 0.0 0.0
8.56025374643 22.596419912 24.6583119704 0.710849765735 -0.577043994607 -0.402135348909 0.703291477419 0.590137627434 0.396381985559 0.0 0.0 0.0 0.0 0.0 0.0
8.91841028328 22.5620303237 25.0573437404 0.570783694695 -0.136371802984 -0.809696674824 0.703291477419 0.590137627434 0.396381985559 0.0 0.0 0.0 0.0 0.0 0.0
9.40667698129 22.4965547785 25.2718051278 0.213867355046 0.356110316608 -0.909640696567 0.703291477419 0.590137627434 0.396381985559 0.0 0.0 0.0 0.0 0.0 0.0
9.94369474962 22.5122545912 25.2789138899 -0.224300768456 0.713300173074 -0.663997009302 0.703291477419 0.590137627434 0.396381985559 0.0 0.0 0.0 0.0 0.0 0.0
10.4295831507 22.6905512008 25.1346645128 -0.577253279913 0.799495368046 -0.166089756766 0.703291477419 0.590137627434 0.396381985559 0.0 0.0 0.0 0.0 0.0 0.0
10.7838866485 23.0510928047 24.9525549704 -0.710897619171 0.581948905847 0.394917771239 0.703291477419 0.590137627434 0.396381985559 0.0 0.0 0.0 0.0 0.0 0.0
10.9761410116 23.54428968 24.8604669464 -0.574460067331 0.14331032465 0.805889435276 0.703291477419 0.590137627434 0.396381985559 0.0 0.0 0.0 0.0 0.0 0.0
11.0374471843 24.0701541483 24.9520814445 -0.219775531452 -0.349774244902 0.9106902291 0.703291477419 0.590137627434 0.396381985559 0.0 0.0 0.0 0.0 0.0 0.0
11.0486555177 24.5162875665 25.251287809 0.218405403277 -0.709973730902 0.66950457896 0.703291477419 0.590137627434 0.396381985559 0.0 0.0 0.0 0.0 0.0 0.0
11.1096493697 24.8005824504 25.7031077633 0.573610473757 -0.800442326405 0.173962945753 0.703291477419 0.590137627434 0.396381985559 0.0 0.0 0.0 0.0 0.0 0.0
11.3013977471 24.9024164808 26.1945825766 0.710891335001 -0.586809499425 -0.38767011905 0.703291477419 0.590137627434 0.396381985559 0.0 0.0 0.0 0.0 0.0 0.0
