
#id1 id2 FENE BEXC STCK NEXC HB CRSTCK CXSTCK total, t = 100
0 1 0.00663785 0 -0.660418 0 0 0 0 -0.65378
1 2 0.799897 0 -1.31965 0 0 0 0 -0.519752
2 3 0.0749968 0 -1.43174 0 0 0 0 -1.35675
3 4 0.0687883 0 -1.35656 0 0 0 0 -1.28778
4 5 0.131609 0 -1.39406 0 0 0 0 -1.26246
5 6 0.393296 0 -1.39878 0 0 0 0 -1.00549
6 7 0.160348 0 -1.38622 0 0 0 0 -1.22588
7 8 0.155724 0 -1.1663 0 0 0 0 -1.01058
8 9 0.0922604 0 -1.32651 0 0 0 0 -1.23424
9 10 0.227752 0 -1.37261 0 0 0 0 -1.14486
10 11 0.171404 0 -1.37043 0 0 0 0 -1.19903
11 12 0.13412 0 -1.25807 0 0 0 0 -1.12395
12 13 0.217896 0 -1.19902 0 0 0 0 -0.981122
13 14 0.127149 0 -1.29048 0 0 0 0 -1.16333
14 15 0.084751 0 -1.35976 0 0 0 0 -1.27501
15 16 0.152995 0 -1.14914 0 0 0 0 -0.996147
16 17 0.209407 0 -1.23089 0 0 0 0 -1.02148
17 18 8.87709e-05 0 -1.07125 0 0 0 0 -1.07116
18 19 0.0489089 0 -0.914878 0 0 0 0 -0.865969
19 20 0.121478 0 -1.08094 0 0 0 0 -0.959463
20 21 0.160094 0 -1.19357 0 0 0 0 -1.03348
21 22 0.170727 0 -1.19242 0 0 0 0 -1.02169
22 23 0.119709 0 -1.27398 0 0 0 0 -1.15427
23 24 0.0480719 0 -1.1368 0 0 0 0 -1.08873
#Total energy per particle is  -1.02626 and should be -1.0262610

