
#id1 id2 FENE BEXC STCK NEXC HB CRSTCK CXSTCK total, t = 100
0 1 0.010442 0 -1.1816 0 0 0 0 -1.17116
1 2 0.0292162 0 -0.998621 0 0 0 0 -0.969405
2 3 0.22694 0 -1.4032 0 0 0 0 -1.17626
3 4 0.0500669 0 -1.28095 0 0 0 0 -1.23088
4 5 0.022592 0 -1.16521 0 0 0 0 -1.14262
5 6 0.146746 0 -1.40349 0 0 0 0 -1.25674
6 7 0.129681 0 -1.28045 0 0 0 0 -1.15076
7 8 0.00385596 0 -1.29551 0 0 0 0 -1.29166
8 9 0.085281 0 -1.13142 0 0 0 0 -1.04614
9 10 0.554854 0 -1.30111 0 0 0 0 -0.746259
10 11 0.0580243 0 -1.37694 0 0 0 0 -1.31892
11 12 0.085877 0 -1.2143 0 0 0 0 -1.12842
12 13 0.337112 0 -0.952293 0 0 0 0 -0.615182
13 14 0.260624 0 -1.26522 0 0 0 0 -1.0046
14 15 0.13714 0 -1.34244 0 0 0 0 -1.2053
15 16 0.0807223 0 -1.3407 0 0 0 0 -1.25998
16 17 0.63622 0 -1.35551 0 0 0 0 -0.719293
17 18 0.157375 0 -1.19551 0 0 0 0 -1.03814
18 19 0.228804 0 -1.28827 0 0 0 0 -1.05946
19 20 0.106055 0 -1.21021 0 0 0 0 -1.10415
20 21 0.139317 0 -1.34387 0 0 0 0 -1.20456
21 22 0.130491 0 -1.30337 0 0 0 0 -1.17288
22 23 0.0140126 0 -1.42341 0 0 0 0 -1.4094
23 24 0.0186257 0 -1.22054 0 0 0 0 -1.20191
#Total energy per particle is  -1.06496 and should be -1.0649610

