t = 0
b =  30.0 30.0 30.0
E = 0. 0. 0.
8.56442885081 6.16011073316 10.7575296898 -0.380414421974 0.92128170492 -0.080776777197 0.891865560096 0.388565626094 0.231500706116 0.0 0.0 0.0 0.0 0.0 0.0
8.95476585824 6.4221999601 10.4974693894 -0.451615989195 0.736880406398 0.503041017185 0.891865560096 0.388565626094 0.231500706116 0.0 0.0 0.0 0.0 0.0 0.0
9.24215698672 6.85226109887 10.3520773046 -0.351241091504 0.272525921502 0.895745118741 0.891865560096 0.388565626094 0.231500706116 0.0 0.0 0.0 0.0 0.0 0.0
9.44948269734 7.34444453002 10.4108703479 -0.117423830713 -0.295365717363 0.948140673628 0.891865560096 0.388565626094 0.231500706116 0.0 0.0 0.0 0.0 0.0 0.0
9.63004164206 7.76929933661 10.6857920875 0.161004706588 -0.75104298195 0.640321734536 0.891865560096 0.388565626094 0.231500706116 0.0 0.0 0.0 0.0 0.0 0.0
9.84730161471 8.02295387182 11.1066751867 0.378264864001 -0.921386460926 0.0892338628863 0.891865560096 0.388565626094 0.231500706116 0.0 0.0 0.0 0.0 0.0 0.0
10.150787075 8.06657833428 11.5478991477 0.451815875329 -0.741679818635 -0.495755445185 0.891865560096 0.388565626094 0.231500706116 0.0 0.0 0.0 0.0 0.0 0.0
10.5572639783 7.94113685874 11.8761156394 0.353714481661 -0.28019661302 -0.892398971041 0.891865560096 0.388565626094 0.231500706116 0.0 0.0 0.0 0.0 0.0 0.0
11.0443701088 7.75182455645 12.0009097576 0.121231042619 0.287737970519 -0.950005207684 0.891865560096 0.388565626094 0.231500706116 0.0 0.0 0.0 0.0 0.0 0.0
11.5591108593 7.62810213359 11.9091501587 -0.157310096389 0.746356088336 -0.646688582688 0.891865560096 0.388565626094 0.231500706116 0.0 0.0 0.0 0.0 0.0 0.0
12.0379927684 7.67451160456 11.6699778771 -0.376086499694 0.921421049785 -0.0976841530715 0.891865560096 0.388565626094 0.231500706116 0.0 0.0 0.0 0.0 0.0 0.0
12.431145748 7.93095903281 11.4085384898 -0.451981353934 0.746422749083 0.488432119488 0.891865560096 0.388565626094 0.231500706116 0.0 0.0 0.0 0.0 0.0 0.0
12.7212695638 8.3575535502 11.2584372194 -0.35616093509 0.287845966481 0.888984863705 0.891865560096 0.388565626094 0.231500706116 0.0 0.0 0.0 0.0 0.0 0.0
12.9302064833 8.84976256471 11.3109800767 -0.125029022311 -0.280088311315 0.951797395166 0.891865560096 0.388565626094 0.231500706116 0.0 0.0 0.0 0.0 0.0 0.0
13.1106430331 9.27812543984 11.5804851802 0.153603506417 -0.741612356815 0.653006182999 0.891865560096 0.388565626094 0.231500706116 0.0 0.0 0.0 0.0 0.0 0.0
13.3260935071 9.53743775491 11.9988430637 0.373879494943 -0.921385468864 0.10612700423 0.891865560096 0.388565626094 0.231500706116 0.0 0.0 0.0 0.0 0.0 0.0
13.6267698237 9.58672022335 12.4413926011 0.452112412409 -0.751108836548 -0.481071597795 0.891865560096 0.388565626094 0.231500706116 0.0 0.0 0.0 0.0 0.0 0.0
14.030505179 9.46478740887 12.7742818526 0.358580265485 -0.295473399357 -0.88550305673 0.891865560096 0.388565626094 0.231500706116 0.0 0.0 0.0 0.0 0.0 0.0
14.515978917 9.2755014237 12.9053206545 0.12881748056 0.272417322301 -0.953517099591 0.891865560096 0.388565626094 0.231500706116 0.0 0.0 0.0 0.0 0.0 0.0
15.0308166038 9.14831297573 12.8190052035 -0.149885218943 0.736812148643 -0.659274054362 0.891865560096 0.388565626094 0.231500706116 0.0 0.0 0.0 0.0 0.0 0.0
15.5114879502 9.18908088022 12.5824082112 -0.371644017822 0.921279720873 -0.114561773407 0.891865560096 0.388565626094 0.231500706116 0.0 0.0 0.0 0.0 0.0 0.0
15.9074430311 9.43985452608 12.3196968589 -0.452209040774 0.755737724167 0.473674440637 0.891865560096 0.388565626094 0.231500706116 0.0 0.0 0.0 0.0 0.0 0.0
16.2003170469 9.86289860994 12.1649596103 -0.360972288604 0.30307833079 0.881953815268 0.891865560096 0.388565626094 0.231500706116 0.0 0.0 0.0 0.0 0.0 0.0
16.4109074181 10.3550294088 12.2112637616 -0.132596128858 -0.264725587654 0.955164189997 0.891865560096 0.388565626094 0.231500706116 0.0 0.0 0.0 0.0 0.0 0.0
16.5912724976 10.7868160017 12.4752976202 0.14615551713 -0.731955829372 0.665491719453 0.891865560096 0.388565626094 0.231500706116 0.0 0.0 0.0 0.0 0.0 0.0
16.8049537319 11.0517532402 12.8910303371 0.36938023857 -0.921103813863 0.122987818261 0.891865560096 0.388565626094 0.231500706116 0.0 0.0 0.0 0.0 0.0 0.0
