t = 100
b = 30 30 30
E = -0.391045397235634 -0.579165345500318 0.188119948264685
17.996937305704 5.38337654110416 4.41171945285222 0.999656243269911 0.013866559293789 0.0222484838388672 -0.025967611125694 0.640282543021645 0.767700351112367 -0.0161786765424829 -0.030655451324088 -0.146831059808273 0.0483288188871267 -0.473222553348934 -0.0698749241775542
18.0632171341194 5.59039923965777 4.87363013369336 0.843479804339585 0.250200781586597 -0.475332798720956 0.302305770954671 0.51035399275754 0.805077580098126 -0.288077883233571 -0.038464417694806 -0.268770916120583 0.181003070060099 0.491648711149728 -0.252756913068014
18.3641926650095 5.66767414994325 5.188803972378 0.253259840309859 0.818267479038374 -0.516040375073533 0.306154786225064 0.438219577602158 0.84512291505067 0.514391093460567 -0.213390758555493 0.109715809709379 0.433545094200698 -0.060796400720076 0.442375683178744
18.610144308554 6.01462215463711 5.53709232804231 -0.218453058575413 0.776543041975556 -0.590981426126445 0.215252084816658 0.629036514046964 0.746980246392418 0.492157747330907 0.317095418906846 -0.237329720209628 0.607531891883041 0.23951209623172 -0.189316984983864
18.8151072772149 6.48863572793712 5.68858965717907 -0.731873945523785 0.580375646075356 -0.357105752335615 0.24096963814163 0.710607902272159 0.66103701131926 -0.386384706273774 0.49541555506247 0.188997161179529 0.515178231583105 0.0548788392524956 0.249492400642726
18.8984678648138 6.95423665356436 5.88900898706981 -0.992227865904719 0.105227346456722 0.0664149725569985 0.120889772294377 0.688706207849929 0.714891113485363 -0.46785826690598 0.443265037525728 -0.105433130272167 0.333009492595057 0.0792230637905182 0.344180965184913
17.811377161144 8.64108570797148 5.42278717380768 -0.871293747149043 -0.447568758578896 0.201318885462502 0.00576677960480154 0.400851619169679 0.91612477826419 -4.381817057893 5.94315916773573 -2.45142415231013 -0.348611296167418 -0.151050249420576 -0.185719189620745
18.5460085878563 7.76995650780732 6.14526045667706 -0.541848091219062 -0.62563602077379 0.561230879773261 0.0814332809431892 0.625531984627175 0.775937006410059 -0.625200220963861 -0.334039044136657 0.435036208429341 -0.203041734905431 0.168046961868598 -0.441948047990383
18.2281185978779 8.02707009970149 6.58584564293777 0.300620877471378 -0.791325201411848 0.532382752379572 0.137013758893139 0.588245386278449 0.796990888945988 -0.730394729951422 0.164073076222716 -0.0736239109484084 0.0216061561294531 0.836424605164477 0.556659880620484
18.2765178176703 8.11622695706962 7.00171963945808 0.724483138797843 -0.620737409871686 0.299681715389701 0.14457897007459 0.561942469508667 0.814443038642579 0.00910789382926496 0.346746893712037 0.0212556203577703 0.20872519903195 0.486240288052307 -0.074954345284088
18.2376387710492 8.10429949535172 7.44114438442559 0.998957095802861 -0.0328007847562167 -0.0317602063651807 0.0429338951598203 0.438192377963956 0.897855226057358 0.186504952250759 0.132474844039797 0.748983844932871 0.594459264830946 -0.294395225134248 0.019197232128068
18.2259173816815 8.06570349676377 7.82243273751799 0.796043047417514 0.55737694539292 -0.235894656802857 -0.0392456235550207 0.43646959049407 0.898862592943019 0.135018788592173 0.45635694991767 0.468723709360833 0.256546005011486 -0.821557694176002 0.442460060976113
18.238803136388 8.34809963871692 8.299303867244 0.539954284659926 0.535186121706915 -0.649634566874737 0.162800530691621 0.690836474009994 0.704443634970091 0.142406454105607 0.907854470491636 0.0125057229546727 0.0555673458787482 0.441157436593898 -0.39429687289
17.2193957862962 9.92097756682969 8.05020401225465 -0.330290380844146 0.733996225217333 -0.593428755489222 -0.0317062130641882 0.619729866066194 0.784174400595092 -5.9551098208059 5.83246414426796 -2.10939159340463 -0.137851796452512 0.0170760083879183 0.122636998618734
19.0407969844487 8.96029702931896 8.53788601344477 -0.592121795133407 0.718578253250053 -0.364742319192543 0.0805636091644015 0.503137234141711 0.860443089395268 -0.353286263248366 0.376933262684779 -0.825898293082491 0.0124185564891816 -0.527141737346347 -0.971686588970043
19.1663934355338 9.31845131489119 8.80423269367691 -0.995801253904487 0.0841032375739116 0.0361440062472526 0.0823225739192386 0.650082893153236 0.755390698137308 0.0921654298197427 0.584795481552332 -0.381851127202663 0.0328642731527155 -0.0223162057836705 -0.0679634058905712
19.0349749803183 9.71778617228694 9.04648554902866 -0.855875772426617 -0.422473163192639 0.298316894175985 -0.0758318000781442 0.673090981970306 0.735661573339471 -0.744939362783984 0.410194746724976 0.0232753112041471 0.390669230110596 0.452090054306369 0.125204761234122
18.7869136041003 10.0578559066904 9.2662089125424 -0.321056372831937 -0.755355690337617 0.571279675901787 -0.113135426163052 0.629483973236953 0.768732844411758 -0.186277928495608 -0.344314490280947 0.449387700507526 0.413134059064217 -0.0262438118036246 0.232147216867757
18.5551113263978 10.2655728445279 9.61977353642391 0.282618490386111 -0.765051541777348 0.578638754872979 -0.0493240844045608 0.590842513739965 0.80527767915339 -0.0577762118964068 -0.789302773734988 0.15468916909351 0.58829814394041 0.210962958845089 0.0145720781677651
18.3506874525414 10.417959805004 10.0563649699183 0.663762243419164 -0.664988081603423 0.342360070206304 -0.00531935470998102 0.453526478026745 0.891226863870006 0.763722436012711 -0.0163172816847265 0.328217438984698 0.479740871744387 0.0771706887950603 -0.132001400255708
18.2678363903336 10.4289396700484 10.5303959715552 0.975505372397476 -0.214269409826387 0.0497772084106246 0.0771714506801748 0.545251959199173 0.834712375594159 0.409738294105082 -0.14592777385356 0.102129679795831 0.489123985820473 0.265793772017919 -0.0524597226700068
18.353009635728 10.4613067304281 10.9818975305221 0.88890963458321 0.295493251552293 -0.350033257115338 0.119637202829518 0.587850564610081 0.800074080852229 0.305131432026635 0.118197766705142 0.147335110616579 0.32640471424709 0.22970272246851 4.52379745008262e-05
18.6035295515276 10.5799034057644 11.4123780905079 0.402033145667744 0.667598597783812 -0.626642914915412 0.101433984050008 0.647702336244939 0.755111059056422 0.0607550431678911 -0.0413861861010302 0.0598112976429876 0.361776507525769 0.0603376858227282 -0.0587877962574837
18.9081866237116 10.8126013933583 11.7920022167597 -0.228119056617299 0.757429998563698 -0.611769052922275 0.123453110306321 0.645766500706347 0.753488445736236 -0.0378404957560021 -0.22906234108401 0.301289301456211 0.523385797221178 -0.21270678361373 -0.0905109054051153
19.2324243153935 11.0987502460851 11.9193616288271 -0.849330329639172 0.522140319445249 -0.0775071955709533 0.256684221200691 0.536832260696486 0.803694106053696 -0.21537033299353 0.526397533182361 -0.0200342536077409 0.201610962503081 -0.292185323750419 0.7484178407076
2.34625897954625 23.5386373086581 2.72613660316345 0.78787954876199 -0.610199891652657 0.0830770343897606 0.576333780206421 0.778143313689729 0.249664251441706 0.606889708993277 -0.372700755206422 -0.182465716850787 -0.0725846859138447 0.138009700542438 -0.527589306757258
2.58366306737537 23.7899890352952 3.0626373340529 0.669176566184677 -0.343359141923952 -0.659019805260136 0.638225733474234 0.71980638582423 0.273032161404582 0.0133771535567457 -0.0143430955997141 -0.186715328142715 0.378941775796186 0.368794375121937 -0.075951092296213
2.9975365197709 23.8733856201688 3.24647924271833 0.332218225676456 0.129090799448123 -0.934326761318444 0.684499401039579 0.64852011342341 0.332989666972959 0.38779473020414 -0.224769088053855 -0.526628161181042 0.457550374416812 -0.0378450013110433 -0.0641094144395225
3.46811636657398 24.0149750850846 3.47119993123949 -0.148491840982972 0.413201744438507 -0.898451096309289 0.519789513710872 0.805512175909964 0.284550306081967 -0.42860723133396 -0.233066407116164 -0.0302875824832029 0.375089437136229 -0.301409846287215 -0.123388518850646
3.99893237416117 24.0042264728183 3.79213189333999 -0.543083176648492 0.58030631848374 -0.606881473483116 0.511250749314042 0.801865915112446 0.309246837176063 1.51829758021321 0.0551451492526846 0.723654253653395 0.0423794060092268 -0.494286612369384 -0.261180682081028
5.48760852739809 23.6037526509523 3.48839452882571 -0.836104162096678 0.535832651391498 -0.117529079067547 0.532257264080146 0.844262657638519 0.0626311299625522 5.19589162479486 -4.01132276153708 0.812519185834694 0.586984904601132 -0.210479714524732 -0.649819447576353
4.12133249778732 24.8633222440023 3.20057313766012 -0.638718104534795 0.346965466700998 0.686770725142045 0.6366112253706 0.739610930371621 0.21840718898209 -0.785233503708082 -0.198950522826892 0.401133542325471 0.318511370539181 -0.174231363404145 -0.417916435704519
4.18927115310834 25.40719255681 3.221532630554 -0.369604195136742 -0.074816752356219 0.92617226981453 0.430573172010854 0.869488992765492 0.242065111514357 0.0717934598821475 -0.0690869872835083 0.335051855067321 0.549615446020077 -0.0822630975081549 0.0133646747426041
4.10156896343035 25.8849605088721 3.24397061164274 0.278757915252963 -0.346212494385661 0.895785027017464 0.348816386896933 0.905556729973524 0.241441548712962 0.239983163953722 -0.70699811079911 0.156241758165105 0.567166526269858 0.029056179849407 0.327152937043634
4.25448103886275 26.2576084173051 3.54444925584299 0.480928102720471 -0.67252257988048 0.562513486077943 0.29487534198963 0.728276784867189 0.618596277941737 0.52380326584125 -0.874259590730414 0.188628172934276 0.278114360151334 0.220422409082343 -0.350624460598045
4.37349255366187 26.4754930208803 3.9928968543385 0.770420651617415 -0.635897603734235 -0.0456742625324927 0.577523692003184 0.665762054543955 0.472469212219976 0.525398518485565 -0.355934187626128 -0.0584926717577395 0.709204470210134 0.448948395115898 -0.0629644399425851
4.74747238128044 26.5518848580442 4.30622322092592 0.710105354791931 -0.28237456765052 -0.644992146898815 0.636029873564386 0.650195691521729 0.41558566842534 0.483307233677399 -0.117633509217031 -0.152960475737957 0.612357648011844 0.300245160621953 0.490326780877301
6.09149095624934 25.2085206222592 4.7216000223556 0.453549691406122 0.142310297442369 -0.879795622724912 0.671791322344273 0.594105962794351 0.442418820483011 4.84546919779491 -7.02151055318132 0.0259705048769419 0.504811716431282 -0.373240815962605 -0.138705725226786
5.52305830128482 26.9104523597287 4.68997859193501 -0.149709267642148 0.418964956211603 -0.895575447100356 0.496863329248074 0.814984957250068 0.298205017441396 0.0243852187017226 -0.140815508460765 -0.333098139415693 0.211160915473006 0.153333827115371 -0.166454730139069
5.92509023343398 27.2541969797282 4.67282600258384 -0.642132489128074 0.55808463433518 -0.525554267531969 0.659829251343453 0.751369491582533 -0.00831509055377862 0.632147720825123 -0.159705768800524 0.167629976588935 0.214073661311969 0.452943879160203 0.0958383621707621
6.16970808485994 27.6353262446858 4.53863829439643 -0.865223432355892 0.499052263869799 -0.0483231995047566 0.48861207546922 0.860871104386989 0.14198262586301 -0.108046891985738 0.0239887458925319 -0.458446244534988 0.570215582739888 -0.203313178439722 -0.430276494967898
6.32028215685772 28.0335284447643 4.3590100482448 -0.730250585206016 0.244720275913728 0.637844769868003 0.478600196830517 0.849501863259801 0.22200972619967 -0.0646749899299738 -0.112801500363721 0.390917914320478 0.711742189833349 -0.151076994696813 0.114449405547172
6.35959270272414 28.5233953244118 4.37752674634881 -0.331736151058525 -0.0668198876270267 0.941002714944643 0.318846085956709 0.930845719469105 0.178502969654958 -0.0964439003480954 -0.0727175857976372 0.00940708958743677 0.387423286666875 0.152619840444065 0.0843285568171132
6.41058478045817 28.9895737729415 4.47948232080131 0.152062045632305 -0.362134992698348 0.919638658520083 0.35986466379518 0.886878342481434 0.289731106154321 0.353120181943992 0.162611958449595 0.34399875176006 0.428337046860153 -0.0851926549776145 0.0501271317055431
6.43531459787735 29.3569951273127 4.77338321973449 0.574356996821234 -0.594488283395396 0.562758920156331 0.414501591250121 0.804020684212125 0.426308637010759 0.343478594748292 -0.37024937020306 0.0998153559073961 0.610142221592258 -0.120821755440093 -0.324172819186994
6.35319978660113 29.6266868441995 5.186412826823 0.92644874950249 -0.376416233648665 0.00184781185979121 0.336699369384051 0.830871097340518 0.443042477859732 0.048312588152553 -0.00818944683553604 0.307539537820401 0.346832193076245 -0.226333643699738 0.209213988379082
6.61914593964144 29.8970277795836 5.57379017223021 0.799874953529845 -0.284504507093807 -0.528447845632293 0.460491597345261 0.855614607079637 0.236370504783679 0.417954740044321 -0.210691693546427 -0.219305055459063 0.383214481179896 -0.188394672009104 -0.273220868498935
7.01212895550956 30.1067633207846 5.8073554889963 0.429205936249139 -0.128377486434604 -0.894036559517299 0.77762646051847 0.556028271821115 0.293478350045936 0.669735445454769 0.0740882476145567 -0.822972318221797 0.509782068665108 0.337539109911661 -0.504590972647898
7.44033458320754 30.1198436228366 6.00508349133253 0.00274521526441762 0.378173568060592 -0.925730576128574 0.699915580610538 0.660453887827877 0.271879988638876 0.0711064388614147 0.420316779481099 -0.257577720212648 0.547903580471024 0.0650161355130938 -0.106611602208348
7.88393490907744 30.4027868119795 6.0124951842247 -0.582779643617118 0.457839019279875 -0.671380072988906 0.444309458600339 0.871277483278516 0.208481493184084 -0.0156871122214243 0.281103151424127 0.202545447423377 0.511630988070754 -0.257663723220681 -0.396222558898863
8.27326275740873 30.5998695834144 5.81919435939323 -0.817825940421536 0.536566574674014 0.207982994525141 0.567562684523605 0.811763600030387 0.137522149227971 0.0626727464062532 0.258575823300555 -0.0148376797863083 0.271838771687055 -0.48953065346123 0.123950576525405
8.64190317873967 31.0492532137876 5.80971014851138 -0.835139413639046 0.202653982310929 0.511344701990667 0.455844854242975 0.775252872486525 0.437250882130979 -0.160746910429635 0.0558881124373205 0.676382238393948 0.0423801605940794 0.3537816737436 0.106884545310836
