
#id1 id2 FENE BEXC STCK NEXC HB CRSTCK CXSTCK total, t = 100
0 1 0.0034399 0 -1.1492 0 0 0 0 -1.14576
1 2 0.217249 0 -0.919517 0 0 0 0 -0.702268
2 3 0.0686059 0 -0.857253 0 0 0 0 -0.788647
3 4 0.164488 0 -0.0558027 0 0 0 0 0.108686
4 5 0.000114105 0 -0.0433682 0 0 0 0 -0.0432541
5 6 0.985809 0 0 0 0 0 0 0.985809
6 7 2.02003 0 0 0 0 0 0 2.02003
7 8 0.349839 0 -1.25945 0 0 0 0 -0.909611
8 9 0.0346856 0 -1.3064 0 0 0 0 -1.27171
9 10 0.113119 0 -1.06206 0 0 0 0 -0.948942
10 11 0.00180336 0 -1.02766 0 0 0 0 -1.02586
11 12 0.0786133 0 -1.28807 0 0 0 0 -1.20946
12 13 0.0889145 0 -1.34921 0 0 0 0 -1.2603
13 14 0.02588 0.0140591 -1.01121 0 0 0 0 -0.971268
14 15 0.0175349 0 -1.35055 0 0 0 0 -1.33302
15 16 0.435719 0 -1.3481 0 0 0 0 -0.912377
16 17 0.0387959 0 -1.30025 0 0 0 0 -1.26146
17 18 0.293171 0 -1.11379 0 0 0 0 -0.820616
18 19 0.355586 0 -1.41208 0 0 0 0 -1.0565
19 20 0.11862 0 -1.20631 0 0 0 0 -1.08769
20 21 0.0794244 0 -1.24895 0 0 0 0 -1.16952
21 22 0.0607952 0 -1.24837 0 0 0 0 -1.18758
22 23 0.130442 0 -1.29982 0 0 0 0 -1.16938
23 24 0.00293423 0 -1.31196 0 0 0 0 -1.30903
25 26 0.0700599 0 -1.41163 0 0 0 0 -1.34157
26 27 0.156452 0 -1.37377 0 0 0 0 -1.21732
27 28 0.123595 0 -1.33324 0 0 0 0 -1.20965
28 29 0.140468 0 -1.25402 0 0 0 0 -1.11356
29 30 0.0336396 0 -1.27532 0 0 0 0 -1.24168
30 31 0.361641 0 -1.35079 0 0 0 0 -0.98915
31 32 0.106947 0 -1.25034 0 0 0 0 -1.14339
32 33 0.270887 0 -1.34088 0 0 0 0 -1.06999
33 34 0.0264587 0 -1.22227 0 0 0 0 -1.19581
34 35 0.00534838 0 -1.39235 0 0 0 0 -1.387
35 36 0.0568149 0 -1.32241 0 0 0 0 -1.2656
36 37 0.0375758 0 -1.34255 0 0 0 0 -1.30497
37 38 0.47466 0 -1.26642 0 0 0 0 -0.791765
38 39 0.10765 0 -1.30574 0 0 0 0 -1.19809
39 40 0.253898 0 -1.14312 0 0 0 0 -0.88922
40 41 0.0525982 0 -1.14279 0 0 0 0 -1.09019
41 42 0.00647872 0 -0.880667 0 0 0 0 -0.874188
42 43 9.12391e-05 0 -1.41214 0 0 0 0 -1.41205
43 44 2.07889 0 0 0 0 0 0 2.07889
44 45 2.30226 0 0 0 0 0 0 2.30226
45 46 0.0110296 0 -1.11133 0 0 0 0 -1.1003
46 47 0.156197 0 -1.28285 0 0 0 0 -1.12665
47 48 0.10836 0 -1.17762 0 0 0 0 -1.06926
48 49 0.0677478 0 -1.01052 0 0 0 0 -0.942771
49 50 0.135609 0 -1.22364 0 0 0 0 -1.08803
50 51 0.00414982 0 -1.36519 0 0 0 0 -1.36104
#Total energy per particle is  -0.798304 and should be -0.79830410

