t = 0
b =  30.0 30.0 30.0
E = 0. 0. 0.
5.05406084388 9.40475883461 2.37757217147 -0.218657085224 0.262181121826 0.939920283024 0.96522470119 0.199550570378 0.168881159618 0.0 0.0 0.0 0.0 0.0 0.0
5.3549374063 9.84459639694 2.44613830791 -0.0931034636334 -0.341252481967 0.935349393869 0.96522470119 0.199550570378 0.168881159618 0.0 0.0 0.0 0.0 0.0 0.0
5.63459103126 10.2066454453 2.72791736812 0.0678217203985 -0.815038562423 0.575423631775 0.96522470119 0.199550570378 0.168881159618 0.0 0.0 0.0 0.0 0.0 0.0
5.92970461952 10.3829064276 3.14086426329 0.202980298932 -0.979177866297 -0.00311518859997 0.96522470119 0.199550570378 0.168881159618 0.0 0.0 0.0 0.0 0.0 0.0
6.2710875733 10.3359637846 3.55310105113 0.261023268252 -0.771311127783 -0.580470496743 0.96522470119 0.199550570378 0.168881159618 0.0 0.0 0.0 0.0 0.0 0.0
6.6719707893 10.1132007457 3.83301957097 0.219899133887 -0.27041039619 -0.937295358224 0.96522470119 0.199550570378 0.168881159618 0.0 0.0 0.0 0.0 0.0 0.0
7.12298001979 9.82879764847 3.89928158441 0.0952316420401 0.333223765936 -0.938026042373 0.96522470119 0.199550570378 0.168881159618 0.0 0.0 0.0 0.0 0.0 0.0
7.59569730607 9.62035291917 3.75172053197 -0.0656159428055 0.810260648179 -0.582384950066 0.96522470119 0.199550570378 0.168881159618 0.0 0.0 0.0 0.0 0.0 0.0
8.05345743613 9.59660713013 3.47140481185 -0.201534933939 0.979465963343 -0.00548607827104 0.96522470119 0.199550570378 0.168881159618 0.0 0.0 0.0 0.0 0.0 0.0
8.46527767166 9.79613063825 3.18983854001 -0.260887434185 0.776555783236 0.573497046381 0.96522470119 0.199550570378 0.168881159618 0.0 0.0 0.0 0.0 0.0 0.0
8.81762860835 10.1726700616 3.03900093793 -0.221124436379 0.278619077757 0.934599054754 0.96522470119 0.199550570378 0.168881159618 0.0 0.0 0.0 0.0 0.0 0.0
9.11957422282 10.6127207125 3.1012052198 -0.0973525681886 -0.325169673624 0.940631256562 0.96522470119 0.199550570378 0.168881159618 0.0 0.0 0.0 0.0 0.0 0.0
9.3993283163 10.978648926 3.3778264262 0.0634051683045 -0.805421029449 0.589301917487 0.96522470119 0.199550570378 0.168881159618 0.0 0.0 0.0 0.0 0.0 0.0
9.69353561989 11.1609813906 3.78877902322 0.200074221281 -0.979679470264 0.014086927356 0.96522470119 0.199550570378 0.168881159618 0.0 0.0 0.0 0.0 0.0 0.0
10.0333498485 11.119995889 4.20294273579 0.26073173253 -0.781741300959 -0.566479921999 0.96522470119 0.199550570378 0.168881159618 0.0 0.0 0.0 0.0 0.0 0.0
10.4325978838 10.9008124334 4.48797733231 0.222332899389 -0.286806541401 -0.931831577947 0.96522470119 0.199550570378 0.168881159618 0.0 0.0 0.0 0.0 0.0 0.0
10.8825267105 10.6162514175 4.56060089131 0.0994660805621 0.317090818384 -0.94316483804 0.96522470119 0.199550570378 0.168881159618 0.0 0.0 0.0 0.0 0.0 0.0
11.3551288333 10.4039712637 4.41822999581 -0.0611895652544 0.800520074789 -0.596174007286 0.96522470119 0.199550570378 0.168881159618 0.0 0.0 0.0 0.0 0.0 0.0
11.8137827929 10.3741696862 4.13996121659 -0.198598272196 0.9798183708 -0.0226867036668 0.96522470119 0.199550570378 0.168881159618 0.0 0.0 0.0 0.0 0.0 0.0
12.22716627 10.5677177371 3.85652100256 -0.260556175144 0.786867286055 0.559419657977 0.96522470119 0.199550570378 0.168881159618 0.0 0.0 0.0 0.0 0.0 0.0
12.5811559588 10.9406322106 3.70060051716 -0.223524430888 0.294972163618 0.928993138557 0.96522470119 0.199550570378 0.168881159618 0.0 0.0 0.0 0.0 0.0 0.0
12.8841932466 11.3807855981 3.75644404692 -0.101572018209 -0.308987815449 0.945626593863 0.96522470119 0.199550570378 0.168881159618 0.0 0.0 0.0 0.0 0.0 0.0
13.1640771896 11.7505052033 4.02784318852 0.058969302382 -0.795558157426 0.603000696126 0.96522470119 0.199550570378 0.168881159618 0.0 0.0 0.0 0.0 0.0 0.0
13.457403187 11.9388773016 4.43669635777 0.197107199083 -0.979882654374 0.0312847522974 0.96522470119 0.199550570378 0.168881159618 0.0 0.0 0.0 0.0 0.0 0.0
13.7956597766 11.9038851179 4.85268088728 0.260360775396 -0.791933348161 -0.552316791983 0.96522470119 0.199550570378 0.168881159618 0.0 0.0 0.0 0.0 0.0 0.0
-0.53297137897 10.6708361708 23.9946704573 0.966682707432 -0.194896307837 -0.165951716905 0.244132985699 0.507029368293 0.826631904164 0.0 0.0 0.0 0.0 0.0 0.0
-0.354717861065 10.5508513582 24.4871279989 0.828183460154 0.334447070085 -0.449730267649 0.244132985699 0.507029368293 0.826631904164 0.0 0.0 0.0 0.0 0.0 0.0
0.0123201026405 10.5071037658 24.8770695117 0.375043469874 0.736728414424 -0.562648770624 0.244132985699 0.507029368293 0.826631904164 0.0 0.0 0.0 0.0 0.0 0.0
0.464849237105 10.6312934387 25.1387552197 -0.220581805003 0.859114316682 -0.461807598653 0.244132985699 0.507029368293 0.826631904164 0.0 0.0 0.0 0.0 0.0 0.0
0.867096742177 10.9513182471 25.295171871 -0.732404364229 0.655108326406 -0.185517998943 0.244132985699 0.507029368293 0.826631904164 0.0 0.0 0.0 0.0 0.0 0.0
1.10239264938 11.4206750191 25.4092996885 -0.965974260336 0.202215730102 0.161252990261 0.244132985699 0.507029368293 0.826631904164 0.0 0.0 0.0 0.0 0.0 0.0
1.11749469354 11.9361268731 25.5601851303 -0.832554384713 -0.327502002935 0.446761272459 0.244132985699 0.507029368293 0.826631904164 0.0 0.0 0.0 0.0 0.0 0.0
0.942815939515 12.3769246353 25.8129098182 -0.38283317877 -0.732796249515 0.5625374778 0.244132985699 0.507029368293 0.826631904164 0.0 0.0 0.0 0.0 0.0 0.0
0.680870350341 12.6506814693 26.1938649419 0.212332752416 -0.859688949205 0.464596290199 0.244132985699 0.507029368293 0.826631904164 0.0 0.0 0.0 0.0 0.0 0.0
0.467326018761 12.7284721804 26.6807248045 0.726829920946 -0.659971443859 0.190147204316 0.244132985699 0.507029368293 0.826631904164 0.0 0.0 0.0 0.0 0.0 0.0
0.41946259053 12.65582238 27.2109287284 0.96519225056 -0.209519752857 -0.156541983578 0.244132985699 0.507029368293 0.826631904164 0.0 0.0 0.0 0.0 0.0 0.0
0.591614766185 12.5354125453 27.7054489022 0.836861907032 0.320531995239 -0.443758254669 0.244132985699 0.507029368293 0.826631904164 0.0 0.0 0.0 0.0 0.0 0.0
0.954529639879 12.4880679891 28.0988143678 0.390593733438 0.728808279334 -0.562383345568 0.244132985699 0.507029368293 0.826631904164 0.0 0.0 0.0 0.0 0.0 0.0
1.4064803674 12.6068553031 28.3639845321 -0.204067529868 0.860198113086 -0.467349600938 0.244132985699 0.507029368293 0.826631904164 0.0 0.0 0.0 0.0 0.0 0.0
1.81191389507 12.921724804 28.5226223402 -0.72120012675 0.664784301931 -0.194761929243 0.244132985699 0.507029368293 0.826631904164 0.0 0.0 0.0 0.0 0.0 0.0
2.05294983115 13.3881319074 28.6368641604 -0.964336737657 0.216807819871 0.151819055617 0.244132985699 0.507029368293 0.826631904164 0.0 0.0 0.0 0.0 0.0 0.0
2.07416517754 13.9039603603 28.7857131391 -0.841105699077 -0.313537577791 0.44072144297 0.244132985699 0.507029368293 0.826631904164 0.0 0.0 0.0 0.0 0.0 0.0
1.90365045336 14.3483179124 29.0350245846 -0.398324542881 -0.724764807581 0.562186385668 0.244132985699 0.507029368293 0.826631904164 0.0 0.0 0.0 0.0 0.0 0.0
1.6423376371 14.6274653038 29.4124864344 0.195786766787 -0.86064176955 0.470067321196 0.244132985699 0.507029368293 0.826631904164 0.0 0.0 0.0 0.0 0.0 0.0
1.42565442048 14.7104293767 29.8971001448 0.715515410372 -0.669546534104 0.199361822295 0.244132985699 0.507029368293 0.826631904164 0.0 0.0 0.0 0.0 0.0 0.0
1.37207296418 14.6407702961 30.427158389 0.963407786778 -0.224079376131 -0.147084566048 0.244132985699 0.507029368293 0.826631904164 0.0 0.0 0.0 0.0 0.0 0.0
1.53810034318 14.5200323147 30.9236887016 0.845285437667 0.306519283242 -0.437651068626 0.244132985699 0.507029368293 0.826631904164 0.0 0.0 0.0 0.0 0.0 0.0
1.8968105643 14.4691654136 31.3204564394 0.406025018367 0.720666142182 -0.561946613098 0.244132985699 0.507029368293 0.826631904164 0.0 0.0 0.0 0.0 0.0 0.0
2.34807420113 14.5825743822 31.5891284291 -0.187491093786 0.861019884812 -0.472749244007 0.244132985699 0.507029368293 0.826631904164 0.0 0.0 0.0 0.0 0.0 0.0
2.75659923723 14.8922528607 31.7500372137 -0.709776204726 0.674257777717 -0.203946533173 0.244132985699 0.507029368293 0.826631904164 0.0 0.0 0.0 0.0 0.0 0.0
3.00333076513 15.3556284208 31.8644563796 -0.962405468665 0.231333867878 0.142338875418 0.244132985699 0.507029368293 0.826631904164 0.0 0.0 0.0 0.0 0.0 0.0
3.03068193617 15.8717365434 32.0113216967 -0.849400804497 -0.299477646064 0.434547365459 0.244132985699 0.507029368293 0.826631904164 0.0 0.0 0.0 0.0 0.0 0.0
