
#id1 id2 FENE BEXC STCK NEXC HB CRSTCK CXSTCK total, t = 100
0 1 0.0150103 0 -1.33376 0 0 0 0 -1.31875
1 2 0.102896 0 -1.22402 0 0 0 0 -1.12112
2 3 0.0620694 0 -1.15703 0 0 0 0 -1.09496
3 4 0.438797 0 -1.16954 0 0 0 0 -0.730738
4 5 0.298299 0 -1.40378 0 0 0 0 -1.10548
5 6 0.358523 0 -1.33523 0 0 0 0 -0.976707
6 7 0.0319498 0 -1.27571 0 0 0 0 -1.24376
7 8 0.00903771 0 -1.38041 0 0 0 0 -1.37137
8 9 0.176376 0 -1.17888 0 0 0 0 -1.0025
9 10 0.00461792 0 -1.36501 0 0 0 0 -1.36039
10 11 0.0642427 0 -1.17366 0 0 0 0 -1.10942
11 12 0.101795 0 -1.17679 0 0 0 0 -1.07499
12 13 0.433447 0 -1.251 0 0 0 0 -0.81755
13 14 0.144679 0 -0.927854 0 0 0 0 -0.783174
14 15 0.287169 0 -1.2438 0 0 0 0 -0.956629
15 16 0.0775274 0 -1.15698 0 0 0 0 -1.07945
16 17 0.204259 0 -1.23869 0 0 0 0 -1.03443
17 18 0.218413 0 -1.07682 0 0 0 0 -0.858409
18 19 0.129047 0 -1.35147 0 0 0 0 -1.22242
19 20 0.076307 0 -1.34023 0 0 0 0 -1.26392
20 21 0.318553 0 -0.906503 0 0 0 0 -0.58795
21 22 0.0707992 0 -1.1541 0 0 0 0 -1.0833
22 23 0.0953061 0 -1.10523 0 0 0 0 -1.00992
#Total energy per particle is  -1.00864 and should be -1.0086410

