t = 0
b =  30.0 30.0 30.0
E = 0. 0. 0.
13.0668298695 9.73187204084 0.159487150005 0.741781774358 -0.595624291751 0.308206914761 0.62306139169 0.782083171715 0.0118496711339 0.0 0.0 0.0 0.0 0.0 0.0
13.3069327666 10.0332815344 0.533904054131 0.746353924121 -0.589928497825 -0.308123656026 0.62306139169 0.782083171715 0.0118496711339 0.0 0.0 0.0 0.0 0.0 0.0
13.7171670642 10.2002168084 0.83808416117 0.467373739739 -0.360109004496 -0.807392898336 0.62306139169 0.782083171715 0.0118496711339 0.0 0.0 0.0 0.0 0.0 0.0
14.2339392205 10.2850652235 0.958219031629 0.0108304575569 0.00652192034145 -0.999920079678 0.62306139169 0.782083171715 0.0118496711339 0.0 0.0 0.0 0.0 0.0 0.0
14.7531801798 10.3714003105 0.850422088463 -0.449827496526 0.370675058601 -0.812560904979 0.62306139169 0.782083171715 0.0118496711339 0.0 0.0 0.0 0.0 0.0 0.0
15.1698829473 10.5422307887 0.557401861439 -0.739588463964 0.594002544741 -0.316496257184 0.62306139169 0.782083171715 0.0118496711339 0.0 0.0 0.0 0.0 0.0 0.0
15.417996501 10.8484641658 0.192236302632 -0.748367408683 0.591658532942 0.29981061025 0.62306139169 0.782083171715 0.0118496711339 0.0 0.0 0.0 0.0 0.0 0.0
15.4955196805 11.289566124 -0.104587418135 -0.472829062807 0.364533552474 0.802214414284 0.62306139169 0.782083171715 0.0118496711339 0.0 0.0 0.0 0.0 0.0 0.0
15.4652614601 11.813763517 -0.218546337924 -0.01765505069 -0.00108381925409 0.999843550022 0.62306139169 0.782083171715 0.0118496711339 0.0 0.0 0.0 0.0 0.0 0.0
15.4309787704 12.3377138534 -0.104590889025 0.444226410361 -0.366289429927 0.817615404614 0.62306139169 0.782083171715 0.0118496711339 0.0 0.0 0.0 0.0 0.0 0.0
15.497957505 12.7781685026 0.195740017081 0.737338831046 -0.592335562138 0.324761497192 0.62306139169 0.782083171715 0.0118496711339 0.0 0.0 0.0 0.0 0.0 0.0
15.7330126493 13.0836002419 0.570100316691 0.750323902169 -0.593343510971 -0.291474732736 0.62306139169 0.782083171715 0.0118496711339 0.0 0.0 0.0 0.0 0.0 0.0
16.1391041506 13.2537793092 0.878018941803 0.478248378111 -0.368930339811 -0.796974838499 0.62306139169 0.782083171715 0.0118496711339 0.0 0.0 0.0 0.0 0.0 0.0
16.6542123849 13.3398606939 1.0042671274 0.0244782993227 -0.0043543643703 -0.999690878409 0.62306139169 0.782083171715 0.0118496711339 0.0 0.0 0.0 0.0 0.0 0.0
17.1749004482 13.424949501 0.902635745812 -0.438591494634 0.361875906896 -0.82260763967 0.62306139169 0.782083171715 0.0118496711339 0.0 0.0 0.0 0.0 0.0 0.0
17.5956115665 13.5925279326 0.613490926876 -0.73503304692 0.590623470889 -0.333002005355 0.62306139169 0.782083171715 0.0118496711339 0.0 0.0 0.0 0.0 0.0 0.0
17.8487718786 13.8947390029 0.248438290342 -0.752223255584 0.594983303594 0.283116658292 0.62306139169 0.782083171715 0.0118496711339 0.0 0.0 0.0 0.0 0.0 0.0
17.930462876 14.3325765361 -0.0520778950262 -0.48363127295 0.373299031673 0.791674569995 0.62306139169 0.782083171715 0.0118496711339 0.0 0.0 0.0 0.0 0.0 0.0
17.9019101095 14.8555075952 -0.172131837254 -0.0312996838381 0.00979221639298 0.999462076464 0.62306139169 0.782083171715 0.0118496711339 0.0 0.0 0.0 0.0 0.0 0.0
17.866222579 15.3806707903 -0.0643583677041 0.432923178467 -0.357434825612 0.82753722997 0.62306139169 0.782083171715 0.0118496711339 0.0 0.0 0.0 0.0 0.0 0.0
17.9292199008 15.8243567058 0.232052239456 0.732671287182 -0.588866401376 0.341217154125 0.62306139169 0.782083171715 0.0118496711339 0.0 0.0 0.0 0.0 0.0 0.0
18.1592296655 16.1338105064 0.606243307636 0.754065324287 -0.596577785936 -0.274737023418 0.62306139169 0.782083171715 0.0118496711339 0.0 0.0 0.0 0.0 0.0 0.0
18.5611286445 16.3072743821 0.917808062682 0.488977337395 -0.37763929537 -0.786314012407 0.62306139169 0.782083171715 0.0118496711339 0.0 0.0 0.0 0.0 0.0 0.0
19.0744900231 16.3946553684 1.05013251386 0.0381186847614 -0.0152293227005 -0.999157161613 0.62306139169 0.782083171715 0.0118496711339 0.0 0.0 0.0 0.0 0.0 0.0
19.596540557 16.4785648302 0.954699058608 -0.427221893523 0.352966524283 -0.832403800105 0.62306139169 0.782083171715 0.0118496711339 0.0 0.0 0.0 0.0 0.0 0.0
28.8578459718 5.83093881561 13.3175172531 0.822571400983 -0.377317495139 -0.425450112407 0.568122829164 0.577840876462 0.585949121061 0.0 0.0 0.0 0.0 0.0 0.0
29.1817406361 5.75854284734 13.7400526627 0.651802253695 0.118710635012 -0.749040457661 0.568122829164 0.577840876462 0.585949121061 0.0 0.0 0.0 0.0 0.0 0.0
29.6542136447 5.71320697206 13.9918442763 0.233402532676 0.569638610187 -0.788057809761 0.568122829164 0.577840876462 0.585949121061 0.0 0.0 0.0 0.0 0.0 0.0
30.1798907679 5.79772023589 14.0639980874 -0.273670712789 0.804151353501 -0.527678824308 0.568122829164 0.577840876462 0.585949121061 0.0 0.0 0.0 0.0 0.0 0.0
30.6431846436 6.06553982606 14.0158674939 -0.676771878935 0.733153552927 -0.0668258311818 0.568122829164 0.577840876462 0.585949121061 0.0 0.0 0.0 0.0 0.0 0.0
30.9522083481 6.50048179168 13.9525039501 -0.822756093251 0.383618459922 0.419415412479 0.568122829164 0.577840876462 0.585949121061 0.0 0.0 0.0 0.0 0.0 0.0
31.0736847753 7.02286959731 13.9847461628 -0.656161511993 -0.111659699766 0.746313728687 0.568122829164 0.577840876462 0.585949121061 0.0 0.0 0.0 0.0 0.0 0.0
31.0455891652 7.51980457087 14.1871106134 -0.240280201893 -0.564516472662 0.789674981667 0.568122829164 0.577840876462 0.585949121061 0.0 0.0 0.0 0.0 0.0 0.0
30.9627216755 7.88805799672 14.5694815009 0.266887574177 -0.802903999382 0.53302550645 0.568122829164 0.577840876462 0.585949121061 0.0 0.0 0.0 0.0 0.0 0.0
30.9406912168 8.07328943065 15.0733555694 0.672660298694 -0.736254872898 0.0738707296213 0.568122829164 0.577840876462 0.585949121061 0.0 0.0 0.0 0.0 0.0 0.0
31.0719936943 8.09069154314 15.594068473 0.822878129458 -0.389890210675 -0.413348772443 0.568122829164 0.577840876462 0.585949121061 0.0 0.0 0.0 0.0 0.0 0.0
31.3908712673 8.01921816984 16.020558511 0.660470801051 0.104600261201 -0.743530165034 0.568122829164 0.577840876462 0.585949121061 0.0 0.0 0.0 0.0 0.0 0.0
31.8603031802 7.97158842936 16.2775608244 0.247139572843 0.559351345023 -0.791232016767 0.568122829164 0.577840876462 0.585949121061 0.0 0.0 0.0 0.0 0.0 0.0
32.3860705665 8.05146284559 16.3542017747 -0.260084111042 0.801595501015 -0.538331596636 0.568122829164 0.577840876462 0.585949121061 0.0 0.0 0.0 0.0 0.0 0.0
32.8525517715 8.31406098149 16.3081300206 -0.668497492768 0.739300124209 -0.0809100025188 0.568122829164 0.577840876462 0.585949121061 0.0 0.0 0.0 0.0 0.0 0.0
33.1666489519 8.74518260397 16.2436148289 -0.822937500309 0.396132269778 0.407250654298 0.568122829164 0.577840876462 0.585949121061 0.0 0.0 0.0 0.0 0.0 0.0
33.2931575033 9.26660258981 16.2719324367 -0.664729792701 -0.0975328569206 0.74068997868 0.568122829164 0.577840876462 0.585949121061 0.0 0.0 0.0 0.0 0.0 0.0
33.2681408776 9.76578995785 16.4690903484 -0.253980123157 -0.554143620612 0.792728796484 0.568122829164 0.577840876462 0.585949121061 0.0 0.0 0.0 0.0 0.0 0.0
33.1852294747 10.1386602701 16.8469508142 0.253260841496 -0.800225958046 0.543596690786 0.568122829164 0.577840876462 0.585949121061 0.0 0.0 0.0 0.0 0.0 0.0
33.1600488887 10.3291190501 17.3487241627 0.664283778169 -0.742289074954 0.0879431138063 0.568122829164 0.577840876462 0.585949121061 0.0 0.0 0.0 0.0 0.0 0.0
33.2862918108 10.3503730121 17.8705441469 0.822934201283 -0.402344161875 -0.401121522439 0.568122829164 0.577840876462 0.585949121061 0.0 0.0 0.0 0.0 0.0 0.0
33.60012261 10.2799126097 18.3009284673 0.668938162604 0.0904580251359 -0.737793385916 0.568122829164 0.577840876462 0.585949121061 0.0 0.0 0.0 0.0 0.0 0.0
34.0664378843 10.230072117 18.5631327623 0.260801331902 0.54889369602 -0.794165206835 0.568122829164 0.577840876462 0.585949121061 0.0 0.0 0.0 0.0 0.0 0.0
34.5922028305 10.3053519595 18.6443070733 -0.246418285156 0.798795474773 -0.548820387944 0.568122829164 0.577840876462 0.585949121061 0.0 0.0 0.0 0.0 0.0 0.0
35.0617967209 10.5627172557 18.6003777597 -0.660019475788 0.745221497512 -0.0949695278852 0.568122829164 0.577840876462 0.585949121061 0.0 0.0 0.0 0.0 0.0 0.0
35.3809391509 10.9899558157 18.5348001392 -0.822868232632 0.408525413906 0.394961843623 0.568122829164 0.577840876462 0.585949121061 0.0 0.0 0.0 0.0 0.0 0.0
35.5125087415 11.5103177566 18.5592540833 -0.673095590275 -0.0833763046224 0.734840607329 0.568122829164 0.577840876462 0.585949121061 0.0 0.0 0.0 0.0 0.0 0.0
2.48766043981 21.2512088068 3.58359864452 0.970607854337 -0.167751805596 -0.17256802954 0.24055160241 0.698379550124 0.674092672076 0.0 0.0 0.0 0.0 0.0 0.0
2.69466032867 21.2594960789 4.07934804619 0.781871505177 0.272106753377 -0.560923224835 0.24055160241 0.698379550124 0.674092672076 0.0 0.0 0.0 0.0 0.0 0.0
3.07988785173 21.3298100939 4.4472349811 0.296089099006 0.60858740736 -0.736174308878 0.24055160241 0.698379550124 0.674092672076 0.0 0.0 0.0 0.0 0.0 0.0
3.53260889423 21.5388516276 4.64731095915 -0.302182506223 0.713855530248 -0.631740464801 0.24055160241 0.698379550124 0.674092672076 0.0 0.0 0.0 0.0 0.0 0.0
3.91644742493 21.9106165519 4.70338167836 -0.785649925116 0.547918002167 -0.287297856009 0.24055160241 0.698379550124 0.674092672076 0.0 0.0 0.0 0.0 0.0 0.0
4.12119703047 22.407279402 4.69396284226 -0.970635802091 0.173817264362 0.166294011645 0.24055160241 0.698379550124 0.674092672076 0.0 0.0 0.0 0.0 0.0 0.0
4.10469017439 22.943563903 4.72245073135 -0.786860909687 -0.266319558244 0.556708003988 0.24055160241 0.698379550124 0.674092672076 0.0 0.0 0.0 0.0 0.0 0.0
3.90881834919 23.4191408523 4.87784022746 -0.304144402079 -0.605277128047 0.735619317954 0.24055160241 0.698379550124 0.674092672076 0.0 0.0 0.0 0.0 0.0 0.0
3.64361679796 23.7567448612 5.20091417024 0.294121648901 -0.714279797211 0.63505655413 0.24055160241 0.698379550124 0.674092672076 0.0 0.0 0.0 0.0 0.0 0.0
3.44546028586 23.9315287679 5.66874927452 0.780645968012 -0.551915629294 0.293225187813 0.24055160241 0.698379550124 0.674092672076 0.0 0.0 0.0 0.0 0.0 0.0
3.42525204672 23.9805034895 6.20342506959 0.970589832171 -0.17986948627 -0.160007329818 0.24055160241 0.698379550124 0.674092672076 0.0 0.0 0.0 0.0 0.0 0.0
3.62628979037 23.988476956 6.7016271888 0.791790391691 0.260512081845 -0.552450387671 0.24055160241 0.698379550124 0.674092672076 0.0 0.0 0.0 0.0 0.0 0.0
4.00781617872 24.0558341598 7.07389822475 0.312176543379 0.601920754537 -0.73500830677 0.24055160241 0.698379550124 0.674092672076 0.0 0.0 0.0 0.0 0.0 0.0
4.46050321995 24.2603992186 7.27862409404 -0.286038393077 0.714649669002 -0.638324281444 0.24055160241 0.698379550124 0.674092672076 0.0 0.0 0.0 0.0 0.0 0.0
4.84798780049 24.6278686918 7.3378439233 -0.775582561696 0.555871225908 -0.299130189384 0.24055160241 0.698379550124 0.674092672076 0.0 0.0 0.0 0.0 0.0 0.0
5.05867831168 25.1220490286 7.32887701647 -0.970469948077 0.185908010421 0.153708462813 0.24055160241 0.698379550124 0.674092672076 0.0 0.0 0.0 0.0 0.0 0.0
5.04815016767 25.6586071021 7.35494795858 -0.796659575792 -0.254684766442 0.548150700119 0.24055160241 0.698379550124 0.674092672076 0.0 0.0 0.0 0.0 0.0 0.0
4.85602344829 26.1371097751 7.50596987002 -0.320184911226 -0.598518542432 0.734341321859 0.24055160241 0.698379550124 0.674092672076 0.0 0.0 0.0 0.0 0.0 0.0
4.59091056832 26.4791801275 7.82438490889 0.277933354321 -0.714965117455 0.641543397892 0.24055160241 0.698379550124 0.674092672076 0.0 0.0 0.0 0.0 0.0 0.0
4.38915260522 26.658274159 8.2890397855 0.770460091764 -0.559784490777 0.305012411033 0.24055160241 0.698379550124 0.674092672076 0.0 0.0 0.0 0.0 0.0 0.0
4.36302104427 26.7097652981 8.8232222508 0.97027615894 -0.191932376956 -0.147397890314 0.24055160241 0.698379550124 0.674092672076 0.0 0.0 0.0 0.0 0.0 0.0
4.55806396429 26.7175054458 9.32380536236 0.801468091182 0.248838055809 -0.543809268768 0.24055160241 0.698379550124 0.674092672076 0.0 0.0 0.0 0.0 0.0 0.0
4.93580156091 26.7819682363 9.700427134 0.328168895752 0.595070750822 -0.733618414012 0.24055160241 0.698379550124 0.674092672076 0.0 0.0 0.0 0.0 0.0 0.0
5.38834526764 26.982077423 9.90982056508 -0.269807149865 0.715226118545 -0.644713658327 0.24055160241 0.698379550124 0.674092672076 0.0 0.0 0.0 0.0 0.0 0.0
5.77938642607 27.3452224261 9.97225149746 -0.765278948314 0.56365512589 -0.310871404805 0.24055160241 0.698379550124 0.674092672076 0.0 0.0 0.0 0.0 0.0 0.0
5.99598222415 27.8368526328 9.96381928333 -0.970008479516 0.197942127098 0.141076092894 0.24055160241 0.698379550124 0.674092672076 0.0 0.0 0.0 0.0 0.0 0.0
