t = 100
b = 30 30 30
E = -0.491811826392153 -0.666498139043157 0.174686312651004
28.3832748209163 13.1854809884962 12.7392390328358 -0.703114000541345 0.370119903750971 0.607158830227233 0.511057733324977 0.856726214042451 0.0695706411203354 -0.209780191192824 -0.396152190526282 0.181884206639743 0.259584524194804 0.0654742936729089 -0.481365964371181
28.4816876528946 13.699680542144 12.6673943202611 -0.237534452401935 -0.159026224665407 0.958273408103649 0.505008190145289 0.822492324967511 0.261673434214661 0.145381702481672 -0.248303867883061 -0.166851617019387 0.43643745988416 -0.184441067392262 -0.209781770085626
28.5301206964474 14.0958869121996 12.9585095824584 0.35424740899025 -0.520656163151275 0.776804875421857 0.478435479986923 0.814633290841238 0.327829189618393 0.173712045790468 -0.199678947905223 0.119616552305483 0.374388046617871 0.00355076631742228 0.158290150273216
28.6247509276121 14.4815177126216 13.2271638457911 0.669728168763006 -0.649261265941526 0.360449537810071 0.537135861964214 0.758699222270294 0.368592511502836 0.0396094343645624 -0.153116712863519 0.306135353656913 0.491410535096333 -0.320815806652102 -0.354092973867772
28.6917695513359 14.8396329440745 13.5255642691902 0.839478744370638 -0.536347222527346 -0.0872179899259792 0.538682437536 0.800325575000057 0.263249095500912 -0.102715592019768 0.346093883832479 -0.575328100097241 0.23561578800844 -0.359356403871414 0.000405717034878386
28.9417418267404 15.0710977827727 13.9092752225486 0.616357841084886 -0.154422405768151 -0.772176543153342 0.469246806495583 0.859494800352132 0.202672165699782 0.423381662016434 -0.000663511750878792 -0.0963626575690529 -0.303401770296795 -0.0861754146971558 0.219276079402469
27.95283966648 17.2220977719563 13.7666477563222 0.163226863557889 0.170825296237586 -0.971686981600674 0.72057312474269 0.652094531933912 0.235684060600658 -5.89820251627025 8.48040692102486 -1.55622033834607 0.279634533099575 0.187811216284219 0.222234708812981
29.7925939020508 15.2640530518878 14.0585696532131 -0.0840333493447825 0.238352231713277 -0.967536306355165 0.669753237137176 0.732448575383184 0.122268425348081 -0.468869503709794 0.0920947220357937 -0.168628353345377 0.193747922604279 -0.0385363287587307 -1.01292859394265
30.2503486298426 15.4279650501314 14.0198840739424 -0.627238580800444 0.605840276553654 -0.489417209543011 0.605737330770163 0.77447669817824 0.182395205778538 -0.301274529357288 0.0375388330350634 -0.32511458942888 0.361761743974571 -0.276019314701578 -0.585940598879391
30.6154960280088 15.7648685102542 13.9140054839567 -0.857367318991569 0.510824212715041 0.0630855560142754 0.514540211196799 0.847530172961418 0.130157059169803 -0.391700889689187 0.154756602733508 0.244988863009433 0.294378275760006 0.00187688775865388 -0.335939708093365
30.871667453517 16.1402070392998 13.7671901940356 -0.79123471369523 0.260923238818493 0.553052056340553 0.44774062329357 0.863183409660889 0.23332942218154 -0.148986737454341 0.0848983517126147 -0.186574596181934 0.36278685023472 0.223744891164037 -0.468689909378097
30.9085510706868 16.5946271756451 13.6822303069021 -0.203977362261751 -0.120560626839761 0.971523675337845 0.621100675566083 0.751151778317088 0.223617614540029 0.0145298453915835 0.251779404255516 0.0448406991331265 0.374095723688646 -0.18200952774227 -0.0335796721977229
31.0652843893721 17.0818885167485 13.8792609163741 0.159340977181907 -0.62858594308691 0.761242435719398 0.525634880243481 0.70672644278904 0.473545765499653 0.234726288701502 -0.0395313293284522 0.915128336467979 0.208345023175271 0.372797673686107 0.18162274454601
28.8463919949868 18.6826880587697 13.6847505061249 0.691441358774749 -0.720157196155336 0.057291811349716 0.621946902538885 0.633738575347578 0.459953642954025 -8.06907540243112 4.64072892548483 -1.78892002789754 0.455315773641726 0.190475675706871 0.546793697262279
31.0240601659791 17.690713331379 14.365588103946 0.843044539419761 -0.491617035081294 -0.218147831049024 0.53595369794413 0.733906439453614 0.417294687356516 0.217658076732612 -0.326894956208425 -0.776744323238989 0.393582772396084 -0.489456147649893 -0.274437006444951
31.3779463190095 17.8599999758739 14.6901966050468 0.666603274071099 -0.275908095996742 -0.692469983984122 0.614529861935168 0.729200156080802 0.301031663190352 -0.200522698342098 -0.271538065915987 -0.449446613516381 0.399739140917202 0.293873690510393 -0.0218709252228851
31.8150050288878 17.9887932642269 14.9264046868758 0.25349692141104 0.19229766866879 -0.948029956412121 0.597176197150314 0.739885143407323 0.309758688200752 -0.594180853131655 0.206121741220969 -0.400094089727268 0.248376142599802 -0.361009600512461 -0.0125863409619341
32.2454429371603 18.2883740886708 14.9941812994426 -0.237119062559048 0.4079168581227 -0.881690574259504 0.658427706729479 0.734806938374865 0.162885234888918 -0.334381381592414 0.195070408442711 -0.714705276994118 0.419410773399673 0.604434133750621 -0.123487619214171
32.7131539282223 18.3909218850608 14.9356764975586 -0.618965171247718 0.712826293489875 -0.329788830913381 0.750809455221207 0.660273530184542 0.0179976718089607 -0.505994730414499 0.164951834679086 0.571216478062944 0.279988312674551 -0.143450252240078 0.207046180628294
32.9856466448653 18.7241499071325 14.7696846208682 -0.770058567086499 0.581556989616412 0.262299737044378 0.624391410067378 0.771402617564355 0.122773169024885 -0.00248832811247638 0.316518485598645 -0.355213846301198 0.441113306671624 0.0329640924469384 0.0263093096595122
33.1565973867275 19.2278651056318 14.7296508872895 -0.685361478907933 0.217048873446392 0.695103812820249 0.417558268102806 0.899166448717531 0.130937690626673 0.184237307795287 0.583696556340221 0.533848970753893 0.451112755931488 -0.134600924296766 -0.139775867304449
33.1551417984489 19.7118057900977 14.7078998546161 -0.128155121998664 -0.066365348580222 0.989531094064299 0.462503741180351 0.878618546842381 0.118826027215743 -0.383089974112881 0.19537887521272 0.228152703546804 0.377706190120632 0.0822013497808979 0.345271191090873
33.2796818455561 20.1531887449209 14.9077233438474 0.40822728945608 -0.483987302798541 0.774019801979521 0.630382114924196 0.762726154368107 0.144454434652545 0.214534048011615 0.621001355219815 0.404139333347228 0.130354828019959 -0.193383737257036 0.393870003708224
33.4636800660296 20.6313662852839 15.0816697923272 0.661134246558595 -0.71092558752972 0.239762799655492 0.645991915869576 0.701923447875122 0.299996331539489 -0.144962071127201 0.434375922154515 -0.114934607833315 0.0360747301614218 -0.22507338303887 -0.0581184021259715
33.671687603875 20.8707772285143 15.449120135508 0.749230530762789 -0.53019235138304 -0.39692514090657 0.631836762462799 0.751872883015504 0.188333094389964 0.827139136636909 -0.188708143775921 0.081252507757452 0.0595395767237225 0.269260628641965 0.635030350281461
7.73369483841025 27.6983393049963 9.46935280376472 0.609309491965077 -0.194028648273986 -0.768826842575797 0.566217238039292 0.785248547585719 0.2505646407072 -0.228833947908786 0.102314474474899 -0.019263302738887 0.180290469285 -0.0781151328022055 -0.606096588039976
8.18585444777046 27.8963106805229 9.5699796526989 -0.0473639878822804 0.296073972301255 -0.953989903706246 0.674894473660312 0.713576110502094 0.187953372845733 -0.132952863360813 -0.284822446238442 0.195977822436083 0.138839610038412 0.197666314387152 0.0172258571702512
8.60800051293736 28.2075987393253 9.57323616098054 -0.571770253595177 0.512291654066212 -0.640808800857267 0.592249373434955 0.798250086950891 0.109714916052272 0.320941331747872 0.0825551584606108 0.230209094199175 0.432556741264389 0.178650960219104 0.0981487439802923
8.89509092316426 28.5785249013637 9.38164655521281 -0.808791984675203 0.585549871436706 -0.0546512097235741 0.580218395677707 0.809665033188499 0.0882554934907981 0.42172156646515 -0.102203719860382 0.125068168944259 0.317119095765186 -0.379626053412447 0.0837241493376531
9.19878811665641 28.9076155711859 9.42033038058391 -0.873551325424377 0.462187251713256 0.152613629392482 0.486227567703271 0.814370436054769 0.316833436289997 -0.0539327602369609 0.0894148590119466 0.949492780048241 0.156714730123741 0.221400549251998 -0.402540167737345
11.2415261692973 28.5131202464632 9.50063783671075 -0.538613030826827 0.140636931310458 0.830732892696535 0.420763357268367 0.899119457799177 0.120591382333745 8.00021602081233 -3.97589604321358 2.38183459861874 0.316856578445134 -0.0509331615509123 -0.131626938170704
9.26574114652979 29.7262822177759 9.31546093870219 -0.185661645771948 -0.167829347151243 0.968175062547864 0.291355487681452 0.931593584038893 0.217359749415137 0.0732759120238461 -0.413897296605124 1.08536602777049 0.648665267898385 -0.216911248068047 -0.717775362431967
9.15619723287116 30.1319814769818 9.49935333684949 0.629226031774258 -0.296265327020465 0.718541117641436 0.261104665474743 0.951345214912842 0.163604762357581 0.648016472758195 -0.743012929898007 0.344355914051293 0.562711639305196 -0.635449006119109 -0.119635522746668
9.15847560207002 30.6134828669755 9.65877547585432 0.824090489378367 -0.478133471427135 0.303748469108961 0.374307023772001 0.862115071375426 0.341543171073301 0.460552502162889 -0.736415148632818 -0.00180519392365565 0.416619532429339 -0.168396819864775 -0.483223595097727
9.26084564589021 30.8427701635255 10.062440149204 0.897727129739538 -0.243120480818931 -0.367393948505589 0.391314406936012 0.823145802878354 0.411465556359582 0.300019095798138 -0.303756000292997 -0.498381745061966 0.256349679426947 -0.0779799989242048 0.105654604496832
9.57777239459134 30.9782881110558 10.3742457542274 0.4551358015771 0.195901698272139 -0.868604519003833 0.313264162928578 0.877904599385962 0.362144944845616 0.341649341521607 -0.121764359237918 0.15110210301928 0.262188247118158 -0.0228246978518079 0.22980403120278
9.98884132809704 31.2490823245489 10.4547251552897 -0.00413882952680971 0.35400853642163 -0.93523296940099 0.568283143277692 0.770376697648287 0.289091498247773 -0.29534522286544 0.493545380903203 0.156008691142878 0.254107107067757 0.0309224700712362 0.168560837832359
10.4616769090992 31.4714167679861 10.4938865837181 -0.563109352002335 0.474157297478323 -0.67681799308741 0.535009336288726 0.833380518025742 0.138714831347016 -0.37250125388998 0.321446344758317 -0.0785710757440699 0.357001629106177 -0.0749275420941898 -0.0131319034614759
10.8335277591431 31.7567954940025 10.2987450582348 -0.859098289826271 0.511179593708596 -0.0254053930066655 0.50657632038799 0.856345126776526 0.100266341903476 -0.262447177225491 0.152800917624523 0.135917914272742 0.364660079638911 -0.493883077568457 -0.0173051923128507
11.0466066763162 32.1843688283132 10.1618683001932 -0.824789394271141 0.27648159734385 0.493234490756473 0.410259560404824 0.89289813057284 0.185526019728909 0.0834402526899332 0.377618249672761 0.2292940283211 0.613758238488457 -0.141297506832099 0.090541327416888
11.0556870282167 32.6533239051263 10.0690447740083 -0.35034593522309 0.0111222943421648 0.936554271657389 0.334965220176314 0.935284639128059 0.114196465879765 -0.605554137591446 0.207771320839799 0.192711436792645 0.383759011625773 0.212087553461932 0.418293481920266
11.0516520787849 33.1189974374097 10.1262586120941 0.177701471745552 -0.350230970275087 0.919652292388302 0.30166122300505 0.90892219245797 0.287855590360074 0.119890069254644 0.166631301885214 0.476932358791245 0.512605074893819 -0.323559670112749 0.366682194476549
11.1543686245932 33.4875151512247 10.4166090143361 0.491435707387844 -0.584122183062362 0.645981502523042 0.274112500648313 0.807772529448338 0.52188674213315 0.0796627504271269 -0.29688670956735 0.714267763075671 0.611884288525236 0.151643486967101 -0.276705318948171
11.1094688577708 33.840438610555 10.7728833461078 0.807496328963686 -0.562443809268695 0.177782229304498 0.423788492780522 0.76280622312606 0.488395195839068 0.323021961369659 -0.166978135809816 0.383682769916161 0.755162511852014 0.120310543317775 0.101384636040925
11.2834981755641 34.124321916712 11.1358431848296 0.798349296175258 -0.489276193428023 -0.35106564983112 0.60177245954845 0.670018814443882 0.434677562227666 0.248453584608987 -0.288908082252587 -0.154657132883514 0.586460327926362 0.0188920248931113 -0.246055992019467
11.644637120729 34.1899642703549 11.381512693042 0.508440999818407 0.00571280774141664 -0.861077809724117 0.617225428127446 0.694856008633505 0.369063387307918 -0.217241827880087 -1.1082746900529 -0.755640102230792 0.475788885454571 0.427962954704869 -0.0223823491360611
12.045496599028 34.4292266631217 11.5322740321044 -0.00652160703046173 0.121434598513477 -0.992577950866035 0.568798200231144 0.816832164034208 0.0961961794403605 -0.0663630508979976 -0.143464705303776 0.180317588085469 0.46656303027667 0.607941205186138 0.114635011848492
12.4435431858896 34.5542641004262 11.4269705094106 -0.560142602231092 0.616776505653161 -0.553016175749583 0.614847881792618 0.756923959738466 0.2214228624442 -0.275435875861514 -0.198782134700314 0.109126291646287 0.482782275130191 -0.456887093306156 -0.0136893601715275
12.8158716923862 34.8413847290401 11.283794219163 -0.810001814258041 0.586414975042582 0.0037975293802409 0.578276030811102 0.797650224254598 0.171320851046772 -0.0527872970383856 0.257862320380312 -0.0654604586802173 0.43182847827755 -0.48355010357482 0.164450885979526
13.0560662439848 35.2047400475454 11.1283398933465 -0.730454444493651 0.473068025541966 0.492587889245685 0.594122162329868 0.795865512152161 0.116691150047077 0.429799112464826 0.413752550353602 0.41729739429316 0.431149386387469 -0.944935913753611 0.227825060601791
13.2762170298863 35.6671651916363 11.0335475818951 -0.36719417672461 0.143737396197519 0.918971098001079 0.568981681171781 0.816287456275954 0.0996720424705475 0.268985193141992 -0.612825423762181 0.423433193515936 0.107776073541113 -0.25711956835723 0.278686373990228
15.0743905932549 34.4469886840918 11.2302348909349 -0.0169194248410222 -0.233030986280806 0.972322052339899 0.46579037920767 0.858655016932596 0.213894285808824 7.93712414387591 -7.36615831176918 1.0744890563311 0.0320518633588904 0.211509610309512 -0.129350262880352
