t = 0
b =  30.0 30.0 30.0
E = 0. 0. 0.
5.90597763476 26.8710528995 11.2986133569 0.335982602923 0.809477326128 -0.481520663127 0.680012769197 0.145255416194 0.718667863338 0.0 0.0 0.0 0.0 0.0 0.0
6.43859436286 26.8197758812 11.3473492826 -0.109972413175 0.989297632911 -0.0958971420676 0.680012769197 0.145255416194 0.718667863338 0.0 0.0 0.0 0.0 0.0 0.0
6.94614287592 26.9940092894 11.3742254517 -0.514147070867 0.793267228777 0.326159306578 0.680012769197 0.145255416194 0.718667863338 0.0 0.0 0.0 0.0 0.0 0.0
7.33649154801 27.3490679874 11.475449645 -0.722988660256 0.29586134171 0.624302381561 0.680012769197 0.145255416194 0.718667863338 0.0 0.0 0.0 0.0 0.0 0.0
7.56203493223 27.7715682875 11.7189835858 -0.657154769888 -0.313947215611 0.68526254401 0.680012769197 0.145255416194 0.718667863338 0.0 0.0 0.0 0.0 0.0 0.0
7.63777986599 28.1225043099 12.1187231451 -0.341656795398 -0.804481976803 0.485880009011 0.680012769197 0.145255416194 0.718667863338 0.0 0.0 0.0 0.0 0.0 0.0
7.63564412248 28.2900586405 12.6292190678 0.103642307861 -0.989380584787 0.101903535108 0.680012769197 0.145255416194 0.718667863338 0.0 0.0 0.0 0.0 0.0 0.0
7.65713364631 28.2320836356 13.1629439045 0.509565965557 -0.798396967049 -0.320787795518 0.680012769197 0.145255416194 0.718667863338 0.0 0.0 0.0 0.0 0.0 0.0
7.79477874802 27.9921140169 13.6235451531 0.721896993449 -0.304088993043 -0.621606479342 0.680012769197 0.145255416194 0.718667863338 0.0 0.0 0.0 0.0 0.0 0.0
8.0969802921 27.6828273027 13.9424511851 0.659967284055 0.305747473516 -0.686266468957 0.680012769197 0.145255416194 0.718667863338 0.0 0.0 0.0 0.0 0.0 0.0
8.54962139935 27.4432357347 14.104922754 0.347304969385 0.799425363062 -0.490202353252 0.680012769197 0.145255416194 0.718667863338 0.0 0.0 0.0 0.0 0.0 0.0
9.0814306853 27.3858732034 14.155652681 -0.0973043097843 0.989388191501 -0.1079021678 0.680012769197 0.145255416194 0.718667863338 0.0 0.0 0.0 0.0 0.0 0.0
9.59105945077 27.5540417415 14.1817863055 -0.504946054825 0.8034659043 0.315391855227 0.680012769197 0.145255416194 0.718667863338 0.0 0.0 0.0 0.0 0.0 0.0
9.98558574716 27.9053603577 14.2798135133 -0.72075035139 0.312293486823 0.618863239383 0.680012769197 0.145255416194 0.718667863338 0.0 0.0 0.0 0.0 0.0 0.0
10.2158169783 28.3278662841 14.5189106161 -0.662729539159 -0.297524447568 0.687218132056 0.680012769197 0.145255416194 0.718667863338 0.0 0.0 0.0 0.0 0.0 0.0
10.2949789901 28.6825515032 14.9146591136 -0.352926694754 -0.794307869984 0.494487366686 0.680012769197 0.145255416194 0.718667863338 0.0 0.0 0.0 0.0 0.0 0.0
10.2936913507 28.8561742185 15.4231260219 0.0909589016076 -0.989320452473 0.113892583325 0.680012769197 0.145255416194 0.718667863338 0.0 0.0 0.0 0.0 0.0 0.0
10.3131377958 28.8042813054 15.9575547482 0.500287690497 -0.808473654512 -0.309971896624 0.680012769197 0.145255416194 0.718667863338 0.0 0.0 0.0 0.0 0.0 0.0
10.4466248357 28.5680967974 16.4213253709 0.719548821402 -0.320474198244 -0.616072870592 0.680012769197 0.145255416194 0.718667863338 0.0 0.0 0.0 0.0 0.0 0.0
10.7441330521 28.2588601858 16.7446621633 0.665441324842 0.289278763981 -0.688117460833 0.680012769197 0.145255416194 0.718667863338 0.0 0.0 0.0 0.0 0.0 0.0
11.1933286394 28.0155646776 16.9111425589 0.358521543389 0.789129887286 -0.498734722993 0.680012769197 0.145255416194 0.718667863338 0.0 0.0 0.0 0.0 0.0 0.0
11.7242492238 27.952151352 16.9639363587 -0.0846065665584 0.989177372863 -0.119874325488 0.680012769197 0.145255416194 0.718667863338 0.0 0.0 0.0 0.0 0.0 0.0
12.2358837387 28.1142210396 16.9894048022 -0.495591227323 0.813419836326 0.304528332462 0.680012769197 0.145255416194 0.718667863338 0.0 0.0 0.0 0.0 0.0 0.0
12.6345482178 28.4617098046 17.0842904887 -0.718292494985 0.328630504314 0.613235585467 0.680012769197 0.145255416194 0.718667863338 0.0 0.0 0.0 0.0 0.0 0.0
12.8694779 28.8841099033 17.3189632463 -0.668102434591 -0.281011050696 0.688964386801 0.680012769197 0.145255416194 0.718667863338 0.0 0.0 0.0 0.0 0.0 0.0
14.5601258729 9.89694703941 15.0067414751 0.0952286625264 -0.31459172555 0.944438218228 0.710279709341 0.686198355036 0.156953980662 0.0 0.0 0.0 0.0 0.0 0.0
14.6024415401 10.3592960679 15.2771631131 0.486103629589 -0.639415722884 0.595693540866 0.710279709341 0.686198355036 0.156953980662 0.0 0.0 0.0 0.0 0.0 0.0
14.755564545 10.6758902621 15.6833731126 0.692299700551 -0.721314996634 0.0206349278641 0.710279709341 0.686198355036 0.156953980662 0.0 0.0 0.0 0.0 0.0 0.0
15.0664972884 10.8280606803 16.0942868445 0.63547954064 -0.529174643419 -0.562263239231 0.710279709341 0.686198355036 0.156953980662 0.0 0.0 0.0 0.0 0.0 0.0
15.5222876131 10.8596057218 16.3770326533 0.337230078589 -0.135991995841 -0.931548201202 0.710279709341 0.686198355036 0.156953980662 0.0 0.0 0.0 0.0 0.0 0.0
16.0549495448 10.8601513835 16.4474320203 -0.0891387285046 0.308856284622 -0.946922426881 0.710279709341 0.686198355036 0.156953980662 0.0 0.0 0.0 0.0 0.0 0.0
16.5672923005 10.9311008451 16.3019803903 -0.481642242319 0.636364898756 -0.602544990889 0.710279709341 0.686198355036 0.156953980662 0.0 0.0 0.0 0.0 0.0 0.0
16.969844692 11.1471097053 16.0191786107 -0.691161815648 0.722107848398 -0.0292506388437 0.710279709341 0.686198355036 0.156953980662 0.0 0.0 0.0 0.0 0.0 0.0
17.2148467258 11.5277230724 15.7297091471 -0.638097459602 0.533509953435 0.555156519943 0.710279709341 0.686198355036 0.156953980662 0.0 0.0 0.0 0.0 0.0 0.0
17.3143944236 12.0299500501 15.5667876296 -0.342609210234 0.142222707351 0.928650435081 0.710279709341 0.686198355036 0.156953980662 0.0 0.0 0.0 0.0 0.0 0.0
17.3358443412 12.5645966984 15.6155520081 0.0830420062235 -0.303097323093 0.949334523725 0.710279709341 0.686198355036 0.156953980662 0.0 0.0 0.0 0.0 0.0 0.0
17.3762236867 13.0301523023 15.8807172211 0.477144176128 -0.633265612976 0.609350554779 0.710279709341 0.686198355036 0.156953980662 0.0 0.0 0.0 0.0 0.0 0.0
17.5253680622 13.3513549899 16.2847839122 0.689971296096 -0.722845708853 0.037864122274 0.710279709341 0.686198355036 0.156953980662 0.0 0.0 0.0 0.0 0.0 0.0
17.8317914163 13.5077849754 16.6974817312 0.640666784973 -0.537804634602 -0.548007523337 0.710279709341 0.686198355036 0.156953980662 0.0 0.0 0.0 0.0 0.0 0.0
18.2842547842 13.5416223775 16.985261218 0.34796225086 -0.148442588051 -0.925681948635 0.710279709341 0.686198355036 0.156953980662 0.0 0.0 0.0 0.0 0.0 0.0
18.8160361582 13.541622287 17.0620314755 -0.0769389599722 0.297315279529 -0.95167432507 0.710279709341 0.686198355036 0.156953980662 0.0 0.0 0.0 0.0 0.0 0.0
19.3302792938 13.6093952238 16.9218675406 -0.472609773561 0.630118101568 -0.616109714264 0.710279709341 0.686198355036 0.156953980662 0.0 0.0 0.0 0.0 0.0 0.0
19.7367910167 13.8208036017 16.641261377 -0.688728232559 0.72352852181 -0.0464747222047 0.710279709341 0.686198355036 0.156953980662 0.0 0.0 0.0 0.0 0.0 0.0
19.9863071172 14.197140329 16.350061299 -0.643187321087 0.542058359863 0.540816793836 0.710279709341 0.686198355036 0.156953980662 0.0 0.0 0.0 0.0 0.0 0.0
20.0892086477 14.6970392764 16.1821404262 -0.353288792815 0.154651164273 0.922642967925 0.710279709341 0.686198355036 0.156953980662 0.0 0.0 0.0 0.0 0.0 0.0
20.1115779868 15.2321909615 16.2245360469 0.0708300545211 -0.291510594255 0.95394165273 0.710279709341 0.686198355036 0.156953980662 0.0 0.0 0.0 0.0 0.0 0.0
20.150093039 15.7008927975 16.4843826974 0.468039379929 -0.626922604228 0.62282195461 0.710279709341 0.686198355036 0.156953980662 0.0 0.0 0.0 0.0 0.0 0.0
20.2952976826 16.0266876062 16.8862016321 0.687432719701 -0.724156235267 0.0550817829055 0.710279709341 0.686198355036 0.156953980662 0.0 0.0 0.0 0.0 0.0 0.0
20.5972026362 16.1874109783 17.3005764609 0.645658875996 -0.546270805283 -0.533584879043 0.710279709341 0.686198355036 0.156953980662 0.0 0.0 0.0 0.0 0.0 0.0
21.046285551 16.2236119031 17.5933205997 0.35858843046 -0.16084796321 -0.91953372438 0.710279709341 0.686198355036 0.156953980662 0.0 0.0 0.0 0.0 0.0 0.0
21.5771087098 16.2231475296 17.6764569971 -0.0647157550872 0.28568370932 -0.95613633404 0.710279709341 0.686198355036 0.156953980662 0.0 0.0 0.0 0.0 0.0 0.0
22.0931799102 16.2878047666 17.5416420871 -0.463433343287 0.623679364303 -0.629486764652 0.710279709341 0.686198355036 0.156953980662 0.0 0.0 0.0 0.0 0.0 0.0
