t = 100
b = 30 30 30
E = -0.623049645468719 -0.819856844060238 0.196807198591518
23.5128138853527 19.3964866276686 8.24533286726965 0.678196003878905 0.465160817943528 -0.56892484093497 0.512241095734522 0.255881552766618 0.819837529494156 0.145569039131916 0.221801548676886 -0.24113241713629 0.429164600668483 -0.374872842747978 -0.204999414884788
23.9667815127215 19.4369570363259 8.5317158508637 0.0923171266288226 0.896490892375517 -0.433337639942017 0.650891490359125 0.275010902364533 0.707608055305234 0.00714520554642675 -0.287097860826425 -0.148042910093439 0.307396083675752 0.0921298975584382 0.365037957505601
24.33129430394 19.6736189516478 8.78874735126623 -0.431952802776305 0.887040812351998 -0.163019185868507 0.57656083404355 0.410582720750569 0.706398837538893 0.0507293082103544 -0.306886400206889 -0.10533514117075 0.45551620804981 0.27859129339015 0.236243094539021
24.6170666815972 20.0827559152975 9.03574194682256 -0.835597821652501 0.52385535188162 0.165383592446688 0.504341923011514 0.612223286478932 0.608951362431949 -0.14902672764592 0.401045048086654 0.232293241653893 0.451144767402077 0.499534197819444 0.248578717521706
24.7460818937118 20.5817859079997 9.30984537879367 -0.905616007893358 -0.0531917923081892 0.420749523822357 0.246923130152431 0.740470648131223 0.625085662961363 -0.90319809902292 0.418377488051443 0.697169877448704 0.60327648854352 0.268789596434364 0.212970627709398
24.6926456166918 20.9988334041194 9.67805623768751 -0.612772214058349 -0.576918454916373 0.540069618021292 0.126829157943113 0.602754319752228 0.787782641297082 -0.995632299490551 -0.226177563212112 0.41139996860576 0.832136893904041 0.420286957932624 0.34739918252007
23.5615710273521 21.8884851224529 10.7787717240894 -0.147353312481707 -0.770778195912278 0.619828891665012 0.291756218244194 0.564913562913195 0.771848988119887 -5.29618204484089 2.76481933336822 5.1907391057671 0.387265416156244 -0.281700795035403 -0.0423983512974387
24.5363640630247 21.5583041016915 10.1656342738767 0.51439249647814 -0.844670942437715 0.148092008244249 0.329275463880212 0.353997436329036 0.87536470540082 -0.352433086343447 -0.487453673733186 -0.298317702263745 0.167774664484012 0.167747312312139 0.0981599380175158
24.7197924363153 21.5389489404481 10.6505654610003 0.774404755375479 -0.57509906502301 -0.263738928290125 0.53471641181217 0.372088476195407 0.758701789732327 -0.619554470541302 0.0416953991663826 0.276529855652452 0.467725247834461 0.588018264489873 0.340794395571106
24.9271628359581 21.3964089350597 11.1012262401508 0.79451560643336 0.0754194431654383 -0.602541903707277 0.568869447941303 0.254697951556156 0.781995133063196 -0.0063664278873607 0.239412191367952 -0.0199191788189412 0.19373974073442 0.206059701062262 0.513623187060827
25.2889961699214 21.4661791726316 11.4762971779944 0.463024724237753 0.280232763391809 -0.840879054239263 0.762767745469013 0.357212924482859 0.53905860487819 0.382664945477118 0.458373392801299 -0.24275546786713 0.776383407614303 0.240420951678097 -0.338124662723908
25.8030066763637 21.3637026865739 11.5795023361295 0.169229699769728 0.870163112294498 -0.462792985781055 0.693550719383411 0.228483268609591 0.68321496505487 0.461786644111821 0.664868359826186 -0.329503399328527 0.810314409455498 -0.294525752835342 0.187212382646877
26.1664113057733 21.4240904942651 11.834017290649 -0.325627336283134 0.876383985795471 -0.354849022987585 0.578727836255231 0.48152953672166 0.65818180023646 0.420481754945582 0.301675327042025 0.0740177883008674 0.573946141899832 0.134871782591787 -0.0129362303909171
26.4451651682188 21.7495362508863 11.8828172257056 -0.783660388742362 0.575019725737974 0.235007642554474 0.571606374626799 0.519403142040657 0.635205805413028 -0.106127685897993 0.330575550283883 0.357501781221267 0.316894451627304 -0.411356515025662 0.346978791254616
26.6301896697531 22.1138269527303 12.1697667598855 -0.939481217335559 0.0663165869846355 0.336120563764591 0.318681575840231 0.529306135249996 0.786305888962122 -0.489073299650222 0.252062727084992 -0.320670656697097 0.349372801577243 0.403284385872059 -0.153862904067174
26.6136207861554 22.4797447847134 12.3755005711806 -0.553302441421235 -0.538301992362891 0.635678579525805 0.391133992817574 0.50587700358889 0.768831931671788 -0.493089388046283 0.0285871772178689 -0.115118978529743 0.508319628722643 -0.259146001268774 0.0668354120715404
26.6320225642119 22.7941291072068 12.7847641345844 -0.242220194703694 -0.809550114497669 0.5347502881025 0.42845075688082 0.405258900351361 0.807585941830744 -0.149839967025669 -0.799618413174312 -0.000404752219133564 0.526345692924813 0.373408611351473 0.190201415212015
26.4843463628966 22.9635298277673 13.2115257428222 0.555582528954877 -0.775812643011151 0.299069690913958 0.303713617010271 0.524195383976016 0.795598592370283 0.217538210370587 -0.711884442657782 -0.130614767404777 0.264137217823512 -0.0937598700623404 0.258620300111291
26.5505441586482 23.0598573249086 13.6935855860351 0.824154645446032 -0.555945058399105 -0.108139232820977 0.423740211883838 0.47858223690479 0.769027409422089 0.0462885424403203 -0.0586471246523741 -0.190665292095842 0.301500148238313 -0.0276546076172854 0.0860794309447692
26.6951562020049 23.022822373734 14.1347686649765 0.893481933045171 -0.0442185796735497 -0.446916808584213 0.423390441677427 0.414801845525342 0.805406632475933 0.130735668562321 0.604491284086241 -0.268371994107209 0.29967170338483 -0.0881693407530221 0.221366744843497
26.9499333108134 22.9328591199939 14.5227344265738 0.619431168597097 0.529508365142541 -0.579591063206075 0.501049328263868 0.301704770609796 0.81112495003626 0.0158229936060238 0.333952454662046 -0.158992177007525 0.559449099812319 -0.0257234989779991 0.0197358588546482
27.3512397356793 22.8693555314369 14.7274647382869 0.208189586239253 0.895259211424107 -0.39391359668567 0.688559678021217 0.151879847187186 0.70909659155321 -0.0471840018623497 0.254592603690117 -0.19374674947045 0.474382420245012 -0.0269686874512568 0.436073095545143
27.7724945441706 22.9892630906266 15.0262581192518 -0.195124758440517 0.914457679738762 -0.354532601638941 0.617611900188766 0.395371941816809 0.679879734909837 0.321464756375369 0.258577664549232 0.324421327046835 0.491116431440131 -0.038933025628478 -0.311472817601213
28.1766263678626 23.1930345617909 15.2432952775872 -0.674024590091066 0.738391383862019 -0.0216541349273304 0.53396535659292 0.507256088035465 0.676440790833886 -0.160649893602158 -0.247960054716313 0.191988694759168 0.304498313306165 0.0913373342090691 -0.205466007510353
28.4170625698998 23.6165082014457 15.4075978637872 -0.885288705605433 0.054797141230088 0.46180197314212 0.430404100098837 0.472613528625899 0.769017974119167 -0.232680168858897 0.158815661605038 0.220607671466765 0.205378425541745 0.0170774350286291 0.150959049678135
10.350714317165 26.5344175316126 25.6454303982641 0.625659380250822 0.0574148808893306 0.777980560692872 -0.0904043733806334 0.99590476583519 -0.000793603418546231 0.488195357295372 -0.277413278642063 0.183292762487435 0.298486606376914 -0.219367524698265 -0.174695539339766
10.2969000778362 26.9428515322446 25.8715554314816 0.992033419076737 -0.0180704893140974 0.12467170644485 -0.00667427190171177 0.980728821912878 0.195259611397256 -0.353412881217214 -0.637144701353751 0.098729827426831 0.451080860126007 -0.000378636961331287 -0.147655002608108
10.4033172608908 27.2560815253079 26.1840613802997 0.918341532854291 0.00704199165496209 -0.395726067107448 0.0776152853016509 0.977223853948403 0.197507692082132 -0.315396038732847 0.0524385310895676 -0.234358866182184 0.455081078932699 0.0917725259732962 0.377899929107468
10.5908980240529 27.5808880159449 26.5026718611255 0.355879426155308 0.13916483887213 -0.924111933730311 0.111684885249485 0.975429709379289 0.189903263004049 -0.220311323574285 -0.189641167135634 -0.1232163227065 0.23983413584803 -0.525479523842243 0.00936695883741914
10.8734498200145 27.9996108270566 26.6077133694326 -0.101783429452573 -0.0295714588945596 -0.994366905688017 0.299001325351034 0.952431274029683 -0.0589301217969345 -0.571046508938348 0.138783034177182 0.00421289186613002 0.422731445214271 0.108540560285816 -0.163251947603623
11.2571844129347 28.2465165203212 26.5266507307464 -0.679255624530269 0.14980132734012 -0.718450582686725 0.264063084078912 0.963269533907833 -0.0488095919740272 -1.17442258313687 -1.20223977494699 0.0347486738460174 0.69232081329766 0.467864414305199 0.125871659734159
11.5396292785653 28.5219140225904 26.2465897436975 -0.957902701254022 0.258422303047375 -0.125060823762664 0.2744572313502 0.952103693174922 -0.134802344590947 0.0458359354859163 -0.41434618131075 -0.57888265609177 0.182685553514918 -0.552503086174846 0.0523585092983136
11.6962876981977 29.0008235126293 26.3144774554891 -0.991568019383412 -0.110206001156113 0.0681717889290131 -0.0953557859043888 0.976744486247032 0.192034797614941 0.0604277947120881 0.151949053656369 0.816449008190647 0.400195594405729 0.485091449992246 -0.376824088043297
11.5101946814069 29.3288579213985 25.9801417361979 -0.453574590382394 0.0659728338330872 0.888773062824329 0.087381915438445 0.995743284750124 -0.029318834559766 0.00246907237470736 -0.0514343040103221 0.70352103014219 0.39620613120852 -0.218574995748541 -0.0628440927399434
11.4590878363754 29.7803899829252 25.958759350693 -0.0802594606609632 -0.0941131401887938 0.992321026642456 -0.0732523162125157 0.993397585325716 0.0882905603589702 0.467865102820422 -0.15065041358791 0.476337051470128 0.440964386799467 -0.0721614751553744 -0.337378867956567
11.3373073518583 30.0930096451136 25.849950609289 0.612965645507267 -0.0711668355941372 0.786897884229609 -0.0855401687562863 0.984103934958465 0.155634869524087 1.05646382439484 0.0363546760691121 -0.290601498816164 0.284809066332247 -0.647225072935506 -0.0122129834413237
11.3068796640235 30.4496571807355 26.0174550329421 0.983667736223341 0.0457330373478465 0.174086630948323 -0.0734970701372753 0.98493200675191 0.156547136320594 1.24906979376354 -0.139150610771341 0.262409446208482 0.199798257397321 -0.168179691984401 0.224633925542295
12.1766908214984 30.8525776369745 25.0405769641689 0.854519536850926 -0.316495486667874 -0.411857801742965 0.357672884318237 0.93351946572604 0.0247264221484799 4.28818754855876 -1.49953965279014 -5.74839991917883 0.118410912945904 0.767989989337039 0.0049883298440464
11.3342133893861 31.346158491661 26.5418532181386 0.642919716896921 0.168631981646439 -0.747139461803021 0.0203978227458717 0.971346917770323 0.236788882924337 0.0747485772942762 -0.380342383442083 -0.971534034814791 0.211511034094512 -0.569087036679984 -0.603782028432756
11.618291211171 31.7314751469947 26.7037925552875 -0.123928219557853 0.194467447741594 -0.97304886279682 0.257099515899658 0.953414483362803 0.157799060739997 0.071708483279878 -0.0230282783177652 -0.759423193555098 0.181933456981189 0.119614077837648 0.138157400380139
11.8655122166825 32.251174733741 26.7507434606867 -0.523723869010237 -0.0166543085920808 -0.851725206452316 0.249869322899576 0.952830733737085 -0.172275364258003 -0.617299885522798 0.480689009433806 -0.437642830882611 0.46582398960428 0.0442404471051967 -0.445193784433446
12.0548866786798 32.5872614342835 26.4473347207554 -0.951277015266293 0.137854084793554 -0.275804591479109 0.198361837657556 0.958423809313649 -0.205125017177805 -0.908218891980585 0.0564257318801656 0.248590060058387 0.764312480454674 -0.0227596414403601 -0.135957506947291
12.1343406759612 32.9108587261448 26.1363070509734 -0.874917935918837 0.211963894863724 0.43541910120144 0.152697099585749 0.974005054741243 -0.167324939888941 -0.505706725761198 0.0915220077790807 0.225907964601702 0.420524146577736 -0.169453198214931 0.284394657761243
12.1145070660637 33.388953630868 25.9794394344678 -0.452288098228092 -0.00649228778934613 0.891848197807341 0.0906063952560773 0.994465328012993 0.0531890390879169 -0.44950430664216 0.0879605431129464 0.0605538156692003 0.299068182053264 0.226663810313344 0.139797607579875
11.9506997542827 33.8677642116085 26.0223857481024 0.089564229379983 -0.22088804632998 0.971177944961473 -0.0725470057756208 0.971059772375521 0.2275516167325 -0.00559453588940407 0.446735963482445 0.415414029302385 0.441708936567798 -0.275755326653432 -0.308153677700832
11.7003396822299 34.2330249936161 26.2028038800323 0.643244179278203 -0.130620844620846 0.754436877126035 0.0118717380180218 0.986923560056969 0.160750841092462 -0.028696272282947 0.238662377334314 0.201474135964948 0.873474371452849 0.0768580724762831 0.248802006805142
11.5620725606938 34.5617006815959 26.4939874829426 0.992513460951132 0.075557687243747 0.0959580584880814 -0.0931675774156813 0.97640233758438 0.194828546641949 0.314196050991616 -0.373631285439748 -0.00593279564685102 0.267805627567499 0.0463813279410874 0.550783188474129
11.6607057035098 35.0638870279025 26.6241454913696 0.932241491579604 -0.207091943980684 -0.296713009533177 0.261867814026672 0.952035179937437 0.158285017629086 0.0378842465203168 0.0594367116529072 -0.182761497100568 0.432727994936458 0.144160096996261 -0.430482597019941
11.9551771603174 35.2975912370549 26.9073036055603 0.478493793939939 0.0750901739988242 -0.874874297418329 0.299464717966791 0.922650069348857 0.242976580411396 0.0402586163105468 -0.00160838917221294 -0.119735131316556 0.568866719482034 0.396389360516798 0.340879019766736
12.2462513120666 35.7290278607716 26.9611640827054 0.103611116279865 -0.137696079991344 -0.985040309673611 0.39153512288204 0.916053433065772 -0.0868691166316935 -0.223137876542687 0.620103284049721 -0.229897623360114 0.640719206320091 -0.324543410075138 -0.512606321647297
12.6350880191006 35.9323776959536 26.9404332119653 -0.598567732444224 0.394260557310707 -0.697334326972391 0.406395923886274 0.899616093099097 0.159790866239522 -0.156753626086815 0.143054064297859 -0.144318290985682 0.425110073603071 -0.553530083617342 0.0964709298588335
12.9374512479264 36.3689882696009 26.8779651057734 -0.973814531551613 0.226513984471161 -0.0194051347045104 0.216136198844223 0.948898471648868 0.229949380089111 -0.361969975009117 0.357835076161152 -0.0658261183601993 -0.249637862814786 -0.270122882634539 0.532383520461989
