
#id1 id2 FENE BEXC STCK NEXC HB CRSTCK CXSTCK total, t = 100
0 1 0.0388607 0 -1.2515 0 0 0 0 -1.21264
1 2 0.0138449 0 -1.29078 0 0 0 0 -1.27693
2 3 0.0868743 0 -1.43326 0 0 0 0 -1.34638
3 4 0.130468 0 -0.901772 0 0 0 0 -0.771304
4 5 0.0620359 0 -0.957804 0 0 0 0 -0.895768
5 6 1.91176 0 0 0 0 0 0 1.91176
6 7 2.07162 0 0 0 0 0 0 2.07162
7 8 0.00371351 0 -1.24061 0 0 0 0 -1.23689
8 9 0.082107 0 -1.36434 0 0 0 0 -1.28223
9 10 0.167873 0 -1.09917 0 0 0 0 -0.9313
10 11 0.224794 0 -1.24821 0 0 0 0 -1.02341
11 12 0.0532422 0 -1.3534 0 0 0 0 -1.30016
12 13 0.0413157 0 -1.24626 0 0 0 0 -1.20494
13 14 0.246085 0 -1.20604 0 0 0 0 -0.959953
14 15 0.401096 0 -1.12356 0 0 0 0 -0.722461
15 16 0.0842164 0 -1.17093 0 0 0 0 -1.08671
16 17 0.0275033 0 -1.38766 0 0 0 0 -1.36016
17 18 0.151486 0 -0.982736 0 0 0 0 -0.831249
18 19 0.206586 0.0273689 -0.973853 0 0 0 0 -0.739898
19 20 0.385319 0 -0.961047 0 0 0 0 -0.575729
20 21 0.0212754 0 -1.10336 0 0 0 0 -1.08208
21 22 0.561838 0 -0.961969 0 0 0 0 -0.40013
22 23 0.220443 0 -0.549457 0 0 0 0 -0.329014
23 24 0.00841581 0 -1.12931 0 0 0 0 -1.1209
25 26 0.0230128 0 -1.33232 0 0 0 0 -1.30931
26 27 0.114177 0 -1.12289 0 0 0 0 -1.00871
27 28 0.34976 0 -1.17923 0 0 0 0 -0.829472
28 29 0.0528768 0 -1.30838 0 0 0 0 -1.2555
29 30 0.110211 0 -1.28669 0 0 0 0 -1.17648
30 31 0.118004 0 -1.33582 0 0 0 0 -1.21782
31 32 0.114041 0 -1.11658 0 0 0 0 -1.00254
32 33 0.266608 0 -1.33856 0 0 0 0 -1.07195
33 34 0.00253651 0 -1.22851 0 0 0 0 -1.22597
34 35 0.100876 0 -0.880103 0 0 0 0 -0.779227
35 36 0.378595 0 -1.26973 0 0 0 0 -0.891135
36 37 0.0409458 0 -1.35248 0 0 0 0 -1.31154
37 38 0.106137 0 -1.27777 0 0 0 0 -1.17163
38 39 0.288269 0 -1.16325 0 0 0 0 -0.874986
39 40 0.0472335 0 -1.11649 0 0 0 0 -1.06925
40 41 0.0990737 0 -1.12408 0 0 0 0 -1.02501
41 42 0.00227218 0 -0.738231 0 0 0 0 -0.735959
42 43 0.609848 0 -0 0 0 0 0 0.609848
42 44 0 0 0 0 0 -0 -0.000219205 -0.000219205
41 44 0 0 0 0 -9.84654e-69 -0 -0 -9.84654e-69
43 44 1.25508 0 -0 0 0 0 0 1.25508
44 45 1.57697 0 0 0 0 0 0 1.57697
45 46 0.00915812 0 -0.991981 0 0 0 0 -0.982823
46 47 0.00111912 0 -0.995348 0 0 0 0 -0.994229
47 48 0.00158087 0 -1.04664 0 0 0 0 -1.04505
48 49 0.266814 0 -1.21937 0 0 0 0 -0.952555
49 50 0.097854 0 -1.34411 0 0 0 0 -1.24625
50 51 0.0491669 0 -0.555186 0 0 0 0 -0.506019
#Total energy per particle is  -0.729781 and should be -0.72978110

