
#id1 id2 FENE BEXC STCK NEXC HB CRSTCK CXSTCK total, t = 100
0 1 0.0242519 0 -1.29627 0 0 0 0 -1.27202
1 2 0.119541 0 -1.13068 0 0 0 0 -1.01114
2 3 0.0888871 0 -1.31943 0 0 0 0 -1.23054
3 4 0.101425 0 -1.13771 0 0 0 0 -1.03629
4 5 0.000812798 0 -1.04519 0 0 0 0 -1.04438
5 6 0.333121 0 -0.00411512 0 0 0 0 0.329006
6 7 0.857167 0 -0.935676 0 0 0 0 -0.0785094
7 8 0.372928 0 -9.26034e-05 0 0 0 0 0.372835
8 9 0.396223 0 -1.18643 0 0 0 0 -0.790209
9 10 0.11876 0 -1.39941 0 0 0 0 -1.28065
10 11 0.234565 0 -1.24194 0 0 0 0 -1.00738
11 12 0.138292 0 -1.23156 0 0 0 0 -1.09327
12 13 0.0753967 0 -1.20851 0 0 0 0 -1.13311
13 14 0.129256 0 -1.2388 0 0 0 0 -1.10954
14 15 0.0259311 0 -1.42201 0 0 0 0 -1.39608
15 16 0.0990069 0 -1.29435 0 0 0 0 -1.19534
16 17 0.248786 0 -1.18052 0 0 0 0 -0.931734
17 18 0.137465 0 -1.29783 0 0 0 0 -1.16036
18 19 0.00160775 0 -1.23642 0 0 0 0 -1.23481
19 20 0.193797 0 -1.21244 0 0 0 0 -1.01864
20 21 0.0853607 0 -1.08238 0 0 0 0 -0.997024
21 22 0.50864 0 -1.0919 0 0 0 0 -0.583256
22 23 0.530882 0 -0.876237 0 0 0 0 -0.345355
23 24 0.0958716 0 -1.33583 0 0 0 0 -1.23996
25 26 0.611106 0 -1.29997 0 0 0 0 -0.688861
26 27 0.000325719 0 -1.08281 0 0 0 0 -1.08248
27 28 0.0333965 0 -1.33135 0 0 0 0 -1.29795
28 29 0.130223 0 -1.35705 0 0 0 0 -1.22683
29 30 0.186575 0 -1.26048 0 0 0 0 -1.0739
30 31 0.24185 0 -1.34318 0 0 0 0 -1.10133
31 32 0.294826 0 -1.28154 0 0 0 0 -0.986716
32 33 0.37397 0 -1.11694 0 0 0 0 -0.742971
33 34 0.325109 0 -1.38279 0 0 0 0 -1.05768
34 35 0.215844 0 -0.975597 0 0 0 0 -0.759753
35 36 0.00819378 0 -1.31978 0 0 0 0 -1.31159
36 37 0.594207 0 0 0 0 0 0 0.594207
37 38 1.34892 0 0 0 0 0 0 1.34892
38 39 0.674858 0 -0.029434 0 0 0 0 0.645424
39 40 0.00601575 0 -0.879973 0 0 0 0 -0.873957
40 41 0.0917475 0 -1.07494 0 0 0 0 -0.983196
41 42 0.103125 0 -1.37981 0 0 0 0 -1.27669
42 43 0.0669141 0 -1.37161 0 0 0 0 -1.3047
43 44 0.0432202 0 -1.20247 0 0 0 0 -1.15925
44 45 0.604674 0 -0 0 0 0 0 0.604674
44 46 0 0 0 0 0 -0 -0.0576784 -0.0576784
45 46 0.782121 0 -0.0548062 0 0 0 0 0.727315
46 47 0.0511818 0 -1.13514 0 0 0 0 -1.08396
47 48 0.00171017 0 -1.26876 0 0 0 0 -1.26705
48 49 0.106706 0 -1.21957 0 0 0 0 -1.11286
49 50 0.193376 0 -1.24827 0 0 0 0 -1.0549
50 51 0.107621 0 -1.09672 0 0 0 0 -0.9891
52 53 0.0251987 0 -1.10382 0 0 0 0 -1.07862
53 54 0.11059 0 -1.24963 0 0 0 0 -1.13904
54 55 0.270703 0 -1.08135 0 0 0 0 -0.810652
55 56 0.493161 0 -1.2597 0 0 0 0 -0.76654
56 57 0.0288012 0 -1.17713 0 0 0 0 -1.14833
57 58 0.0349943 0 -1.30265 0 0 0 0 -1.26765
58 59 0.32521 0 -1.3262 0 0 0 0 -1.00099
59 60 0.12582 0 -1.15327 0 0 0 0 -1.02745
60 61 0.431968 0 -1.38951 0 0 0 0 -0.957538
61 62 0.14692 0 -1.34427 0 0 0 0 -1.19735
62 63 0.34132 0 -1.23593 0 0 0 0 -0.894607
63 64 0.161618 0 -1.17507 0 0 0 0 -1.01346
64 65 0.0848244 0 -1.246 0 0 0 0 -1.16118
65 66 0.022557 0 -1.36449 0 0 0 0 -1.34193
66 67 0.138662 0 -1.11195 0 0 0 0 -0.97329
67 68 0.235568 0 -1.10227 0 0 0 0 -0.866698
68 69 0.0502932 0 -0.955958 0 0 0 0 -0.905665
69 70 0.0403042 0 -0.197974 0 0 0 0 -0.157669
70 71 0.24176 0.359729 -0.0204287 0 0 0 0 0.581061
70 72 0 0 0 0 0 0 -0.232936 -0.232936
71 72 0.243584 0 -0.0638082 0 0 0 0 0.179776
72 73 0.321956 0 -1.19385 0 0 0 0 -0.871889
73 74 0.0497923 0 -1.44019 0 0 0 0 -1.39039
74 75 0.16965 0 -1.22651 0 0 0 0 -1.05686
75 76 0.000150076 0 -1.24585 0 0 0 0 -1.2457
76 77 0.84121 0 0 0 0 0 0 0.84121
#Total energy per particle is  -0.781603 and should be -0.78160310

