t = 0
b =  30.0 30.0 30.0
E = 0. 0. 0.
5.53165322805 20.8576334518 14.4584603445 -0.348785664971 0.922018291222 0.168020327826 0.620766054011 0.0929661153459 0.778464390699 0.0 0.0 0.0 0.0 0.0 0.0
5.98088058819 21.131177 14.5682501812 -0.694245349234 0.526503608446 0.49073143914 0.620766054011 0.0929661153459 0.778464390699 0.0 0.0 0.0 0.0 0.0 0.0
6.27185469912 21.5247370623 14.789902265 -0.775949618161 -0.0690385978501 0.627005472132 0.620766054011 0.0929661153459 0.778464390699 0.0 0.0 0.0 0.0 0.0 0.0
6.38595107018 21.9025597741 15.1544802658 -0.562857653962 -0.638351886559 0.525069643288 0.620766054011 0.0929661153459 0.778464390699 0.0 0.0 0.0 0.0 0.0 0.0
6.37174402131 22.1348701532 15.6387479083 -0.135926656545 -0.96514462089 0.223651078264 0.620766054011 0.0929661153459 0.778464390699 0.0 0.0 0.0 0.0 0.0 0.0
6.32655248681 22.1471757857 16.1739968212 0.342645150266 -0.925262777387 -0.16273627064 0.620766054011 0.0929661153459 0.778464390699 0.0 0.0 0.0 0.0 0.0 0.0
6.35946692508 21.9485677389 16.6721499961 0.691040335769 -0.533858135186 -0.487297389523 0.620766054011 0.0929661153459 0.778464390699 0.0 0.0 0.0 0.0 0.0 0.0
6.54990402964 21.6282667134 17.0592237157 0.776897744136 0.0603681382039 -0.626726082947 0.620766054011 0.0929661153459 0.778464390699 0.0 0.0 0.0 0.0 0.0 0.0
6.91743499942 21.3217266069 17.3034352049 0.567598710467 0.631659546589 -0.528051059159 0.620766054011 0.0929661153459 0.778464390699 0.0 0.0 0.0 0.0 0.0 0.0
7.41435011311 21.159173314 17.4272774387 0.142659436948 0.96297293244 -0.228760609453 0.620766054011 0.0929661153459 0.778464390699 0.0 0.0 0.0 0.0 0.0 0.0
7.94378444995 21.2161297312 17.4989736842 -0.336478541806 0.928436801209 0.157439820457 0.620766054011 0.0929661153459 0.778464390699 0.0 0.0 0.0 0.0 0.0 0.0
8.39651849258 21.4847233466 17.6065583419 -0.687782696907 0.541172006562 0.483826230322 0.620766054011 0.0929661153459 0.778464390699 0.0 0.0 0.0 0.0 0.0 0.0
8.69247244782 21.8766771378 17.8244312039 -0.77778670634 -0.0516930812903 0.626398966145 0.620766054011 0.0929661153459 0.778464390699 0.0 0.0 0.0 0.0 0.0 0.0
8.81112989888 22.2568474896 18.18509173 -0.572296542134 -0.624919103299 0.530992261897 0.620766054011 0.0929661153459 0.778464390699 0.0 0.0 0.0 0.0 0.0 0.0
8.79933233515 22.4945675121 18.6667919589 -0.149381353283 -0.960727909873 0.233852719637 0.620766054011 0.0929661153459 0.778464390699 0.0 0.0 0.0 0.0 0.0 0.0
8.75348328724 22.5132895773 19.2017989226 0.330286309203 -0.931540120973 -0.152131380622 0.620766054011 0.0929661153459 0.778464390699 0.0 0.0 0.0 0.0 0.0 0.0
8.7829230139 22.3196670426 19.7021275333 0.68447268073 -0.548444665595 -0.480318225882 0.620766054011 0.0929661153459 0.778464390699 0.0 0.0 0.0 0.0 0.0 0.0
8.96838830967 22.0010265292 20.0929675893 0.778616437075 0.0430140877483 -0.626024146636 0.620766054011 0.0929661153459 0.778464390699 0.0 0.0 0.0 0.0 0.0 0.0
9.33133924677 21.6921910784 20.3411054213 0.576950791202 0.618131069999 -0.533893027518 0.620766054011 0.0929661153459 0.778464390699 0.0 0.0 0.0 0.0 0.0 0.0
9.82580613488 21.5242586244 20.467542321 0.156091893649 0.958409724157 -0.238927021031 0.620766054011 0.0929661153459 0.778464390699 0.0 0.0 0.0 0.0 0.0 0.0
10.3558541751 21.5747956972 20.5395157986 -0.324068924019 0.934572500351 0.146811355393 0.620766054011 0.0929661153459 0.778464390699 0.0 0.0 0.0 0.0 0.0 0.0
10.8120306938 21.8383686009 20.6449549294 -0.681110539308 0.555675558443 0.476773643348 0.620766054011 0.0929661153459 0.778464390699 0.0 0.0 0.0 0.0 0.0 0.0
11.1129480437 22.2286077657 20.8590746272 -0.779386873154 -0.0343318185171 0.625601652965 0.620766054011 0.0929661153459 0.778464390699 0.0 0.0 0.0 0.0 0.0 0.0
11.2362041313 22.6110209913 21.2158002414 -0.581561103234 -0.611295963626 0.536753135119 0.620766054011 0.0929661153459 0.778464390699 0.0 0.0 0.0 0.0 0.0 0.0
11.2268933472 22.8540892827 21.6948787497 -0.162790547013 -0.956018551829 0.243983127207 0.620766054011 0.0929661153459 0.778464390699 0.0 0.0 0.0 0.0 0.0 0.0
11.1804744527 22.8792331152 22.2295732195 0.317826859731 -0.937533708415 -0.141480149911 0.620766054011 0.0929661153459 0.778464390699 0.0 0.0 0.0 0.0 0.0 0.0
8.37545722815 8.86239183831 27.1291250343 -0.849655433609 0.0650166772976 0.523314891639 0.345733586681 0.818009897623 0.459704355462 0.0 0.0 0.0 0.0 0.0 0.0
8.27327987552 9.38970534527 27.1155104796 -0.454769662789 -0.282456045605 0.844631953047 0.345733586681 0.818009897623 0.459704355462 0.0 0.0 0.0 0.0 0.0 0.0
8.06743776395 9.85263298775 27.2944298051 0.112890706267 -0.522618994368 0.845059213999 0.345733586681 0.818009897623 0.459704355462 0.0 0.0 0.0 0.0 0.0 0.0
7.88732909242 10.196429614 27.6659804051 0.637662008581 -0.564230249448 0.524434350916 0.345733586681 0.818009897623 0.459704355462 0.0 0.0 0.0 0.0 0.0 0.0
7.85257549581 10.4116099372 28.1570758318 0.920174852695 -0.391480999336 0.00456810984498 0.345733586681 0.818009897623 0.459704355462 0.0 0.0 0.0 0.0 0.0 0.0
8.02757578582 10.5375521542 28.6492125594 0.853097885766 -0.0700015723623 -0.51703363253 0.345733586681 0.818009897623 0.459704355462 0.0 0.0 0.0 0.0 0.0 0.0
8.39703976574 10.6475375106 29.0234914541 0.461914769 0.278072622315 -0.842205653566 0.345733586681 0.818009897623 0.459704355462 0.0 0.0 0.0 0.0 0.0 0.0
8.87179723179 10.8209095301 29.2057895436 -0.104757491313 0.520502378649 -0.847409665884 0.345733586681 0.818009897623 0.459704355462 0.0 0.0 0.0 0.0 0.0 0.0
9.3226752244 11.1129300831 29.1949205731 -0.631630629224 0.565184578998 -0.530668578199 0.345733586681 0.818009897623 0.459704355462 0.0 0.0 0.0 0.0 0.0 0.0
9.6295729952 11.5337844786 29.0630856834 -0.918536730792 0.395143708404 -0.0123176253506 0.345733586681 0.818009897623 0.459704355462 0.0 0.0 0.0 0.0 0.0 0.0
9.72709028931 12.044711895 28.9284429908 -0.856475371217 0.0749811365363 0.510712999308 0.345733586681 0.818009897623 0.459704355462 0.0 0.0 0.0 0.0 0.0 0.0
9.62937399561 12.5727312638 28.9102173423 -0.469024698612 -0.273668022719 0.839715216864 0.345733586681 0.818009897623 0.459704355462 0.0 0.0 0.0 0.0 0.0 0.0
9.4247435071 13.0383679982 29.083404804 0.0966162986709 -0.518346124658 0.849695584243 0.345733586681 0.818009897623 0.459704355462 0.0 0.0 0.0 0.0 0.0 0.0
9.24213670691 13.3858477171 29.4502804008 0.62555114875 -0.566095867555 0.536862393016 0.345733586681 0.818009897623 0.459704355462 0.0 0.0 0.0 0.0 0.0 0.0
9.20212431076 13.6042858653 29.939533797 0.916828658762 -0.398776325749 0.0200662028214 0.345733586681 0.818009897623 0.459704355462 0.0 0.0 0.0 0.0 0.0 0.0
9.37110303623 13.7318229374 30.4333612848 0.859787632752 -0.0799549906064 -0.504353473314 0.345733586681 0.818009897623 0.459704355462 0.0 0.0 0.0 0.0 0.0 0.0
9.73607037963 13.8411342669 30.8122213825 0.476098910177 0.269242582244 -0.837160832597 0.345733586681 0.818009897623 0.459704355462 0.0 0.0 0.0 0.0 0.0 0.0
10.2095644846 14.0118194515 31.000250642 -0.0884677483233 0.516150396603 -0.851916794994 0.345733586681 0.818009897623 0.459704355462 0.0 0.0 0.0 0.0 0.0 0.0
10.6628923635 14.3001611353 30.9940854414 -0.619424030134 0.566964045719 -0.543015323683 0.345733586681 0.818009897623 0.459704355462 0.0 0.0 0.0 0.0 0.0 0.0
10.9750225153 14.7177422911 30.8641398805 -0.915050766679 0.402378574733 -0.0278132521731 0.345733586681 0.818009897623 0.459704355462 0.0 0.0 0.0 0.0 0.0 0.0
11.0785668161 15.2270456557 30.727854288 -0.86303441813 0.0849227557945 0.49795553885 0.345733586681 0.818009897623 0.459704355462 0.0 0.0 0.0 0.0 0.0 0.0
10.985382394 15.7557071651 30.7050776763 -0.483136864967 -0.264796637903 0.834542695292 0.345733586681 0.818009897623 0.459704355462 0.0 0.0 0.0 0.0 0.0 0.0
10.7820669084 16.2240082726 30.8725350982 0.0803124608142 -0.513915361697 0.854073128982 0.345733586681 0.818009897623 0.459704355462 0.0 0.0 0.0 0.0 0.0 0.0
10.5970586508 16.5751623572 31.2346785167 0.613249739979 -0.567789047376 0.549126901631 0.345733586681 0.818009897623 0.459704355462 0.0 0.0 0.0 0.0 0.0 0.0
10.5518406906 16.7968889106 31.7219954297 0.913203189938 -0.40595018103 0.035558183438 0.345733586681 0.818009897623 0.459704355462 0.0 0.0 0.0 0.0 0.0 0.0
10.7147874264 16.9260791075 32.2174178317 0.866215480095 -0.0898840537859 -0.491519683144 0.345733586681 0.818009897623 0.459704355462 0.0 0.0 0.0 0.0 0.0 0.0
11.0751880081 17.0347802315 32.6007983065 0.490138027014 0.260330528273 -0.831861004329 0.345733586681 0.818009897623 0.459704355462 0.0 0.0 0.0 0.0 0.0 0.0
