
#id1 id2 FENE BEXC STCK NEXC HB CRSTCK CXSTCK total, t = 100
0 1 0.411165 0 -1.39481 0 0 0 0 -0.983643
1 2 0.0636171 0.00311415 -0.904681 0 0 0 0 -0.83795
2 3 0.0780012 0 -1.04787 0 0 0 0 -0.969868
3 4 0.253974 0 -0.944095 0 0 0 0 -0.690121
4 5 0.0271597 0 -0.133333 0 0 0 0 -0.106173
5 6 0.0292311 0 -1.1715 0 0 0 0 -1.14227
6 7 0.424964 0 -0.896206 0 0 0 0 -0.471242
7 8 0.182668 0 -1.06199 0 0 0 0 -0.879322
8 9 0.116584 0 -1.14994 0 0 0 0 -1.03336
9 10 0.0648207 0 -1.02524 0 0 0 0 -0.960415
10 11 0.0143632 0 -1.01975 0 0 0 0 -1.00539
11 12 0.149615 0 -1.18543 0 0 0 0 -1.03582
12 13 0.0837481 0 -1.22277 0 0 0 0 -1.13903
13 14 0.0713537 0 -1.41262 0 0 0 0 -1.34126
14 15 0.505971 0 -1.30013 0 0 0 0 -0.794154
15 16 0.000849473 0 -0.174102 0 0 0 0 -0.173252
16 17 0.000158204 0 -1.35978 0 0 0 0 -1.35962
17 18 0.15781 0 -1.17565 0 0 0 0 -1.01784
18 19 0.194576 0 -1.16745 0 0 0 0 -0.972876
19 20 0.471204 0 -0.777381 0 0 0 0 -0.306177
20 21 0.121938 0 -1.17426 0 0 0 0 -1.05232
21 22 0.336384 0 -1.18438 0 0 0 0 -0.847999
22 23 0.159676 0 -1.20416 0 0 0 0 -1.04449
#Total energy per particle is  -0.840191 and should be -0.84019110

