t = 0
b =  30.0 30.0 30.0
E = 0. 0. 0.
18.8496736043 0.783344819926 14.5084616335 0.941614444632 0.146066094802 -0.303359413253 0.274389358266 0.189245051771 0.942813232009 0.0 0.0 0.0 0.0 0.0 0.0
19.1325895041 0.532131049246 14.8899525734 0.64833257782 0.687690198766 -0.326721684403 0.274389358266 0.189245051771 0.942813232009 0.0 0.0 0.0 0.0 0.0 0.0
19.5632928354 0.437676281012 15.196967295 0.108738325151 0.968049298651 -0.225956925152 0.274389358266 0.189245051771 0.942813232009 0.0 0.0 0.0 0.0 0.0 0.0
20.0187830713 0.563888380866 15.4524751284 -0.47216743525 0.880630285058 -0.0393473522383 0.274389358266 0.189245051771 0.942813232009 0.0 0.0 0.0 0.0 0.0 0.0
20.3666427256 0.890840181908 15.6990137317 -0.873688892782 0.458645102818 0.162210937644 0.274389358266 0.189245051771 0.942813232009 0.0 0.0 0.0 0.0 0.0 0.0
20.5153449692 1.32234014857 15.9825283232 -0.943281332646 -0.13758702212 0.302142580293 0.274389358266 0.189245051771 0.942813232009 0.0 0.0 0.0 0.0 0.0 0.0
20.4490262033 1.72247714921 16.3349163255 -0.654505423415 -0.681547537022 0.327285205134 0.274389358266 0.189245051771 0.942813232009 0.0 0.0 0.0 0.0 0.0 0.0
20.2335129056 1.96725536734 16.7619090006 -0.117071961082 -0.966576747742 0.228086708628 0.274389358266 0.189245051771 0.942813232009 0.0 0.0 0.0 0.0 0.0 0.0
19.9913130507 1.99170238541 17.240894048 0.464839096605 -0.884387291694 0.0422342581077 0.274389358266 0.189245051771 0.942813232009 0.0 0.0 0.0 0.0 0.0 0.0
19.8550732825 1.81455329251 17.729506396 0.870150009797 -0.466204317364 -0.159663693187 0.274389358266 0.189245051771 0.942813232009 0.0 0.0 0.0 0.0 0.0 0.0
19.9171842364 1.53113291079 18.1817234 0.944876386134 0.129097471653 -0.300902738005 0.274389358266 0.189245051771 0.942813232009 0.0 0.0 0.0 0.0 0.0 0.0
20.1946797922 1.27714030181 18.5653496155 0.660628425888 0.675352972794 -0.32782380183 0.274389358266 0.189245051771 0.942813232009 0.0 0.0 0.0 0.0 0.0 0.0
20.6227656185 1.17709442422 18.874248385 0.125396681529 0.965030588272 -0.230199122417 0.274389358266 0.189245051771 0.942813232009 0.0 0.0 0.0 0.0 0.0 0.0
21.0794356223 1.29702729959 19.1306732573 -0.457475358663 0.888076948813 -0.0451179476749 0.274389358266 0.189245051771 0.942813232009 0.0 0.0 0.0 0.0 0.0 0.0
21.4318241038 1.61939734339 19.376813492 -0.86654486152 0.473728028646 0.157104289721 0.274389358266 0.189245051771 0.942813232009 0.0 0.0 0.0 0.0 0.0 0.0
21.5866836567 2.04975370622 19.6587656545 -0.946399483627 -0.120598089914 0.299639980809 0.274389358266 0.189245051771 0.942813232009 0.0 0.0 0.0 0.0 0.0 0.0
21.5258114176 2.45261973067 20.0090207601 -0.666701118949 -0.669106977823 0.328337433473 0.274389358266 0.189245051771 0.942813232009 0.0 0.0 0.0 0.0 0.0 0.0
21.3129646374 2.70296279846 20.434120394 -0.133711852534 -0.963410937985 0.232294005653 0.274389358266 0.189245051771 0.942813232009 0.0 0.0 0.0 0.0 0.0 0.0
21.0696382363 2.73369631263 20.9121714537 0.450076782202 -0.891698975435 0.0479982013357 0.274389358266 0.189245051771 0.942813232009 0.0 0.0 0.0 0.0 0.0 0.0
20.9289068518 2.56116701729 21.401163705 0.862873722497 -0.481215663705 -0.154532922156 0.274389358266 0.189245051771 0.942813232009 0.0 0.0 0.0 0.0 0.0 0.0
20.9848675595 2.27894459626 21.8549301718 0.947850509136 0.112089524164 -0.298354404868 0.274389358266 0.189245051771 0.942813232009 0.0 0.0 0.0 0.0 0.0 0.0
21.2568908206 2.0222729858 22.2406867426 0.672723040139 0.662810027765 -0.328826060951 0.274389358266 0.189245051771 0.942813232009 0.0 0.0 0.0 0.0 0.0 0.0
21.6822613199 1.91668894202 22.5514874024 0.142016840864 0.961717920226 -0.2343711988 0.274389358266 0.189245051771 0.942813232009 0.0 0.0 0.0 0.0 0.0 0.0
22.1400045625 2.03032852842 22.8088631402 -0.442643930651 0.895253095727 -0.0508747997476 0.274389358266 0.189245051771 0.942813232009 0.0 0.0 0.0 0.0 0.0 0.0
