t = 100
b = 30 30 30
E = -0.805800161562815 -0.9814047581348 0.175604596571985
18.9592304291166 0.769991100468829 14.5654538241821 0.956981588971749 -0.0981814062571024 -0.27303211851824 0.285138541630577 0.144122442892147 0.947588842579705 0.203880898750333 0.301101965915832 -0.0139303108239532 0.2247155465853 0.381242384454727 -0.457882831224369
19.2403541836576 0.583016254610421 14.9454654569635 0.607343620983851 0.744589541087429 -0.276983795135252 0.432132725641549 -0.0170712461980162 0.901648362052983 0.355130041198148 -0.125408200253598 -0.129263835595208 0.238357762510607 0.398649755771891 0.0649287956664121
19.5787518207717 0.686226134559341 15.3390048403246 0.173036426528413 0.846313264952301 -0.503797713488572 0.46171435325209 0.382124270275317 0.800500332799924 -0.332858943483199 0.409722772701942 0.491121896692812 0.644139606917466 0.518070928157332 -0.137328198605437
19.9774455498571 0.848186181523051 15.454441797268 -0.562706312864857 0.81574000251776 0.133901970297849 0.550807032735468 0.249198671261958 0.796562318268187 -0.0948593353107964 0.269350403178851 0.000752064234904531 0.371954596706263 -0.543928399967271 0.0562432734755094
20.2215415706596 1.09671710050747 15.8306469244376 -0.897352362849925 0.43891051740968 0.0460019064020996 0.168563652376155 0.244548758639978 0.954872808565171 -0.088706346338305 0.473801854278582 0.264190404116458 0.527480443250362 0.241498429774788 0.026575849878127
20.3612580193726 1.48044434692617 16.0224538134337 -0.925703603895495 -0.245705996293262 0.287578308048261 0.202958321175014 0.318917046538678 0.925796803019898 0.112049289983643 0.272645923195382 0.0978769460807134 0.426294927793914 0.118263574711853 0.344585064961836
20.250962526419 1.71329639404397 16.4154081723163 -0.652807834408713 -0.694175921551551 0.303251714058694 0.0957354017514807 0.32150774588431 0.942054875637739 -0.446683633723646 0.36420135611443 0.410078928805258 0.323828163257023 -0.0870122002822947 -0.0516027448469867
20.0697729016481 1.85209503112725 16.7997732727011 0.082763190782714 -0.965214249797477 0.248015304243256 0.227552306201875 0.260597817043569 0.938247625554535 -0.446942326638205 -0.386482527320778 0.0344343012020902 0.478947738155498 -0.146415034246171 0.436920178802097
20.0144810771786 1.88095749254348 17.1454154459724 0.663313117914654 -0.720944456563192 0.200635697221214 0.0346564074999078 0.297413335268652 0.954119555005389 -0.0750314922156746 -0.385026817021147 -0.339373806272453 0.460217025966364 -0.489107716084585 0.0600874155976548
19.9652355651089 1.77974261481088 17.642270965999 0.845241526435864 -0.530333165733643 -0.0656763057449438 0.176174390802569 0.160514494272309 0.971183588507507 0.480745750323083 0.187230829795908 0.0144000853299018 0.316407722569671 -0.071543574277708 0.00805022933352655
19.9497611161573 1.61478603554158 18.1555453688595 0.970629406166981 -0.00177101909066841 -0.240572863232135 0.230243151069661 0.296799204686909 0.926767611565832 0.0827021695002729 0.33140181690459 0.179268214897498 0.511526632775177 0.192650662823392 0.063368258008318
20.2820694914357 1.40769918923301 18.4305430720945 0.643932306345713 0.763742133890836 -0.0452660972115427 0.249553959257986 -0.153740246266741 0.956078785976393 0.596963604697906 0.241212099626751 -0.219152780731778 0.142500505016406 -0.0291200162314729 0.306409182019323
20.5663212131667 1.40262003558114 18.937378976239 0.377237456865958 0.828857432815802 -0.413143013217218 0.314138778117528 0.305134133092334 0.899004933126599 -0.128629144835158 0.534851553144483 0.00862569570382689 0.28604088074898 0.007652775709454 -0.569364892102042
20.9514246068305 1.47298943080493 19.1867897640292 -0.445176243538378 0.895438460142923 -0.00282082894147891 0.149678175415354 0.0775191564655918 0.985691183017972 -0.475854870895473 0.222527649462358 -0.513918547767937 0.377953045264056 -0.0313827630054803 -0.306461167195525
21.2924334502209 1.70705684116755 19.4549527892465 -0.821804730917903 0.559488619063339 0.107746700800846 0.300975393644105 0.26570936130222 0.915866927771293 -1.05444457723578 0.393935758308124 0.780577873548557 0.245342477271541 -0.164643924952544 -0.108760893331098
21.4935068896994 1.97237267443226 19.7537989621466 -0.978179513972117 -0.0273252200355997 0.205956434781023 0.189661458767768 0.287233043023233 0.938895943276272 -0.34043910019042 -0.232176513103713 0.407292199758582 0.515196784610032 0.456058553876957 -0.109089369739303
21.390723581528 2.29118807909019 20.0794315193475 -0.681781432015829 -0.660323276530991 0.314876372962359 0.111366771838888 0.331720074376345 0.936781255517322 0.168323723411761 -0.547257063540312 0.432724716030423 0.562697767344814 0.134961450169786 0.121187638560785
21.1737244472387 2.53308351681902 20.4716960417655 0.0228626113232489 -0.930908581395757 0.364535864291565 0.0983039900827128 0.364957432565089 0.925819789897418 -0.188978587658899 0.0491266544094876 0.182669621838869 0.552671149344773 -0.556783782688943 0.087322739617112
21.0283925589116 2.65967078275279 20.9498440287548 0.539099946721171 -0.82306248426399 0.178715627950558 0.114969809747788 0.282118017743607 0.952465878079484 -0.176200952859761 -0.351769639735747 0.178475478422743 0.509257742796285 -0.0530158514574282 0.268327652764242
20.9165020101557 2.49241878039022 21.412141814684 0.957636601319623 -0.28680084153114 -0.0260250128407246 0.0712951573057183 0.148554597272064 0.986330783815623 0.268397299174335 -0.440529839265191 -0.143046893892061 0.224814590466224 -0.103629265386853 0.259194373727811
21.0032831040105 2.38192994255021 21.9035784225384 0.925234127053301 0.072504822561606 -0.372404003336567 0.369287147834365 0.0529746185393539 0.927804168761155 -0.129400252243063 0.0201371328289667 -0.528848650633006 0.431240726104849 0.170220871376861 -0.175059500417495
21.2432291123945 2.19623065262539 22.2459766343281 0.741684369981767 0.61577600464485 -0.265940010049582 0.293036972524099 0.059172740794195 0.954268202143595 -0.12389962032397 0.581325807659653 -0.24589693455174 0.656211913055719 -0.00738040690025092 -0.0984579236115806
21.503153275052 1.97594613197805 22.6230400867699 0.21969766653706 0.951192268342751 -0.216716601504989 0.477899071401499 0.0887307896766441 0.873921742265124 -0.392419226620834 0.148302806533299 0.684177949182392 0.526097094945891 -0.358271866300861 -0.0084900951157207
21.9296761610351 1.97384183368162 22.7764231645222 -0.504846947043797 0.83122393836323 0.23280079184935 0.511213708564441 0.0705938391481028 0.856549437465186 -0.533726304454827 -0.0196423140093836 -0.362201997450614 0.348171664184948 -0.530233540202545 0.566311778258575
