
#id1 id2 FENE BEXC STCK NEXC HB CRSTCK CXSTCK total, t = 100
0 1 0.0260228 0 -1.25033 0 0 0 0 -1.2243
1 2 0.0908868 0 -0.99606 0 0 0 0 -0.905174
2 3 0.438891 0 -0.908574 0 0 0 0 -0.469683
3 4 0.211236 0 -1.26052 0 0 0 0 -1.04929
4 5 0.220793 0 -1.05906 0 0 0 0 -0.838265
5 6 0.581697 0 -1.2932 0 0 0 0 -0.711503
6 7 0.168055 0 -1.15481 0 0 0 0 -0.986759
7 8 0.0421935 0 -1.16739 0 0 0 0 -1.12519
8 9 0.266782 0 -1.35134 0 0 0 0 -1.08456
9 10 0.382477 0 -1.35366 0 0 0 0 -0.971178
10 11 0.149706 0 -1.29551 0 0 0 0 -1.14581
11 12 0.0977052 0 -1.25225 0 0 0 0 -1.15455
12 13 0.0226583 0 -1.20868 0 0 0 0 -1.18602
13 14 0.0370984 0 -1.2652 0 0 0 0 -1.2281
14 15 0.450561 0 -1.22375 0 0 0 0 -0.77319
15 16 0.526774 0 -1.28122 0 0 0 0 -0.754449
16 17 0.22463 0 -1.13805 0 0 0 0 -0.913422
17 18 0.0528874 0 -1.37417 0 0 0 0 -1.32128
18 19 0.0314527 0 -1.08647 0 0 0 0 -1.05502
19 20 0.00483959 0 -1.28878 0 0 0 0 -1.28394
20 21 0.029874 0 -1.20244 0 0 0 0 -1.17256
21 22 0.015726 0 -1.20774 0 0 0 0 -1.19201
22 23 0.176049 0 -1.35257 0 0 0 0 -1.17652
23 24 0.176108 0 -1.21916 0 0 0 0 -1.04305
#Total energy per particle is  -0.990633 and should be -0.99063310

