t = 100
b = 30 30 30
E = -0.903026891762287 -1.06284245676329 0.159815565000998
25.9351535459899 23.6640851790169 2.9740545927384 0.0679178243464294 0.670707680575971 -0.73860561678336 0.0976138230786788 0.732295958600463 0.673954043985997 0.29437748593981 0.055446596366151 -0.843800459745673 -0.187616481631772 -0.143244192031341 -0.20015181764911
26.189067128712 24.0812908090305 3.1935585334814 -0.51575448569746 0.503643387184046 -0.693066035908983 0.212562204054703 0.858890830448655 0.46596537656768 0.16611997562604 -0.517089964249938 0.0125586548580039 -0.153636756812356 0.632388559455918 0.0818462820880558
26.3007636454743 24.5367325775328 3.16145243658754 -0.959946043004694 0.252675678785715 -0.121072202316115 0.115868578858989 0.751437834901189 0.649550255594352 -0.127115487994007 -0.346078044635608 -0.283389902344355 0.49696902898555 0.232329244655965 -0.172400436982162
26.2662347306606 25.0443128767291 3.11227501248423 -0.94427924697327 0.0193701722066906 0.328574772256503 0.169573380135222 0.884218267885485 0.435204330496684 -0.476294387462826 -0.0820147535343162 0.42483698261252 0.271762672786868 0.282660510360732 0.517465035060544
26.2624519935648 25.551350669786 3.18934823771403 -0.649300287486457 -0.383494965013436 0.656765277226533 0.158901484412243 0.776094488132273 0.610268420340212 -0.215835759437587 0.150474142049519 -0.0448601219425511 0.467990524995725 -0.0778608905482922 -0.226826594482884
26.1982113129662 25.983959204097 3.51841218371817 -0.379930233821883 -0.718103478520419 0.583078297344633 -0.0704395296076632 0.650974325858272 0.755824443978805 0.378623722201787 0.382440802835629 0.375804129750434 0.372529931620492 0.583903383028721 -0.443324144203134
25.9513229080534 26.2441251200237 3.80964490112939 0.384016383302405 -0.71715715700393 0.581564194409496 0.0869231064021475 0.655139917303473 0.750490472371783 0.37638321991255 0.0756309848504873 0.0494577062070878 0.449244013967206 0.12463193762985 -0.335942340344798
25.8763663463295 26.4657478568147 4.25044543309396 0.88673248051286 -0.44721513075794 0.117064151708623 0.224940894284741 0.638639578558655 0.735894671416088 -0.0933151822685538 0.0243029870405297 0.398305590221975 0.3783822311883 0.0734564927812399 0.0120388764057674
26.0022096368219 26.5872671947632 4.66927898856076 0.918027996287866 -0.0557601096362606 -0.392575201849057 0.340302523218194 0.618956448460171 0.707874984299609 -0.149738119596934 -0.422045038021409 0.109722607892468 0.482070978215479 0.0712269484136906 -0.0691903414133334
26.2838332218408 26.7461981289808 5.0475853195047 0.608750466299219 0.257015531023804 -0.750576956369005 0.414064101398375 0.704073348022399 0.576915526326306 0.225198360261859 0.222197119149374 0.067889504240153 0.498131558679813 0.117905785460874 0.0374731019085492
26.5938064150215 26.9160164369022 5.2837527006639 0.00583366193785306 0.568537668760903 -0.822636474192752 0.412327014425166 0.748093909276857 0.519944055629926 0.164750694110318 0.0180612957315496 -0.313017641004676 0.3671670460183 -0.0846020345572392 -0.0303792823676965
26.8683670588445 27.2273410858443 5.38418339324863 -0.605104420720709 0.600642938971516 -0.522567299277161 0.352640132993315 0.790677799238049 0.500473214056065 -0.104712012683088 0.30829722553049 -0.666981406052664 0.786454585789836 0.11257322733695 0.0309887819025191
27.1680795157422 27.6063389901759 5.36319256539376 -0.898534008231927 0.436992807390955 0.0409121690403421 0.424302359982449 0.841016209183478 0.335647337836567 -0.254825342864497 0.312683816176533 -0.254798140601294 0.498360077162556 0.0943037737637596 0.621719726249231
27.2751918567335 28.0576574291033 5.39511723360237 -0.919692302518351 0.0455587366921872 0.389987629569256 0.240398284520475 0.850651288921224 0.467547786529652 -0.219952309099497 -0.293573577561409 -0.265991572047657 0.48701436187341 -0.166277416560067 0.00121987707501832
27.2014957994139 28.5314715319275 5.53322383668444 -0.536565394246918 -0.37306278291778 0.756915860481397 0.179200821959216 0.826137730407426 0.534212876721414 -0.115843953060627 -0.119976699642308 0.291424297195419 0.32912007805014 -0.0433014804880262 0.303861360969437
27.0504240687413 28.9138422184276 5.75213758162696 -0.00840568175677208 -0.644186301733468 0.764822354985336 0.164359893612816 0.753556975822316 0.63650419548423 -0.388424498207305 -0.381883619220854 0.27031714356432 0.347078384701412 0.169619457460045 -0.0433883813862362
26.826032060642 29.150264459538 6.15050166992324 0.580130475497845 -0.582131316566976 0.56971189495378 0.258980247218812 0.794972896096875 0.548586553897376 0.0647473434102258 -0.295907331506233 0.264752396368634 0.408574103213479 0.127495064820205 0.492220327846798
26.7781131259947 29.2776171633359 6.60497476366554 0.963120005668342 -0.258953778313386 0.0730936371345139 0.174521029859055 0.807952964634026 0.562809290901279 0.112224374120516 -0.55463012801948 0.441020440138415 0.220291219767439 -0.551188771794969 0.185339482955212
26.8213741900828 29.4660477059866 7.0623338298479 0.925677092538134 0.0509380393614663 -0.374869468630517 0.19848632366906 0.778167621325567 0.59586761385777 0.268763033619504 -0.365868772928239 -0.192826213233715 0.20696737834691 0.027386648258707 0.297604667674845
26.9977366223113 29.6826851396674 7.4817449888743 0.518054356390406 0.357359285725472 -0.777118978986443 0.282166113840712 0.786282299894252 0.54967473097571 0.280865376875508 -0.0108111344292804 -0.304110922189451 0.328962050908103 -0.00299348119634024 0.00139899180940507
27.3469527203183 29.9474466315381 7.70724104475432 -0.0106519144255471 0.512134216808947 -0.858839310940882 0.432187653629783 0.776879067673798 0.457900242310953 -0.279976749837134 0.435251482956263 -0.359498565560087 0.522450772773382 0.152150477114722 0.0205712463417861
27.7105091874383 30.2084368655221 7.82947740539264 -0.562114507122574 0.629739586419589 -0.536148501665059 0.361870959719267 0.77018294366986 0.525230925472442 -0.49971180538475 0.556981556862985 0.0578218305153724 0.707836001922808 0.112393519710699 0.500852052810498
27.9761737472125 30.634589734453 7.87825148818673 -0.906642814311578 0.419463180535195 -0.0452695209142825 0.365059943887953 0.8337575273165 0.414221570834369 -0.405901254330856 0.165409338667584 0.0480989439247682 0.219287440066481 -0.239760153173558 0.209149499578533
28.1917020511318 31.0914512074691 8.07968465319013 -0.998482924288397 0.0323864292378714 0.0445292580290696 0.0520273076894827 0.819680637038979 0.570453060510894 -0.168885421438707 -0.05474673997014 0.750502844447736 0.380216352089296 0.297587622496024 -0.0732336822762446
28.0737888069045 31.5629003905734 8.07656966010734 -0.460570209410272 -0.460827502925649 0.758625719134162 0.170071271601498 0.793020911743836 0.584973056957858 -0.539544337626817 0.0354858894377939 0.502841535892182 0.193075336066993 0.188234132963624 0.404696997617828
