t = 0
b =  30.0 30.0 30.0
E = 0. 0. 0.
13.1182246196 10.034058784 7.14905944812 0.933972434008 -0.35087268582 -0.0677041421072 0.355394945667 0.892284613521 0.278428807899 0.0 0.0 0.0 0.0 0.0 0.0
13.3500773164 10.2418921293 7.58693469251 0.778417520494 -0.117629263813 -0.616627537565 0.355394945667 0.892284613521 0.278428807899 0.0 0.0 0.0 0.0 0.0 0.0
13.7593703115 10.4229118803 7.88424967031 0.327128776497 0.160303482173 -0.931283822039 0.355394945667 0.892284613521 0.278428807899 0.0 0.0 0.0 0.0 0.0 0.0
14.2432323216 10.640472815 7.96927847158 -0.248441658992 0.37733425515 -0.892129812285 0.355394945667 0.892284613521 0.278428807899 0.0 0.0 0.0 0.0 0.0 0.0
14.6704620476 10.9440471051 7.85094625406 -0.729624954508 0.451009435903 -0.514040771229 0.355394945667 0.892284613521 0.278428807899 0.0 0.0 0.0 0.0 0.0 0.0
14.9313737423 11.3504290103 7.61543842657 -0.933611531127 0.353338591481 0.05934095312 0.355394945667 0.892284613521 0.278428807899 0.0 0.0 0.0 0.0 0.0 0.0
14.9794686591 11.8373544586 7.39345737121 -0.782903477918 0.121428508649 0.610178057251 0.355394945667 0.892284613521 0.278428807899 0.0 0.0 0.0 0.0 0.0 0.0
14.8491007034 12.3519595392 7.3105664232 -0.334757304001 -0.156614294795 0.929198315799 0.355394945667 0.892284613521 0.278428807899 0.0 0.0 0.0 0.0 0.0 0.0
14.6424248098 12.8308643864 7.43948626051 0.240568766551 -0.375156709195 0.895200598808 0.355394945667 0.892284613521 0.278428807899 0.0 0.0 0.0 0.0 0.0 0.0
14.4905865741 13.2242522499 7.77246710249 0.724498740594 -0.451170817487 0.521101207374 0.355394945667 0.892284613521 0.278428807899 0.0 0.0 0.0 0.0 0.0 0.0
14.5038978491 13.5147957114 8.22423298108 0.933179530113 -0.355777589041 -0.0509732450894 0.355394945667 0.892284613521 0.278428807899 0.0 0.0 0.0 0.0 0.0 0.0
14.7299274274 13.7242396603 8.66437950685 0.787329814212 -0.125218506235 -0.603682109516 0.355394945667 0.892284613521 0.278428807899 0.0 0.0 0.0 0.0 0.0 0.0
15.1354288616 13.9051400467 8.96691667677 0.342360338439 0.152913180632 -0.927042047511 0.355394945667 0.892284613521 0.278428807899 0.0 0.0 0.0 0.0 0.0 0.0
15.6189713457 14.1208969975 9.05813458278 -0.232677553866 0.372950593604 -0.89820321234 0.355394945667 0.892284613521 0.278428807899 0.0 0.0 0.0 0.0 0.0 0.0
16.0494749741 14.4216680478 8.94460703828 -0.719317353296 0.451297840665 -0.528121959644 0.355394945667 0.892284613521 0.278428807899 0.0 0.0 0.0 0.0 0.0 0.0
16.3160101891 14.8253124551 8.71069407646 -0.932676463864 0.35818949276 0.0426016552488 0.355394945667 0.892284613521 0.278428807899 0.0 0.0 0.0 0.0 0.0 0.0
16.3699417749 15.3106061686 8.4864921633 -0.791696192292 0.128998967946 0.597140189051 0.355394945667 0.892284613521 0.278428807899 0.0 0.0 0.0 0.0 0.0 0.0
16.2434061888 15.8253052008 8.39840837502 -0.349937300813 -0.149200421538 0.924815181381 0.355394945667 0.892284613521 0.278428807899 0.0 0.0 0.0 0.0 0.0 0.0
16.0371023839 16.3059939923 8.52113623643 0.224768621884 -0.370716076382 0.901137424219 0.355394945667 0.892284613521 0.278428807899 0.0 0.0 0.0 0.0 0.0 0.0
15.8820345934 16.7021780425 8.84927840205 0.714081187197 -0.451390495766 0.535102493382 0.355394945667 0.892284613521 0.278428807899 0.0 0.0 0.0 0.0 0.0 0.0
15.889741632 16.9954676149 9.29939719788 0.932102370692 -0.360574118962 -0.0342268211273 0.355394945667 0.892284613521 0.278428807899 0.0 0.0 0.0 0.0 0.0 0.0
16.1099214354 17.2065643056 9.74171398875 0.796002279641 -0.132769605886 -0.590552794048 0.355394945667 0.892284613521 0.278428807899 0.0 0.0 0.0 0.0 0.0 0.0
16.5115499834 17.3873961605 10.0494142516 0.357487614106 0.145476300255 -0.922517886994 0.355394945667 0.892284613521 0.278428807899 0.0 0.0 0.0 0.0 0.0 0.0
16.9946678443 17.6013893426 10.1468265331 -0.216842572902 0.368453327695 -0.904003010995 0.355394945667 0.892284613521 0.278428807899 0.0 0.0 0.0 0.0 0.0 0.0
17.428356434 17.8993714723 10.0381712999 -0.70879064105 0.451448775733 -0.542042276994 0.355394945667 0.892284613521 0.278428807899 0.0 0.0 0.0 0.0 0.0 0.0
9.75742423517 13.9615163796 19.3331245911 -0.4781869983 0.347296913489 0.806673446035 0.695403846952 0.710722488748 0.106240451961 0.0 0.0 0.0 0.0 0.0 0.0
9.78523893802 14.4933465982 19.2619342616 -0.0728071882837 -0.0773980734685 0.994338298346 0.695403846952 0.710722488748 0.106240451961 0.0 0.0 0.0 0.0 0.0 0.0
9.79645724 15.0075339235 19.4174033785 0.360233289833 -0.472688238288 0.804237406666 0.695403846952 0.710722488748 0.106240451961 0.0 0.0 0.0 0.0 0.0 0.0
9.88979073174 15.41397195 19.7561984375 0.656415118363 -0.688396238456 0.308593278061 0.695403846952 0.710722488748 0.106240451961 0.0 0.0 0.0 0.0 0.0 0.0
10.1327540704 15.6634900323 20.165337344 0.703213868751 -0.642570998263 -0.304290596284 0.695403846952 0.710722488748 0.106240451961 0.0 0.0 0.0 0.0 0.0 0.0
10.5360150325 15.7665340353 20.5051131995 0.482849913292 -0.352622292616 -0.801569385633 0.695403846952 0.710722488748 0.106240451961 0.0 0.0 0.0 0.0 0.0 0.0
11.0493416476 15.7891977757 20.6621712883 0.079043202953 0.0712935175262 -0.994318563854 0.695403846952 0.710722488748 0.106240451961 0.0 0.0 0.0 0.0 0.0 0.0
11.5806861632 15.8281128756 20.5925744292 -0.354793341719 0.468123728396 -0.809309495548 0.695403846952 0.710722488748 0.106240451961 0.0 0.0 0.0 0.0 0.0 0.0
12.0311555255 15.9737367941 20.3384954451 -0.653837964044 0.687105908237 -0.316830218949 0.695403846952 0.710722488748 0.106240451961 0.0 0.0 0.0 0.0 0.0 0.0
12.3325825032 16.275986526 20.0121950027 -0.704478612241 0.645045065741 0.296018154947 0.695403846952 0.710722488748 0.106240451961 0.0 0.0 0.0 0.0 0.0 0.0
12.4734235592 16.7252743009 19.753371908 -0.487476057393 0.357920818191 0.796404282619 0.695403846952 0.710722488748 0.106240451961 0.0 0.0 0.0 0.0 0.0 0.0
12.5031444325 17.2561501377 19.6760891945 -0.0852731981764 -0.0651835323066 0.994223108155 0.695403846952 0.710722488748 0.106240451961 0.0 0.0 0.0 0.0 0.0 0.0
12.5134272776 17.7721673861 19.8254396699 0.349326374719 -0.46352356907 0.814319952378 0.695403846952 0.710722488748 0.106240451961 0.0 0.0 0.0 0.0 0.0 0.0
12.6033390809 18.1825244225 20.160414404 0.651211017434 -0.685763252244 0.32504303199 0.695403846952 0.710722488748 0.106240451961 0.0 0.0 0.0 0.0 0.0 0.0
12.841694456 18.4365617039 20.5694827075 0.705689706957 -0.647470010539 -0.287723170681 0.695403846952 0.710722488748 0.106240451961 0.0 0.0 0.0 0.0 0.0 0.0
13.2409118221 18.543008176 20.9129645052 0.492065078305 -0.36319208671 -0.791178530336 0.695403846952 0.710722488748 0.106240451961 0.0 0.0 0.0 0.0 0.0 0.0
13.7522954382 18.5666650005 21.076097132 0.0914966995155 0.0590685831087 -0.994051938516 0.695403846952 0.710722488748 0.106240451961 0.0 0.0 0.0 0.0 0.0 0.0
14.2845357299 18.6037865104 21.0126355881 -0.343832805163 0.45888811063 -0.819268395592 0.695403846952 0.710722488748 0.106240451961 0.0 0.0 0.0 0.0 0.0 0.0
14.7383993228 18.7455115796 20.7624217877 -0.648534478583 0.684368372723 -0.333231091746 0.695403846952 0.710722488748 0.106240451961 0.0 0.0 0.0 0.0 0.0 0.0
15.0444294609 19.0432384408 20.4362479494 -0.70684706067 0.649845647989 0.279406275182 0.695403846952 0.710722488748 0.106240451961 0.0 0.0 0.0 0.0 0.0 0.0
15.1893337893 19.489097638 20.1737647804 -0.496616626557 0.368435696745 0.785892526744 0.695403846952 0.710722488748 0.106240451961 0.0 0.0 0.0 0.0 0.0 0.0
15.221034342 20.0189417638 20.0904258375 -0.0977132330268 -0.0529491356094 0.993805067973 0.695403846952 0.710722488748 0.106240451961 0.0 0.0 0.0 0.0 0.0 0.0
15.2304611602 20.5367161325 20.2336247912 0.338313051408 -0.454217706083 0.824154448345 0.695403846952 0.710722488748 0.106240451961 0.0 0.0 0.0 0.0 0.0 0.0
15.3170064491 20.9509515608 20.5646897773 0.64580855132 -0.682921375901 0.341393774663 0.695403846952 0.710722488748 0.106240451961 0.0 0.0 0.0 0.0 0.0 0.0
15.5507638176 21.20951504 20.973575485 0.707950585243 -0.652171797178 -0.271068101813 0.695403846952 0.710722488748 0.106240451961 0.0 0.0 0.0 0.0 0.0 0.0
