
#id1 id2 FENE BEXC STCK NEXC HB CRSTCK CXSTCK total, t = 100
0 1 1.65682 0 0 0 0 0 0 1.65682
1 2 0.00197225 0 -0.90993 0 0 0 0 -0.907957
2 3 0.00991961 0 -1.33147 0 0 0 0 -1.32155
3 4 0.0222526 0 -1.08512 0 0 0 0 -1.06287
4 5 0.521799 0 -1.07792 0 0 0 0 -0.556121
5 6 0.109016 0 -1.25189 0 0 0 0 -1.14288
6 7 0.0342866 0 -1.31697 0 0 0 0 -1.28269
7 8 0.226921 0 -1.32208 0 0 0 0 -1.09516
8 9 0.322885 0 -1.35736 0 0 0 0 -1.03447
9 10 0.0289118 0 -1.20767 0 0 0 0 -1.17876
10 11 0.0569216 0 -1.10443 0 0 0 0 -1.04751
11 12 0.317241 0 -1.14571 0 0 0 0 -0.828472
12 13 0.0333678 0 -1.1296 0 0 0 0 -1.09624
13 14 0.0765059 0 -1.20508 0 0 0 0 -1.12857
14 15 0.14649 0 -1.23708 0 0 0 0 -1.09059
15 16 0.162636 0 -1.18439 0 0 0 0 -1.02176
16 17 0.198203 0 -1.21634 0 0 0 0 -1.01814
17 18 0.269605 0 -1.3751 0 0 0 0 -1.1055
18 19 0.130228 0 -1.1727 0 0 0 0 -1.04247
19 20 0.00708073 0 -1.24071 0 0 0 0 -1.23363
20 21 0.0573114 0 -1.25755 0 0 0 0 -1.20023
21 22 0.343157 0 -0.902138 0 0 0 0 -0.55898
22 23 0.0710866 0 -1.20523 0 0 0 0 -1.13414
23 24 0.05157 0 -1.16325 0 0 0 0 -1.11168
25 26 0.487564 0 -1.31675 0 0 0 0 -0.829188
26 27 0.0181416 0 -1.33708 0 0 0 0 -1.31894
27 28 0.0878309 0 -1.18273 0 0 0 0 -1.0949
28 29 0.166354 0 -1.25086 0 0 0 0 -1.0845
29 30 0.0978473 0 -1.4206 0 0 0 0 -1.32276
30 31 0.0445547 0 -1.15004 0 0 0 0 -1.10549
31 32 0.42016 4.53841e-07 -1.13821 0 0 0 0 -0.718053
32 33 0.0381794 0 -1.22683 0 0 0 0 -1.18866
33 34 0.0919532 0 -1.18063 0 0 0 0 -1.08867
34 35 0.0735234 0 -1.23532 0 0 0 0 -1.16179
35 36 0.243711 0 -1.27313 0 0 0 0 -1.02942
36 37 0.0906137 0 -1.2629 0 0 0 0 -1.17229
37 38 0.000498855 0 -1.37601 0 0 0 0 -1.37551
38 39 0.233734 0 -1.28504 0 0 0 0 -1.05131
39 40 0.253016 0 -1.37324 0 0 0 0 -1.12023
40 41 0.199832 0 -1.37864 0 0 0 0 -1.17881
41 42 0.119788 0 -1.42099 0 0 0 0 -1.3012
42 43 0.271975 0 -1.12556 0 0 0 0 -0.853584
43 44 0.209661 0 -1.30864 0 0 0 0 -1.09898
44 45 0.175147 0 -1.15835 0 0 0 0 -0.983204
45 46 0.0722077 0 -1.19533 0 0 0 0 -1.12312
46 47 0.0434911 0 -1.30346 0 0 0 0 -1.25997
47 48 0.00359165 0 -0.947649 0 0 0 0 -0.944057
48 49 1.59167 0 0 0 0 0 0 1.59167
#Total energy per particle is  -0.92713 and should be -0.9271310

