t = 0
b =  30.0 30.0 30.0
E = 0. 0. 0.
12.3004069144 19.1198534391 28.3068862757 0.882687603892 -0.38139317084 0.274593960553 0.315284214739 0.913867717886 0.255815672198 0.0 0.0 0.0 0.0 0.0 0.0
12.4012837304 19.3835913996 28.763998142 0.919369703474 -0.227303620104 -0.321080071979 0.315284214739 0.913867717886 0.255815672198 0.0 0.0 0.0 0.0 0.0 0.0
12.7117308992 19.5955154927 29.1479197958 0.606767881664 0.0131423762236 -0.794770416993 0.315284214739 0.913867717886 0.255815672198 0.0 0.0 0.0 0.0 0.0 0.0
13.1604908257 19.8104353909 29.350673508 0.0636447969925 0.248595364095 -0.966514192739 0.315284214739 0.913867717886 0.255815672198 0.0 0.0 0.0 0.0 0.0 0.0
13.6237585857 20.0820226102 29.3331102796 -0.503658010141 0.389602816854 -0.771063067408 0.315284214739 0.913867717886 0.255815672198 0.0 0.0 0.0 0.0 0.0 0.0
13.9722174864 20.4424198038 29.1397832007 -0.879612718509 0.382593645678 -0.282672191281 0.315284214739 0.913867717886 0.255815672198 0.0 0.0 0.0 0.0 0.0 0.0
14.1201686403 20.890029231 28.8820209869 -0.921387848775 0.230230751885 0.31311057634 0.315284214739 0.913867717886 0.255815672198 0.0 0.0 0.0 0.0 0.0 0.0
14.0580894051 21.3901197654 28.6956323389 -0.613112330508 -0.00960065380262 0.78993740108 0.315284214739 0.913867717886 0.255815672198 0.0 0.0 0.0 0.0 0.0 0.0
13.8562511948 21.8880218304 28.6893099462 -0.0719051871897 -0.245784610596 0.966653800101 0.315284214739 0.913867717886 0.255815672198 0.0 0.0 0.0 0.0 0.0 0.0
13.6380221948 22.3298972857 28.9033363178 0.496619938933 -0.388590884525 0.776122258873 0.315284214739 0.913867717886 0.255815672198 0.0 0.0 0.0 0.0 0.0 0.0
13.5329977256 22.6831934366 29.2942797826 0.876470847212 -0.383764984529 0.290728895428 0.315284214739 0.913867717886 0.255815672198 0.0 0.0 0.0 0.0 0.0 0.0
13.6277648135 22.9490103473 29.7514949083 0.923335826824 -0.233140350703 -0.305117236119 0.315284214739 0.913867717886 0.255815672198 0.0 0.0 0.0 0.0 0.0 0.0
13.9330063322 23.1616829076 30.1391585505 0.619410088474 0.00605820025465 -0.785044228376 0.315284214739 0.913867717886 0.255815672198 0.0 0.0 0.0 0.0 0.0 0.0
14.3794424001 23.3757364349 30.347871336 0.0801601015284 0.242955139647 -0.966719793033 0.315284214739 0.913867717886 0.255815672198 0.0 0.0 0.0 0.0 0.0 0.0
14.8441509657 23.645171594 30.3362203144 -0.489544048194 0.387549359495 -0.781122345624 0.315284214739 0.913867717886 0.255815672198 0.0 0.0 0.0 0.0 0.0 0.0
15.19726795 24.0029486417 30.1465124295 -0.873262229267 0.38490709819 -0.298763459443 0.315284214739 0.913867717886 0.255815672198 0.0 0.0 0.0 0.0 0.0 0.0
15.3513247818 24.4484652745 29.8887014045 -0.925213489276 0.23603219498 0.297100660038 0.315284214739 0.913867717886 0.255815672198 0.0 0.0 0.0 0.0 0.0 0.0
15.2944791695 24.9477854537 29.6986144844 -0.625660675964 -0.00251528535127 0.780091271514 0.315284214739 0.913867717886 0.255815672198 0.0 0.0 0.0 0.0 0.0 0.0
15.0950141864 25.4465322734 29.6863493942 -0.0884089113651 -0.240107166724 0.96671216651 0.315284214739 0.913867717886 0.255815672198 0.0 0.0 0.0 0.0 0.0 0.0
14.8753963893 25.890546657 29.8944463728 0.48243087678 -0.386478321081 0.786062946884 0.315284214739 0.913867717886 0.255815672198 0.0 0.0 0.0 0.0 0.0 0.0
14.7657487256 26.2464632951 30.2817264248 0.869987109022 -0.386019899686 0.306775271465 0.315284214739 0.913867717886 0.255815672198 0.0 0.0 0.0 0.0 0.0 0.0
14.8544146509 26.5143866849 30.7389359096 0.927020693138 -0.238906064492 -0.289061458593 0.315284214739 0.913867717886 0.255815672198 0.0 0.0 0.0 0.0 0.0 0.0
15.1543949723 26.7278514298 31.1302538259 0.631863616971 -0.00102782110082 -0.775078907681 0.315284214739 0.913867717886 0.255815672198 0.0 0.0 0.0 0.0 0.0 0.0
15.5984086251 26.9410818828 31.3448924807 0.096650988521 0.237240908711 -0.966630921113 0.315284214739 0.913867717886 0.255815672198 0.0 0.0 0.0 0.0 0.0 0.0
16.0644538737 27.2083914085 31.3391875867 -0.475280966387 0.385377850846 -0.790943686407 0.315284214739 0.913867717886 0.255815672198 0.0 0.0 0.0 0.0 0.0 0.0
19.3380534564 27.6184076942 9.40611360157 0.492409488551 -0.177893034086 0.851990002294 0.0725461638896 0.98387211534 0.163501421282 0.0 0.0 0.0 0.0 0.0 0.0
19.1173028854 27.9750296722 9.74193357175 0.907453440148 -0.133134989388 0.398501353278 0.0725461638896 0.98387211534 0.163501421282 0.0 0.0 0.0 0.0 0.0 0.0
19.1034063546 28.3013035251 10.168591938 0.97774065802 -0.0377967363233 -0.206384622435 0.0725461638896 0.98387211534 0.163501421282 0.0 0.0 0.0 0.0 0.0 0.0
19.3123858376 28.6189616108 10.548204923 0.676567852959 0.0719011287984 -0.732861629519 0.0725461638896 0.98387211534 0.163501421282 0.0 0.0 0.0 0.0 0.0 0.0
19.675588984 28.953009561 10.7607620765 0.118355608947 0.154282552967 -0.980912250755 0.0725461638896 0.98387211534 0.163501421282 0.0 0.0 0.0 0.0 0.0 0.0
20.0657712952 29.3222262241 10.7497202516 -0.484821909704 0.178049455796 -0.856297907951 0.0725461638896 0.98387211534 0.163501421282 0.0 0.0 0.0 0.0 0.0 0.0
20.3454384368 29.7320292662 10.5434852916 -0.903807479068 0.134172393541 -0.406361673379 0.0725461638896 0.98387211534 0.163501421282 0.0 0.0 0.0 0.0 0.0 0.0
20.4190826351 30.1724169096 10.2446201754 -0.979421476279 0.0393209957363 0.197958154914 0.0725461638896 0.98387211534 0.163501421282 0.0 0.0 0.0 0.0 0.0 0.0
20.269467677 30.6217677753 9.99087962688 -0.682936879598 -0.0704691057605 0.727070370472 0.0725461638896 0.98387211534 0.163501421282 0.0 0.0 0.0 0.0 0.0 0.0
19.9641772358 31.0550552061 9.90287479214 -0.126993144261 -0.153486815798 0.979956396319 0.0725461638896 0.98387211534 0.163501421282 0.0 0.0 0.0 0.0 0.0 0.0
19.6299387033 31.4533553124 10.0382510488 0.477197409792 -0.178192318351 0.860540603207 0.0725461638896 0.98387211534 0.163501421282 0.0 0.0 0.0 0.0 0.0 0.0
19.4044773354 31.8110364741 10.369787563 0.90009268955 -0.135199579946 0.414191047465 0.0725461638896 0.98387211534 0.163501421282 0.0 0.0 0.0 0.0 0.0 0.0
19.3841921244 32.1378988873 10.7957389395 0.981027707801 -0.0408422607031 -0.189516612114 0.0725461638896 0.98387211534 0.163501421282 0.0 0.0 0.0 0.0 0.0 0.0
19.5875322103 32.4554513059 11.1784899984 0.68925389795 0.0690317162274 -0.721223742202 0.0725461638896 0.98387211534 0.163501421282 0.0 0.0 0.0 0.0 0.0 0.0
19.9479877439 32.7887395064 11.3968380825 0.135621008557 0.152679390014 -0.97892591441 0.0725461638896 0.98387211534 0.163501421282 0.0 0.0 0.0 0.0 0.0 0.0
20.3393580907 33.1568309786 11.3920399736 -0.46953656945 0.178321610872 -0.864717764965 0.0725461638896 0.98387211534 0.163501421282 0.0 0.0 0.0 0.0 0.0 0.0
20.6236975617 33.5655708677 11.190129423 -0.896309354489 0.13621647038 -0.4219888793 0.0725461638896 0.98387211534 0.163501421282 0.0 0.0 0.0 0.0 0.0 0.0
20.7037232871 34.0053613054 10.892026494 -0.982559230265 0.0423604153737 0.181060636889 0.0725461638896 0.98387211534 0.163501421282 0.0 0.0 0.0 0.0 0.0 0.0
20.5597746051 34.4548078012 10.635196343 -0.695518426949 -0.0675890696618 0.715322189951 0.0725461638896 0.98387211534 0.163501421282 0.0 0.0 0.0 0.0 0.0 0.0
20.2572824758 34.8888473664 10.5414239076 -0.144238544787 -0.151860337104 0.977820883502 0.0725461638896 0.98387211534 0.163501421282 0.0 0.0 0.0 0.0 0.0 0.0
19.9219111656 35.288270363 10.6705457734 0.461839972079 -0.178437323511 0.868829075117 0.0725461638896 0.98387211534 0.163501421282 0.0 0.0 0.0 0.0 0.0 0.0
19.6918162916 35.6470185661 10.9977172542 0.892457762 -0.137222987403 0.429754575047 0.0725461638896 0.98387211534 0.163501421282 0.0 0.0 0.0 0.0 0.0 0.0
19.6651571926 35.9744867849 11.422851304 0.984015927039 -0.0438753441347 -0.172590873196 0.0725461638896 0.98387211534 0.163501421282 0.0 0.0 0.0 0.0 0.0 0.0
19.862804555 36.2919536177 11.8086432587 0.701729989527 0.0661412759268 -0.709366163147 0.0725461638896 0.98387211534 0.163501421282 0.0 0.0 0.0 0.0 0.0 0.0
20.2204112907 36.6244973563 12.0327351742 0.152845096694 0.151029719441 -0.976641387748 0.0725461638896 0.98387211534 0.163501421282 0.0 0.0 0.0 0.0 0.0 0.0
