t = 100
b = 30 30 30
E = -0.533263359605276 -0.762957160612639 0.229693801007363
14.5759891425794 14.7862509821456 12.8910112714774 -0.353612917553859 0.664567760390043 0.65826094916063 0.935384663898784 0.248483870073898 0.251617130046128 -3.31542181270953 1.11265535710294 -2.90390122615055 0.277904547063655 -0.204483317336126 0.0054857103090067
15.5169236462268 14.9260329231065 13.603815256062 -0.36452389941638 0.163401793214111 0.916745363632567 0.931003553257363 0.0838602296397713 0.355246010550189 -0.671989905084633 0.216661736629738 -0.125311448716939 0.109720631449624 -0.233864585419733 -0.384005408116663
15.8867859646484 15.235922147401 13.8441576862223 -0.256616370400877 -0.501516877847822 0.826213495722986 0.832420307041533 0.319714926249929 0.452613169673877 -0.742955209356992 -0.365152046010526 -0.583836496657383 0.198450826103101 0.192657847067746 -0.0695181405035599
16.1326121614778 15.5026470461823 14.1368350512929 0.00856693967331597 -0.901075580434188 0.433577313459841 0.815707236917142 0.257097435251251 0.518191562678779 -0.955227809290748 -0.474645848411366 -0.458823462098096 0.524384342549503 0.0776405012402893 -0.239683365040142
16.3030474803847 15.705015695678 14.5554062283045 0.227158269780792 -0.968255178039097 -0.10431160757638 0.825725324219674 0.134709924157563 0.547750681659366 -0.280784180654317 -0.0248139115949573 -0.553087241676521 0.54828909465916 -0.0135521536700238 0.0546655975845274
16.6089370612453 15.7775911006309 14.9246940050258 0.278748333678703 -0.795078056469961 -0.538655859293275 0.850910320699816 -0.0555720811392194 0.522363148957944 0.0417710926677355 0.273563977730594 -0.305425343062332 0.621323902491088 0.0287591059353146 -0.459046995119345
16.7994611038343 15.5844709988212 15.2875708295418 0.59555105680436 -0.0494241415263187 -0.801795531185651 0.797174026464202 0.159563403985732 0.58228255418428 0.8975607667523 0.499740215430901 -0.557010678299066 0.415657698012991 -0.64043478186743 0.717979867809899
16.7475466909087 14.9914589292637 14.6494349694984 0.442748376739191 0.53172332387634 -0.721972341996502 0.834739762326388 0.0495679807342424 0.548408994905929 -2.91286680767497 -1.1269609289749 -3.01231323686219 0.185507934598179 -0.393622685682231 0.150265567898692
17.5906071394393 15.1154351941313 15.3124323770393 0.0791971514995784 0.902832990504366 -0.422634929036396 0.90035243504967 0.117201196126163 0.419081439865128 -0.859667316681391 0.154050992889994 -0.520681645022421 0.240782477903757 -0.638184241372826 -0.224369994041576
18.2028909665995 15.1953058627366 15.2904568615351 -0.185184750024805 0.9487999784381 0.255900550770849 0.969313691894323 0.133518770575593 0.206406371451898 -0.647646817580061 0.697250836110298 -0.380054432313023 0.276179105030063 -0.318296045541865 0.0593284233341924
18.7453728421522 15.3239189436758 15.2636384054412 -0.351809683545914 0.639267588185083 0.6837885480952 0.935028331451811 0.274469059237102 0.224474140350002 -0.316798571533323 0.517660817807305 -0.279802085500798 0.500143582902563 -0.0586235102584236 0.0518386830791346
19.2032737577372 15.5961271998217 15.4202382316971 -0.440103059801789 0.283194910563598 0.852120779828645 0.869871355653711 0.369902516788854 0.326336999665063 -0.0897385024725534 -0.387681159187913 0.410019101471061 0.500551430167925 0.0270576626609645 -0.220632112236546
19.4647414709434 15.9657909215859 15.4588464322808 -0.154768662400019 -0.455237051647229 0.876815698291162 0.862906771168076 0.369881521553468 0.344353665671894 -0.443047867804487 -0.221979650339269 0.292478299457009 0.47704355214782 -0.0864471789323907 -0.178200317275429
19.7847590784381 16.1993570689027 15.7838886520663 -0.152632865754495 -0.836535347459576 0.526224005166671 0.711699207626106 0.276400403850633 0.645822689280084 0.19380669976762 -0.880991801026293 -0.0745995461163723 0.578382016023345 0.438465375984711 -0.361866714581856
19.8463740960393 16.393123603342 16.1855328805517 0.316397178985148 -0.948615523117188 -0.00461470303808724 0.772608195435254 0.254863726413245 0.581481678554483 0.00924961551225296 -0.374549363558478 -0.351302263918772 0.642298752664398 -0.161398470459563 -0.0822344452655854
20.1266147492177 16.3804663810244 16.5809307060152 0.475264627107761 -0.655452722321612 -0.586945605509737 0.86668719112155 0.233832349985859 0.440653634545152 0.196386024088672 0.108318520543336 -0.362540112970509 0.397630765458573 -0.237872674909407 -0.041764339151539
20.496600921489 16.2257536347712 16.8686134190136 0.404222499745529 -0.11128839119313 -0.907865048099363 0.910647468984689 0.141844542105611 0.388073697001788 0.157688355876351 0.0272218185279817 -0.303742839829947 0.326547907937026 0.153406611133424 0.0922977600707689
20.892291667974 15.993350999408 16.9559861595377 0.266184515491492 0.534557955142954 -0.802118119642941 0.915310441541746 0.120752082930796 0.38422078524633 0.145469870522888 0.52352294942806 -0.116837169999646 0.494003714856764 -0.0726892256947733 0.341261265838345
21.2782607849231 15.9674689199947 16.8986934162451 0.125071853498373 0.939526792450252 -0.318820199480088 0.936134036238562 -0.00530674421917846 0.351603168798492 0.153053432881154 0.397550977878427 -0.325030461375058 0.207934357612248 -0.533370297633565 0.190827955116961
21.764746501487 15.9605630582523 16.9726373978162 -0.264337715871218 0.964362827207383 -0.0113925823179463 0.89280787430851 0.249157149848738 0.375252841727978 -0.142362263930724 0.340894254166986 0.034776114688772 0.412523115976603 0.588186842188447 0.104493925544885
22.1277739698467 16.221972025323 16.8576700790503 -0.355809497069589 0.645006556081467 0.676288419087579 0.93180875642634 0.300317565740076 0.203817780208237 -0.37047328208548 -0.120786354741294 0.0605819535635567 0.0571025091092132 -0.366994702072869 0.0541752037323286
22.451800767285 16.5176965329442 16.8970206365689 -0.302542515702853 -0.0275339963839279 0.952738049213615 0.949998960202857 0.0723191551732521 0.303762732585213 -0.41478158448733 0.333256785113367 -0.146116601163664 0.354189888555764 -0.387829138529894 0.326774620873298
22.8265040093252 16.7126694304073 17.1030068066618 -0.340350821363842 -0.464786248285451 0.817395218113096 0.829951879006355 0.260107620570614 0.493481292687576 -0.286289907831233 0.149996941689893 0.232441135559211 0.209108025665132 0.249630197033098 -0.301553425579183
22.9857242134257 17.1162401212934 17.3795845290912 -0.00405494037789817 -0.841058029488013 0.540929597696057 0.822193908056129 0.3050943057398 0.480535664637893 -0.195860207354937 -0.0393717334098357 -0.394593213050607 0.591187263517685 -0.322974420263529 -0.0269854321107877
23.184305376399 17.3210808700131 17.7283116603405 0.36564412497118 -0.929933217629083 0.0390955967312141 0.813796346597877 0.339800441869275 0.471456304707793 -0.272840817870704 -0.627483956562832 0.0659774618073338 0.169450640607637 -0.321102164801242 0.183329437185874
3.06969783473993 11.754514120673 2.88314395705966 0.679218375160794 -0.590796494980086 0.435455839388049 0.38112460205192 0.790968119904031 0.478657866541031 0.487128967756909 0.0644891493925385 0.0207983709645931 0.0617803131490839 0.270479701177305 -0.404030959490475
3.18351318248271 11.9668878347028 3.3161890514297 0.863331328490758 -0.30231914027726 -0.404056971416962 0.486623442521675 0.710766189073307 0.507945800915546 0.0312190361747345 -0.118960385844604 0.297977119901603 0.296210448877229 0.0247640662393585 -0.152268922787182
3.54410958181216 12.1976873846543 3.59293853601214 0.581003877193539 0.0165919231936202 -0.813731579749256 0.54304380005599 0.736811058290849 0.402756480612601 0.143977814576931 0.0404771788693732 0.315311453350748 0.593612037327146 -0.0340107937875752 0.0456061139200021
4.01400853807098 12.4221742933901 3.73999408700647 0.061957952447813 0.471811498784275 -0.879519757522154 0.400522836078146 0.795392896997777 0.454897217851774 1.09092480932093 0.142934879162246 -0.181243600243477 0.652793280442766 -0.0603068479698223 0.359563544435478
4.48815696293999 12.7186382128714 4.01116245858327 -0.384054400251322 0.558147158316936 -0.735509244168416 0.620311188857511 0.746018453212024 0.242219711295842 0.717239209915279 0.160275281223174 0.372120761041375 0.570026678149016 0.188079835703013 0.191850622716583
5.45401258386467 13.0533990696192 4.62510304117365 -0.798758539960325 0.498415392895639 -0.336996695029826 0.538447212464422 0.842096553229009 -0.0307879241711496 3.31262411594561 0.780856087087274 3.35352514705522 0.879606534862869 -0.0486293832311511 -0.115355947076365
4.83756419235564 13.3898643134763 3.79258067110917 -0.967363404146086 0.227384880645709 0.111821483661848 0.243604732104396 0.956010485416876 0.163403099920002 -0.538491896127069 -0.709446035113167 0.566906861873712 0.672054711704826 0.285676300336044 -0.744956222990854
4.74546133917629 13.8766102884347 3.62315327860209 -0.685777394977611 -0.017193525082004 0.727608155821867 0.215640605167105 0.950032532061709 0.225692717505257 0.0988636886464165 -0.156084508143781 0.652435987356096 0.619671398590503 0.122550010154106 0.0357963878507413
4.65227491843287 14.4198130518278 3.62499599392334 -0.194229562844566 -0.377786953353461 0.905290989573028 0.190455557519517 0.890781962974163 0.412594302405601 0.442345122063995 -0.230493891307081 0.48712213610086 0.615783671947791 -0.345769907479847 -0.2725853361879
4.44490394105578 14.7823609553521 3.85519838636884 0.586233227281722 -0.346675209511199 0.732220448283974 0.150940611433437 0.934730222148257 0.321708294690452 0.255748131565219 0.542942233109344 0.588624461893454 0.521397665625411 -0.530983688575764 0.344657974339803
4.41436496439805 15.1774852830011 4.19932525575981 0.89013320210267 -0.381677852610974 0.248967429074303 0.243841704711393 0.860479002595925 0.447344377069308 0.648461745761825 -0.14800390608074 1.03684820928446 0.404798358629178 0.05329151635919 0.125267987370791
4.66016063486512 15.3461082067657 4.68204503686745 0.902655154360618 -0.11233091448526 -0.415445932153318 0.349908190117684 0.75356995896652 0.556503784795881 1.00677177951858 -0.391816976022114 0.151848759616343 0.561317311442317 0.403409501923371 0.784720854823716
5.29176655811549 15.4033006502133 5.17767993508389 0.868800523952235 0.200857655666367 -0.452594453229702 0.115000075900178 0.80719148820179 0.578979071046696 1.77136474489169 -0.201540684954077 0.734509846397617 -0.0413508452078063 -0.97551670860341 -0.576561846011983
5.3870538840356 15.8587801255362 5.40362401547204 0.311069455326369 0.147911303574232 -0.938806650570936 0.363011693657857 0.894425132108389 0.261201213876068 0.979054884133283 -0.385210326826408 0.550643449960226 -0.210672979280573 0.802179340921446 -0.535594401905333
5.72261305872505 16.1535655882264 5.34694030610553 -0.482516839995761 0.346359197645865 -0.804495299003737 0.386062513393675 0.908559291241683 0.159610880701964 0.431144972752674 -0.128836460997953 0.473699550800186 0.477082305648472 0.345376137194523 -0.168667209904536
5.92332559536792 16.5391054969674 5.18342667725298 -0.857597182584591 0.407185480602649 -0.314208430188037 0.429370894265544 0.903126861543365 -0.00155032087684627 -0.256216376334166 0.0133425556203752 0.0219852012901967 0.705627044958988 0.456530337284564 0.064381776755806
6.02972541968953 16.9856965281898 5.04787738644397 -0.976818326406661 0.143432078070499 0.158912169116852 0.137330470745085 0.989322774962116 -0.0487923450652873 -0.695223862855625 0.725746867519904 -0.088226235209492 0.97309360816676 0.24538100805563 0.0386180205358891
5.95381901000214 17.2809235319459 4.68903451000691 -0.437860817176683 0.168033462286776 0.883200171474436 0.378166385366685 0.925667768013747 0.0113689739091577 -0.0367265820110074 -0.00608800772875335 -0.302319561168186 0.703523594187729 -0.456665442225857 0.179035990696331
6.04973525457711 17.752071842058 4.87577082907427 -0.421592480321253 -0.341146685421733 0.840165821658305 0.236680264549724 0.853016124570647 0.465129901518793 0.328052138957587 -0.176967346808476 0.333298741448499 0.485244062040438 0.0996169289280996 -0.50252113818719
5.7853305148333 18.1394177250898 5.04252440927291 0.418808441352655 -0.481417633632864 0.76995872115133 0.0826218110985088 0.864587331498409 0.495643292362127 0.526862185367941 -0.266475611107526 -0.0484790882046845 0.427306290912345 0.353004445466487 0.135746766077882
5.81135752477501 18.4518773525648 5.44672628284055 0.742679921905572 -0.597424009301711 0.302507798216998 0.319316389104879 0.713023506757653 0.624207026760213 0.292595358815306 0.0574687736462551 -0.37484048816104 0.65990157144124 0.0199861759512172 -0.254872413714847
5.87876597576631 18.5664807321485 5.86290208028859 0.929477218289902 -0.118804030982265 -0.349224262758756 0.329700568929787 0.692149314796617 0.642048872428895 0.0500786006947121 -0.229384274588384 0.0326422268994837 0.567140173235176 -0.206574119769489 0.423304678182494
6.07198025031225 18.8860785255674 6.1912545115422 0.698037061979786 -0.0579160714695003 -0.713715538855661 0.504982756145361 0.746478746995635 0.433314876874211 -0.0746999932200417 0.168333464454989 -0.302243789973814 0.36917772573362 -0.406564801293842 -0.286173020167473
6.42262504431639 19.0807568776337 6.39977372822486 0.0768712222199884 0.376620802701838 -0.923172501740909 0.366407444320113 0.850451014657336 0.377463292702621 -0.0882682132879911 0.0667862823620013 -0.237477174274171 0.27472236626002 -0.242255678117404 0.367046918803371
6.66983196372251 19.4218160468511 6.50420826328033 -0.498857984385913 0.531320293912227 -0.684718437878702 0.382662691723608 0.843895594195025 0.376044374184737 -0.114815723371433 0.0818793050013601 0.023910927418107 0.102872709237522 0.201612008424075 0.291292326259632
6.92627720240748 19.8313418110008 6.43076233378706 -0.901670180009909 0.42167152104642 -0.0958326765160358 0.388252868232409 0.887012809011162 0.249935730593836 -0.190329313723851 -0.0974570422637905 -0.476240415544959 0.128990738465491 0.4313837818402 0.689906620131478
