t = 0
b =  30.0 30.0 30.0
E = 0. 0. 0.
20.3487454527 7.76715080288 27.5517093082 0.81125329831 -0.486565912689 -0.324224765541 0.582751956509 0.718026031931 0.380576897164 0.0 0.0 0.0 0.0 0.0 0.0
20.6850990954 7.8164564245 27.9677865664 0.629222337838 -0.10230882162 -0.770462299262 0.582751956509 0.718026031931 0.380576897164 0.0 0.0 0.0 0.0 0.0 0.0
21.1648839898 7.84244074702 28.2082369193 0.208139291185 0.320817101295 -0.92398832405 0.582751956509 0.718026031931 0.380576897164 0.0 0.0 0.0 0.0 0.0 0.0
21.6921142422 7.94155533787 28.2380641047 -0.292019352092 0.622059243652 -0.726475736271 0.582751956509 0.718026031931 0.380576897164 0.0 0.0 0.0 0.0 0.0 0.0
22.1527786741 8.18246835288 28.1022911231 -0.681234961207 0.68697067907 -0.252962870256 0.582751956509 0.718026031931 0.380576897164 0.0 0.0 0.0 0.0 0.0 0.0
22.4581555751 8.5799763558 27.9088552473 -0.811638018918 0.490890467972 0.316654819483 0.582751956509 0.718026031931 0.380576897164 0.0 0.0 0.0 0.0 0.0 0.0
22.5785195642 9.08938285634 27.7876008476 -0.633686223378 0.10831276084 0.765970049115 0.582751956509 0.718026031931 0.380576897164 0.0 0.0 0.0 0.0 0.0 0.0
22.5544347587 9.62347925413 27.8409493446 -0.214986436908 -0.315414775027 0.924280450751 0.582751956509 0.718026031931 0.380576897164 0.0 0.0 0.0 0.0 0.0 0.0
22.4813437882 10.085676844 28.1049875995 0.285390291325 -0.619310964408 0.731441256002 0.582751956509 0.718026031931 0.380576897164 0.0 0.0 0.0 0.0 0.0 0.0
22.4733075435 10.4067024801 28.5357579117 0.677342476412 -0.687920564083 0.260715299052 0.582751956509 0.718026031931 0.380576897164 0.0 0.0 0.0 0.0 0.0 0.0
22.6196715377 10.5709166019 29.0259582846 0.811960930148 -0.495177640044 -0.309060758935 0.582751956509 0.718026031931 0.380576897164 0.0 0.0 0.0 0.0 0.0 0.0
22.9511220514 10.6222549651 29.4457082477 0.638101851258 -0.114308451624 -0.761419467382 0.582751956509 0.718026031931 0.380576897164 0.0 0.0 0.0 0.0 0.0 0.0
23.4280279022 10.6475367132 29.6918926192 0.221817210581 0.309988428703 -0.924502189916 0.582751956509 0.718026031931 0.380576897164 0.0 0.0 0.0 0.0 0.0 0.0
23.9554969931 10.7434803333 29.7273366875 -0.278739496982 0.616515522236 -0.736351073649 0.582751956509 0.718026031931 0.380576897164 0.0 0.0 0.0 0.0 0.0 0.0
24.419427407 10.9799586862 29.5949295054 -0.673398409365 0.688818061282 -0.268447873369 0.582751956509 0.718026031931 0.380576897164 0.0 0.0 0.0 0.0 0.0 0.0
24.7298566322 11.3734531378 29.401329622 -0.81222200741 0.499427102423 0.301443162213 0.582751956509 0.718026031931 0.380576897164 0.0 0.0 0.0 0.0 0.0 0.0
24.8551398253 11.8807920131 29.276443717 -0.642468885212 0.120295437377 0.756810900609 0.582751956509 0.718026031931 0.380576897164 0.0 0.0 0.0 0.0 0.0 0.0
24.8339722158 12.4155522371 29.3240728806 -0.228631092015 -0.30453847556 0.924653524661 0.582751956509 0.718026031931 0.380576897164 0.0 0.0 0.0 0.0 0.0 0.0
24.7606881416 12.880892906 29.5824768443 0.272067475547 -0.613673130021 0.741204815311 0.582751956509 0.718026031931 0.380576897164 0.0 0.0 0.0 0.0 0.0 0.0
24.7494218571 13.2063467657 30.0098384689 0.669403060422 -0.689663102319 0.276160004341 0.582751956509 0.718026031931 0.380576897164 0.0 0.0 0.0 0.0 0.0 0.0
24.8907460213 13.3745918994 30.5001507752 0.812421230821 -0.503638531493 -0.293802609427 0.582751956509 0.718026031931 0.380576897164 0.0 0.0 0.0 0.0 0.0 0.0
25.2172616306 13.4280326141 30.9234907674 0.646786992672 -0.126273262167 -0.752144699756 0.582751956509 0.718026031931 0.380576897164 0.0 0.0 0.0 0.0 0.0 0.0
25.6912123552 13.4526893347 31.1753793517 0.235427562305 0.299065330634 -0.924734443459 0.582751956509 0.718026031931 0.380576897164 0.0 0.0 0.0 0.0 0.0 0.0
26.2188288 13.5455180068 31.2164746905 -0.26537473512 0.61078400422 -0.746002111357 0.582751956509 0.718026031931 0.380576897164 0.0 0.0 0.0 0.0 0.0 0.0
26.6859530657 13.7775749119 31.0875188245 -0.665356733845 0.69045562284 -0.283851104659 0.582751956509 0.718026031931 0.380576897164 0.0 0.0 0.0 0.0 0.0 0.0
8.91010521984 22.2553327113 3.43975249809 -0.773624817804 0.51552381937 0.368428870937 0.570202759899 0.312801725454 0.759620887783 0.0 0.0 0.0 0.0 0.0 0.0
9.14140420504 22.7166719075 3.5892584433 -0.788716700308 -0.0501773515508 0.612705638988 0.570202759899 0.312801725454 0.759620887783 0.0 0.0 0.0 0.0 0.0 0.0
9.1929151936 23.1665731748 3.87843065819 -0.504161921725 -0.596815307697 0.624205290895 0.570202759899 0.312801725454 0.759620887783 0.0 0.0 0.0 0.0 0.0 0.0
9.12950245623 23.4804303739 4.30989048879 -0.0280675999406 -0.91671315023 0.398558916635 0.570202759899 0.312801725454 0.759620887783 0.0 0.0 0.0 0.0 0.0 0.0
9.05969170857 23.5853227816 4.83220183697 0.458690072326 -0.888336340363 0.0214933463962 0.570202759899 0.312801725454 0.759620887783 0.0 0.0 0.0 0.0 0.0 0.0
9.09443937733 23.4877188925 5.35941259414 0.771183717227 -0.522465702601 -0.363737905488 0.570202759899 0.312801725454 0.759620887783 0.0 0.0 0.0 0.0 0.0 0.0
9.3049783987 23.2710189301 5.80370928431 0.790691774449 0.0418983907396 -0.610779045704 0.570202759899 0.312801725454 0.759620887783 0.0 0.0 0.0 0.0 0.0 0.0
9.69575563493 23.0638697072 6.10877887179 0.509802806897 0.590344584935 -0.625775014776 0.570202759899 0.312801725454 0.759620887783 0.0 0.0 0.0 0.0 0.0 0.0
10.202742437 22.991289551 6.27120302496 0.0352312295557 0.914509001278 -0.403028593334 0.570202759899 0.312801725454 0.759620887783 0.0 0.0 0.0 0.0 0.0 0.0
10.717760199 23.1271717504 6.3417567976 -0.452725280928 0.891236158261 -0.0271648710059 0.570202759899 0.312801725454 0.759620887783 0.0 0.0 0.0 0.0 0.0 0.0
11.129579219 23.4662112602 6.40611833705 -0.768683888025 0.529367798046 0.35901923999 0.570202759899 0.312801725454 0.759620887783 0.0 0.0 0.0 0.0 0.0 0.0
11.3661767225 23.9259201761 6.55231832354 -0.792606634351 -0.0336162392037 0.608805939232 0.570202759899 0.312801725454 0.759620887783 0.0 0.0 0.0 0.0 0.0 0.0
11.4220995187 24.3779662693 6.83729564304 -0.515404868611 -0.583828905147 0.627297083468 0.570202759899 0.312801725454 0.759620887783 0.0 0.0 0.0 0.0 0.0 0.0
11.360535759 24.6969285451 7.26526535245 -0.0423921761763 -0.912235208926 0.407467577846 0.570202759899 0.312801725454 0.759620887783 0.0 0.0 0.0 0.0 0.0 0.0
11.2893087013 24.8079467764 7.78611730905 0.446726012748 -0.894068105074 0.0328343269055 0.570202759899 0.312801725454 0.759620887783 0.0 0.0 0.0 0.0 0.0 0.0
11.3199128523 24.715162155 8.31445385151 0.766125520568 -0.536229580084 -0.354273233787 0.570202759899 0.312801725454 0.759620887783 0.0 0.0 0.0 0.0 0.0 0.0
11.5251553399 24.500143984 8.76203379917 0.794461134189 0.0253315276611 -0.606786469831 0.570202759899 0.312801725454 0.759620887783 0.0 0.0 0.0 0.0 0.0 0.0
11.9114952679 24.2909001355 9.07129675195 0.52096768025 0.577268764527 -0.628771381057 0.570202759899 0.312801725454 0.759620887783 0.0 0.0 0.0 0.0 0.0 0.0
12.4165897951 24.21324472 9.23723124863 0.0495498944685 0.90989194633 -0.411875532123 0.570202759899 0.312801725454 0.759620887783 0.0 0.0 0.0 0.0 0.0 0.0
12.9329792223 24.3429992023 9.3092787048 -0.440692724651 0.89683196514 -0.038501282344 0.570202759899 0.312801725454 0.759620887783 0.0 0.0 0.0 0.0 0.0 0.0
13.348912729 24.6771865593 9.37254979245 -0.763508809687 0.543050526163 0.349500248305 0.570202759899 0.312801725454 0.759620887783 0.0 0.0 0.0 0.0 0.0 0.0
13.5908043785 25.1351623008 9.5154894727 -0.796255132736 -0.0170448870245 0.60472079129 0.570202759899 0.312801725454 0.759620887783 0.0 0.0 0.0 0.0 0.0 0.0
13.6511896455 25.5892526598 9.79627527635 -0.526490818182 -0.570664662656 0.630197795272 0.570202759899 0.312801725454 0.759620887783 0.0 0.0 0.0 0.0 0.0 0.0
13.5915613139 25.913259991 10.2207146873 -0.0567038393445 -0.90747939194 0.416252120485 0.570202759899 0.312801725454 0.759620887783 0.0 0.0 0.0 0.0 0.0 0.0
13.5190073403 26.0304073662 10.7400387821 0.434625876098 -0.89952752798 0.0441653057608 0.570202759899 0.312801725454 0.759620887783 0.0 0.0 0.0 0.0 0.0 0.0
13.5455263489 25.9425074131 11.2694303598 0.760833954654 -0.549830116842 -0.344700647026 0.570202759899 0.312801725454 0.759620887783 0.0 0.0 0.0 0.0 0.0 0.0
