
#id1 id2 FENE BEXC STCK NEXC HB CRSTCK CXSTCK total, t = 100
0 1 2.05787 0 0 0 0 0 0 2.05787
1 2 0.00118788 0 -1.14557 0 0 0 0 -1.14438
2 3 2.37278e-06 0 -0.956954 0 0 0 0 -0.956951
3 4 0.00128117 0 -1.26939 0 0 0 0 -1.26811
4 5 0.152602 0 -1.20682 0 0 0 0 -1.05422
5 6 0.0603162 0 -1.39253 0 0 0 0 -1.33221
6 7 0.0773595 0 -1.18046 0 0 0 0 -1.1031
7 8 0.144041 0 -1.16269 0 0 0 0 -1.01864
8 9 0.634675 0 -0.985245 0 0 0 0 -0.35057
9 10 0.0950536 0 -0.993359 0 0 0 0 -0.898306
10 11 0.117274 0 -1.19527 0 0 0 0 -1.07799
11 12 0.0065556 0 -1.00123 0 0 0 0 -0.994678
12 13 0.00133481 0 -1.29026 0 0 0 0 -1.28893
13 14 0.267226 0 -1.20977 0 0 0 0 -0.942547
14 15 0.195689 0 -0.753316 0 0 0 0 -0.557627
15 16 0.213633 0 -1.24038 0 0 0 0 -1.02675
16 17 0.123425 0 -1.36291 0 0 0 0 -1.23948
17 18 0.042856 0 -1.27408 0 0 0 0 -1.23122
18 19 0.069127 0 -1.30944 0 0 0 0 -1.24031
19 20 0.17186 0 -1.33369 0 0 0 0 -1.16183
20 21 0.170478 0 -1.35115 0 0 0 0 -1.18067
21 22 0.111318 0 -1.28883 0 0 0 0 -1.17751
22 23 0.250586 0 -1.19337 0 0 0 0 -0.942782
23 24 0.0103702 0 -1.35028 0 0 0 0 -1.33991
25 26 0.000658754 0 -1.30532 0 0 0 0 -1.30466
26 27 0.460288 0 -1.25226 0 0 0 0 -0.791967
27 28 0.188475 0 -1.02238 0 0 0 0 -0.833907
28 29 0.16426 0 -1.17463 0 0 0 0 -1.01037
29 30 0.119195 0 -1.36183 0 0 0 0 -1.24263
30 31 0.0581731 0 -1.26858 0 0 0 0 -1.21041
31 32 0.0534175 0 -1.29362 0 0 0 0 -1.2402
32 33 0.118621 0 -1.30311 0 0 0 0 -1.18449
33 34 0.213955 0 -1.34134 0 0 0 0 -1.12738
34 35 0.361134 0 -0.572091 0 0 0 0 -0.210957
35 36 0.215518 0 -1.4019 0 0 0 0 -1.18638
36 37 0.116048 0 -1.02372 0 0 0 0 -0.907668
37 38 0.3159 0 -1.16125 0 0 0 0 -0.845355
38 39 0.250737 0 -1.39147 0 0 0 0 -1.14073
39 40 0.124813 0 -1.24322 0 0 0 0 -1.1184
40 41 0.00208865 0 -1.30915 0 0 0 0 -1.30706
41 42 0.0084154 0 -1.27196 0 0 0 0 -1.26355
42 43 0.104541 0 -1.08978 0 0 0 0 -0.985242
43 44 2.0055 0 0 0 0 0 0 2.0055
44 45 2.03619 0 0 0 0 0 0 2.03619
45 46 0.0392842 0 -1.09486 0 0 0 0 -1.05557
46 47 0.0774091 0 -1.0823 0 0 0 0 -1.00489
47 48 0.102031 0 -1.1607 0 0 0 0 -1.05867
48 49 0.184509 0 -1.12204 0 0 0 0 -0.937534
49 50 0.0153908 0 -1.3142 0 0 0 0 -1.29881
#Total energy per particle is  -0.837177 and should be -0.83717710

