t = 0
b =  30.0 30.0 30.0
E = 0. 0. 0.
10.8008386624 25.8339863081 27.0037882909 0.925918820236 -0.0912832203917 -0.366526550209 0.23002815942 0.905939223169 0.35547316326 0.0 0.0 0.0 0.0 0.0 0.0
11.1014337204 26.0312221161 27.4030698324 0.574354443991 0.168492863299 -0.80107872752 0.23002815942 0.905939223169 0.35547316326 0.0 0.0 0.0 0.0 0.0 0.0
11.5329528919 26.2668658776 27.6197454526 0.00458321177936 0.364255691171 -0.931287702925 0.23002815942 0.905939223169 0.35547316326 0.0 0.0 0.0 0.0 0.0 0.0
11.9655168066 26.5855417353 27.6241340117 -0.566929259214 0.421631691937 -0.707684909688 0.23002815942 0.905939223169 0.35547316326 0.0 0.0 0.0 0.0 0.0 0.0
12.2688491789 27.0003285505 27.4672057734 -0.923055826081 0.318822763631 -0.2152207874 0.23002815942 0.905939223169 0.35547316326 0.0 0.0 0.0 0.0 0.0 0.0
12.3617709466 27.4877910247 27.2612179498 -0.928498051949 0.0948877369884 0.359009310321 0.23002815942 0.905939223169 0.35547316326 0.0 0.0 0.0 0.0 0.0 0.0
12.2430415542 27.9968831615 27.1370663098 -0.581188344222 -0.165096727374 0.796845768735 0.23002815942 0.905939223169 0.35547316326 0.0 0.0 0.0 0.0 0.0 0.0
11.9918302604 28.4683414941 27.1945556878 -0.013075467574 -0.362358184737 0.931947197057 0.23002815942 0.905939223169 0.35547316326 0.0 0.0 0.0 0.0 0.0 0.0
11.7376384133 28.8572002671 27.4644824588 0.560004997815 -0.421953709413 0.71298630389 0.23002815942 0.905939223169 0.35547316326 0.0 0.0 0.0 0.0 0.0 0.0
11.6110997231 29.1498746788 27.8969344801 0.92033020175 -0.321241965193 0.22314999338 0.23002815942 0.905939223169 0.35547316326 0.0 0.0 0.0 0.0 0.0 0.0
11.6943503314 29.3693219744 28.3802535495 0.93100657494 -0.0984850275166 -0.351464730484 0.23002815942 0.905939223169 0.35547316326 0.0 0.0 0.0 0.0 0.0 0.0
11.9898239177 29.5663196048 28.7834562224 0.58797798471 0.161688018695 -0.79255212706 0.23002815942 0.905939223169 0.35547316326 0.0 0.0 0.0 0.0 0.0 0.0
12.4193271041 29.8001740243 29.0059966131 0.0215667276211 0.360433083325 -0.932535719801 0.23002815942 0.905939223169 0.35547316326 0.0 0.0 0.0 0.0 0.0 0.0
12.8537464268 30.1161891764 29.0159654571 -0.553038089867 0.42224359348 -0.718233401424 0.23002815942 0.905939223169 0.35547316326 0.0 0.0 0.0 0.0 0.0 0.0
13.1621006995 30.5284547689 28.8622129747 -0.917534490712 0.323636702935 -0.231062205624 0.23002815942 0.905939223169 0.35547316326 0.0 0.0 0.0 0.0 0.0 0.0
13.2613029561 31.014493358 28.6557898552 -0.933444198176 0.102074818029 0.343893385247 0.23002815942 0.905939223169 0.35547316326 0.0 0.0 0.0 0.0 0.0 0.0
13.1477265784 31.5237999051 28.5277572437 -0.594722848398 -0.158266996847 0.788198129471 0.23002815942 0.905939223169 0.35547316326 0.0 0.0 0.0 0.0 0.0 0.0
12.8985831087 31.9970294854 28.5793944206 -0.0300563452785 -0.358480533537 0.93305322634 0.23002815942 0.905939223169 0.35547316326 0.0 0.0 0.0 0.0 0.0 0.0
12.6425882942 32.3885434167 28.8437211098 0.546029065928 -0.422501322062 0.723425802704 0.23002815942 0.905939223169 0.35547316326 0.0 0.0 0.0 0.0 0.0 0.0
12.5110608224 32.6837481583 29.2729527335 0.914668905869 -0.32600679449 0.238956821586 0.23002815942 0.905939223169 0.35547316326 0.0 0.0 0.0 0.0 0.0 0.0
12.5880321565 32.9046396409 29.7566545722 0.935810736022 -0.105656835148 -0.336295851197 0.23002815942 0.905939223169 0.35547316326 0.0 0.0 0.0 0.0 0.0 0.0
12.8783215773 33.1014466446 30.1636977611 0.601422421639 0.154833922355 -0.783784107544 0.23002815942 0.905939223169 0.35547316326 0.0 0.0 0.0 0.0 0.0 0.0
13.305705258 33.3335480458 30.3920773379 0.0385436740287 0.35650068407 -0.933499677263 0.23002815942 0.905939223169 0.35547316326 0.0 0.0 0.0 0.0 0.0 0.0
13.7418749705 33.6469137891 30.407665634 -0.538978459761 0.422726875533 -0.728563112308 0.23002815942 0.905939223169 0.35547316326 0.0 0.0 0.0 0.0 0.0 0.0
14.0551845261 34.056640137 30.2571779457 -0.911733665448 0.328352059365 -0.246833240061 0.23002815942 0.905939223169 0.35547316326 0.0 0.0 0.0 0.0 0.0 0.0
11.5033354307 26.5357095361 12.5504475154 0.477642648538 -0.452887276162 0.752828410322 0.560756219537 0.81680285434 0.135593360426 0.0 0.0 0.0 0.0 0.0 0.0
11.5383911755 26.9281885952 12.9157095927 0.783486315812 -0.576420020303 0.232140373757 0.560756219537 0.81680285434 0.135593360426 0.0 0.0 0.0 0.0 0.0 0.0
11.7520426506 27.1892726925 13.3338880754 0.791670432517 -0.480961161502 -0.376741671978 0.560756219537 0.81680285434 0.135593360426 0.0 0.0 0.0 0.0 0.0 0.0
12.1461554257 27.3407216779 13.6661882822 0.499085715885 -0.202777116205 -0.842493257744 0.560756219537 0.81680285434 0.135593360426 0.0 0.0 0.0 0.0 0.0 0.0
12.6540348055 27.4459476133 13.8064421243 0.0168899915196 0.152445345792 -0.988167569157 0.560756219537 0.81680285434 0.135593360426 0.0 0.0 0.0 0.0 0.0 0.0
13.1657642594 27.58592347 13.721443138 -0.471722523009 0.449751272171 -0.758420499766 0.560756219537 0.81680285434 0.135593360426 0.0 0.0 0.0 0.0 0.0 0.0
13.5699645493 27.8284201434 13.4635621748 -0.781119764267 0.576189170813 -0.2405368024 0.560756219537 0.81680285434 0.135593360426 0.0 0.0 0.0 0.0 0.0 0.0
13.7961085644 28.2022591565 13.15085084 -0.793756547454 0.483723170094 0.368730847759 0.560756219537 0.81680285434 0.135593360426 0.0 0.0 0.0 0.0 0.0 0.0
13.8413157495 28.6863628813 12.9221917136 -0.504831947361 0.207482649635 0.837911484003 0.560756219537 0.81680285434 0.135593360426 0.0 0.0 0.0 0.0 0.0 0.0
13.7714464763 29.2177622827 12.8845345363 -0.0241132501257 -0.147583998344 0.988755538342 0.560756219537 0.81680285434 0.135593360426 0.0 0.0 0.0 0.0 0.0 0.0
13.696080587 29.715519907 13.0722642151 0.465766473984 -0.44658101788 0.763954832553 0.560756219537 0.81680285434 0.135593360426 0.0 0.0 0.0 0.0 0.0 0.0
13.7268861801 30.1114793742 13.4341374219 0.778693727428 -0.575914442287 0.248914913234 0.560756219537 0.81680285434 0.135593360426 0.0 0.0 0.0 0.0 0.0 0.0
13.9351950328 30.3761591262 13.8527507911 0.795782214756 -0.486448341293 -0.360691943258 0.560756219537 0.81680285434 0.135593360426 0.0 0.0 0.0 0.0 0.0 0.0
14.3249024665 30.5299529635 14.1891444205 0.51053973393 -0.212172382459 -0.833265900059 0.560756219537 0.81680285434 0.135593360426 0.0 0.0 0.0 0.0 0.0 0.0
14.8309874486 30.6353820995 14.3355950618 0.0313346724144 0.142711411804 -0.989268209964 0.560756219537 0.81680285434 0.135593360426 0.0 0.0 0.0 0.0 0.0 0.0
15.3442151702 30.7733423064 14.2565419834 -0.459774955039 0.443376754715 -0.769430987222 0.560756219537 0.81680285434 0.135593360426 0.0 0.0 0.0 0.0 0.0 0.0
15.7526371764 31.0123702584 14.0020970873 -0.776208390046 0.575595855646 -0.257274068234 0.560756219537 0.81680285434 0.135593360426 0.0 0.0 0.0 0.0 0.0 0.0
15.9841224556 31.3826053038 13.6890065593 -0.797747280162 0.489136467567 0.352625570669 0.560756219537 0.81680285434 0.135593360426 0.0 0.0 0.0 0.0 0.0 0.0
16.0337612172 31.8643390225 13.4562970411 -0.516208640921 0.216845957534 0.82855685969 0.560756219537 0.81680285434 0.135593360426 0.0 0.0 0.0 0.0 0.0 0.0
15.9657302029 32.3955027839 13.4124570853 -0.0385537084464 -0.137827957237 0.989705544982 0.560756219537 0.81680285434 0.135593360426 0.0 0.0 0.0 0.0 0.0 0.0
15.8889108695 32.8952486582 13.5942205395 0.453748422451 -0.440138726693 0.774848546742 0.560756219537 0.81680285434 0.135593360426 0.0 0.0 0.0 0.0 0.0 0.0
15.9155235033 33.2946648958 13.9526107444 0.77366394139 -0.575233435152 0.265613630817 0.560756219537 0.81680285434 0.135593360426 0.0 0.0 0.0 0.0 0.0 0.0
16.1184928569 33.5629566538 14.3715475847 0.799651594024 -0.491787344206 -0.344532344278 0.560756219537 0.81680285434 0.135593360426 0.0 0.0 0.0 0.0 0.0 0.0
16.5037428165 33.7191454713 14.7119482664 0.521838236626 -0.22150301895 -0.823784721508 0.560756219537 0.81680285434 0.135593360426 0.0 0.0 0.0 0.0 0.0 0.0
17.0079458185 33.8248426686 14.8645671948 0.0457698084643 0.132934006537 -0.990067510092 0.560756219537 0.81680285434 0.135593360426 0.0 0.0 0.0 0.0 0.0 0.0
17.5225820499 33.9608421768 14.7915002032 -0.447687335164 0.436867180404 -0.780207098545 0.560756219537 0.81680285434 0.135593360426 0.0 0.0 0.0 0.0 0.0 0.0
