t = 100
b = 30 30 30
E = -0.53687187226807 -0.703862221720537 0.166990349452467
11.3586814829866 26.484856665018 26.1197327838858 0.873053837212747 -0.124183005129907 -0.47154582001845 0.390747452468613 0.756666130177285 0.524187642328952 2.34495408883991 2.36222012990115 -3.87307006839222 0.591065776637719 0.23605910689539 0.209697461903414
11.1364436211036 26.1220101728494 27.2239370926829 0.638198640637161 0.184723149296824 -0.747381920153783 0.278959799980169 0.849330658736867 0.448128044459577 0.323636374756106 -0.280444943481139 -0.661809635954929 0.316232047211745 -0.272856737000079 -0.527548939770064
11.4839124713266 26.3289517475718 27.5059192781292 -0.128326969941659 0.415104801181567 -0.900677564970836 0.105065102172364 0.908766070144694 0.403863141107323 -0.369977000079587 -0.0738909869514839 -0.931927582944861 0.380239134296077 -0.268422255988997 0.0262938959261857
11.7958151247286 26.7252793414622 27.5916227057549 -0.65248143776994 0.377083481842744 -0.657324807893362 0.258004610328364 0.92612567721706 0.275181271994346 -0.619711631461471 0.848452941228339 -0.185337896751818 0.240011543241481 0.0425069603380585 0.323541802691916
12.0375568010027 27.1227158816319 27.4741608203621 -0.953176233479967 0.295147097766663 -0.0659025200074305 0.264975351377846 0.920125730438139 0.288368834694607 -0.646735208678327 -0.033463859594371 0.0582928268541268 0.550808579733537 -0.0829732837452873 0.102523253903654
12.1176527863106 27.5216508196155 27.2895888002808 -0.862969046991574 0.164377876816195 0.477770048630928 0.306426489501866 0.922117572290466 0.23622419669576 -0.345273977668107 0.303888067476177 0.0222741658975189 0.468247745621676 -0.217967296005795 0.27469042033218
12.0931555599418 28.0034002229411 27.2924377759745 -0.666722552024729 -0.163236427198212 0.7272102787202 0.143982986958978 0.929129823839089 0.34056798372871 0.0348684436763108 -0.0742607660330804 0.616976185939257 0.175972174563809 0.101265811699134 0.106979907537149
11.9395511245326 28.4213581483254 27.3380826240221 0.103411230783044 -0.403915981167108 0.908932274777924 0.241540427739483 0.896674821907302 0.370988364148314 -0.658868301221879 0.0208643967955002 0.146985998152216 0.157156355933184 0.229828521888894 0.13046419115931
11.9753337857713 28.9049328685881 27.5966691303904 0.379006691386468 -0.669582168989869 0.638759367080507 0.235684782949769 0.737338682751335 0.633075220023474 0.552594080048361 0.12094666830157 0.15395298411271 0.381891841354966 0.224756325942154 -0.474840554780451
11.8335401361433 29.0097281771357 27.9849420427723 0.924367524216732 -0.304912613457469 0.229287721255276 0.176839314879604 0.874998533041562 0.450672060558675 0.620646559037387 -0.595303996008578 -0.377874394813788 0.508445962187041 -0.0608330794209536 0.133763345284365
11.8976351455917 29.3096473023724 28.3329944943069 0.919822444394584 -0.129342024472146 -0.370401393477934 0.284675566182906 0.869683345829351 0.403250023448208 0.475410845512682 0.189866817317111 -0.00332142433681436 0.427392476756785 0.0667598197506592 -0.0864510096081472
12.172010303537 29.4919688280777 28.651487284665 0.562041142476742 0.287332302553685 -0.775596404907638 0.266079287549876 0.825061149323142 0.498473465125718 0.46330436405473 -0.128801391392951 0.185763025444547 0.349082645813673 -0.0493362478157108 0.320779589459769
12.4999689295542 29.8128219261329 28.8702641436374 0.0829418296849278 0.347257528499549 -0.934094611401378 0.240175373439982 0.90272989889292 0.356923521838869 0.307125515570943 -0.15039861607304 -0.262843279199857 0.566030470293191 0.00222976974573085 -0.26699378987362
12.9200916369909 30.0087508006983 28.8614582233579 -0.491328696652921 0.615890947757912 -0.615852525455252 0.362179151468449 0.787525753538979 0.498627446675165 -0.118944809308484 0.378903131018453 -0.193447605266122 0.160627874045745 -0.218410156796469 0.462949294935807
13.1111165286417 30.4822773883492 28.9663653587286 -0.874160581492394 0.257197369149768 -0.411937707548946 0.113817080869231 0.933120237907819 0.341075027722151 -0.264645132198168 0.185043406731041 -0.188636890026481 0.0469570364142249 0.233079654916047 -0.188335366239858
13.1312259230148 30.9332095948726 28.7934426737157 -0.831667011541773 0.0319422872738993 0.554355084616879 0.194008234622341 0.952140710980913 0.236196431551044 -0.272081171258672 -1.00689403501035 0.153225200694464 0.59086474111926 0.157631950136881 0.228460039296514
13.0977234247212 31.3595279117139 28.6842992408411 -0.729884113009967 -0.183234619085227 0.658554583739853 0.0273031933071154 0.95482012007538 0.295927287941778 -0.107517938244429 -0.320159821413496 0.422006436679141 0.623006421831051 -0.164830237702885 -0.266751762078423
12.882125787116 31.7987278513033 28.5036821813361 0.117172021237134 -0.311788760247377 0.942898917856546 0.234522977609388 0.931272802916334 0.27880068205363 0.374896619524607 -0.329040955507222 -0.251155178485517 0.347006214365142 -0.512728169465704 0.109575160501502
12.8071360614752 32.3089561876128 28.6000912777536 0.542830504640253 -0.515607691745474 0.662935617045774 0.133308381469761 0.832248608616167 0.538136612667851 -0.0318570964043855 -0.154616480636413 -1.21119879327192 0.18961932380696 0.197168725856811 -0.0817996720445784
12.6305550095006 32.604541442781 28.6767780877147 0.947049236333771 -0.202093346350349 0.249511330914144 0.0157794410073165 0.805434656803441 0.592474400540337 0.573035522168246 -0.408113356344502 -1.51973157168872 0.529470955614006 -0.412740842135701 0.153955341746297
12.6366277651156 32.8886371175316 29.3169940754939 0.966013574334196 -0.10710631091059 -0.235257081237186 0.209342149251949 0.858056160821715 0.468951353274035 0.13675784938705 -0.0214689989406288 -1.69181513657092 0.645970808521083 -0.330791770601271 -0.386109207897812
12.7906113822527 33.185363237718 29.8249810579959 0.678730370201231 0.0121263786787596 -0.734287354279079 0.438381144327316 0.795490574249039 0.418349860704026 -0.164720804586989 -0.112319491480476 -1.01850464212282 0.632184558308134 -0.176901618093787 -0.485675352628728
13.1777714977246 33.3549618256702 30.146976947579 0.0802836197568099 0.543903345097352 -0.835298492987443 0.428067970354198 0.737977933518592 0.521676402688469 -0.315388072215834 -0.231338318674925 -0.566914896742744 0.476583786093022 -0.533280726474058 -0.0110720398130296
13.5321016713362 33.6682582799821 30.4816814213087 -0.496206495104011 0.540542904312801 -0.679405890181689 0.254335588627203 0.838712303565282 0.481533966992031 -0.453230750439542 0.051873972852536 0.284472001707793 0.00457139061848837 -0.576537151640432 -0.0568154356560611
13.7505595517772 34.1076286617506 30.5152883353816 -0.964908838356052 0.249945629437039 -0.080486030074058 0.1837058094676 0.861575871763108 0.473222015218893 -0.675818084354731 0.326939325762288 -0.0208678622935132 -0.277989728669908 0.157506128575498 0.488638205467435
11.3782908798981 26.3992466282583 12.7038077386143 0.205629306373276 -0.527874303935332 0.824054120377016 0.567966869367938 0.750097864862783 0.338772357878212 0.180496038620366 -0.518546763276943 0.299877829286593 0.113127840384085 0.216144654916235 -0.478129989021574
11.5325781876745 26.7449097508212 13.0716028857617 0.760158643008191 -0.630341186825379 0.157571275853398 0.572643184749908 0.764544184857642 0.295891628523741 -0.213677307956624 -0.0611655358603367 0.410233733668814 0.475604024627034 0.127230239156946 0.0357709284412467
11.8175949381523 27.0247620206716 13.3786021117592 0.74117349080194 -0.449000768912573 -0.499059163823103 0.614285476225457 0.753459904097458 0.234417169231058 0.065975204058854 -0.0550464302389857 0.332692289557968 0.31451924923435 0.0415502477803961 0.34198851462759
12.1582824307348 27.2538601436477 13.6497709810001 0.33843208935747 -0.0953350380623791 -0.936148939865118 0.599925671618943 0.788307480247118 0.136603023820714 -0.205623496533863 -0.333079648977337 0.200242204216885 0.364296931091928 -0.333689621752005 0.268791974466631
12.6303370553195 27.5292539776827 13.9384263941605 -0.0338542565516282 0.12205909052105 -0.991945234677568 0.734688163680989 0.675912669505636 0.058096921879029 0.296035961568052 0.0847666536601555 0.0121628061984193 0.445134347722323 0.240277442661574 0.052276679424841
13.1429810536763 28.0981329794086 15.0497806908955 -0.474769560178881 0.657874936195188 -0.584631779891748 0.817196877111127 0.576155556801835 -0.0152949156130969 -0.297683164775471 2.0571715277587 5.12793521678267 0.693151280071368 -0.240137561769858 0.60037926388929
13.3943347292586 27.9241723828677 13.4772047973219 -0.637635869889913 0.700340787319829 -0.320847567168843 0.683898878729331 0.706343571324641 0.182649839088076 -0.51971087059691 0.173777663265937 0.249967410035397 0.339272773727868 -0.184223441812634 -0.432506265245081
13.743208298925 28.2274678057685 13.2400909771375 -0.687864000981302 0.591201939317473 0.421097689470162 0.581935569661764 0.795932557374668 -0.166859959651997 -0.293354911742789 -0.576890572746039 0.548360745954165 0.263271029752267 -0.462049551474324 -0.194738649642987
13.8237035951943 28.6377587894524 13.0349377717201 -0.32477950567695 0.294264645853836 0.898847302362561 0.53471491124959 0.841031901536398 -0.0821290910087085 -0.0643382018349464 -0.42869722540279 0.226973313474868 0.405297108752894 -0.0726153403164878 0.410582533524572
13.8502704666391 29.1043663745961 12.9948922889276 0.125174282122088 -0.123574406852411 0.984408780594592 0.424197057545437 0.903613513887051 0.0594925004104008 -0.226260958111776 0.0287791675791426 0.294927515652916 0.476942751412938 -0.0907983908013222 -0.111104419670246
13.7770674064283 29.5536274060354 13.228440208376 0.583819712740879 -0.326806549131483 0.74320381023637 0.330505185967134 0.931790841794215 0.150106745960485 0.177402968508366 -0.0814801606051777 0.218030630642781 0.553754166901493 0.113442624551458 0.500684689910068
13.9445565559868 29.9926638930295 13.4656731114672 0.676188816437015 -0.630425094520081 0.381225351123069 0.58092369141612 0.774495186003903 0.250369234654703 0.707126466589888 -0.231200079200624 0.0493698155487249 0.308680319749665 -0.133081610435405 -0.27666532227904
14.1585736509758 30.2413405971438 13.7831364714604 0.749834209544574 -0.498590182773374 -0.434921106988489 0.624985931048548 0.749488100060053 0.218311832345518 0.382724026614407 0.0457808911328923 -0.353205884966157 0.662081696874983 -0.203049159413115 -0.07934467443494
14.4890791004975 30.4404617238081 14.0297539497536 0.494757969024401 -0.228039836211139 -0.838577525325884 0.777660248907989 0.546884839284959 0.310099029033647 0.0250397050124788 -0.17925961907467 -0.426018912889884 0.315979780524327 0.000991132582156671 0.0229378283977134
14.9210216306749 30.5555334095937 14.1567224821657 0.103456740205728 0.0895972217724857 -0.990590188978599 0.601271745862505 0.787720906502319 0.134044552939453 0.17076021635035 -0.0467534181059836 -0.321261203373585 0.356970532561339 -0.142990301397852 0.000551643976770511
15.2465258258417 30.8239818994203 14.1960970798043 -0.379293415582413 0.271890576926461 -0.884427444277463 0.500686830660308 0.864129046293718 0.0509271023018055 -0.236320958481704 -0.0563447334701172 0.0683585922482235 0.224995578735889 0.250179485225635 -0.545361500779866
15.5315818356744 31.0118992688736 13.9733877652981 -0.682704829318304 0.681088124673559 -0.264637418653402 0.638641505888167 0.732164508403964 0.236795356758766 -0.623656575257254 -0.526184422346251 0.164570662813421 0.299910238461542 0.120917983855733 0.207971426046404
15.8769239850959 31.3914991731609 13.9991492675521 -0.843611833160678 0.526673944865423 0.104563469104945 0.533393899316314 0.844361728751555 0.0504390822689964 0.0206149946812081 -0.30512196582308 1.25036047247116 -0.147823845050458 0.200482342072615 -0.368246360200472
15.9412941262024 31.7393100803325 14.0774040926153 -0.400476346342438 0.223735443196902 0.888572467249302 0.69034125288546 0.711335400337485 0.132025701521439 -0.341184650648441 0.129310299818994 1.84494254048767 -0.12942813926291 0.264686277598472 0.959555843612981
15.6039070171278 32.269271451683 14.3192799083152 0.10923721669169 -0.112301987427921 0.987651444736613 0.496306586551553 0.867046916501765 0.0436955172910175 -1.06957422941593 -0.728040532600565 2.82397819035158 0.240308977265809 -0.0389933646170034 0.321322825954604
15.8749472602158 32.8157151439096 13.8598150918434 0.567035971104549 -0.500114865422556 0.654488512736698 0.529317517682686 0.830038385732879 0.175667654363366 -0.349221258380938 -0.243110230995444 0.441235382778386 0.343614063440054 -0.449393893794908 -0.109657348876925
15.9448919325374 33.2393786658383 14.0282784846964 0.832996792627415 -0.517745757455803 0.195078332232608 0.399760646493552 0.806970654660242 0.434729435404858 0.148461077460529 -0.516429580431096 0.217969744988505 0.258444959868524 -0.0160941226015645 0.198190583163234
16.1796424826679 33.598727971484 14.256964588614 0.749384955033947 -0.538896860414297 -0.384723594197513 0.641240196055764 0.735473969385595 0.218835403443729 0.234007318858047 0.11173918428375 -0.267482911471771 0.541836709282975 -0.056916219690219 -0.0713326830781926
16.5124065438207 33.8657372293468 14.5058525905914 0.467014378778735 -0.259540968008683 -0.845302275410654 0.787836277139217 0.55620040015895 0.264490096530748 -0.202528531462843 0.441419131110225 0.101465348005455 0.45950577239833 0.214426666691677 0.0177104809465074
16.9845108710851 34.0232214450982 14.6831697023621 0.0367932655044524 0.0994297976661037 -0.994364043877701 0.770127199276531 0.631276363475432 0.0916195389243153 -0.0431544809507832 0.217327165390097 -0.0983534901052691 0.535736323737097 0.204259067958355 0.113432862359818
17.4766727862363 34.157785364199 14.5559813112737 -0.570272977404815 0.517813604922669 -0.637697175388035 0.697849790764958 0.71491900014203 -0.0435474523914113 0.314109187685121 0.442612339915746 -0.684630460937283 0.472439265396328 -0.0213765333621555 0.448096034393092
