
#id1 id2 FENE BEXC STCK NEXC HB CRSTCK CXSTCK total, t = 100
0 1 2.25719 0 0 0 0 0 0 2.25719
1 2 0.0215014 0 -1.41386 0 0 0 0 -1.39235
2 3 0.0652712 0 -1.18713 0 0 0 0 -1.12186
3 4 0.108944 0 -1.41582 0 0 0 0 -1.30687
4 5 0.0756358 0 -1.24282 0 0 0 0 -1.16719
5 6 0.043633 0 -1.29705 0 0 0 0 -1.25342
6 7 2.03868 0 0 0 0 0 0 2.03868
7 8 0.974569 0 0 0 0 0 0 0.974569
8 9 0.648591 0 -0 0 0 0 0 0.648591
9 10 0.000886046 0 -0.317582 0 0 0 0 -0.316696
10 11 0.038047 0 -1.13784 0 0 0 0 -1.0998
11 12 0.0377984 0 -1.29319 0 0 0 0 -1.25539
12 13 0.0174117 0 -0.966917 0 0 0 0 -0.949505
13 14 0.133138 0 -0.448751 0 0 0 0 -0.315613
14 15 0.76036 0 -1.23643 0 0 0 0 -0.47607
15 16 0.0270408 0 -1.1491 0 0 0 0 -1.12206
16 17 0.182786 0 -1.00129 0 0 0 0 -0.818504
17 18 0.00394731 0 -1.25468 0 0 0 0 -1.25073
18 19 0.0629074 0 -1.24923 0 0 0 0 -1.18632
19 20 0.0211136 0 -1.2756 0 0 0 0 -1.25449
20 21 0.112162 0 -1.38401 0 0 0 0 -1.27184
21 22 0.0811136 0 -1.02462 0 0 0 0 -0.943504
22 23 0.105284 0 -1.25935 0 0 0 0 -1.15406
23 24 0.0229981 0 -1.22313 0 0 0 0 -1.20013
25 26 0.142108 0 -1.14922 0 0 0 0 -1.00711
26 27 0.0283283 0 -0.889877 0 0 0 0 -0.861549
27 28 0.0223467 0 -1.39422 0 0 0 0 -1.37187
28 29 0.0189286 0 -1.18369 0 0 0 0 -1.16476
29 30 2.18439 0 0 0 0 0 0 2.18439
30 31 2.10256 0 0 0 0 0 0 2.10256
31 32 0.00202667 0 -1.04884 0 0 0 0 -1.04681
32 33 0.0215471 0 -1.24166 0 0 0 0 -1.22011
33 34 0.52603 3.07818e-07 -1.02054 0 0 0 0 -0.494507
34 35 0.299436 0 -1.20136 0 0 0 0 -0.901919
35 36 0.143549 0 -1.38041 0 0 0 0 -1.23686
36 37 0.329138 0 -1.23678 0 0 0 0 -0.907642
37 38 0.00855793 0 -1.35603 0 0 0 0 -1.34747
38 39 0.0985018 0 -1.19462 0 0 0 0 -1.09612
39 40 0.106369 0 -0.77326 0 0 0 0 -0.666891
40 41 0.000635598 0 -1.24296 0 0 0 0 -1.24233
41 42 0.889849 0 -0 0 0 0 0 0.889849
42 43 1.22547 0 0 0 0 0 0 1.22547
43 44 0.545627 0 0 0 0 0 0 0.545627
44 45 1.86853 0 0 0 0 0 0 1.86853
45 46 0.03155 0 -1.13729 0 0 0 0 -1.10574
46 47 0.0382935 0 -0.670861 0 0 0 0 -0.632568
47 48 0.57706 0 -1.30879 0 0 0 0 -0.731728
48 49 0.116756 0 -1.00963 0 0 0 0 -0.892873
49 50 0.000368962 0 -1.39929 0 0 0 0 -1.39892
#Total energy per particle is  -0.498995 and should be -0.49899510

