t = 100
b = 30 30 30
E = -0.22959406441356 -0.498995248241883 0.269401183828323
3.35652985069003 7.95206095631117 26.6986110628185 0.229823980047774 0.0139353387470014 0.973132378153903 0.68765992826419 0.705242030890074 -0.172503281004021 12.0298006888807 2.90946055983132 -8.19061665541414 -0.12648795245819 -0.34481637817443 0.120886553384089
0.651442444543883 7.56751991043546 28.9534015111438 0.357104797098871 -0.3449366814346 0.868040746301515 0.557562670234717 0.824308241210217 0.0981818539646943 0.24763786650163 -0.359105203896487 0.532964560888488 0.572860688812347 -0.195521583079389 -0.787001471077439
0.677253415686105 7.95316125504812 29.2678858498903 0.879188224973468 -0.470513862413043 0.0751309024298232 0.468386701910078 0.882382154261928 0.0448944628076986 0.41208826542805 -0.598285596729746 -0.286746496160473 0.446451149967066 -0.245343778374024 0.322918927508182
1.00043884194544 8.30575394358532 29.4715756291178 0.687026669745359 -0.635535328307908 -0.352262804062569 0.707852491234491 0.694868926756339 0.126893292626916 0.189821843963058 -0.414123168710107 0.210846824705875 0.285008626098802 -0.137161687207674 -0.380836522679546
1.40350283379049 8.41849935237665 29.6898560128685 0.416901219468925 -0.198841349124138 -0.886935945873635 0.720704453786601 0.666910147063345 0.18925070494298 0.216371442802114 -0.0243721970337278 -0.449156840918456 0.631290324127845 -0.0996544014614499 0.202945837301194
1.89735497757194 8.59894031427546 29.7709067250741 -0.0262390119897692 0.104214152526626 -0.994208632828694 0.830066359442708 0.556473783325308 0.0364232621618563 -0.331196290661695 0.117185876283954 -0.350544490443717 0.338146367019212 -0.0607794543794395 -0.0463495844716943
2.36252838251675 8.6865401292549 29.7275038594745 -0.517413329912818 0.609368284454279 -0.600794161207694 0.763844115749837 0.645392599516295 -0.00323129688446661 0.32726581856788 0.553392855903057 -0.217843344644991 0.283806943289363 -0.204656267703003 0.566193096180556
3.82127533945772 8.96056122501176 27.5114771686551 -0.775627175116079 0.557725830214434 -0.295540632855166 0.555979171460643 0.825349186890406 0.0984162732917768 4.71525961033431 0.75269457739265 -7.96131154564906 -0.244917781225922 0.627349065900751 -0.118479211438508
3.87289474024863 9.11453889314421 28.9446495606531 -0.779345479923225 0.392073251607523 0.488773025217192 0.501471226589707 0.85797766820366 0.111358926727318 2.36438329256023 0.10900444859819 -0.765219110650798 0.168782734943549 1.11392338500484 0.100159861350356
3.25709185671391 9.62255405901996 28.9646766643368 -0.362734298845498 0.230663973540445 0.902894147275221 0.517930996685506 0.855358584558123 -0.0104431673441716 0.146682576980701 -0.297012078559545 0.751456580468549 0.586855366543114 0.4546079401476 -0.193455374936958
3.01059110671825 10.1072998300404 28.8894497179704 0.193436248890098 -0.0285830339729009 0.980696338747539 0.623878718907359 0.77503648739346 -0.100467251012669 -0.104859463506838 0.122312152845039 -0.0752384748801456 0.676183101399488 -0.267957873450483 0.104451186655014
3.15097516234278 10.6151782731903 28.8998697054391 0.405749097853132 -0.49742481821027 0.766769913934928 0.613494392808491 0.77008018377364 0.174931485387814 0.356257328190176 -0.0117352762653824 -0.293076425705423 0.321841502068572 0.0216723661693382 0.0247531046214204
3.34547923646118 10.9803694564827 29.1885575894327 0.692382604377396 -0.706560290130057 0.146214796470947 0.626654352145062 0.689309333404111 0.36353385078073 -0.132687125599757 -0.166956224043268 0.187161188514525 0.474538805420516 -0.0686429791581507 -0.188696325517196
3.63678489100504 11.176841423088 29.6067166945264 0.679817408672023 -0.615818295069721 -0.398266241528643 0.702189454775268 0.7032540461112 0.111191718178961 -0.165484834371445 0.315197282235529 0.0444660208230216 0.692420872577449 -0.0671643351172754 0.142944344016084
4.07891887004398 11.1279062725798 29.6601891767847 0.348282380450914 -0.2153061265139 -0.912328086522982 0.705246953844148 0.701334073523118 0.103716598722528 0.547313924790192 -0.666972104720887 -0.503176088941051 0.436820244421227 -0.0514844640767968 0.0958315231531419
4.43059000783912 11.2832507545187 29.7106190942543 0.0576183705232189 0.0419823219800962 -0.997455508044743 0.777838870161043 0.624415904089061 0.0712134378584294 0.249587335347257 0.646396466154123 -0.329552028579823 0.570288687675916 -0.0758695739427439 0.0067809605976498
4.96590488493656 11.4348456821448 29.651138271066 -0.359474419673217 0.350015369634417 -0.865024432317555 0.833916040353271 0.536490841626516 -0.129466229019659 -0.299461348408107 0.20671650191147 -0.221335827667406 0.342077583429774 0.148876140148206 -0.263245113105344
5.32284981461385 11.6431796177063 29.4792077006379 -0.748721232776558 0.568225706501183 -0.341373615096187 0.653263715869222 0.719911432613928 -0.234465209585418 -0.340990235544816 0.21992423700864 0.385035449740604 0.500696366484944 0.160574129021774 -0.11270274687706
5.48702295024632 11.9680984545652 29.153624869406 -0.546713484348624 0.653039208990672 0.524064920163573 0.585464854292867 0.745590701787715 -0.318316358810287 -0.415426622240802 0.283430096644864 -0.275468216837938 0.511574728038569 -0.0213572909358753 0.14367619896105
5.64103714034469 12.4303865156611 28.9797129688806 -0.326903834979074 0.292260928702354 0.8987309462113 0.563103682205959 0.823971567245037 -0.063126727772652 -0.351133208777616 -0.79330768881463 0.204379331492651 0.379912478585669 0.243517658466173 0.337666800235747
5.7804580692184 12.9455259555179 28.9615928733209 0.0553054644995318 -0.206220868884872 0.976941216486195 0.644495395538922 0.754679507740188 0.122818593396877 0.00196031351936926 0.388264560674287 0.093421730005894 0.477441925150981 -0.184071402582291 -0.134881082575735
5.84538600900854 13.3830311633746 29.1486991082095 0.546244145944415 -0.545121844650765 0.635971218824654 0.536882174625069 0.810641381948855 0.233704877218853 -0.145133702802057 -0.0609507831465397 0.160115158917843 0.27880054657518 0.0168296135399044 0.458943606536106
6.08094684338814 13.8418655887701 29.3177673393442 0.580248977164256 -0.78190585442554 0.227890851375271 0.770681021270087 0.617623983086277 0.156816010368927 0.0235756172446279 0.274031500523729 0.123107741713387 0.478186375214403 0.0508866168573996 -0.18784187085207
6.39283844801719 14.1352488885935 29.5804024631482 0.550660980775767 -0.713129915513872 -0.433841087114546 0.827964597181868 0.532663775780377 0.175339144279805 0.425975580106799 0.511674995626202 0.260455496410019 0.341445863801875 0.0701713930474786 0.234881354831242
6.8213531443697 14.1607085597878 29.7815782357615 0.124485554468093 0.0865804113237107 -0.988436688565773 0.673012423307931 0.724624884389256 0.148232709861439 0.762246869889249 -0.386006018551527 -0.173015854033185 0.2220738765209 -0.211711282373752 0.982322719964026
22.4947676571527 10.7592501774801 6.70388779233064 -0.226561537069243 0.939518497320042 0.256855494421534 0.973554718189715 0.226386827738631 0.0306609805381675 -0.349306028462413 0.49472733668849 -0.173129938257815 0.0325891852951019 -0.374262513324576 -0.256974530150999
22.8678599660318 11.0284292732807 6.65522085002617 -0.261643119962966 0.47257859542557 0.841553462259528 0.929248603553665 0.358988592707685 0.0873161149696307 -0.386450498347404 0.318128874698697 -0.406284282351448 0.0882288045086235 0.207392337528985 -0.00222968965821309
23.3132670830938 11.3725397578931 6.79749120298178 -0.240586489274167 -0.0497540751361317 0.969351615506734 0.851641233022521 0.468284633604706 0.235407297816811 -0.0042770701873793 -0.08936420270307 0.224595437952139 0.469075793154459 0.715115101342099 0.0134132245922665
23.4884379406529 11.7586242937139 7.01509974856095 0.237629614064746 -0.675623771834367 0.697900113648558 0.786594330576023 0.555390783856739 0.26983389169068 0.153015453622176 -0.156685594574033 0.264221405207754 0.500130797366012 0.407582503488558 0.462547432057412
23.8555062721738 11.990154778321 7.30182214381688 0.252234432666781 -0.959613938877725 0.124574326682376 0.904869458992609 0.279523577855117 0.321057187902192 -0.181430557527231 -0.397536482402217 -0.00363158504593998 0.577213496041628 0.0717523451037536 0.492412036239313
22.0947275433798 11.6446834559443 9.82169068849733 0.622909101564617 -0.735167961692095 -0.267417651135422 0.776254795003293 0.538471143168089 0.32783716190163 -8.4707277993865 -1.95701542250801 8.6533431411119 0.272763622835506 -0.546463360820827 -0.0766771763852193
24.4329883376272 12.0190004994061 7.87598902898146 0.38542956304043 -0.614103056403835 -0.688709933819215 0.921337329915258 0.215025858542558 0.323884688715412 -0.195321592724873 0.167154412315224 -0.377830174962705 0.401310730418809 -0.243298261475579 -0.154594565921259
24.9547321347364 11.9133498155393 7.97038689633101 0.128668553008749 0.0818483825523622 -0.988304167018704 0.984578216182414 0.108575098348338 0.137175330646441 -0.67405972743387 0.185525848849382 -0.144526581178446 0.156374854751854 -0.300356576570727 -0.101273551792041
25.4450068413432 11.8181660992151 7.85341863295087 -0.0698457285783122 0.7395192431199 -0.669501864904934 0.963706364824492 0.223374862085814 0.146197108579176 -1.26286510130277 -0.665821079248778 -0.253124122081969 0.335863087224108 0.141585982796631 0.27673272373821
25.8683962317375 11.8945612582599 7.83118991168098 -0.380950481935397 0.844766451953582 -0.375827425268413 0.916782929595281 0.397847589189672 -0.0350176773000021 -0.736748756744202 -0.0611473162412153 0.680141399756699 0.443390628998899 0.439486657434204 -0.21189497376656
26.2399947907646 11.9987855524251 7.52652735241478 -0.237763122029015 0.94979662590663 0.203359165351546 0.958986020365758 0.26280342302263 -0.106207614221473 -0.49735949151009 0.289211365950836 0.27312568841716 0.406726554356282 -0.213273219707076 -0.240808690997685
26.6214524243399 12.223333344978 7.33213857945545 -0.252025196364228 0.634707490700223 0.730499544645893 0.916020521101804 0.399898198639049 -0.031427984640555 0.140381390056627 0.0932616270515024 0.179465250051049 0.245773455356621 0.0700060843891564 -0.122342760047266
26.9446990091332 12.5043982094586 7.2628118128799 -0.140787049544332 0.0271777756022921 0.989666740313918 0.915742258305377 0.383508224765857 0.119739045395622 -0.0329554945435399 -0.0249768744487783 0.0486508193844068 0.288357799346167 0.317518226551749 -0.0289908497280544
27.2199924061826 12.8817612219649 7.45521213636927 0.203309188354692 -0.657716158526322 0.725310079346286 0.886122035779254 0.438700441211018 0.149430730861046 0.407613324102867 -0.251933885052626 0.254470051926146 0.366178764721119 -0.511313863525811 -0.0100145870963055
27.5063877090005 13.2336157891146 7.72032348292294 0.303892663929543 -0.906992103643172 0.291572381296617 0.901346901519099 0.372843050359892 0.22036720740683 -0.0848249482912713 -0.216756134970707 0.395547973429177 0.601568269080537 -0.124164172482766 -0.103466833726148
27.7928056756715 13.5225540258747 8.06029402981789 0.252568220677061 -0.957190484377957 -0.141405641488778 0.95279435180158 0.220588376815383 0.208623044663441 0.356444668454334 -0.0205759290830956 -0.125674535208475 0.458285402562475 0.341939503305516 -0.0254344983004151
28.2047684912989 13.4397768914281 8.3443049832687 0.126549483339668 -0.606249206969097 -0.78514139387419 0.980454261093858 -0.0437591503500779 0.191818861504169 0.369122592915989 -0.449191518527277 0.837920387486612 0.489634243775862 0.102575289812116 -0.124257071486874
27.7601573129733 13.0754717107758 9.01425780957705 0.351476639977708 0.00883219212853004 -0.936154926447926 0.926269024639488 0.141956910668437 0.349104302621856 -3.65612247851063 -1.01479810591383 2.16932295981473 0.610148658143006 -1.74354235290204 -0.257708586846231
28.8124277101596 13.1007318587102 8.58243383654402 -0.0304779255025564 0.707432636331282 -0.706123249582475 0.976244029974843 0.172686428951519 0.130869681015121 -1.09578114466295 0.262089250937604 0.589386422124993 0.292791354812789 -0.389909093847951 0.270619651541692
28.406495474944 13.0341923660348 9.52814366045461 0.295713997894635 0.922442547684285 -0.24829993705416 0.93148033809128 -0.22078287114742 0.289135235836798 -5.7396498679645 -0.483014759798659 5.53131175159829 -0.124710440988414 -2.20583381183684 -0.785428902506676
29.7777249875245 13.3805629536662 7.93935331783355 -0.05603330721768 0.969089353455235 0.240262304799401 0.997285293146382 0.0428104013674847 0.0599098904100976 -0.438738729566026 0.145053030704894 0.390277116898821 -0.2783487889874 -0.838669277611658 -0.433452782835695
30.2629650310524 13.4690004065167 7.85716547535278 -0.350215040157172 0.579306857227832 0.736038635351708 0.928427119693592 0.110677710575071 0.354645487289191 -0.515341716310964 -0.0618813254577267 0.70299677249832 0.00515536275675527 0.00755327972564479 -0.384783111951528
30.6070063831321 13.8276172812481 7.76844253229477 -0.126300784754068 -0.0955748924087282 0.987377046933269 0.805332156184774 0.571293917654486 0.158313824396455 -0.234074376475273 -0.417425087500122 0.674399486981837 0.243851617689214 0.0733490135808275 -0.218711081427812
30.8344473449786 14.1894956002154 7.84916192989904 0.312271940072978 -0.504634587859113 0.804878903303043 0.849513045032348 0.527566183984204 0.00117913015691973 -0.0534857727390338 -0.354003291402214 0.60154069964699 0.577283678933951 -0.480644249304515 -0.0338342232054049
31.1741236327923 14.5983268455266 7.92323508105756 0.390851565961684 -0.837856474852563 0.381092458842581 0.859538639492682 0.480347755222225 0.174525769541409 0.218423637342252 -0.0352220788788782 -0.0415170731479754 0.288734660328051 0.0453040560329274 0.138317435081763
31.4889745040516 14.7127389355264 8.26944242954003 0.528215568548713 -0.66494415727704 -0.528050633146104 0.843078857262402 0.484702291333849 0.232984143173871 0.423522145427077 -0.362031065614888 0.354087102467033 0.018586149493762 -0.476628352377654 0.592356091579272
