t = 100
b = 30 30 30
E = -0.690829909375262 -0.87343272820021 0.182602818824948
23.4907378538078 13.1023859115748 2.84938508622111 0.716676494986978 0.525234263087738 -0.458806771624052 0.479457285947144 0.106678296586538 0.871057022734709 -0.629023808325402 -0.0560531369515451 5.30143576869422 0.427691888613148 1.23833717987693 -0.113427244859552
23.836876413074 12.613493003668 2.67556577860442 0.0847725324523171 0.943312844438114 0.320896210535694 -0.0342925599430883 -0.319102586488555 0.947099488528221 -0.512808682158157 -0.0866826853136169 2.4458421376169 -0.10134141167556 -1.15518480061426 -0.183378112482922
24.3070446120297 13.1858313276399 2.40302760246354 -0.282556951134042 0.958715173933813 0.0320416637398045 0.439421617193312 0.0996718917759007 0.892734031689529 0.158317438090465 0.770074539891773 0.254220849445823 0.450610075656354 -0.167270987853278 -0.410508076628507
24.5344545491877 13.3232489266142 2.72414324185535 -0.903725904958753 0.367909282884081 0.218911239637699 0.215621221466903 -0.0505892211271399 0.975165678411214 0.380339368434787 0.461541657097618 -0.026345373599302 0.205746218979797 -0.155089071465436 0.220007195212235
24.5701080407406 13.4093329192321 3.22502159419317 -0.995775447618629 -0.0343867762598287 -0.0851392344887089 -0.0848690746501064 -0.00924381886892368 0.996349172123144 0.031279147743671 -0.0772241108497867 0.222789443847783 0.100939836779395 0.00162582659877512 -0.494060758921424
24.4756573952215 13.6924021201582 3.57426568957953 -0.69213405239311 -0.721170438405282 0.0293859396430985 0.0683059831573614 -0.0249160747503115 0.997353178511591 -0.143006395078865 -0.300819366834073 -0.115958065236029 0.322394189355954 -0.0345147495232499 0.0943088439533468
24.3215679126766 13.8544683855098 4.00150952861873 -0.0895463799136103 -0.994601991777841 -0.0524233346761669 0.102551406673648 -0.0615623991894616 0.992820810008976 -0.166975296687832 -0.0786474673959167 0.0857107455395802 0.157569533353047 0.0174762107934789 0.158530603874588
24.250938333858 13.8192555889047 4.46095541077619 0.415780843020327 -0.860123098009443 -0.295490148522992 0.0964499515434547 -0.281371421047822 0.95473944773742 0.518079207064482 -0.139387129536376 0.447615623865037 0.480438693244019 0.659366409691791 -0.0629683078578234
24.0158556623348 13.5522186144904 4.72257139927206 0.943175873662721 -0.329540780820878 0.0426852349163886 -0.137058272549724 -0.268779872815912 0.953400391112825 0.234725301870957 -0.952960482075397 0.174147836677554 0.579482457493986 -0.418782018249697 0.270530055689355
23.9404697583192 13.2413385668126 5.10132957430998 0.971576287013502 0.23360920771091 0.0382901961012128 -0.00720964187332161 -0.132473400628791 0.991160280535787 0.545347918243944 -0.376985584973285 0.263658620020573 0.593081132753194 -0.51072428840659 0.262417517384721
24.1487344395953 13.0804762797462 5.52490930811194 0.715107087866094 0.693557148578901 -0.0871792142719088 0.188904479107445 -0.071667693307938 0.979376700593766 0.381139130651026 0.0904478094992695 -0.100019702296359 0.181565075989127 0.171290110354672 0.211820955026661
24.272606542067 13.0428794723334 5.91483706848573 0.282495333828517 0.949807836946597 -0.134392489380441 0.185893787556376 0.0832391255804801 0.979037603411859 -0.380959616200959 0.174724593070894 0.417658426498903 0.441086739388617 -0.0604744943293334 -0.347243551355504
24.5950436146676 13.05575448745 6.23347027943863 -0.403240767776929 0.915092695256019 -0.00145708587772235 0.253129899351273 0.113072988270178 0.960801560085096 -0.211123677741225 0.234919770766637 0.184676849836812 0.25722455994303 0.354984902693717 0.21741413213584
24.7916468730727 13.2607185792087 6.63255114256683 -0.840072264785769 0.541299531705316 -0.0356831626631483 0.110452835547031 0.235076690991613 0.965680592192938 -0.43187247660201 0.126819722693186 0.380942279051079 0.486606344613341 -0.18740094759454 -0.508649266349656
24.8737115096028 13.5619596801533 6.90330522804664 -0.948538466092341 -0.149643741236482 0.279072410118601 0.252529748891144 0.174265244549907 0.951766901155534 -0.0627422901389313 -0.163460494620148 -0.56508153691188 0.436728331006341 -0.178842214821094 0.445818059667185
24.8768478205082 13.7832907383624 7.31415254891621 -0.681222386024169 -0.699057942599774 0.217379701805423 0.243074566079202 0.0641022460927573 0.96788715167758 -0.319927055297048 0.258685520069631 -0.240489330609721 0.218018561023953 -0.149847390877984 0.0337416664768388
24.77632881646 13.9359505439472 7.8083922905828 -0.221526780553759 -0.974697871704026 0.0298299381283437 0.00110934445153183 0.0303380547988352 0.999539020823863 0.0419919067543854 -0.0679443437196949 0.0842630888198264 0.295423201756992 0.218845362306169 -0.114715123879424
24.522990428405 13.8313618589035 8.21999200115814 0.371000186920448 -0.928118412071948 -0.0309023528329571 -0.125608585085851 -0.0831258180240716 0.988591154125245 0.0728072534349016 -0.267245555600487 -0.0237918851500007 0.382568474595802 0.161300984481669 0.0589252832949789
24.3089954293016 13.6452526900579 8.56769410697385 0.909501272845341 -0.404439068931113 0.0961059634439276 -0.100249017232427 0.0109766483723925 0.994901768872909 0.00490644278703774 -0.550537742325688 -0.0994696741510985 0.369970808849404 -0.731271491517979 0.0747864733403498
24.3548459700387 13.4202139607733 8.97978970981773 0.95398584699791 0.299515658586169 0.0141866061181645 -0.0278343954182585 0.0413489215519676 0.99875692449883 0.580276029562697 -0.0690640628325361 -0.333563254129256 0.33844575679776 -0.185921952778674 0.30238944685824
24.4933935859059 13.2455216112043 9.44525590938273 0.717952528376574 0.681255948774714 -0.142948872439233 0.256465228637441 -0.067968853917409 0.964160621920284 0.413122445253706 0.687531067342553 -0.0712186574321289 0.433125201764144 0.154639096505256 -0.0084238329964815
24.7944577719207 13.1262600512566 9.73824022341509 0.240860595518434 0.96948353280548 0.0456917276191024 0.25070863177135 -0.107628496016282 0.962060898641111 0.0605984460136806 0.624471120148746 0.0292050155150062 0.725399167102985 -0.100663985858043 0.299160930604879
25.1756876604825 13.0380488120717 9.99433184719712 -0.575758250191435 0.716382185310466 0.394079804402655 0.310114705794276 -0.254629888422277 0.915965267274057 -0.056918884541487 0.594435606292411 -0.160593748595724 0.49906649533722 -0.574645802917559 0.265000774276533
25.4305120128985 13.1128148051426 10.5035780697899 -0.85599174341477 0.453685871631584 0.247885349122743 0.276336959241677 -0.00372270245566958 0.961053540646957 -0.0765314331731084 -0.216725644354766 0.332906545190497 0.222777304483424 -0.465218650253231 0.0744059129289501
25.6226488914 13.3014345161195 10.9826012758972 -0.995698352188452 0.0543770270344932 0.0750187551085141 0.0769444928108897 0.0342285411324983 0.996447606716861 -0.0964378914739037 -0.69475634811805 0.282098929960648 0.185498384505437 0.346601880669167 0.182846742314201
17.2736352660602 13.9290659073478 19.9666624299261 -0.352821826361692 -0.0103474576489211 0.935633246439622 0.829010356476559 0.460223243596598 0.31770471409581 -0.879249171283759 -0.0672067386222194 0.263792497801769 0.50445464818864 -0.231334415138663 -0.555805096977053
17.5175589022031 14.2834205158876 20.2493077900202 0.00773928734049868 -0.67569880000675 0.737137108041684 0.900065473375897 0.325886546882835 0.289274926969049 -0.235099212971022 0.0890441570386113 0.0742483597866975 0.611179244863294 0.00956759450785557 0.364446783123643
17.8334071614708 14.4497022547778 20.5792138290469 0.23999191100166 -0.954792935640876 0.175425809407931 0.839807407513799 0.294842294915828 0.455841443993211 -0.295739138896549 0.0565258906608968 -0.508808127546049 0.219847344478606 -0.095128505419041 0.202441948383288
18.0915383826072 14.4697044172337 20.9533723384453 0.50668399195821 -0.702198409218148 -0.500188579678397 0.836447544746291 0.259834483465193 0.482536452210456 -0.0221972165588004 -0.3330416623564 -0.311518358542423 0.448093225861434 -0.187580239356991 0.439358808104955
18.502451526228 14.3536498045463 21.2885571602779 0.307630055926466 -0.479783234852082 -0.82168830893302 0.917869611376717 -0.0779469520671476 0.389152330834258 0.199645407491889 0.0921707870873967 -0.746445673322966 0.430160173398546 -0.101807028105401 -0.217918030188471
18.9001409639997 14.0675677628292 21.5379006089897 0.366386623056575 -0.0105588304538286 -0.930402728340085 0.920987321476759 0.146455065158194 0.361016825828809 0.0310139344120937 0.16349029507675 -0.294577939110909 0.468004017411708 0.32571895849608 0.19084799679636
19.3182346737503 13.9026358855978 21.662514705663 0.151534938836363 0.681775302316336 -0.715695102856845 0.929072244690545 0.148934906954148 0.33858977940308 -0.289902126578594 0.286350130407593 -0.409974960184155 0.292028242736598 -0.351901530155079 -0.409667298300344
19.8101959373174 13.8918398431195 21.5474031946386 -0.0757194919752206 0.986759903399838 -0.143427100013512 0.971422266982795 0.105451117423866 0.21264695072275 0.0345193111929847 0.630177752369358 -0.599262725126089 0.415965220961953 -0.0422690892479334 0.106182165157112
20.3546541959047 13.9433111339505 21.5254328499154 -0.365855604630859 0.911051775366044 0.19009003616776 0.92275935794069 0.328521251151766 0.201466724195199 0.161383964697021 0.436432479775582 0.31771859557257 0.679676937741154 0.370736731528733 -0.0102189204265862
20.6502125521856 14.252657242381 21.3938594984906 -0.239426486140199 0.462302026986118 0.853786668040676 0.947608650163185 0.302781687116082 0.101788917397533 -0.216684300291178 -0.0592361368227449 -0.178142482402059 0.402454476881225 -0.514357557291688 0.0118369563297886
21.0367404895217 14.4823085582192 21.3392262700563 -0.229692662574681 -0.12008112007057 0.965826944223063 0.950520535851855 0.185596335430508 0.249127662066928 -0.0695325283716338 -0.380377480615862 -0.489124765809574 0.352758250838346 -0.532803106259774 -0.0729246543020745
21.3899194653134 14.7859947574892 21.4558317064891 -0.00100833539396594 -0.700376378647992 0.713772928236333 0.916780107901425 0.284427281219783 0.28038408707527 0.137092015367717 -0.381845534697726 -0.0664804498145732 -0.0223532480846979 -0.220768747010704 0.327762505626281
21.9236474346717 15.0012826862516 20.6414818084087 0.131658610925502 -0.862436589539491 0.488742290135527 0.890874355147214 0.319170200697518 0.323223060946637 1.3364166778354 -0.558967279536996 -6.44642687177292 0.0226728434140645 -0.0671209587341676 -0.475779587931072
21.9650938224463 15.1007388321272 22.1901737907898 0.394269726626219 -0.78770455190928 -0.473363292356356 0.909763898241669 0.261726133250598 0.322225017761974 0.629096545131524 -0.715660401616943 -0.719714800607168 0.0253462527711977 -0.162388358971367 0.363112323196302
22.1981588349747 14.8802905871216 22.8703522971126 0.43499619156785 -0.60958323555019 -0.662711458028531 0.883505266310454 0.146914824814653 0.444785746202353 -0.345565027014689 -0.0535544868986072 -1.10954284695059 0.324340901847047 0.0485809623758119 -0.469998459599495
22.5798210614425 14.7621061952462 23.1523874275514 0.292942625564135 -0.0171514959094705 -0.955976112076833 0.953781222628957 -0.064796553146389 0.293432572393624 0.0722764572926884 -0.322726766341974 -0.415241529823725 0.415885343628775 0.172676198125828 -0.392018210150365
23.0032197469319 14.5313541270861 23.1491109042253 0.146953905376629 0.613593946982702 -0.775826590927636 0.979128981064012 0.0210898618508581 0.202142384952013 -0.206797836395872 0.506879711749757 -0.292482299159461 0.674205873908367 -0.0400707643603763 -0.278307799537656
23.4405770866125 14.4350647220037 23.0248960234163 0.000373320411909939 0.987231933901719 -0.159288575753076 0.961553199488772 0.0433891750950249 0.271169148333424 0.460807497339466 0.019734213242226 -0.324820106754353 0.442715889623322 0.00536199514352111 0.229479198872146
23.898006852881 14.5252768507271 22.99192086412 -0.341435536068131 0.900375802989987 0.26971293832209 0.909518203542672 0.244125469019254 0.336421274500086 0.38961949297479 -0.000375676048085795 0.484930972714665 0.323925694534189 -0.35541747659326 -0.262574128898881
24.2637036726086 14.8387529181753 22.9627543641703 -0.432004902288679 0.484176506399065 0.760884193452506 0.900854832613313 0.191621608553439 0.389540255281642 -0.0504496272984533 -0.09823868497069 0.646620084051403 0.414185605878465 0.210162665877461 0.279067297137253
24.5652586015147 15.2102853423792 23.0548637986247 -0.319654308728897 -0.181384591287873 0.930011093720838 0.893580726037687 0.268767299414947 0.359551813403603 -0.225368690132698 -0.238371238796984 0.508576781898038 0.29531020816092 0.0957463605104919 0.118318639025351
24.771082142126 15.4249436489152 23.3423959886751 0.00220213088698756 -0.56218539174982 0.827008232858606 0.92784438797775 0.309591920503333 0.207984411084144 0.459708416225343 -0.190407135432205 0.820797866710959 0.468376785538622 -0.170386736205992 0.0527827224611294
25.0758284979545 15.7479724042427 23.6507958568356 0.142374405327313 -0.907849943877959 0.394382923599334 0.868753819158043 0.305554860592917 0.389747238707918 0.237334499650765 -0.467959878729342 -0.110045290425428 0.239847386869923 -0.190802229223792 -0.10166412036122
25.3837503617211 15.8289467407181 24.0066590512942 0.34581938808927 -0.920967485985149 -0.179520815105484 0.843209699511945 0.221105879219673 0.490009668283381 0.154307999217703 -0.119723925130067 0.00300934722397282 0.369091466967008 -0.054257048329935 -0.227654739699844
25.7156635305847 15.8688468803207 24.4300806134668 0.418725414598829 -0.581276366370153 -0.697701007166491 0.868823959089052 0.0328845461817022 0.494027752281655 -0.0130416685609349 0.433204155620914 -0.416016028699154 -0.09370642940609 -0.290867351293128 -0.192195575572179
26.1398480875903 15.7934385502483 24.7015061822322 0.209987457967581 0.0522289634459574 -0.97630798609367 0.925041346755716 0.312692710378819 0.21568879937462 0.467360221212245 0.240870700863033 0.0615020454886466 0.00877197388975742 0.323365877666323 0.121505021162401
