
#id1 id2 FENE BEXC STCK NEXC HB CRSTCK CXSTCK total, t = 100
0 1 2.02438 0 0 0 0 0 0 2.02438
1 2 0.0642034 0 -1.29835 0 0 0 0 -1.23415
2 3 0.0271658 0 -1.30065 0 0 0 0 -1.27348
3 4 0.00956956 0 -1.00493 0 0 0 0 -0.995356
4 5 0.0258014 0 -1.39071 0 0 0 0 -1.3649
5 6 0.066314 0 -1.14173 0 0 0 0 -1.07542
6 7 0.0558875 0 -1.31229 0 0 0 0 -1.2564
7 8 0.178508 0 -1.25646 0 0 0 0 -1.07795
8 9 0.181788 0 -1.29999 0 0 0 0 -1.1182
9 10 0.738821 0 -1.38131 0 0 0 0 -0.642487
10 11 0.0203666 0 -1.23646 0 0 0 0 -1.21609
11 12 0.0243106 0 -1.07813 0 0 0 0 -1.05382
12 13 0.299606 0 -1.29613 0 0 0 0 -0.996527
13 14 0.31373 0 -1.24493 0 0 0 0 -0.9312
14 15 0.10771 0 -1.05627 0 0 0 0 -0.948558
15 16 0.1277 0 -1.32454 0 0 0 0 -1.19684
16 17 0.0555798 0 -1.33244 0 0 0 0 -1.27686
17 18 0.203944 0 -1.27506 0 0 0 0 -1.07112
18 19 1.98306 0 0 0 0 0 0 1.98306
19 20 1.90178 0 0 0 0 0 0 1.90178
20 21 0.000519366 0 -1.108 0 0 0 0 -1.10748
21 22 0.0608947 0 -0.785074 0 0 0 0 -0.724179
22 23 0.0482547 0 -0.96576 0 0 0 0 -0.917505
23 24 0.06367 0 -1.10545 0 0 0 0 -1.04178
25 26 0.738427 0 -1.18804 0 0 0 0 -0.449618
26 27 0.0594943 0 -1.28352 0 0 0 0 -1.22403
27 28 0.0031195 0 -1.24076 0 0 0 0 -1.23764
28 29 0.00021379 0 -0.519436 0 0 0 0 -0.519222
29 30 1.5833 0 0 0 0 0 0 1.5833
29 31 0 0 0 0 -0 -0 -0.181024 -0.181024
30 31 1.84393 0 0 0 0 0 0 1.84393
31 32 0.379349 0 -1.24522 0 0 0 0 -0.865874
32 33 0.105318 0 -1.32053 0 0 0 0 -1.21521
33 34 0.11767 0 -1.28972 0 0 0 0 -1.17205
34 35 0.100977 0 -1.11412 0 0 0 0 -1.01314
35 36 0.247394 0 -0.494164 0 0 0 0 -0.24677
36 37 1.80243 0 0 0 0 0 0 1.80243
37 38 1.80885 0 0 0 0 0 0 1.80885
38 39 0.0875034 0 -1.31534 0 0 0 0 -1.22783
39 40 0.00259097 0 -1.17436 0 0 0 0 -1.17177
40 41 0.16928 0 -1.18256 0 0 0 0 -1.01328
41 42 0.0184841 0 -1.35605 0 0 0 0 -1.33756
42 43 0.129549 0 -1.25228 0 0 0 0 -1.12274
43 44 0.0658795 0 -1.19402 0 0 0 0 -1.12814
44 45 0.0455193 0 -1.27294 0 0 0 0 -1.22742
45 46 0.208701 0 -1.42126 0 0 0 0 -1.21256
46 47 0.0230185 0 -1.42302 0 0 0 0 -1.4
47 48 0.027291 0 -1.14984 0 0 0 0 -1.12255
48 49 0.0904912 0 -1.2082 0 0 0 0 -1.11771
49 50 0.000564603 0 -0.983615 0 0 0 0 -0.98305
#Total energy per particle is  -0.62278 and should be -0.6227810

