
#id1 id2 FENE BEXC STCK NEXC HB CRSTCK CXSTCK total, t = 100
0 1 0.00132176 0 -1.00933 0 0 0 0 -1.00801
1 2 0.0659717 0 -0.997892 0 0 0 0 -0.93192
2 3 0.430107 0 -1.24562 0 0 0 0 -0.815517
3 4 0.103835 0 -1.33629 0 0 0 0 -1.23246
4 5 0.469669 0 -1.35963 0 0 0 0 -0.88996
5 6 0.0495999 0 -1.31132 0 0 0 0 -1.26172
6 7 0.0733856 0 -1.21791 0 0 0 0 -1.14452
7 8 0.200567 0 -1.20376 0 0 0 0 -1.0032
8 9 0.14599 0 -1.1802 0 0 0 0 -1.03421
9 10 0.0221655 0 -1.3443 0 0 0 0 -1.32214
10 11 0.152178 0 -1.25682 0 0 0 0 -1.10464
11 12 0.0932372 0 -1.2572 0 0 0 0 -1.16396
12 13 0.173332 0 -1.19395 0 0 0 0 -1.02061
13 14 0.421215 0 -1.24075 0 0 0 0 -0.81953
14 15 0.130828 0 -1.26936 0 0 0 0 -1.13853
15 16 0.236641 0 -1.26441 0 0 0 0 -1.02777
16 17 0.0736004 0 -1.15897 0 0 0 0 -1.08537
17 18 0.130632 0 -1.26294 0 0 0 0 -1.13231
18 19 0.167632 0 -1.37372 0 0 0 0 -1.20609
19 20 0.0919179 0 -1.29489 0 0 0 0 -1.20297
20 21 0.348507 0 -1.05584 0 0 0 0 -0.707335
21 22 0.0706712 0 -1.26092 0 0 0 0 -1.19025
22 23 0.0646594 0 -1.42342 0 0 0 0 -1.35876
23 24 0.000702768 0 -1.19365 0 0 0 0 -1.19294
#Total energy per particle is  -1.03979 and should be -1.0397910

