t = 100
b = 30 30 30
E = -0.88603803824141 -1.03978890410915 0.153750865867737
0.372595167143456 18.8071638037571 10.4607891013006 -0.00343129344266793 -0.406029694595494 0.913853377394613 0.631789506581081 0.707485453968429 0.316711592763874 -0.185021932230877 -0.776536060635784 0.349567147045278 0.117517531772426 -0.179075280940079 -0.150610373285937
0.538560401137976 19.2494760816181 10.7446418027647 0.34245372439509 -0.813495313697237 0.470053935527762 0.513283315319503 0.581035000228322 0.631615747787284 -0.253888138611587 -0.224929142994127 0.271338666688308 0.00394948267402822 -0.380838291632716 -0.364049361853048
0.736197310593668 19.3104513800552 11.178768596445 0.736595642254419 -0.655884822760161 -0.165051026287444 0.641433669825766 0.600085513594974 0.477975003998836 -0.00183536464950668 -0.326858608086899 -0.171871664867983 0.354624793051035 -0.147488785589849 0.284879606014658
0.996070101519925 19.4731531344695 11.5067723984703 0.682321074478465 -0.336444321302853 -0.649032396169394 0.724635434127178 0.428635122916047 0.539606617555705 0.527500965208409 -0.455973344790124 0.276671044501822 0.382388867565386 0.360927962269986 0.039651715693846
1.36398981522211 19.3627496439668 11.8103140076424 0.521774365110345 0.312441099692364 -0.79380851184547 0.755317478809477 0.263338622498305 0.60012346012007 -0.289638867753108 0.174724707141168 -0.322444273724647 0.665726786601609 -0.326737758858667 0.220368031815964
1.77857332630955 19.3802528494148 12.0136325353641 0.199786768617182 0.694907683828105 -0.690788273527772 0.835534364008198 0.247440996022618 0.490566174025681 0.0815020957905196 0.0730915959902834 -0.0632596051054197 0.521601753231352 -0.204590568829274 0.170891591079555
2.26297059577282 19.4847437262235 12.0762098979433 -0.315717300938516 0.90159788130607 -0.295708856763222 0.82501132382986 0.414782452051105 0.383812087330316 0.300825366582582 0.398814835548632 -0.0273122319379691 0.278794879009245 -0.0520841952082014 0.28443099479596
2.68736234648614 19.7788467064345 12.1149148294732 -0.67381892590323 0.728794856262996 0.121762036312826 0.729919694061338 0.630924113046426 0.262967473296688 -0.164823175938902 -0.256741094232177 0.134495905356028 0.563091952478825 0.00526630279064695 -0.125708593855351
2.89510437707938 20.2272219754068 12.1035449572861 -0.748362668369855 0.410327903211878 0.521137419375296 0.611184548714688 0.731835501143278 0.301446738614271 -0.176500216632266 -0.00473345305315058 0.223134977708588 0.501064427720649 0.0386309756357087 -0.107999197152973
3.12153191433891 20.674184942649 12.1545880199239 -0.694912547872374 -0.0400363587393661 0.717978778768733 0.549415448535701 0.614609529554505 0.566036812662452 -0.425843997830996 0.0990366060696624 0.499554065938243 0.427650137795198 0.123810035477724 -0.416854538049962
3.17744213826609 21.128427122905 12.3526922859379 -0.200364083852803 -0.60151780703062 0.773324280647523 0.66898010792726 0.492670001112023 0.556544486988253 -0.0806781517338473 0.186737737263134 1.00313185930712 0.497095701536659 -0.14750970859173 -0.2244100010751
3.23047615629939 21.4586553259439 12.7010628440453 0.453103815409101 -0.773771080406716 0.442690782337677 0.628236316330769 0.6294810551816 0.457244587523334 0.286017752897363 -0.39299500449721 0.278966629239826 0.385849756282319 -0.254081465389207 0.174303907331556
3.35533607061101 21.7262813382194 13.0859131328978 0.754008086640635 -0.622801682522131 -0.208781594658456 0.612271697053875 0.551259152225558 0.566777379278217 0.396535932799418 0.0350247397851612 0.334038129159817 0.373747140109945 -0.138239293377432 0.242134192209123
3.64441553329543 21.8302744365741 13.4854168184613 0.661167559478602 -0.418837364104532 -0.62244084178205 0.744765543129572 0.266391623429631 0.611849393241112 0.235383783272604 0.512334601853494 -0.350158246736316 0.529702062850219 0.131999560980006 -0.272680639243932
3.91356495745972 21.7225707587432 13.7909855902899 0.570819522555165 0.177187825581666 -0.801729024003042 0.718663298341597 0.364419634019943 0.592217256777361 0.51430021499185 0.436243651424698 -0.280309476135845 0.601265041074343 -0.0414144484562328 0.248399715037129
4.35408180302482 21.7714042194856 13.9339770871751 0.0767600115412057 0.637868185913477 -0.766310615351695 0.7428325890269 0.476078091566003 0.470690213838154 -0.210001532727754 0.520215199949676 -0.442948426026647 0.422089522255487 0.122555492097347 -0.00642780517295246
4.81918041761029 21.9606332343462 13.9471130270787 -0.308624895034707 0.806635110596467 -0.504073758387652 0.809505166372655 0.50100536749566 0.306096218041516 0.274017111253812 0.535704697690241 -0.170650915782395 0.638142388393537 0.255374494519114 -0.07409683310773
5.21796280773083 22.1344692704034 13.7701031556299 -0.566125205405257 0.812185852894754 0.140912288155117 0.77969752805902 0.472118267454723 0.411310087126051 -0.784131680419716 0.0662363928099355 0.156988971355823 0.573052299810588 -0.243024219661992 0.0824963445816801
5.6006136246307 22.4528854019088 13.7785026845923 -0.721787831895488 0.432061097557426 0.540689758432091 0.659455399932984 0.666467532896964 0.347763551858459 -0.121307284299267 -0.132071500588798 0.164678752699913 0.18454206154757 -0.176593666516749 -0.104824482468177
5.79114291746018 22.8711655048097 13.8586044184667 -0.50007455897169 -0.133946491024955 0.855560432601139 0.595257101430507 0.664390792141704 0.451944401281593 -0.109100276319486 0.440132656467091 0.260434595539378 0.458777593504023 0.0584510071407766 -0.00730182626094588
5.82911474503858 23.2791589429217 14.1458918220467 -0.0137198366965761 -0.579389896115733 0.814934964020488 0.507066100093895 0.698410011462888 0.505081490793909 -0.00804426930126538 -0.194143996998689 -0.0114461965860834 0.555975741528357 0.201559292385971 0.259604346584939
5.90940674594478 23.5046232930461 14.5372733153903 0.28736264698717 -0.822141040267572 0.491433312161537 0.53548707555171 0.563298289221187 0.629244399688857 0.0986551384281482 0.0460829811394028 0.246884096080121 0.316287979795378 0.440075264753859 0.0868854227983802
6.03212863582634 23.7519000553458 14.9628955053952 0.535027507316595 -0.843991644401881 -0.0377299970880707 0.711954712432856 0.426382858585739 0.557958804098724 0.143059805555211 0.315440941781236 0.0427362579669577 0.619079915457383 -0.111032540605737 -0.357250217358641
6.2291929951078 23.7573039165879 15.3959703209198 0.707745663270176 -0.387127296673992 -0.590955508589872 0.706448233179063 0.381681720895437 0.596028391167031 -0.225050928113628 -0.251307384260004 -0.518870633878086 0.246405482136807 -0.00556660034828454 0.0396882974858281
6.56039883487907 23.7335965201356 15.7512887600433 0.324121034799486 0.336714270119571 -0.884063881136907 0.69699219087679 0.546872496318132 0.463823500291846 0.657982499347642 -0.169250262771114 -0.0741490920177286 0.10512249030714 -0.31429289005562 0.644572486843153
