t = 0
b =  30.0 30.0 30.0
E = 0. 0. 0.
21.3536593389 20.0949717965 3.08337920968 0.756638408231 -0.365399153565 0.542200864776 0.337767163056 0.928484312276 0.154370416268 0.0 0.0 0.0 0.0 0.0 0.0
21.3745843662 20.4385523466 3.49593181348 0.941178519037 -0.334885576328 -0.0451070512408 0.337767163056 0.928484312276 0.154370416268 0.0 0.0 0.0 0.0 0.0 0.0
21.6100510666 20.7057957191 3.89820226353 0.768149174795 -0.177143369656 -0.615278044342 0.337767163056 0.928484312276 0.154370416268 0.0 0.0 0.0 0.0 0.0 0.0
22.0206173955 20.9326592549 4.16022006402 0.303287116279 0.0478985648277 -0.951694621497 0.337767163056 0.928484312276 0.154370416268 0.0 0.0 0.0 0.0 0.0 0.0
22.5003180322 21.1704412701 4.20529904559 -0.276798788401 0.254743033712 -0.92654650046 0.337767163056 0.928484312276 0.154370416268 0.0 0.0 0.0 0.0 0.0 0.0
22.9169223763 21.4662919678 4.03917172322 -0.751724205539 0.364806365013 -0.549387872867 0.337767163056 0.928484312276 0.154370416268 0.0 0.0 0.0 0.0 0.0 0.0
23.1621711641 21.8453002879 3.74781141795 -0.941057028834 0.336273659008 0.0364923929039 0.337767163056 0.928484312276 0.154370416268 0.0 0.0 0.0 0.0 0.0 0.0
23.1929059726 22.3009621991 3.46476955479 -0.77286655324 0.17998496775 0.60850858849 0.337767163056 0.928484312276 0.154370416268 0.0 0.0 0.0 0.0 0.0 0.0
23.047465826 22.7976516895 3.32043724353 -0.311051152431 -0.0446830219439 0.949342197588 0.337767163056 0.928484312276 0.154370416268 0.0 0.0 0.0 0.0 0.0 0.0
22.8311215594 23.2841556835 3.39250751607 0.268937781685 -0.252375184541 0.929504833667 0.337767163056 0.928484312276 0.154370416268 0.0 0.0 0.0 0.0 0.0 0.0
22.6760816685 23.7131307463 3.6764584447 0.746752756138 -0.364185795043 0.556533042944 0.337767163056 0.928484312276 0.154370416268 0.0 0.0 0.0 0.0 0.0 0.0
22.691264092 24.0590896457 4.08727109797 0.940863873495 -0.337636133147 -0.0278749555299 0.337767163056 0.928484312276 0.154370416268 0.0 0.0 0.0 0.0 0.0 0.0
22.920916465 24.3280843778 4.49172965426 0.777525074906 -0.182812859292 -0.601692792354 0.337767163056 0.928484312276 0.154370416268 0.0 0.0 0.0 0.0 0.0 0.0
23.3278057032 24.555406913 4.7590323196 0.318791500834 0.0414640762749 -0.946917477595 0.337767163056 0.928484312276 0.154370416268 0.0 0.0 0.0 0.0 0.0 0.0
23.8073634742 24.7921811857 4.81048511612 -0.261056294315 0.249988116023 -0.932392381482 0.337767163056 0.928484312276 0.154370416268 0.0 0.0 0.0 0.0 0.0 0.0
24.2274134546 25.0859402572 4.64939903995 -0.741724438624 0.363537490916 -0.563635830875 0.337767163056 0.928484312276 0.154370416268 0.0 0.0 0.0 0.0 0.0 0.0
24.4783873259 25.4625677113 4.3598321584 -0.940599067729 0.338972894987 0.0192553953702 0.337767163056 0.928484312276 0.154370416268 0.0 0.0 0.0 0.0 0.0 0.0
24.5149516101 25.9164640474 4.07465454482 -0.782124385026 0.185626828928 0.594831174981 0.337767163056 0.928484312276 0.154370416268 0.0 0.0 0.0 0.0 0.0 0.0
24.3732306162 26.412674025 3.9250687163 -0.326507572029 -0.0382419729561 0.94442064617 0.337767163056 0.928484312276 0.154370416268 0.0 0.0 0.0 0.0 0.0 0.0
24.1570822109 26.9001667437 3.99076360379 0.253154926497 -0.247582009942 0.935208924007 0.337767163056 0.928484312276 0.154370416268 0.0 0.0 0.0 0.0 0.0 0.0
23.9986404791 27.3312231354 4.26963939493 0.736639635923 -0.362861502001 0.570695695755 0.337767163056 0.928484312276 0.154370416268 0.0 0.0 0.0 0.0 0.0 0.0
24.0081157755 27.6795652364 4.67860528788 0.940262631703 -0.340283842728 -0.0106343688376 0.337767163056 0.928484312276 0.154370416268 0.0 0.0 0.0 0.0 0.0 0.0
24.2319239683 27.9503396247 5.08514707612 0.786664133347 -0.188426662361 -0.587924258912 0.337767163056 0.928484312276 0.154370416268 0.0 0.0 0.0 0.0 0.0 0.0
24.6350522751 28.1781621493 5.35767151104 0.334198778409 0.0350169573629 -0.941851893456 0.337767163056 0.928484312276 0.154370416268 0.0 0.0 0.0 0.0 0.0 0.0
25.114361204 28.4139667905 5.41550077721 -0.245234279952 0.245157049532 -0.937954246752 0.337767163056 0.928484312276 0.154370416268 0.0 0.0 0.0 0.0 0.0 0.0
10.5149815149 16.3727550016 17.7634193562 -0.305064059644 0.913184862967 0.270239385658 0.723555033721 0.0377498041626 0.689233679867 0.0 0.0 0.0 0.0 0.0 0.0
10.9800744588 16.634316384 17.8263423165 -0.610194173076 0.501771678044 0.613097263293 0.723555033721 0.0377498041626 0.689233679867 0.0 0.0 0.0 0.0 0.0 0.0
11.3060736217 17.0102566362 18.0290208173 -0.683501318253 -0.100272956544 0.723029240164 0.723555033721 0.0377498041626 0.689233679867 0.0 0.0 0.0 0.0 0.0 0.0
11.4762686376 17.3633396648 18.3965138562 -0.497134885094 -0.664222218466 0.558270320292 0.723555033721 0.0377498041626 0.689233679867 0.0 0.0 0.0 0.0 0.0 0.0
11.5331417407 17.5650132178 18.8912646321 -0.121898597435 -0.97582235439 0.181415171959 0.723555033721 0.0377498041626 0.689233679867 0.0 0.0 0.0 0.0 0.0 0.0
11.5622280548 17.5442480344 19.4273690022 0.299649005425 -0.916691263001 -0.2643626333 0.723555033721 0.0377498041626 0.689233679867 0.0 0.0 0.0 0.0 0.0 0.0
11.6596193691 17.3145230488 19.9032119017 0.60735494126 -0.509293834538 -0.609704654262 0.723555033721 0.0377498041626 0.689233679867 0.0 0.0 0.0 0.0 0.0 0.0
11.8954572614 16.9687045176 20.240072606 0.684316580477 0.0915928366054 -0.723409683351 0.723555033721 0.0377498041626 0.689233679867 0.0 0.0 0.0 0.0 0.0 0.0
12.2872851397 16.6437645763 20.4120320503 0.501294909608 0.657681857771 -0.56227927897 0.723555033721 0.0377498041626 0.689233679867 0.0 0.0 0.0 0.0 0.0 0.0
12.7933832084 16.4687432352 20.4558199153 0.127822921375 0.973906545316 -0.1875295757 0.723555033721 0.0377498041626 0.689233679867 0.0 0.0 0.0 0.0 0.0 0.0
13.3286185161 16.5157239218 20.4568604075 -0.294211131774 0.920127853446 0.258465748705 0.723555033721 0.0377498041626 0.689233679867 0.0 0.0 0.0 0.0 0.0 0.0
13.796788387 16.7724477815 20.5168181754 -0.604469457014 0.516777206334 0.606265613861 0.723555033721 0.0377498041626 0.689233679867 0.0 0.0 0.0 0.0 0.0 0.0
14.1271694262 17.1469710217 20.714974209 -0.685079729344 -0.0829057415179 0.723735036091 0.723555033721 0.0377498041626 0.689233679867 0.0 0.0 0.0 0.0 0.0 0.0
14.3013865195 17.5025958955 21.0781056668 -0.505416758574 -0.651091412057 0.566245417905 0.723555033721 0.0377498041626 0.689233679867 0.0 0.0 0.0 0.0 0.0 0.0
14.3603938468 17.7098044614 21.5703127854 -0.133737511104 -0.971916569488 0.193629698338 0.723555033721 0.0377498041626 0.689233679867 0.0 0.0 0.0 0.0 0.0 0.0
14.3889157043 17.6954646147 22.1066577999 0.288750852806 -0.923494372592 -0.252549180943 0.723555033721 0.0377498041626 0.689233679867 0.0 0.0 0.0 0.0 0.0 0.0
14.4832583277 17.4706141967 22.5854342207 0.601537940079 -0.524221223546 -0.602780403987 0.723555033721 0.0377498041626 0.689233679867 0.0 0.0 0.0 0.0 0.0 0.0
14.7147215435 17.1262675343 22.9268068294 0.685790706737 0.0742123328372 -0.724005273605 0.723555033721 0.0377498041626 0.689233679867 0.0 0.0 0.0 0.0 0.0 0.0
15.1025107724 16.7988375755 23.1031424131 0.509500118097 0.644451383211 -0.570168435058 0.723555033721 0.0377498041626 0.689233679867 0.0 0.0 0.0 0.0 0.0 0.0
15.6064405694 16.6183103299 23.1495080842 0.139641916204 0.96985257845 -0.199715075325 0.723555033721 0.0377498041626 0.689233679867 0.0 0.0 0.0 0.0 0.0 0.0
16.1422017455 16.6588610099 23.1503486976 -0.283268584343 0.926790564066 0.246613380582 0.723555033721 0.0377498041626 0.689233679867 0.0 0.0 0.0 0.0 0.0 0.0
16.6133918389 16.9106736283 23.2074048388 -0.5985606137 0.531625319281 0.59924929005 0.723555033721 0.0377498041626 0.689233679867 0.0 0.0 0.0 0.0 0.0 0.0
16.9481400216 17.2836702548 23.4010598746 -0.686449458513 -0.0655132726 0.724220375315 0.723555033721 0.0377498041626 0.689233679867 0.0 0.0 0.0 0.0 0.0 0.0
17.1264120286 17.6417331289 23.7598009677 -0.513544677213 -0.637762276897 0.574048031678 0.723555033721 0.0377498041626 0.689233679867 0.0 0.0 0.0 0.0 0.0 0.0
17.1876215102 17.8544180718 24.2493963277 -0.145535687032 -0.967714729384 0.205785243235 0.723555033721 0.0377498041626 0.689233679867 0.0 0.0 0.0 0.0 0.0 0.0
