t = 100
b = 30 30 30
E = -0.636902256632551 -0.860416131739497 0.223513875106946
6.30022785763561 13.8741844114182 18.5324086777801 -0.752317198663442 0.404525790605234 0.519978460917813 0.614277814646081 0.715959962460397 0.331758920696209 -0.936062894329774 2.50380326412105 -0.577008340619345 -0.118871471583614 0.852592823881773 -0.440352958224853
6.44100788958127 13.9319057688705 18.3703167293173 -0.266612832571411 0.21016553146761 0.940610402376413 0.496769973042964 0.86627767277494 -0.0527492082739043 0.615438448969209 1.87458293235249 1.4201998516342 0.315637036354531 -0.859898674986128 -0.0299367771512819
6.71462983635196 14.3342342173424 18.2692939517931 -0.0325971305395368 -0.252887415175096 0.966946363179809 0.606996409407341 0.763597621638918 0.220167925064391 0.341986510420779 0.457143699322834 -0.277830781890378 0.507184238425249 0.31301487483312 -0.519123425423587
6.77587869040455 14.5992583388047 18.6605071284266 0.39984785862918 -0.694662882923297 0.59796743336542 0.570675301087521 0.699189440735221 0.430654992019872 0.00826854092281413 0.304443668034244 -0.112796960614586 0.788335842550066 0.815397450287388 -0.183189800939818
6.88485887354816 14.7172371617414 19.1119393227834 0.735406282533555 -0.676977363677968 0.0296501366170965 0.598855294757643 0.669771700586859 0.439065030000312 0.571903405849052 0.116944030598197 0.240531761307554 0.699093034461941 -0.184804146795569 0.0160181993781604
7.22962238779144 14.8908615612669 19.3760598032043 0.641219623087936 -0.437246478358399 -0.630597171671896 0.698049362306539 0.673664639536632 0.242699245503009 0.0651020352672622 -0.0897544869990571 0.43667603673898 0.486295510491935 -0.271282637904478 -0.0680375749340324
7.619406648519 14.984117492465 19.6056042869503 0.208690191871001 0.0539161066448647 -0.976494413833919 0.74462373303503 0.638550452945903 0.194393150372352 -0.105728315626513 -0.182214101896159 0.0115772992676929 0.315847516173953 -0.0146424118907374 0.309419832762177
8.11099574359197 15.1033767006114 19.5721177723609 -0.322002669335023 0.342013028005683 -0.88280306512276 0.809798746429602 0.58255490267018 -0.0696825732146882 0.267325714781627 0.0553351406112312 -0.000308540838604148 0.377446159913956 0.0222630466609443 0.0531985904809543
8.59861251912066 15.2538162594515 19.2740233335388 -0.639546909781714 0.490404330682547 -0.592016236205113 0.683108483633994 0.715770648168236 -0.145034697094859 0.870444750629818 0.41530163911986 -0.519606574876925 0.648521325009512 0.0394256973106704 -0.156218298991867
8.89864419446621 15.4706327376965 19.0436899832328 -0.826040178972618 0.553053033373055 -0.10858106901631 0.561648937821607 0.82380577784854 -0.0767749667591697 -0.026279274397569 0.428733512128348 -0.248237869172748 0.472240733400296 0.0487515411511193 -0.339460017871375
9.13860082287202 15.8410712937478 18.8153406687558 -0.783492593040253 0.384429000349593 0.488214689570315 0.507454483971887 0.84928344122998 0.145627832338864 -0.188639374205082 0.164862423070467 0.0067675414220176 0.483771756204738 -0.0424206789415075 -0.483491688203094
9.25227415186704 16.2504254885806 18.6434941466588 -0.322703026944398 -0.0319572838505854 0.945960553856925 0.616077368525086 0.751638279341275 0.235559874266354 0.0672982983604289 0.453939897825972 -0.0638680190991224 0.345969760922911 0.174769254073398 0.336647576804781
9.34680178369311 16.7072105211444 18.7543484591213 0.263719119615843 -0.553733123243162 0.789830198370843 0.644109896823593 0.710606403826901 0.283126936863006 0.13395014183517 0.19381140343405 0.329522905982984 0.287997058503434 -0.403060962905941 0.129795482760275
9.58086413200623 17.047258951778 18.9192507225862 0.407951286432948 -0.732180720875527 0.545423707609617 0.683435708752531 0.641009170957669 0.349317564603147 0.498609627705224 -0.876316632309903 0.113680041175178 0.511489248937991 0.0647184056040471 -0.427758150392019
9.64615506960287 17.3913106602429 19.2230603012264 0.715453727206264 -0.698638588335218 -0.00547432001807979 0.687303011804281 0.70239506810063 0.185082738634394 0.141406438356891 -0.464008033947747 -0.113679403796671 0.589644141663581 0.293261828653767 0.263900263137112
9.93403702863256 17.5510074255892 19.5505507830835 0.631511638711681 -0.359577030043784 -0.686947808597422 0.645732068174707 0.73433539089962 0.209240318415332 -0.453799100233507 -0.677950344983254 -0.441094591517367 0.201529424894567 0.0426669084676669 0.265532499920243
10.4132220079951 17.750606193577 19.6634004618991 0.247990427189239 -0.147131494043936 -0.957524387325106 0.799315723971578 0.589523680383062 0.116430609102002 0.374834536949508 -0.428636464325741 -0.416098751790861 0.341888139673793 -0.0727803861480855 -0.387678705756704
10.9249324640015 17.8562385016522 19.6886901737654 -0.174157068302529 0.12461148152596 -0.976801503715464 0.744668951454902 0.665716948127759 -0.0478432799806928 0.346067701897118 0.664693609802977 -0.651979507003008 0.376781100307174 0.354261008552157 0.15480518141793
11.3636127457734 17.9688250252129 19.5197602894242 -0.627721463516943 0.51658427809178 -0.582328368545972 0.653548894421225 0.756132375255028 -0.033727657061363 -0.0487433649294246 0.0984032746123563 -0.488313091298698 0.304932105337134 -0.152433450336114 -0.399387042861188
11.6566404434809 18.238626832393 19.2772469112245 -0.745805502466003 0.660249856669544 0.0885672644126605 0.665870773187408 0.734917597193552 0.128499492995786 -0.164806808102912 0.4530905913883 -0.0819661268261036 0.524076438371383 0.0340167256283012 0.224793799800229
11.8660431335561 18.6314293730829 19.1831934154163 -0.716452587486028 0.366192034614217 0.593800441616053 0.45439269903668 0.890800737481962 -0.00110021759074715 -0.10386222012334 0.377566695869942 0.388489577264695 0.316266654968555 0.49220444295605 0.00543135137108122
11.9488072883551 19.0380461756582 19.0705982944679 -0.186077864713055 0.130427987728171 0.973839539819962 0.49391816488595 0.869228925763452 -0.0220411504382043 0.065317263735839 0.431892932152214 0.0465009629308069 0.525003977003879 -0.288608960089472 0.113612483116435
12.1569552300266 19.5065998993682 19.0792771156255 0.0951479778971559 -0.259354565556797 0.961083739132217 0.633596718970546 0.760430403807379 0.142480458475251 0.421137103599755 0.188712679395819 -0.283715639189955 0.370226415238869 0.0332716982384591 -0.0542815628116965
12.2849985860931 19.9845519737524 19.2263955858766 0.516282368188163 -0.644993465261527 0.563414436173941 0.718728422185008 0.68405393694975 0.124497178046423 0.464982811340326 0.290462378417782 -0.0617920306333664 -0.0591472965926763 -0.0577831620389419 0.0325492537272691
12.6379654585106 20.3247397676857 19.532697154471 0.58972649459299 -0.77202586760219 -0.237062452456926 0.785054404261246 0.616886525628341 -0.0560399856334017 0.19252070684355 -0.328048460778061 -0.0869150788353811 -0.123241351925044 0.491102436798618 0.542973509233367
6.09009703347474 28.9098398046264 18.7741685392702 0.222393516625529 0.941566675606804 -0.252968777506637 0.703625750257072 0.0246001033396642 0.7101447177153 0.161240512320693 0.2980907318633 -0.765408738898948 0.228424529914946 0.0811315294432642 -0.339769184203128
6.59495129623841 28.9326158260018 18.8997333614867 -0.480532774129752 0.863131373940812 0.155217155696195 0.744794716610229 0.308219151742539 0.591845984351793 0.00423554434550796 -0.562449786838519 -0.139773781219953 0.354167824061742 0.0416479179449458 0.0608358166208865
6.82582991739104 29.3297505377409 19.1544034862156 -0.784564556768742 0.431534387378014 0.445237475611303 0.620043350375683 0.548510909309093 0.560965169140587 -0.148599514536937 0.10456605670107 0.293359921263908 0.439462053736924 0.281137485378213 -0.0146429991582091
7.07363590874459 29.7639927956363 19.390861305958 -0.821413649813866 -0.101932331187581 0.561149977029006 0.485336130109853 0.391829801949892 0.781612520732532 -0.037096232334451 0.014500010905843 0.388262528415263 0.853863285712502 0.0664473900701528 -0.343133417289361
7.07645276974241 30.1709239588229 19.6497966550458 -0.502741770823236 -0.555039773156419 0.662707661519919 0.552785787203379 0.382974450167557 0.740106971199686 0.22432123391929 0.0421574441842934 0.0635695364246141 0.604143719442968 0.209027479905564 0.259627271528575
7.10550536170148 30.4144959357783 20.0520572725602 -0.0653927237356217 -0.9558200947409 0.286586146041055 0.542171783864892 0.207076493138848 0.814351868592424 -0.319806725007833 -0.431917883177907 -0.27405824548053 0.356074703277751 0.257538031690263 -0.0483232521311577
7.2174334249271 30.4899013639593 20.5969334979871 0.425355209292962 -0.883847377569879 -0.194644907786429 0.375093849419088 -0.0235638289088122 0.926687245414959 -0.771226024431094 -0.14259350281943 -0.726611469420376 0.451065474124789 0.476342759248724 -0.193144536349006
7.42304180500001 30.3496057180687 21.0040047774706 0.61019726316463 -0.589183508536336 -0.529643252702357 0.648023222838524 -0.0134128104078228 0.761502387188165 0.567005987153023 0.0872794840586351 0.0748515496214456 0.800506140578169 -0.0490630713673028 -0.233076258893881
7.61092737805231 30.0660474636557 21.3005922808588 0.740767100215328 0.249069489078251 -0.623881700237848 0.638339339606383 0.0283071467633055 0.769234345309204 0.21549962571375 -0.262526079332065 -0.161331709854899 0.498997648861198 -0.0361563846301397 0.332331838922163
7.99107633748475 29.8738918452987 21.6284442775198 0.391338360554284 0.6431853622075 -0.658154053577133 0.75157285511228 0.189319522822397 0.631898919140435 0.101765663014893 -0.294371822397753 0.330638099124499 0.562834249452312 -0.199881190390017 -0.112777600450562
8.45452450356886 29.7989116977871 21.7304556858108 0.0157103014712274 0.926446838317167 -0.376097491730918 0.821695526563234 0.202356895859885 0.532792676780806 -0.568096838667412 -0.638371828799335 0.392480323730572 0.562991812549369 -0.334066503692905 -0.229055731432887
8.88180406428147 29.4579445159755 21.6246775929895 -0.318605855574385 0.90966172283366 0.266469021992158 0.81001332690727 0.115277526514662 0.574969030276744 0.338236767377142 -1.22880936918535 -1.25272897268397 0.377495134282673 -1.38162372919805 -0.147491307553137
9.39547816583753 29.2481654835728 21.9066514745639 -0.662462868393823 0.311393316422564 0.681305392481371 0.744345977465946 0.171388605715719 0.64542613247864 0.400136951801687 -3.27107481659233 0.381588439936433 -0.0856901426403155 -0.37289123894969 0.389062693450329
9.51750919284121 30.4395937850371 22.3608901169906 -0.706307262968739 -0.095663765098085 0.701411701595761 0.639153963571201 0.339770046164272 0.689955367478704 -0.15925427922046 -0.464934100690225 0.636089876990089 0.409508763838279 -0.061630770226364 -0.455895583788374
9.71588067183045 30.773807468882 22.6030311833228 -0.489680951902863 -0.630156107595653 0.60259084481414 0.5255067157235 0.338179798304943 0.780690079645966 -0.129830281437492 -0.774693934616593 0.758737571522262 0.651080609822245 -0.026031030670881 -0.0447712828273129
9.66091237180264 30.9952803648875 23.0494462900393 0.0196600985490863 -0.939082018653625 0.343130184574517 0.373086405859562 0.325297358630575 0.868900486645129 -0.0824630755976324 -1.24417063849868 0.0670220703815308 0.520467167620252 -0.322346193481611 -0.0835117419337238
9.65670324500786 31.2052714375927 23.5043117224262 0.427862868720954 -0.903794969789283 0.00937548682949205 0.587242693487837 0.285860127009905 0.757251535311871 -0.266183211386744 -0.193943412946072 0.475995078170066 0.332402804488426 -0.0101708963789944 0.0663931560392473
9.91288852663131 31.1964529614827 23.9583884735797 0.578229418438449 -0.614377048239389 -0.536834671274903 0.772032446136168 0.199236190960839 0.603548443523724 0.19259183107051 -0.0072946957361063 0.223790465750543 0.348090598562705 0.396325856633702 -0.0508320561974691
10.1690933927213 30.9299659334148 24.2506265212297 0.677292003835835 0.238049013904353 -0.696137983851563 0.734510688463371 -0.164687088263607 0.658310040951619 0.00991823233513071 0.0515705493758326 -0.254670466618177 0.474932909965002 -0.00873856891822387 0.0229070775273809
10.5470627855554 30.7289049976994 24.4013013053167 0.414658447771428 0.761782209002587 -0.497741018640083 0.754355364043277 0.0181487998769244 0.656215279424211 -0.269927838710771 -0.190801530521673 -0.734046276230834 0.90011377783232 0.0986319810877007 0.475759274939416
11.0004211273089 30.765555630754 24.6501270229974 -0.0060631267806506 0.853016588544501 -0.521848465298473 0.853273312588535 0.276529985542447 0.442103735955336 0.0288653202938791 0.250378003540461 0.475083449285214 0.532351776382979 0.360669208711265 -0.20316317055135
11.469238970131 30.8401248440892 24.6100274268754 -0.436323530265129 0.885704339125774 0.158585881206162 0.788567439459341 0.291522893860642 0.541457000195067 0.726207813308467 0.28061272382915 -0.0511597286664397 0.664687849936847 -0.187020360186685 0.0466193089693864
11.9146078571688 31.0954121128339 24.7157484046214 -0.773411202938522 0.470008417386307 0.42535523930676 0.624538980134268 0.450055198167368 0.638279928859798 0.477649515696425 -0.0191827020918327 0.122474647728061 0.484639935431246 -0.393189109900508 0.0207025511129456
12.1864282620631 31.4682754011031 24.8257017256572 -0.642826322192829 -0.212106395011183 0.736060514181731 0.654412177934829 0.347375171842693 0.671621228140993 -0.299370536608492 0.0854572249399104 -0.323394919351661 0.276980922076718 -0.496408287269184 0.0193875894219
12.3525147285737 31.7805861432253 25.1438234641355 -0.253498480701668 -0.831826762104917 0.493763760350486 0.693716389856226 0.199409950072498 0.692093290920489 -0.611928717904977 -0.446838723145527 0.227190599551774 0.0447069829369166 -0.0983721702186699 0.813759379702772
