t = 0
b =  30.0 30.0 30.0
E = 0. 0. 0.
9.11179993933 3.21573459966 24.1076302673 0.706793560485 -0.352348503542 0.613427579189 0.370197810812 0.923146130811 0.103705361664 0.0 0.0 0.0 0.0 0.0 0.0
9.12455860113 3.58949111301 24.4934130914 0.926011383664 -0.375595906377 0.0378237020558 0.370197810812 0.923146130811 0.103705361664 0.0 0.0 0.0 0.0 0.0 0.0
9.34840158697 3.87763052768 24.8878178296 0.793422000105 -0.256148144751 -0.552150031867 0.370197810812 0.923146130811 0.103705361664 0.0 0.0 0.0 0.0 0.0 0.0
9.7531051427 4.10738096469 25.1563599507 0.359398333397 -0.0393854203651 -0.932352737227 0.370197810812 0.923146130811 0.103705361664 0.0 0.0 0.0 0.0 0.0 0.0
10.2397335598 4.3281534939 25.2123722359 -0.211166768987 0.192340483707 -0.958339049608 0.370197810812 0.923146130811 0.103705361664 0.0 0.0 0.0 0.0 0.0 0.0
10.6782265053 4.59277004242 25.0499311047 -0.701506085314 0.350993022257 -0.620236334468 0.370197810812 0.923146130811 0.103705361664 0.0 0.0 0.0 0.0 0.0 0.0
10.9568111166 4.9373954614 24.7461070815 -0.925331511273 0.376297443361 -0.0464954660661 0.370197810812 0.923146130811 0.103705361664 0.0 0.0 0.0 0.0 0.0 0.0
11.0244663808 5.36779789444 24.4316844154 -0.797608025382 0.258640174375 0.544909807258 0.370197810812 0.923146130811 0.103705361664 0.0 0.0 0.0 0.0 0.0 0.0
10.9103068705 5.85715736337 24.241473957 -0.366859915353 0.0427211789105 0.929294734398 0.370197810812 0.923146130811 0.103705361664 0.0 0.0 0.0 0.0 0.0 0.0
10.7125216309 6.35625512637 24.2630962625 0.203264410089 -0.189428306682 0.960625054961 0.370197810812 0.923146130811 0.103705361664 0.0 0.0 0.0 0.0 0.0 0.0
10.56107052 6.8121727009 24.5036930795 0.696165187739 -0.349610811494 0.62699785635 0.370197810812 0.923146130811 0.103705361664 0.0 0.0 0.0 0.0 0.0 0.0
10.5683102856 7.18839647996 24.8872140776 0.924581171305 -0.376970323838 0.0551636892666 0.370197810812 0.923146130811 0.103705361664 0.0 0.0 0.0 0.0 0.0 0.0
10.7863083583 7.47868986183 25.2833096404 0.80173330972 -0.261112507548 -0.537628085657 0.370197810812 0.923146130811 0.103705361664 0.0 0.0 0.0 0.0 0.0 0.0
11.1870615641 7.70946263939 25.5568528642 0.374293559506 -0.0460536840728 -0.926165962177 0.370197810812 0.923146130811 0.103705361664 0.0 0.0 0.0 0.0 0.0 0.0
11.6731349986 7.92973747822 25.6192765277 -0.195346571819 0.186501703958 -0.962837904997 0.370197810812 0.923146130811 0.103705361664 0.0 0.0 0.0 0.0 0.0 0.0
12.1146791759 8.19252538634 25.4622212605 -0.690771274489 0.348201976514 -0.633711629917 0.370197810812 0.923146130811 0.103705361664 0.0 0.0 0.0 0.0 0.0 0.0
12.3987620194 8.53468594595 25.1607114074 -0.923760420901 0.377614496565 -0.0638277115386 0.370197810812 0.923146130811 0.103705361664 0.0 0.0 0.0 0.0 0.0 0.0
12.472273646 8.96292374195 24.8446520253 -0.805797538963 0.263564955993 0.530305421596 0.370197810812 0.923146130811 0.103705361664 0.0 0.0 0.0 0.0 0.0 0.0
12.3621036982 9.45124117795 24.6494757808 -0.381698699755 0.0493826820688 0.922966658833 0.370197810812 0.923146130811 0.103705361664 0.0 0.0 0.0 0.0 0.0 0.0
12.1649255197 9.95081539788 24.6646898153 0.187413857151 -0.183560898408 0.964977431199 0.370197810812 0.923146130811 0.103705361664 0.0 0.0 0.0 0.0 0.0 0.0
12.0104683359 10.4085469052 24.8998704855 0.685324756333 -0.346766624605 0.640377143891 0.370197810812 0.923146130811 0.103705361664 0.0 0.0 0.0 0.0 0.0 0.0
12.0122309519 10.7872329496 25.2810251459 0.922869322565 -0.378229912486 0.0724868730832 0.370197810812 0.923146130811 0.103705361664 0.0 0.0 0.0 0.0 0.0 0.0
12.224361659 11.0797014735 25.6787031912 0.809800403603 -0.265997332946 -0.522942372724 0.370197810812 0.923146130811 0.103705361664 0.0 0.0 0.0 0.0 0.0 0.0
12.6210863935 11.3115358971 25.9571765062 0.389074772171 -0.0527079193823 -0.919697068004 0.370197810812 0.923146130811 0.103705361664 0.0 0.0 0.0 0.0 0.0 0.0
13.1065007347 11.5313555487 26.0260048457 -0.179466870192 0.180606113985 -0.967043470634 0.370197810812 0.923146130811 0.103705361664 0.0 0.0 0.0 0.0 0.0 0.0
2.30256797681 22.9466909543 6.42448086308 -0.558480476295 0.638692515038 -0.529312222446 0.571053241438 0.758844347265 0.313134878396 0.0 0.0 0.0 0.0 0.0 0.0
2.67316944923 23.2704379957 6.20877851268 -0.805190693965 0.592063011739 0.0336056019544 0.571053241438 0.758844347265 0.313134878396 0.0 0.0 0.0 0.0 0.0 0.0
2.86022767762 23.7291458192 6.00073656031 -0.745995504927 0.320498871515 0.583756096317 0.571053241438 0.758844347265 0.313134878396 0.0 0.0 0.0 0.0 0.0 0.0
2.87723620719 24.2609113706 5.92576182846 -0.403384151187 -0.0728281484537 0.912127889807 0.571053241438 0.758844347265 0.313134878396 0.0 0.0 0.0 0.0 0.0 0.0
2.8022933068 24.7760757432 6.05870667779 0.0924795858117 -0.438486537203 0.893967047994 0.571053241438 0.758844347265 0.313134878396 0.0 0.0 0.0 0.0 0.0 0.0
2.74843113092 25.1912870959 6.39543134384 0.553208781984 -0.637556559365 0.536173178317 0.571053241438 0.758844347265 0.313134878396 0.0 0.0 0.0 0.0 0.0 0.0
2.82067291429 25.4611674108 6.85437670276 0.803764712724 -0.594408185247 -0.0253218461409 0.571053241438 0.758844347265 0.313134878396 0.0 0.0 0.0 0.0 0.0 0.0
3.07613288921 25.5955523612 7.30754994605 0.74895699087 -0.325434203578 -0.577196677891 0.571053241438 0.758844347265 0.313134878396 0.0 0.0 0.0 0.0 0.0 0.0
3.50231763377 25.6557545747 7.62915118846 0.409607986291 0.0671776729988 -0.909784841496 0.571053241438 0.758844347265 0.313134878396 0.0 0.0 0.0 0.0 0.0 0.0
4.0218725317 25.7312699408 7.74336694762 -0.0853579405594 0.434267628453 -0.896730533026 0.571053241438 0.758844347265 0.313134878396 0.0 0.0 0.0 0.0 0.0 0.0
4.52197008439 25.9057766265 7.65317295357 -0.547894958683 0.63637205129 -0.542993302524 0.571053241438 0.758844347265 0.313134878396 0.0 0.0 0.0 0.0 0.0 0.0
4.897174964 26.2253443413 7.43920361911 -0.802277521688 0.596708092269 0.0170361619707 0.571053241438 0.758844347265 0.313134878396 0.0 0.0 0.0 0.0 0.0 0.0
5.08950065731 26.6809316845 7.22911767832 -0.751861440839 0.330344752568 0.570593303703 0.571053241438 0.758844347265 0.313134878396 0.0 0.0 0.0 0.0 0.0 0.0
5.11043951152 27.2118211244 7.14909849906 -0.415800628162 -0.0615220817041 0.907372509548 0.571053241438 0.758844347265 0.313134878396 0.0 0.0 0.0 0.0 0.0 0.0
5.03659659945 27.7286866039 7.27591491189 0.0782297949695 -0.430015648542 0.899425728556 0.571053241438 0.758844347265 0.313134878396 0.0 0.0 0.0 0.0 0.0 0.0
4.98058617161 28.1475300028 7.60775544786 0.542539411059 -0.635139081021 0.549772075689 0.571053241438 0.758844347265 0.313134878396 0.0 0.0 0.0 0.0 0.0 0.0
5.04824761959 28.4215934282 8.06491654578 0.800729234113 -0.59896255766 -0.00874918043088 0.571053241438 0.758844347265 0.313134878396 0.0 0.0 0.0 0.0 0.0 0.0
5.29843532169 28.5591233197 8.52008326774 0.754708633648 -0.335230144525 -0.563946476627 0.571053241438 0.758844347265 0.313134878396 0.0 0.0 0.0 0.0 0.0 0.0
5.72065888057 28.6202374892 8.84669837261 0.421961605204 0.0558618052646 -0.90489107767 0.571053241438 0.758844347265 0.313134878396 0.0 0.0 0.0 0.0 0.0 0.0
6.23906860063 28.694085359 8.96704352785 -0.0710956918778 0.425730921275 -0.902052429334 0.571053241438 0.758844347265 0.313134878396 0.0 0.0 0.0 0.0 0.0 0.0
6.74127205549 28.8649786057 8.88176580344 -0.537142546959 0.633857742451 -0.556508981582 0.571053241438 0.758844347265 0.313134878396 0.0 0.0 0.0 0.0 0.0 0.0
7.12103384988 29.1803597447 8.66963183917 -0.799119967906 0.601171409734 0.000461532607074 0.571053241438 0.758844347265 0.313134878396 0.0 0.0 0.0 0.0 0.0 0.0
7.31863622243 29.6327779255 8.45760308128 -0.757498352472 0.340090007409 0.557256702842 0.571053241438 0.758844347265 0.313134878396 0.0 0.0 0.0 0.0 0.0 0.0
7.3435668217 30.1627196341 8.37260100633 -0.428090448237 -0.0501972747323 0.902340734832 0.571053241438 0.758844347265 0.313134878396 0.0 0.0 0.0 0.0 0.0 0.0
7.27091418983 30.6812188725 8.49328753028 0.063956174574 -0.421413772949 0.904610435327 0.571053241438 0.758844347265 0.313134878396 0.0 0.0 0.0 0.0 0.0 0.0
