
#id1 id2 FENE BEXC STCK NEXC HB CRSTCK CXSTCK total, t = 100
0 1 1.68102 0 0 0 0 0 0 1.68102
1 2 0.00552734 0 -1.09376 0 0 0 0 -1.08823
2 3 0.0842916 0 -1.34774 0 0 0 0 -1.26345
3 4 0.337994 0 -1.29994 0 0 0 0 -0.961948
4 5 0.0899678 0 -1.33885 0 0 0 0 -1.24888
5 6 0.0896297 0 -1.0799 0 0 0 0 -0.990272
6 7 0.0966084 0 -1.18251 0 0 0 0 -1.0859
7 8 0.0595135 0 -1.26615 0 0 0 0 -1.20664
8 9 0.851669 0 -1.02859 0 0 0 0 -0.176919
9 10 0.129205 0 -1.27466 0 0 0 0 -1.14545
10 11 0.147449 0 -1.3491 0 0 0 0 -1.20165
11 12 0.0795982 0 -1.27774 0 0 0 0 -1.19814
12 13 0.0957459 0 -1.16067 0 0 0 0 -1.06492
13 14 0.0466296 0 -1.34528 0 0 0 0 -1.29865
14 15 0.089886 0 -1.40209 0 0 0 0 -1.3122
15 16 0.245829 0 -1.281 0 0 0 0 -1.03517
16 17 0.0351922 0 -1.32554 0 0 0 0 -1.29035
17 18 0.595577 0 -1.23624 0 0 0 0 -0.640667
18 19 0.0977669 0 -1.19572 0 0 0 0 -1.09796
19 20 0.276644 0 -1.23932 0 0 0 0 -0.962672
20 21 0.0189724 0 -1.34754 0 0 0 0 -1.32857
21 22 0.0912221 0 -1.25869 0 0 0 0 -1.16747
22 23 0.000160452 0 -1.00401 0 0 0 0 -1.00385
23 24 0.0818527 0 -1.20962 0 0 0 0 -1.12777
25 26 0.147738 0 -1.32193 0 0 0 0 -1.17419
26 27 0.161358 0 -1.23805 0 0 0 0 -1.07669
27 28 0.0101234 0 -1.02558 0 0 0 0 -1.01546
28 29 0.349881 0 -1.10898 0 0 0 0 -0.759099
29 30 0.21915 0 -1.41873 0 0 0 0 -1.19958
30 31 0.192224 0 -1.38606 0 0 0 0 -1.19383
31 32 0.130202 0 -1.31375 0 0 0 0 -1.18354
32 33 0.369462 4.76389e-05 -1.10195 0 0 0 0 -0.732445
33 34 0.114758 0 -1.16275 0 0 0 0 -1.04799
34 35 0.0470871 0 -1.31309 0 0 0 0 -1.266
35 36 0.222727 0 -1.23863 0 0 0 0 -1.01591
36 37 0.10225 0 -1.39863 0 0 0 0 -1.29638
37 38 0.220588 0 -1.29288 0 0 0 0 -1.07229
38 39 0.00575305 0 -1.234 0 0 0 0 -1.22824
39 40 0.00871445 0 -1.34548 0 0 0 0 -1.33677
40 41 0.0882638 0 -1.0612 0 0 0 0 -0.972941
41 42 0.130588 0 -1.25511 0 0 0 0 -1.12453
42 43 0.0340749 0 -1.32358 0 0 0 0 -1.28951
43 44 0.0711778 0 -1.32456 0 0 0 0 -1.25338
44 45 0.0149893 0 -0.705471 0 0 0 0 -0.690482
45 46 0.0203733 0 -1.36828 0 0 0 0 -1.3479
46 47 0.0600793 0 -1.30815 0 0 0 0 -1.24807
47 48 0.0999891 0 -1.18401 0 0 0 0 -1.08402
48 49 1.89161 0 0 0 0 0 0 1.89161
#Total energy per particle is  -0.938687 and should be -0.93868710

