
#id1 id2 FENE BEXC STCK NEXC HB CRSTCK CXSTCK total, t = 100
0 1 1.71879 0 0 0 0 0 0 1.71879
1 2 0.164449 0 -0.559877 0 0 0 0 -0.395427
2 3 0.000495871 0 -0.125536 0 0 0 0 -0.12504
3 4 0.0925653 0 -1.10045 0 0 0 0 -1.00788
4 5 0.724064 0 -1.24886 0 0 0 0 -0.524797
5 6 0.110978 0 -1.39232 0 0 0 0 -1.28134
6 7 0.128287 0 -1.268 0 0 0 0 -1.13972
7 8 0.115774 0 -1.17071 0 0 0 0 -1.05494
8 9 0.210526 0 -1.22504 0 0 0 0 -1.01451
9 10 0.117992 0 -1.12997 0 0 0 0 -1.01198
10 11 0.0111453 0 -1.43837 0 0 0 0 -1.42722
11 12 0.00760305 0 -0.90031 0 0 0 0 -0.892707
12 13 0.0146789 0 -1.2383 0 0 0 0 -1.22362
13 14 0.424176 0 -1.09608 0 0 0 0 -0.671908
14 15 0.378349 0 -1.05421 0 0 0 0 -0.67586
15 16 0.105086 0 -1.09442 0 0 0 0 -0.989335
16 17 0.197485 0 -1.34664 0 0 0 0 -1.14916
17 18 0.181165 0 -1.33666 0 0 0 0 -1.1555
18 19 0.6431 0 -1.24762 0 0 0 0 -0.604522
19 20 0.32128 0 -1.22726 0 0 0 0 -0.905976
20 21 0.0985123 0 -1.26007 0 0 0 0 -1.16156
21 22 0.000560334 0 -1.31856 0 0 0 0 -1.318
22 23 0.0895958 0 -1.12827 0 0 0 0 -1.03867
23 24 0.0535113 0 -1.1932 0 0 0 0 -1.13969
25 26 0.109415 0 -1.40324 0 0 0 0 -1.29383
26 27 0.645202 0 -1.26931 0 0 0 0 -0.624108
27 28 0.0561088 0 -0.902415 0 0 0 0 -0.846306
28 29 0.0356439 0 -1.11102 0 0 0 0 -1.07538
29 30 0.00848859 0 -0.691525 0 0 0 0 -0.683036
30 31 0.28789 0 -0.0587559 0 0 0 0 0.229134
31 32 0.0207477 0 -1.27642 0 0 0 0 -1.25567
32 33 0.015057 0 -1.25015 0 0 0 0 -1.23509
33 34 0.128301 0 -1.25704 0 0 0 0 -1.12873
34 35 0.104938 0 -1.03522 0 0 0 0 -0.93028
35 36 0.0916649 0 -1.2743 0 0 0 0 -1.18264
36 37 0.567221 0 -1.38703 0 0 0 0 -0.819805
37 38 0.120958 0 -1.24155 0 0 0 0 -1.12059
38 39 0.0121825 0 -1.27292 0 0 0 0 -1.26074
39 40 0.325 0 -1.28515 0 0 0 0 -0.960155
40 41 0.494877 0.023824 -0.935057 0 0 0 0 -0.416356
41 42 0.236387 0 -1.17185 0 0 0 0 -0.935461
42 43 0.0164733 0 -1.18843 0 0 0 0 -1.17196
43 44 0.0141457 0 -1.21593 0 0 0 0 -1.20178
44 45 0.0680649 0 -1.02993 0 0 0 0 -0.961869
45 46 0.0770923 0 -1.37385 0 0 0 0 -1.29676
46 47 0.0665509 0 -0.475706 0 0 0 0 -0.409155
47 48 0.00329449 0 -1.36261 0 0 0 0 -1.35931
46 49 0 0 0 0 0 -0.000395135 0 -0.000395135
45 49 0 0 0 0 0 -0.0223505 0 -0.0223505
44 49 0 0 0 0 0 -0.00344267 0 -0.00344267
48 49 1.54764 0 0 0 0 0 0 1.54764
#Total energy per particle is  -0.81218 and should be -0.8121810

