
#id1 id2 FENE BEXC STCK NEXC HB CRSTCK CXSTCK total, t = 100
0 1 1.87616 0 0 0 0 0 0 1.87616
1 2 0.766639 0 -0 0 0 0 0 0.766639
2 3 0.0743741 0 -0.726361 0 0 0 0 -0.651986
3 4 0.0268735 0 -1.30139 0 0 0 0 -1.27451
4 5 0.239982 0 -1.25859 0 0 0 0 -1.01861
5 6 0.218272 0 -1.25433 0 0 0 0 -1.03606
6 7 0.0351923 0 -1.2597 0 0 0 0 -1.22451
7 8 0.246408 0 -1.20815 0 0 0 0 -0.961738
8 9 0.0576477 0 -1.28808 0 0 0 0 -1.23044
9 10 0.0651778 0 -1.36415 0 0 0 0 -1.29897
10 11 0.595169 0 -1.26579 0 0 0 0 -0.670617
11 12 0.247504 0 -1.3358 0 0 0 0 -1.08829
12 13 0.154513 0 -1.27123 0 0 0 0 -1.11672
13 14 0.231575 0 -1.37961 0 0 0 0 -1.14804
14 15 0.280549 0 -1.33741 0 0 0 0 -1.05686
15 16 0.125591 0 -1.30741 0 0 0 0 -1.18182
16 17 0.134187 0 -1.07143 0 0 0 0 -0.937243
17 18 0.169425 0 -1.36042 0 0 0 0 -1.19099
18 19 0.246186 0 -1.36414 0 0 0 0 -1.11795
19 20 0.460024 0 -1.3934 0 0 0 0 -0.933371
20 21 0.0845752 0 -1.12963 0 0 0 0 -1.04506
21 22 0.0546979 0 -1.38169 0 0 0 0 -1.327
22 23 0.139041 0 -0.99838 0 0 0 0 -0.859339
23 24 0.0303983 0 -0.798392 0 0 0 0 -0.767994
25 26 0.0308178 0 -1.15134 0 0 0 0 -1.12052
26 27 0.0211261 0 -1.07142 0 0 0 0 -1.05029
27 28 0.0156131 0 -1.32226 0 0 0 0 -1.30665
28 29 0.138441 0 -1.24469 0 0 0 0 -1.10625
29 30 0.00253106 0 -1.09692 0 0 0 0 -1.09439
30 31 0.065611 0 -1.15188 0 0 0 0 -1.08627
31 32 0.503016 0 -1.15108 0 0 0 0 -0.648064
32 33 0.00426075 0 -1.07876 0 0 0 0 -1.0745
33 34 0.0741406 0 -1.26808 0 0 0 0 -1.19394
34 35 0.100664 0 -1.24258 0 0 0 0 -1.14192
35 36 0.237736 0 -1.13943 0 0 0 0 -0.901699
36 37 0.119029 0 -1.24519 0 0 0 0 -1.12616
37 38 0.147135 0 -1.19388 0 0 0 0 -1.04675
38 39 0.0973732 0 -1.30947 0 0 0 0 -1.21209
39 40 0.597059 0 -1.2817 0 0 0 0 -0.684642
40 41 0.230834 0 -1.37571 0 0 0 0 -1.14487
41 42 0.131823 0 -1.27735 0 0 0 0 -1.14553
42 43 0.0140063 0 -1.29384 0 0 0 0 -1.27984
43 44 0.495279 0 -1.36886 0 0 0 0 -0.873576
44 45 0.00814252 0 -1.36508 0 0 0 0 -1.35694
45 46 0.0359498 0 -0.919099 0 0 0 0 -0.88315
46 47 0.0100825 0 -1.38341 0 0 0 0 -1.37333
47 48 0.0192811 0 -1.21418 0 0 0 0 -1.19489
48 49 2.20624 0 0 0 0 0 0 2.20624
#Total energy per particle is  -0.866707 and should be -0.86670710

