t = 100
b = 30 30 30
E = -0.657047727398836 -0.86670680253981 0.209659075140974
13.1988371670271 12.4552485958701 22.615370735492 -0.283462087614356 -0.828727000758855 0.482556404887993 0.433056748007587 0.338348088645314 0.835453353051633 -4.65305201943885 8.06265499447374 -5.43084514725085 -0.156697885456305 1.20888617016383 0.239211307068352
14.3164646201765 11.6939335204346 24.5462379624347 0.296195881587414 -0.951651056624445 0.0814134466415214 0.62304448505185 0.25711621885031 0.738719636092906 0.011126302945171 2.5179756147784 0.390862681584078 0.116857041588684 1.34238992704922 0.29075328106561
14.3104823233463 10.8374265661005 24.9150584898638 0.662068660077521 -0.749373408470462 0.0102208789495596 0.374105831372911 0.342276935191042 0.86191137717853 0.269582290451297 -0.0475215823111497 -0.24749175872347 0.482996644842014 -0.0438350106098384 -0.428024676574217
14.5040568079533 10.9556745849399 25.3996219995691 0.805106231221234 -0.378844436227761 -0.456377838864698 0.584963908940351 0.634400666190825 0.505324550432996 0.728752937740967 -0.252292549447652 -0.400511522514823 0.622206907608183 0.139169869928527 -0.169508503158311
14.8133413080584 10.916633919532 25.7361688502477 0.525317666363339 0.398236368780281 -0.751963448371083 0.597980237467949 0.455928214623499 0.659203296065723 0.328258943694666 -0.0413024519948876 -0.560725813442128 0.433422432898258 -0.0235508095773006 0.261306941689706
15.1999628012377 11.0616992617736 26.0476944906103 0.113147264079159 0.638970635255546 -0.760864051403151 0.59914664815873 0.567005822060538 0.565267702893492 0.111428215031485 -0.131738079548201 -0.412612011430793 0.244928635099024 0.222704407938043 0.149308364400186
15.5602940829289 11.2979655185643 26.1824585239372 -0.506155227743134 0.718925925899108 -0.476395088259936 0.397872399025253 0.684734588023835 0.610602963432084 0.279009398562191 0.465404584394452 -0.318238971017787 0.365168628705674 -0.0297471726608037 0.0758384467472369
15.9118939295351 11.6770968150429 26.2141156390263 -0.863501020264278 0.498798652326117 0.0746041312845027 0.477760063717271 0.761589144126965 0.437866627894553 -0.196214314560449 -0.00860079063100527 -0.686686226460374 0.514265938959102 0.0790294397665193 0.113193797030796
16.1756861140397 12.1025557150403 26.3332807740416 -0.947575763655533 0.161290124161829 0.275836091613056 0.278431171632174 0.840314240076477 0.465132187002489 -0.154345033040481 -0.0896784685989005 0.244538455996189 0.468898785668173 0.544891933082267 0.120992510883083
16.2164131768158 12.5731561317754 26.4346644331506 -0.652452492748731 -0.380082230480052 0.655624224547355 0.242247451089059 0.715140019687589 0.655660590323938 -0.378737791743794 0.0312411751588337 0.0761440489508247 0.29405975001631 -0.1679812366054 -0.177182196934429
16.149943498653 12.9613537634479 26.7126924889364 -0.0037267994684073 -0.758679667458505 0.651453112829693 0.353684454238158 0.608349893884901 0.710505169090544 -0.24244952588622 -0.16532395273695 -0.164716578049569 0.693407996906992 0.0313925407103165 0.135967883894082
16.0581037140754 13.2410638949983 26.9922062509349 0.54911621001538 -0.706660254777068 0.446209093932631 0.266076552084387 0.653944128037893 0.70820917189797 0.123038636635296 0.0337342227817666 -0.0741284279957338 0.385559607748316 -0.354665406508031 0.377372351448835
16.1117939602705 13.4515362085705 27.4336901220132 0.752712955656319 -0.657354103006719 0.0361755523763801 0.437821617704262 0.54085711219711 0.718182217594568 0.437920289956219 -0.00730264535887658 0.149926535709129 0.441064697990461 -0.165907675287864 -0.253963213294014
16.2159058742043 13.5795426380413 27.9027720905704 0.850246473919067 -0.307076147711373 -0.427533687988391 0.523047961297594 0.401556554473239 0.75177992290534 0.329752850865575 0.22058856502748 -0.12555602223167 0.390515251409634 0.282916238024524 0.0605571634249276
16.519878511584 13.5476482489305 28.2440463929498 0.677388300774616 0.312389009851024 -0.666001559530708 0.486324080579451 0.489111331197122 0.724057233775724 0.255757569972155 -0.285858053945969 -0.116782440840727 0.317950953825855 -0.520175116999399 -0.283712929669956
16.846869747223 13.6532771556173 28.568410835304 0.19838857660103 0.641116399996767 -0.741357953576484 0.373444904849607 0.649891300112159 0.661951722361162 0.014148129115062 0.450786841118117 -0.111305300501425 0.461990117252162 0.0090553498881004 0.128343271262478
17.2415681307553 13.8754154691899 28.7408898966037 -0.403397256579049 0.744217900073592 -0.532362894475002 0.55470162347127 0.661603595298599 0.504565828569598 -0.0300643300621714 0.199665836772387 -0.222901827949969 0.0131164064798871 0.180072629511963 -0.162253283861805
17.6528132647396 14.0777129933277 28.7936631179462 -0.828693293825578 0.559660134420998 0.0069166718195123 0.443913982462609 0.649680037441347 0.617135403252037 -0.0611909171258873 0.0981440396126802 -0.305043799547517 0.400696754797237 -0.313044706541684 -0.12026481426954
17.8191643747549 14.5259392851257 28.8242821173063 -0.869079982911966 0.158656174181578 0.468538240976391 0.437838824351659 0.687511367534067 0.579331653663087 -0.628882064363499 0.493345611639916 0.0957509547656974 0.396447938269686 -0.343891522971452 -0.0575551185311563
17.9506317634427 14.9809142447957 28.9706858018611 -0.680855494641493 -0.279129272981362 0.677142913449193 0.365776725490487 0.67139582645991 0.644542405799053 -0.452625525720984 -0.253130219815341 0.598640510187539 0.294988211366978 0.0881079054148339 0.199205548024263
17.9748408563993 15.3487788016576 29.2027523921648 -0.192672878198509 -0.656508191403337 0.729296947382819 0.474024073110361 0.588478322687939 0.654976581831753 -0.296043194470932 -0.132079818405028 0.298096432297103 0.458405581851626 0.275110711910437 -0.147527449633402
17.9211382967362 15.7195258113305 29.5432499479914 0.260201214064617 -0.856326406767682 0.44609449076654 0.298502924547432 0.510717843062384 0.806264953949284 0.811681989670814 0.0406769645959125 0.349284564123636 0.469213571503485 0.200436526467135 0.0161160126932308
17.8824873742352 15.7798312757793 30.0231611521999 0.782512085010587 -0.622134235052846 0.0249742111540997 0.350094382930274 0.472804858629043 0.808634266675299 0.173879741064027 -0.228806105769141 0.0856914321014924 0.767640781444507 -0.193595776569257 -0.110761863785024
17.9210502297841 15.9117614929434 30.503021187761 0.847678501602094 -0.309232002060599 -0.431064505445827 0.513826029201753 0.276393907255844 0.812150921055162 0.296000897851142 0.0141665672711496 0.406226107356978 0.324993789529345 0.129053969475228 0.0818461660353171
18.2382496275606 16.0627386474467 30.9054679738151 0.556866965558212 0.0626326156426518 -0.828236813509574 0.659250537411295 0.573245666141965 0.486598415361201 0.451191530136019 -0.0179012320584436 -0.0263132040543372 0.432874604535187 0.248015202048904 -0.0740234718486486
1.74762168123002 29.5242055262294 7.69620505697935 -0.416692545229929 -0.371435106493258 0.829700652959179 -0.0225404259423553 0.9166554076058 0.399042208214971 -0.00117989163329658 -0.460661811738345 0.105859971551931 0.512582537257733 -0.302168814729414 -0.644338144440754
1.6216723599322 29.984719583827 7.92329228095025 0.15804495011617 -0.618634626139664 0.769618659955884 -0.0116406582304324 0.778192949714875 0.627917286252654 -0.243199400055084 -0.0729008300406212 0.0881188996359181 0.499621983310814 0.140678701146572 -0.55073727504774
1.55383034366846 30.2272963233707 8.35250080163043 0.830020989355382 -0.45349785299021 0.324660954783614 0.100789807732403 0.694488627607353 0.71240918731054 0.155324057508816 0.189807609519859 0.160449536287865 0.449003496266517 0.179674483208128 0.107690715432971
1.63705941889987 30.3539051214988 8.82696744225906 0.958584626388662 0.0349245665839632 -0.282658224198534 0.196702017838805 0.636549180913286 0.745730076157044 0.0334240277292197 -0.513351078062685 0.403727708553879 0.450987531948722 -0.327061886284126 0.000620341190429323
1.83670082106495 30.4784504883026 9.24953861406074 0.639763111530665 0.38313108815053 -0.666268424367562 0.123934918747702 0.804119245003894 0.58140541514868 -0.0512913400071368 -0.322060085183952 -0.231511812361933 0.456595503755958 0.0314962471673231 0.482466208518463
2.20879212677882 30.7572531221455 9.56592142051587 0.0970500157481269 0.420774902188199 -0.901958789209864 0.367483789043937 0.827052060181738 0.425370940060809 0.082594138904074 0.144780203715079 -0.294738353804469 0.337661653072528 -0.170724193752887 -0.133318379582525
2.57680367586105 31.07344192301 9.7224219170892 -0.482133350888842 0.403520640844506 -0.777636422341952 0.462026964764251 0.87125906729754 0.165646060866803 -0.437870505466675 0.395592649426709 -0.341003050164245 0.848482364763998 0.633600061086094 -0.0238029789546192
2.93036155102402 31.3104776665176 9.70434428535691 -0.827340194016931 0.473138099610772 -0.302734905352509 0.448748145033183 0.88091403143816 0.150384416843558 0.0272698594490583 0.568546921536528 0.0313948743973 0.873537099854502 -0.26316080646039 -0.0403188808208161
3.16954879289073 31.8079283303117 9.62544141183242 -0.991463337587498 0.127139729978057 0.0289106042913807 0.130383890915072 0.965733553184102 0.224407307973556 -0.152299985391698 -0.00875688731752178 0.540428075541409 0.734572123780077 -0.244422471319901 -0.273590490541939
3.07397626169729 32.2819241805462 9.57960215007562 -0.79461444157345 -0.210845862957487 0.569325735764068 0.0464798689887926 0.913877414378239 0.403320693015476 0.0515001076494054 -0.592669087330498 0.0305643812037774 0.651024036353277 0.429858937706717 -0.0345695561958372
2.84241100845642 32.6636561565884 9.73390153558332 -0.175969790128433 -0.443465424644086 0.878847501505739 0.0618327802142352 0.886036452893948 0.459473608747611 -0.278389626062346 -0.203356024180905 0.0101541813375835 0.35713599305685 -0.14579814656363 -0.0144202371001152
2.71650828693673 32.9687897865521 10.043176269432 0.505262243760586 -0.492132869474535 0.708883055065161 0.292431990116398 0.87048966761962 0.395892853750537 -0.107799365863831 -0.0232987319977633 0.440769382264175 0.417482044524419 -0.0391076364879945 0.394320658818638
2.66569679983083 33.2564421402352 10.4181001583589 0.892270675063612 -0.410265974583445 0.188506645314951 0.212579420061508 0.750077625968932 0.6262534853171 0.279707010917663 -0.219366241036487 0.355901333824935 0.218184485888734 -0.31024364687251 -0.0359521950764656
2.68363255690841 33.5234493870695 10.8732789072533 0.951491997250029 -0.135928306296555 -0.276018759958368 0.283857600133972 0.733907404080675 0.617093726948756 0.550947594156475 -0.0437510240883832 -0.329023611949972 0.469642330515417 0.15072135488157 0.284019173630874
2.92402064107613 33.7468212347338 11.2735804415663 0.703754012247626 0.104494632046772 -0.702716901014408 0.476368409952824 0.664414216603988 0.575870450276423 0.130715719830172 -0.0469416992824427 -0.422625561645479 0.253381747540757 0.0172677464293739 -0.174496632835983
3.15962480707908 33.9606528211372 11.5652034176686 0.298007299477538 0.40019995320918 -0.866620752863608 0.404359532774733 0.769466514934913 0.494382983603163 -0.133331063400871 0.272949564344126 -0.0315529565425376 0.563841866083312 0.1226250283057 -0.226502327542714
3.50304053973693 34.2643678921628 11.6993333244586 -0.2947909157649 0.542671961525801 -0.786514679181211 0.445983543132921 0.806080844054922 0.389014446312477 -0.382359721932058 -0.198393044082785 0.106016100517887 0.33585412213551 0.0617539056207469 -0.337096872455717
3.86762430985944 34.5483077768765 11.7443205376226 -0.813409093588717 0.480612481586047 -0.327684558613419 0.324910322535698 0.842650671530543 0.429386784326732 0.0321877813972774 0.12450133274113 -0.478812563646601 0.410704981964779 0.174205807450589 0.127288785171339
3.97013320916655 35.0618814281043 11.714123394604 -0.972620451682269 0.113144420334484 0.202996743634152 0.178651949283168 0.92266945137581 0.341708136819516 -0.376706907155418 -0.541168577809975 -0.0861075448059762 0.452159678981307 -0.224854374791615 -0.388595276153853
4.01408014865282 35.4976461591873 11.7175869373796 -0.740304055678231 -0.161908137405554 0.652484130928682 0.128406118702988 0.91864230542131 0.373641632586978 -0.571774567527715 -0.363275557581283 0.329873336109782 0.451323383704564 0.503853302032985 0.320979743107719
3.85980370099403 35.9718313126453 11.7929253585155 -0.105563690046446 -0.489258821792999 0.86572628163398 0.0380525436182499 0.867965545407052 0.495164318581018 -0.498881582275334 -0.304685830541471 0.329545485159576 0.371530106367173 -0.204570282966076 -0.103799323487439
3.76458260954378 36.3037274429084 12.2131845781433 0.166172039238475 -0.756404536743044 0.632644381831946 0.226620965591685 0.65368574665844 0.722037232395106 0.435738016493273 0.0257450229544832 0.570838437498357 0.619005131960937 0.554040063165832 -0.0771589016190449
3.60224319742453 36.4573493056067 12.6517338290296 0.837588547159833 -0.476355585024271 0.26745216995442 0.204901212557725 0.727759950237033 0.654508083793893 0.438394642825985 -0.0224760970258036 0.644934945596103 0.27964492896511 0.0297661395167725 0.120549644917233
3.73592466320472 36.6663727326865 13.0738604536363 0.885403614924998 -0.157322843346452 -0.437389811400801 0.363455801729334 0.820904357215464 0.440472243968877 0.59884724474613 -0.0482786478580165 0.52031811171463 0.152577568435287 0.069679048630481 0.649930012373497
4.66121240017659 33.983292032561 14.3902678873868 0.680061061939471 0.508825295495209 -0.527838662500202 0.193181357154941 0.570149787608587 0.798504897391983 3.94620994726606 -11.2042263202902 4.10378325166383 0.481580789619376 -0.620723127769868 0.303066107176667
