t = 0
b =  30.0 30.0 30.0
E = 0. 0. 0.
14.3646493368 10.5846218297 24.1228902401 -0.126907649661 -0.655104063688 0.744804077726 0.453396154821 0.629531701346 0.630968908738 0.0 0.0 0.0 0.0 0.0 0.0
14.2165135222 10.9023042977 24.5300987027 0.414513674445 -0.775628054914 0.476003712305 0.453396154821 0.629531701346 0.630968908738 0.0 0.0 0.0 0.0 0.0 0.0
14.1628661126 11.0431823263 25.0458122265 0.79845432333 -0.601477980269 0.0263615782216 0.453396154821 0.629531701346 0.630968908738 0.0 0.0 0.0 0.0 0.0 0.0
14.2912263912 11.0469534303 25.5675348729 0.879048825338 -0.198816364744 -0.43329576017 0.453396154821 0.629531701346 0.630968908738 0.0 0.0 0.0 0.0 0.0 0.0
14.6199658772 11.0054043376 25.9904877372 0.625677981688 0.279378911779 -0.728336794954 0.453396154821 0.629531701346 0.630968908738 0.0 0.0 0.0 0.0 0.0 0.0
15.0913286788 11.0275396768 26.2474162061 0.134601612016 0.651433468752 -0.746670504194 0.453396154821 0.629531701346 0.630968908738 0.0 0.0 0.0 0.0 0.0 0.0
15.5933739221 11.1981692956 26.3341411101 -0.40761216048 0.775997559559 -0.481331605225 0.453396154821 0.629531701346 0.630968908738 0.0 0.0 0.0 0.0 0.0 0.0
16.0025039606 11.5456875826 26.3111464595 -0.794967258297 0.605747203502 -0.0331267819956 0.453396154821 0.629531701346 0.630968908738 0.0 0.0 0.0 0.0 0.0 0.0
16.2304211876 12.0312859636 26.2806005579 -0.880301003544 0.205363357282 0.427663459564 0.453396154821 0.629531701346 0.630968908738 0.0 0.0 0.0 0.0 0.0 0.0
16.2576737731 12.5636969284 26.3475405554 -0.631193679696 -0.273041461862 0.725977202683 0.453396154821 0.629531701346 0.630968908738 0.0 0.0 0.0 0.0 0.0 0.0
16.1410457395 13.0338680834 26.5799670791 -0.142285323936 -0.647713264635 0.748480068812 0.453396154821 0.629531701346 0.630968908738 0.0 0.0 0.0 0.0 0.0 0.0
15.9919837617 13.3563929793 26.9830096581 0.400679605271 -0.776307968984 0.486622842879 0.453396154821 0.629531701346 0.630968908738 0.0 0.0 0.0 0.0 0.0 0.0
15.9342567126 13.5019584493 27.4969779293 0.791419653429 -0.609970296739 0.0398894630368 0.453396154821 0.629531701346 0.630968908738 0.0 0.0 0.0 0.0 0.0 0.0
16.0569337985 13.5084811709 28.020039005 0.881486143419 -0.211894710604 -0.42199859073 0.453396154821 0.629531701346 0.630968908738 0.0 0.0 0.0 0.0 0.0 0.0
16.3805456784 13.4667024866 28.4469054886 0.636661309862 0.266683218781 -0.723562324438 0.453396154821 0.629531701346 0.630968908738 0.0 0.0 0.0 0.0 0.0 0.0
16.849284524 13.4857142504 28.7088359175 0.149958200279 0.643943734645 -0.750232633775 0.453396154821 0.629531701346 0.630968908738 0.0 0.0 0.0 0.0 0.0 0.0
17.352206346 13.6515130087 28.799750794 -0.393716536758 0.776559259552 -0.49187702232 0.453396154821 0.629531701346 0.630968908738 0.0 0.0 0.0 0.0 0.0 0.0
17.7653804711 13.9943284747 28.7785422878 -0.787811778891 0.614146938377 -0.046649106341 0.453396154821 0.629531701346 0.630968908738 0.0 0.0 0.0 0.0 0.0 0.0
17.9989728764 14.4771387547 28.7467001163 -0.882604154712 0.218409927324 0.416301585069 0.453396154821 0.629531701346 0.630968908738 0.0 0.0 0.0 0.0 0.0 0.0
18.0313756368 15.0097355844 28.8097539043 -0.642080455804 -0.26030466674 0.72109234412 0.453396154821 0.629531701346 0.630968908738 0.0 0.0 0.0 0.0 0.0 0.0
17.9174161372 15.4829959572 29.0371807147 -0.157619656723 -0.640125165847 0.751928065618 0.453396154821 0.629531701346 0.630968908738 0.0 0.0 0.0 0.0 0.0 0.0
17.7675272319 15.8103397783 29.4360095514 0.386723485207 -0.776751412126 0.497093743422 0.453396154821 0.629531701346 0.630968908738 0.0 0.0 0.0 0.0 0.0 0.0
17.7057919571 15.9606230905 29.9481509226 0.784143909435 -0.618276810348 0.0534051971351 0.453396154821 0.629531701346 0.630968908738 0.0 0.0 0.0 0.0 0.0 0.0
17.8228023112 15.9699701844 30.4724660101 0.883654952282 -0.224908511282 -0.41057287643 0.453396154821 0.629531701346 0.630968908738 0.0 0.0 0.0 0.0 0.0 0.0
18.1412418395 15.9280493761 30.9031909975 0.647450704834 0.25390629149 -0.718567449828 0.453396154821 0.629531701346 0.630968908738 0.0 0.0 0.0 0.0 0.0 0.0
1.95418497303 29.6636392978 7.59480517101 -0.177913115855 -0.490176537487 0.853272456665 0.250189129158 0.816080876638 0.520977353094 0.0 0.0 0.0 0.0 0.0 0.0
1.69658781707 30.0335665721 7.88717927914 0.413939526248 -0.576591973794 0.704411644116 0.250189129158 0.816080876638 0.520977353094 0.0 0.0 0.0 0.0 0.0 0.0
1.53334818915 30.2720596878 8.34012404371 0.848529621629 -0.443950479152 0.287933070833 0.250189129158 0.816080876638 0.520977353094 0.0 0.0 0.0 0.0 0.0 0.0
1.56353091517 30.4093542778 8.85870316084 0.960749127094 -0.142644775025 -0.237936090044 0.250189129158 0.816080876638 0.520977353094 0.0 0.0 0.0 0.0 0.0 0.0
1.81271643495 30.5141329869 9.32304473875 0.707963976308 0.212854064028 -0.673409352234 0.250189129158 0.816080876638 0.520977353094 0.0 0.0 0.0 0.0 0.0 0.0
2.2232823654 30.6674317865 9.63388263363 0.186211474396 0.487486085427 -0.853043142706 0.250189129158 0.816080876638 0.520977353094 0.0 0.0 0.0 0.0 0.0 0.0
2.6762952073 30.9318530547 9.7502693173 -0.406285879929 0.576913992639 -0.708591581144 0.250189129158 0.816080876638 0.520977353094 0.0 0.0 0.0 0.0 0.0 0.0
3.03669517008 31.3277818856 9.70513252774 -0.844428435731 0.44716262856 -0.294934230885 0.250189129158 0.816080876638 0.520977353094 0.0 0.0 0.0 0.0 0.0 0.0
3.20460764437 31.8256414518 9.59276547098 -0.961758510709 0.14752670573 0.230773564724 0.250189129158 0.816080876638 0.520977353094 0.0 0.0 0.0 0.0 0.0 0.0
3.15328723588 32.3571297352 9.53300325555 -0.713700447723 -0.208157079121 0.668806624767 0.250189129158 0.816080876638 0.520977353094 0.0 0.0 0.0 0.0 0.0 0.0
2.93927878788 32.8411686059 9.62569553129 -0.194495652212 -0.484758509414 0.85274886621 0.250189129158 0.816080876638 0.520977353094 0.0 0.0 0.0 0.0 0.0 0.0
2.68093504983 33.2147067591 9.91277193791 0.398601293368 -0.57719207725 0.712717556179 0.250189129158 0.816080876638 0.520977353094 0.0 0.0 0.0 0.0 0.0 0.0
2.51345248915 33.4566739601 10.3623123339 0.840262943339 -0.450340724802 0.301912930554 0.250189129158 0.816080876638 0.520977353094 0.0 0.0 0.0 0.0 0.0 0.0
2.53750789285 33.5959859788 10.8806737919 0.962694652689 -0.152397401707 -0.223593465104 0.250189129158 0.816080876638 0.520977353094 0.0 0.0 0.0 0.0 0.0 0.0
2.78100957291 33.7005590049 11.3480671125 0.719382568086 0.203444242246 -0.664152965085 0.250189129158 0.816080876638 0.520977353094 0.0 0.0 0.0 0.0 0.0 0.0
3.18849453201 33.8515071524 11.6640667438 0.202765018432 0.481994017163 -0.852389649585 0.250189129158 0.816080876638 0.520977353094 0.0 0.0 0.0 0.0 0.0 0.0
3.64219978343 34.1123258514 11.7857641276 -0.390886351775 0.577426206449 -0.716789255013 0.250189129158 0.816080876638 0.520977353094 0.0 0.0 0.0 0.0 0.0 0.0
4.00680247868 34.5047688722 11.7440693782 -0.836033461671 0.453484525854 -0.308868638384 0.250189129158 0.816080876638 0.520977353094 0.0 0.0 0.0 0.0 0.0 0.0
4.18083132002 35.000583705 11.631968013 -0.963557481744 0.15725649203 0.216396337976 0.250189129158 0.816080876638 0.520977353094 0.0 0.0 0.0 0.0 0.0 0.0
4.13521720309 35.5322451601 11.5691941999 -0.725009904681 -0.198715912304 0.659448727584 0.250189129158 0.816080876638 0.520977353094 0.0 0.0 0.0 0.0 0.0 0.0
3.92433705557 36.0186093167 11.6567417449 -0.21101894331 -0.479192819202 0.851965520188 0.250189129158 0.816080876638 0.520977353094 0.0 0.0 0.0 0.0 0.0 0.0
3.66535513328 36.3957414552 11.9384948571 0.383141642673 -0.577616362408 0.720806367569 0.250189129158 0.816080876638 0.520977353094 0.0 0.0 0.0 0.0 0.0 0.0
3.4937103605 36.6412059256 12.3845558034 0.831740312818 -0.456593792304 0.315800824671 0.250189129158 0.816080876638 0.520977353094 0.0 0.0 0.0 0.0 0.0 0.0
3.51166081819 36.7825898267 12.9026035577 0.964346932166 -0.162103606664 -0.209182731428 0.250189129158 0.816080876638 0.520977353094 0.0 0.0 0.0 0.0 0.0 0.0
3.74943418942 36.8870222056 13.3729681017 0.730582028964 0.193972449377 -0.654694270509 0.250189129158 0.816080876638 0.520977353094 0.0 0.0 0.0 0.0 0.0 0.0
