t = 100
b = 30 30 30
E = -0.4183691055021 -0.635448983170118 0.217079877668018
5.6196722376826 2.0567113492036 1.92119197925299 -0.461068012977238 -0.0267255802253439 0.886962181610143 0.700058172349595 0.603264208053922 0.38208733547392 0.483156584309662 4.23871966876456 2.55352467626607 0.201544753868179 -0.546825512819303 -0.498589884803812
5.97077868222466 1.73079540218617 2.0580247524375 -0.0746150061910646 0.0272390599779312 0.996840277983117 0.699704562326909 0.713675564467369 0.0328724883518772 0.715854611406808 0.351835906529673 3.55786286017188 0.594379507951934 -0.883094388775766 -1.34072093528944
6.03961743371156 2.71213300696053 1.4402206276153 0.43303992929964 -0.673737210369248 0.598794182595829 0.781255262239933 0.611879165923624 0.123466530812146 1.12000619098332 5.01609391770081 -0.0403995017723244 0.349007784160918 0.146596982379754 0.177402312610645
6.29438819897169 2.35387888418356 2.0721216431867 0.676447649993375 -0.714103816867053 -0.180205986409936 0.734101705389694 0.673450133580638 0.0869452966935485 1.41295523373892 1.8856888131878 2.52005348756231 0.289360750199657 -0.0182608622707508 -0.0305504285755596
6.67569845664739 2.34647433613339 2.07742682885271 0.44715886487538 -0.595522441464878 -0.667384336120587 0.848861452607038 0.517718283676716 0.106779652365481 0.153436802422618 0.870340658837879 -0.0692986354636469 0.545271104283378 0.364229302419902 0.333839846314665
7.09070467126291 2.22690961401418 2.32237183798537 0.246607158441631 -0.00677571535985336 -0.969091781405619 0.941614574261288 0.238205652541735 0.237949478753636 0.182571610924236 0.560592477733773 -0.255373113848037 0.46149941318873 -0.0892874502431441 0.254827789206218
7.61071490246644 2.10741069512442 2.30872918609638 -0.183338331177367 0.472856105707533 -0.861855000677845 0.898045195659546 0.43718518231502 0.0488244270441645 1.51727306602297 0.888666838656293 0.216427519345118 0.698322715007442 -0.729306285382127 0.106975287986398
8.11670569075024 2.17069070232931 2.12277600176345 -0.496464363147286 0.645125116109841 -0.580806854415013 0.8520308749561 0.490127000103555 -0.183898879459838 0.276499702901852 0.821973858303049 0.239933114652434 0.746184509650729 0.352440906557613 -0.0569242242643219
8.55574542555909 2.00380792377995 1.67578078554794 -0.515353023785691 0.855973310376936 -0.0414829533488438 0.85046714064758 0.50488263966145 -0.147645005953435 0.678196652825282 0.303409500053091 -0.00440326079281919 0.181607284051307 -0.126136482962813 -0.145228006411341
8.88289815575141 2.33338960053983 1.60456903010602 -0.419203238232506 0.434748194912535 0.797033587035862 0.761086315049089 0.646913963403274 0.0474323392799167 0.94753342003347 -0.342516750635846 0.0962072135549276 0.457884027533375 -0.108117098458645 0.16695868931625
8.78346165621002 2.88736054885399 1.40881299544659 -0.194303868183514 0.13255569731288 0.971943863990956 0.679147248939469 0.733129166861489 0.0357844627882814 0.0157501249363034 0.418291693014962 -0.0362568548078952 0.666428743812657 -0.243617470942442 -0.127550415417817
8.97955878232103 3.32285827168974 1.44098148921521 0.195242983950172 -0.384826695475984 0.902102251851503 0.79662104464199 0.598752490281679 0.0830075211851422 1.16358145266492 0.967423495513438 0.263344416629112 0.476243615514145 -0.559938174335441 0.255376107336044
9.1756933837821 3.63695859242264 1.62594595628746 0.521981275974012 -0.781182521112129 0.342475257433386 0.775602516205156 0.601780850320904 0.190526716698299 0.0231824228253093 -0.0727508633846047 0.50459232573363 0.135431786240853 -0.0938602985228879 0.257233116978194
9.4944157561165 3.91282351272952 1.87720290683747 0.534245942996677 -0.802751642977258 -0.264898013181964 0.842641487971052 0.530692329704472 0.0912187207863891 0.260029631739812 0.0452637069796666 0.302850650994931 0.34694560876714 -0.418564813190325 0.160351507866635
9.88739817742734 4.01957056086704 2.11124881493906 0.365485609918372 -0.613115780027245 -0.700363613193422 0.870006552917343 0.492509862533425 0.0228585650141725 -0.279336107633301 -0.321137073931381 -0.342740864986785 0.501311833104019 0.244751114727017 0.174316400567216
10.2864863823443 4.01736951397644 2.33954957059928 0.100380559333256 -0.153495712555243 -0.983037481863068 0.965890075972607 0.252078234327831 0.0592690116261765 0.289432899333779 -0.170062464616389 -0.0945086225541983 0.481350510093904 0.124285726775347 0.140922416754979
10.7676794147955 3.93850429875951 2.37514053187317 -0.18683685272622 0.470205722857698 -0.862553448636558 0.946222576806403 0.322184153362794 -0.0293273554964919 0.0255986391242693 -0.244911507716354 -0.446093697909056 0.472468428979361 -0.243679616929216 0.185490937956212
11.2607785356276 4.02658453560118 2.28626143515458 -0.477390715175612 0.74482740674512 -0.466186787384792 0.870632188573101 0.472641774368612 -0.136415651606034 0.0596624006074874 0.228752498565712 -0.076744173362086 0.595422749800238 -0.433645787070854 -0.282182230854377
11.6173764665598 4.03855976949208 1.99073095968865 -0.41614579169586 0.888840650329229 0.191793798079036 0.907250045253936 0.42001512718241 0.0220120224442883 -0.0868994707276977 0.357506214193054 -0.268937550751315 0.404067564478505 -0.408129362244501 0.537325671846911
11.9261545712267 4.34220226752069 1.72257713377888 -0.341222005157259 0.50190753188094 0.794768053909254 0.85558834619498 0.515992309741658 0.0414776920915124 0.02062769080411 0.0875824187695298 0.301311039222709 0.157711382601549 -0.431555112787909 0.177802657529414
12.1474526117069 4.73725375190287 1.68256158613346 -0.129945950111091 0.118117710718083 0.984460328342211 0.80321166407083 0.594683851816917 0.0346701698953904 0.0609879879838482 0.263390763214698 0.457780159194808 0.412883388175468 -0.0817289130219999 -0.0233588765955845
12.3483916115162 5.20793069134634 1.67784097945501 0.343533731728175 -0.271008535747746 0.899187872414264 0.811447971521115 0.567673535705395 -0.138920218791585 0.477701871628938 -0.2135171892537 1.01848729466129 0.275199274350378 -0.00902717739322151 0.448244456874523
12.7018619551568 5.58486137671319 1.64782682758999 0.324521795498425 -0.708585868380287 0.62657126783963 0.831133051333428 0.529854014589396 0.168737833810714 0.770767392390475 -0.393289418037017 -0.0473438286322547 0.365609392785216 -0.167375649514684 -0.332825384890869
12.8754383594311 5.88269289838283 1.97589869302353 0.693766491181954 -0.701039416564236 -0.165020224944622 0.714906015836761 0.642614555632986 0.275600813312449 0.0280563184276393 -0.331621203734497 -0.504178343682132 0.403295927875909 -0.433891282330436 0.171442310118927
13.2504664215596 6.05712549710757 2.30526916722408 0.471336057144295 -0.457970438398448 -0.753727592544171 0.789983408614262 0.599203523658158 0.129927795922585 0.732250253369504 -0.344665990402962 -0.162376268235615 0.124615451939609 -0.155442276669926 0.598294169341089
11.4081667000206 25.9494733550367 16.0856747816811 -0.409608892705326 0.277548188243737 0.869015212188091 0.907850719741377 0.217575407394119 0.358424183664656 -1.03176175182102 0.26188334688924 0.294843246175078 -0.136511230610552 -0.0956505649159934 -0.261819327291282
11.7760508752275 26.3171559395033 16.2911970077849 -0.427099444239134 -0.34537378568178 0.835645196160401 0.764887866075976 0.354866483253428 0.53760228080575 -0.174930478494902 0.277033685777699 -0.301141393764863 0.00491374110956331 0.598551504254368 -0.00745240299491954
11.9482944740471 26.5698511608007 16.6549347383742 -0.155082072175405 -0.803476655037409 0.57478230391226 0.754346596960549 0.279374911636803 0.594062919638074 -0.0493904708224329 -0.123820116945962 0.0919730307542496 0.732725548764954 0.37184504570599 -0.194991420800414
12.021868709074 26.6985312886811 17.1163736781467 0.388445583485146 -0.909154172154711 0.150161915017974 0.608661074808334 0.375500010572625 0.698950164577587 0.0812548005075524 -0.662136587811908 0.324085654503516 0.557871267811054 -0.107325593148033 0.0191213468385632
12.2092526056929 26.8591389735264 17.5788986794981 0.547585291566785 -0.758402069448354 -0.353520198902283 0.807290965225119 0.367721013686942 0.461586865566022 0.338031732071413 0.544433638422251 0.359780803738472 0.41757575133157 -0.198403211363654 0.131838234210816
12.6144174297185 26.8089997367979 17.8916136454312 0.463628161196374 -0.326453557782974 -0.823697082634217 0.876508714942612 0.304906040240679 0.372511288812544 -0.0776342503072222 0.283138909409236 0.47501269412078 0.402410210303749 0.134010241368584 -0.235289375637775
13.0472724286822 26.6719739172573 18.0451069145922 0.214452336578991 0.240097312680731 -0.946764678658827 0.974962461435475 0.00574038661797063 0.222295182864312 0.295111905091495 0.450608322805687 -0.209825907802302 0.417878772467679 0.633529037170467 -0.0935239588168748
13.4524575422426 26.5393767799101 17.9760481823299 0.00649641119291663 0.844334445765753 -0.535777026290294 0.949475800180938 0.162911147279523 0.26824532237078 -0.216867582675474 0.19168124616055 -0.335784953137634 0.524512584685501 -0.358496523017378 0.178631477721067
13.904723106299 26.6827490893822 17.9835054351932 -0.368206910006648 0.92973701255124 -0.00355548781765173 0.840588778589696 0.334530441900175 0.426027897615306 -0.377473462036898 0.383828210227322 -0.32678148000051 0.591813436875767 -0.102534379917061 0.00206567745365624
14.3257492603192 26.9799481923382 17.9209395161664 -0.613090611558531 0.701431812325419 0.36347378929872 0.789764609116172 0.555701909227262 0.259744369962924 0.121375816863777 0.787534975522859 0.353043560277895 0.57283540270162 0.136685005579697 0.0536606473971231
14.6513681475059 27.3294686300626 17.8032296755206 -0.565851747715358 0.30532019595454 0.765892459142096 0.747425589389902 0.582115948819287 0.32014980656034 -0.357573338404848 0.449232687408372 0.419512456573075 0.543397671059891 -0.184951665642737 -0.112036722072334
14.915725484426 27.721520091741 17.9784142434974 -0.43375263769678 -0.231021992809095 0.870911804331574 0.734751060968927 0.468782100895692 0.49028981569952 -0.475165185127443 -0.217809423549629 0.412612835463094 0.454032120234157 0.000351264279042363 -0.240565305985291
15.0426685810153 28.0683426601811 18.2436187404922 0.0821711987608143 -0.792439620305125 0.604389959886638 0.781828139116293 0.427341286975534 0.45400888399568 -0.519135156327232 0.0356403715485053 0.330866512434339 0.435695997864931 0.139034023481649 0.137309170058857
15.3444477126399 28.2029922416157 18.6245640032032 0.216947454991029 -0.95048047290159 0.222532144428271 0.79016827529147 0.304841128406322 0.531700917269754 0.22638605766873 -0.00171038294922995 -0.146249800531059 0.415869726549117 0.161105018033492 -0.273488745254358
15.4789996660023 28.2711795733793 19.0137393739253 0.578089271505609 -0.745509547419225 -0.33170497461373 0.785510772455124 0.398411287231183 0.473541078936575 0.0380342153284727 -0.0532329087527943 -0.442379338605624 0.460045104447316 -0.0254678845726321 -0.0204443074285411
15.7977475024377 28.246130306627 19.3913655791946 0.546763123156305 -0.26086230850451 -0.79561348904951 0.830113554382371 0.293009079388284 0.474401779019279 -0.165382054826113 -0.0186409308778818 -0.663219565430565 0.488106473201732 0.175399095886064 -0.116377220932072
16.1863201706452 28.1368790203125 19.5977823330454 0.317860965918005 0.129665732491198 -0.939228986042329 0.943608954984379 0.0534380931330386 0.326720683801928 -1.52023681594994 0.513099922453997 -0.602392695732592 0.624967824986242 0.697734286134478 -0.367061950929822
16.6448459768389 27.9813324625485 19.5677599891583 0.174850550781093 0.659666704772551 -0.730935708513932 0.921014248415044 0.15286523970996 0.358280419227611 -0.576221190974125 -0.00482800250088818 -0.645578664867173 0.588492675191019 -0.10890132374189 -0.131713908088322
17.0533984502521 27.8699499838213 19.6127920337394 -0.254146813341558 0.965352496261654 -0.0591932106803156 0.869592246588719 0.254867943874668 0.422908425903262 -1.13670153079034 -0.748803126020348 -0.0419723544102639 0.252617228013199 -0.294472041228337 -0.131621589576152
17.5144605391103 28.0438099362281 19.6035481239229 -0.580661896803024 0.721444927961818 0.377291476598746 0.812410222222243 0.483216535901527 0.32633003772495 0.0226273960827136 -0.176577697199364 0.089669808858179 0.169161690594618 0.25164953906662 0.0958859835837556
17.8581721632659 28.4122125572561 19.4791502931063 -0.541061236653701 0.138245029695696 0.829542604448256 0.762455086679035 0.496837744598105 0.414504980876533 -0.493671063303552 -0.398945028670185 0.0775306397828541 0.19032581437403 -0.272130465718496 0.269928253575881
18.4124540184774 28.2179662510081 19.4389684538883 -0.466183764663061 -0.438813151103229 0.768189818558329 0.777428879057416 0.211218452192671 0.592444921750519 1.30116660421464 -2.84255168740275 -1.45125688893074 -0.00264665777059347 0.233168675016199 0.0637714336289811
18.2949687856974 29.7397172177712 19.3613348950191 -0.232284457732739 -0.730258612308669 0.642468811130994 0.829855918687905 0.195737898716733 0.522518621824687 -0.0937026212552557 1.64973470984644 -0.704479521149473 0.0359488611701185 0.334359791525698 -0.41543145302066
18.5184699989754 29.5312283461668 20.0582420011242 0.258615052832236 -0.9613345319979 -0.0946258787758075 0.828827041135858 0.170515152550231 0.532888544185419 -0.0395217091197618 -0.487635136550875 -1.0624283913779 0.293126728322726 0.402373687116654 0.427974175053193
17.8465674116751 26.9760798341666 20.2485453669456 0.498743105752089 -0.593132061003877 -0.632020222745286 0.865857650308175 0.307871584101034 0.394341854102104 -4.17822187011388 -10.8548909109926 -3.11332246339552 0.0896852759858193 0.742149967320968 1.07184629766787
