
#id1 id2 FENE BEXC STCK NEXC HB CRSTCK CXSTCK total, t = 100
0 1 1.93148 0 0 0 0 0 0 1.93148
1 2 0.0835078 0 -1.33375 0 0 0 0 -1.25024
2 3 0.205634 0 -1.29902 0 0 0 0 -1.09338
3 4 0.158063 0 -1.18085 0 0 0 0 -1.02278
4 5 0.46294 0 -1.28734 0 0 0 0 -0.824403
5 6 1.43353e-05 0 -1.22242 0 0 0 0 -1.22241
6 7 0.102243 0 -1.19456 0 0 0 0 -1.09232
7 8 0.100759 0 -1.34679 0 0 0 0 -1.24603
8 9 0.174712 0 -1.32798 0 0 0 0 -1.15327
9 10 0.00169885 0 -1.06099 0 0 0 0 -1.05929
10 11 0.0120351 0 -1.08142 0 0 0 0 -1.06938
11 12 0.0900854 0 -1.11127 0 0 0 0 -1.02118
12 13 0.146444 0 -1.34003 0 0 0 0 -1.19358
13 14 0.380545 0 -1.08654 0 0 0 0 -0.705997
14 15 0.16231 0 -1.05893 0 0 0 0 -0.896621
15 16 0.0185406 0 -0.0777327 0 0 0 0 -0.0591921
16 17 1.06716 0 -7.87118e-07 0 0 0 0 1.06716
14 18 0 0 0 0 0 -0.00858788 0 -0.00858788
15 18 0 0 0 0 -2.89078e-68 0 -0 -2.89078e-68
17 18 1.36404 0 0 0 0 0 0 1.36404
16 19 0 0 0 2.31445 -3.90829e-110 -0 -0 2.31445
18 19 0.842355 0 -0 0 0 0 0 0.842355
19 20 1.55352 0 0 0 0 0 0 1.55352
20 21 0.00455771 0 -0.988856 0 0 0 0 -0.984299
21 22 0.0972653 0 -1.07583 0 0 0 0 -0.978565
22 23 0.077242 0 -1.23926 0 0 0 0 -1.16202
23 24 0.0359052 0 -1.24552 0 0 0 0 -1.20962
25 26 0.00873038 0 -1.42883 0 0 0 0 -1.4201
26 27 0.204892 0 -1.19676 0 0 0 0 -0.991869
27 28 0.170819 0 -1.24051 0 0 0 0 -1.06969
28 29 0.252536 0 -1.30498 0 0 0 0 -1.05244
29 30 0.0669563 0 -1.25268 0 0 0 0 -1.18573
30 31 0.217264 0 -1.23048 0 0 0 0 -1.01321
31 32 0.0406143 0 -1.11161 0 0 0 0 -1.07099
32 33 0.153842 0 -1.23568 0 0 0 0 -1.08184
33 34 0.167691 0 -1.27987 0 0 0 0 -1.11218
34 35 0.0758282 0 -1.01033 0 0 0 0 -0.934503
35 36 1.95113 0 0 0 0 0 0 1.95113
36 37 1.68984 0 0 0 0 0 0 1.68984
37 38 0.0143225 0 -1.23865 0 0 0 0 -1.22433
38 39 0.0842061 0 -1.35105 0 0 0 0 -1.26684
39 40 0.25539 0 -1.14473 0 0 0 0 -0.889336
40 41 0.425601 0 -0.976198 0 0 0 0 -0.550598
41 42 0.0666153 0 -1.25929 0 0 0 0 -1.19268
42 43 0.167639 0 -1.30408 0 0 0 0 -1.13645
43 44 0.141905 0 -1.11822 0 0 0 0 -0.976314
44 45 0.0655582 0 -1.14638 0 0 0 0 -1.08082
45 46 0.148941 0 -1.32065 0 0 0 0 -1.17171
46 47 0.0649837 0 -1.25922 0 0 0 0 -1.19424
47 48 0.0836988 0 -1.16377 0 0 0 0 -1.08007
48 49 2.00383 0 0 0 0 0 0 2.00383
#Total energy per particle is  -0.544626 and should be -0.54462610

