t = 0
b =  30.0 30.0 30.0
E = 0. 0. 0.
13.6661472058 18.7229700245 20.179834278 0.949508999165 0.0487271779635 -0.309932771151 0.0729058479991 0.926555292051 0.369025782433 0.0 0.0 0.0 0.0 0.0 0.0
13.9101429198 18.9584342032 20.5966169722 0.590209461631 0.258181606946 -0.764849690616 0.0729058479991 0.926555292051 0.369025782433 0.0 0.0 0.0 0.0 0.0 0.0
14.2886768992 19.2527508873 20.8390521554 0.00667948184791 0.369548526884 -0.929187425012 0.0729058479991 0.926555292051 0.369025782433 0.0 0.0 0.0 0.0 0.0 0.0
14.6687334666 19.6313061698 20.8696790359 -0.579388144764 0.340517782936 -0.74051132146 0.0729058479991 0.926555292051 0.369025782433 0.0 0.0 0.0 0.0 0.0 0.0
14.9167184882 20.0874824915 20.7315063373 -0.945336528327 0.182118640098 -0.270502586197 0.0729058479991 0.926555292051 0.369025782433 0.0 0.0 0.0 0.0 0.0 0.0
14.9492140184 20.585172763 20.5316725657 -0.952135759595 -0.0454704189754 0.302274604125 0.0729058479991 0.926555292051 0.369025782433 0.0 0.0 0.0 0.0 0.0 0.0
14.7646701723 21.0724980511 20.4007422996 -0.597202696931 -0.255784505655 0.760212618578 0.0729058479991 0.926555292051 0.369025782433 0.0 0.0 0.0 0.0 0.0 0.0
14.4439939526 21.5015172531 20.4431025238 -0.015382345007 -0.368921782147 0.929333149156 0.0729058479991 0.926555292051 0.369025782433 0.0 0.0 0.0 0.0 0.0 0.0
14.1198113269 21.8464407232 20.6973042686 0.572282016965 -0.341899505559 0.745384478748 0.0729058479991 0.926555292051 0.369025782433 0.0 0.0 0.0 0.0 0.0 0.0
13.926080405 22.1134281902 21.1214164289 0.942526872646 -0.184983890553 0.278251782699 0.0729058479991 0.926555292051 0.369025782433 0.0 0.0 0.0 0.0 0.0 0.0
13.9471985133 22.3382485736 21.6089560917 0.954690011201 0.0422101972389 -0.294593417718 0.0729058479991 0.926555292051 0.369025782433 0.0 0.0 0.0 0.0 0.0 0.0
14.1859382398 22.5726907728 22.0293431757 0.604150452934 0.253367925383 -0.755517653405 0.0729058479991 0.926555292051 0.369025782433 0.0 0.0 0.0 0.0 0.0 0.0
14.5623940809 22.8648881986 22.2775099868 0.024084036741 0.368266942589 -0.929408100982 0.0729058479991 0.926555292051 0.369025782433 0.0 0.0 0.0 0.0 0.0 0.0
14.9443398791 23.2410320855 22.3138181921 -0.565132307674 0.34325519121 -0.750200872121 0.0729058479991 0.926555292051 0.369025782433 0.0 0.0 0.0 0.0 0.0 0.0
15.1974637499 23.695421004 22.1791180849 -0.939645439895 0.187835053769 -0.285979789252 0.0729058479991 0.926555292051 0.369025782433 0.0 0.0 0.0 0.0 0.0 0.0
15.2363954131 24.1926269289 21.9792288758 -0.957171559466 -0.0389467610325 0.286889796881 0.0729058479991 0.926555292051 0.369025782433 0.0 0.0 0.0 0.0 0.0 0.0
15.0571397892 24.6809549385 21.8447362049 -0.611052200541 -0.250932050163 0.750765152638 0.0729058479991 0.926555292051 0.369025782433 0.0 0.0 0.0 0.0 0.0 0.0
14.738594797 25.1120829793 21.8813804742 -0.0327838943824 -0.367584058076 0.929412274783 0.0729058479991 0.926555292051 0.369025782433 0.0 0.0 0.0 0.0 0.0 0.0
14.412576715 25.4594202225 22.1298843008 0.557939561369 -0.344584736649 0.754960134794 0.0729058479991 0.926555292051 0.369025782433 0.0 0.0 0.0 0.0 0.0 0.0
14.2137409736 25.7282093641 22.5504813139 0.936692449505 -0.190671912619 0.293686017336 0.0729058479991 0.926555292051 0.369025782433 0.0 0.0 0.0 0.0 0.0 0.0
14.2284243055 25.9535348373 23.0380240638 0.959580215411 0.0356803588794 -0.279164328276 0.0729058479991 0.926555292051 0.369025782433 0.0 0.0 0.0 0.0 0.0 0.0
14.4618439777 26.1869936494 23.4619312963 0.617907414157 0.248477065496 -0.745955478197 0.0729058479991 0.926555292051 0.369025782433 0.0 0.0 0.0 0.0 0.0 0.0
14.8361156645 26.4770928164 23.7157979541 0.0414812554033 0.366873180615 -0.929345670241 0.0729058479991 0.926555292051 0.369025782433 0.0 0.0 0.0 0.0 0.0 0.0
15.2198430047 26.8508207365 23.7578202372 -0.550704325808 0.345888040626 -0.759661904329 0.0729058479991 0.926555292051 0.369025782433 0.0 0.0 0.0 0.0 0.0 0.0
15.4780372765 27.3033938463 23.6266775652 -0.933668126359 0.193494251064 -0.301369880092 0.0729058479991 0.926555292051 0.369025782433 0.0 0.0 0.0 0.0 0.0 0.0
24.8905345422 9.865691547 -0.0484756458837 -0.35173652918 0.0454197703965 0.934996501864 0.818129373615 0.50030985881 0.283468469511 0.0 0.0 0.0 0.0 0.0 0.0
25.0092727985 10.3700760992 0.0935896635075 -0.0181728887303 -0.470217484886 0.882363452905 0.818129373615 0.50030985881 0.283468469511 0.0 0.0 0.0 0.0 0.0 0.0
25.1238685442 10.7672745609 0.436789749752 0.322294935982 -0.807211256044 0.494505775857 0.818129373615 0.50030985881 0.283468469511 0.0 0.0 0.0 0.0 0.0 0.0
25.3119314307 10.9804691914 0.892712443163 0.540317526031 -0.837531975178 -0.0812229131344 0.818129373615 0.50030985881 0.283468469511 0.0 0.0 0.0 0.0 0.0 0.0
25.6231597142 11.0027483818 1.33012037097 0.553064454314 -0.549660294154 -0.626093659451 0.818129373615 0.50030985881 0.283468469511 0.0 0.0 0.0 0.0 0.0 0.0
26.0604590575 10.8997324909 1.6248102294 0.355692949658 -0.0529634775507 -0.933100956815 0.818129373615 0.50030985881 0.283468469511 0.0 0.0 0.0 0.0 0.0 0.0
26.5788386199 10.7846435735 1.70679969537 0.0231877465579 0.463855049676 -0.885607600069 0.818129373615 0.50030985881 0.283468469511 0.0 0.0 0.0 0.0 0.0 0.0
27.1025038299 10.7752904294 1.58691488104 -0.318126869138 0.804447288288 -0.501657109487 0.818129373615 0.50030985881 0.283468469511 0.0 0.0 0.0 0.0 0.0 0.0
27.55365201 10.9493110699 1.35267731281 -0.53857976845 0.839416552438 0.0728813042489 0.818129373615 0.50030985881 0.283468469511 0.0 0.0 0.0 0.0 0.0 0.0
27.8820309149 11.31467674 1.13505304018 -0.554417209155 0.55547743402 0.61973089199 0.818129373615 0.50030985881 0.283468469511 0.0 0.0 0.0 0.0 0.0 0.0
28.0840303996 11.8066635086 1.05869644388 -0.359622282741 0.060503151331 0.931134352516 0.818129373615 0.50030985881 0.283468469511 0.0 0.0 0.0 0.0 0.0 0.0
28.2040539736 12.3124419725 1.19459195254 -0.0282008385487 -0.457457290108 0.888784304785 0.818129373615 0.50030985881 0.283468469511 0.0 0.0 0.0 0.0 0.0 0.0
28.3176491656 12.7139430327 1.53308587143 0.313934575701 -0.801622058757 0.508770239985 0.818129373615 0.50030985881 0.283468469511 0.0 0.0 0.0 0.0 0.0 0.0
28.502805754 12.9327143194 1.98755398254 0.536800995935 -0.841237204878 -0.0645341451699 0.818129373615 0.50030985881 0.283468469511 0.0 0.0 0.0 0.0 0.0 0.0
28.8103261463 12.9597255588 2.42731153323 0.55572774298 -0.56125227213 -0.613320929622 0.818129373615 0.50030985881 0.283468469511 0.0 0.0 0.0 0.0 0.0 0.0
29.2445246951 12.8587993251 2.72726255871 0.363524229194 -0.0680382175621 -0.929096838731 0.818129373615 0.50030985881 0.283468469511 0.0 0.0 0.0 0.0 0.0 0.0
29.7615886034 12.7423637775 2.81542593057 0.0332117829365 0.451024693396 -0.891893325136 0.818129373615 0.50030985881 0.283468469511 0.0 0.0 0.0 0.0 0.0 0.0
30.2862231386 12.728739323 2.7002821909 -0.30971837493 0.798735782602 -0.51584462566 0.818129373615 0.50030985881 0.283468469511 0.0 0.0 0.0 0.0 0.0 0.0
30.7402573605 12.8971867153 2.46755165258 -0.534981343946 0.842993793847 0.0561820715659 0.818129373615 0.50030985881 0.283468469511 0.0 0.0 0.0 0.0 0.0 0.0
31.0723425683 13.2577945694 2.24762781924 -0.556995955985 0.566984368705 0.60686426049 0.818129373615 0.50030985881 0.283468469511 0.0 0.0 0.0 0.0 0.0 0.0
31.2774605303 13.7476465282 2.16603871318 -0.36739849187 0.0755681024194 0.926988570624 0.818129373615 0.50030985881 0.283468469511 0.0 0.0 0.0 0.0 0.0 0.0
31.3988299946 14.2547242383 2.29575668095 -0.0382201981185 -0.444557749407 0.894934424356 0.818129373615 0.50030985881 0.283468469511 0.0 0.0 0.0 0.0 0.0 0.0
31.5114871635 14.6604649954 2.62947497892 0.305478587906 -0.795788679625 0.52287972777 0.818129373615 0.50030985881 0.283468469511 0.0 0.0 0.0 0.0 0.0 0.0
31.6937781862 14.884805698 3.08238372729 0.533120951055 -0.844686185576 -0.0478257194797 0.818129373615 0.50030985881 0.283468469511 0.0 0.0 0.0 0.0 0.0 0.0
31.9975941464 14.916600158 3.52439060139 0.558221751592 -0.572673287226 -0.600361376295 0.818129373615 0.50030985881 0.283468469511 0.0 0.0 0.0 0.0 0.0 0.0
