t = 0
b =  30.0 30.0 30.0
E = 0. 0. 0.
10.1859413739 0.944767609551 28.9501647433 -0.0580757913346 0.62253509964 -0.780434015262 0.240752654098 0.767414054084 0.594233816893 0.0 0.0 0.0 0.0 0.0 0.0
10.6140218405 1.26086753664 29.0244146746 -0.615149165997 0.594217709143 -0.518166785615 0.240752654098 0.767414054084 0.594233816893 0.0 0.0 0.0 0.0 0.0 0.0
10.9018790354 1.71241940922 28.9805484708 -0.938517087751 0.340147076153 -0.059039330826 0.240752654098 0.767414054084 0.594233816893 0.0 0.0 0.0 0.0 0.0 0.0
10.9758012306 2.24150781851 28.9232242497 -0.9053266767 -0.0431511180237 0.422518152828 0.240752654098 0.767414054084 0.594233816893 0.0 0.0 0.0 0.0 0.0 0.0
10.8433541814 2.76075992909 28.9622130548 -0.528187524915 -0.410055481015 0.743553926096 0.240752654098 0.767414054084 0.594233816893 0.0 0.0 0.0 0.0 0.0 0.0
10.5905067692 3.18653987987 29.1706950008 0.0496188984087 -0.621172911007 0.782101131282 0.240752654098 0.767414054084 0.594233816893 0.0 0.0 0.0 0.0 0.0 0.0
10.3489699865 3.47072344605 29.5574569243 0.608574272644 -0.59629636665 0.52351504066 0.240752654098 0.767414054084 0.594233816893 0.0 0.0 0.0 0.0 0.0 0.0
10.2461577284 3.61898123668 30.0635541177 0.936322105882 -0.344876863059 0.0660368333861 0.240752654098 0.767414054084 0.594233816893 0.0 0.0 0.0 0.0 0.0 0.0
10.3567801238 3.68862433553 30.5847044094 0.908345516625 0.0375671268416 -0.416529870968 0.240752654098 0.767414054084 0.594233816893 0.0 0.0 0.0 0.0 0.0 0.0
10.6744599083 3.76683086212 31.0109067039 0.535273278875 0.405738737166 -0.740849913333 0.240752654098 0.767414054084 0.594233816893 0.0 0.0 0.0 0.0 0.0 0.0
11.1141552536 3.93752554662 31.2682322374 -0.0411582268116 0.619763417651 -0.783708687273 0.240752654098 0.767414054084 0.594233816893 0.0 0.0 0.0 0.0 0.0 0.0
11.5444685797 4.24949532167 31.3469113509 -0.601953034004 0.598329613879 -0.528823428007 0.240752654098 0.767414054084 0.594233816893 0.0 0.0 0.0 0.0 0.0 0.0
11.8375666928 4.69785435103 31.3050451474 -0.934055819459 0.349580386256 -0.0730293069856 0.240752654098 0.767414054084 0.594233816893 0.0 0.0 0.0 0.0 0.0 0.0
11.9177467525 5.22590024043 31.246531911 -0.911295182522 -0.0319802747775 0.410509868745 0.240752654098 0.767414054084 0.594233816893 0.0 0.0 0.0 0.0 0.0 0.0
11.7901970467 5.7466562252 31.2815944122 -0.542318269702 -0.401391094742 0.73808948198 0.240752654098 0.767414054084 0.594233816893 0.0 0.0 0.0 0.0 0.0 0.0
11.5390258742 6.17591509729 31.484904434 0.0326944208562 -0.618306726912 0.785256560813 0.240752654098 0.767414054084 0.594233816893 0.0 0.0 0.0 0.0 0.0 0.0
11.2953073959 6.46423093152 31.8672137135 0.595285954309 -0.600317295992 0.534091543404 0.240752654098 0.767414054084 0.594233816893 0.0 0.0 0.0 0.0 0.0 0.0
11.1872843697 6.61570441925 32.3712691772 0.93171840107 -0.354257287554 0.0800162191207 0.240752654098 0.767414054084 0.594233816893 0.0 0.0 0.0 0.0 0.0 0.0
11.2916465823 6.68642494713 32.8935643405 0.914175449763 0.0263909872915 -0.404458604606 0.240752654098 0.767414054084 0.594233816893 0.0 0.0 0.0 0.0 0.0 0.0
11.6043951175 6.76316130139 33.3236631522 0.549321960893 0.397012884831 -0.735272842256 0.240752654098 0.767414054084 0.594233816893 0.0 0.0 0.0 0.0 0.0 0.0
12.0423616109 6.93039675524 33.5861564963 -0.024228125094 0.616802949722 -0.786744634026 0.240752654098 0.767414054084 0.594233816893 0.0 0.0 0.0 0.0 0.0 0.0
12.4748053025 7.23823246089 33.6693113764 -0.588573541285 0.602259261618 -0.539318985661 0.240752654098 0.767414054084 0.594233816893 0.0 0.0 0.0 0.0 0.0 0.0
12.7730836368 7.68335318418 33.6295284767 -0.929310028717 0.358907210787 -0.0869970377109 0.240752654098 0.767414054084 0.594233816893 0.0 0.0 0.0 0.0 0.0 0.0
12.8595257208 8.21028681746 33.5699145995 -0.916986099004 -0.0207996900298 0.398376539379 0.240752654098 0.767414054084 0.594233816893 0.0 0.0 0.0 0.0 0.0 0.0
12.7369407947 8.73247916074 33.601110667 -0.55628381909 -0.392604440852 0.732400208658 0.240752654098 0.767414054084 0.594233816893 0.0 0.0 0.0 0.0 0.0 0.0
24.9172510705 20.208121555 1.86695598671 -0.313614605763 0.0571632735098 0.947828169667 0.633832946399 0.755854059376 0.1641354227 0.0 0.0 0.0 0.0 0.0 0.0
24.8797991201 20.7387138753 1.94281271414 0.160546209784 -0.336150866688 0.928023442241 0.633832946399 0.755854059376 0.1641354227 0.0 0.0 0.0 0.0 0.0 0.0
24.8789436832 21.1926805951 2.23021241444 0.573712836046 -0.601755672487 0.555647093384 0.633832946399 0.755854059376 0.1641354227 0.0 0.0 0.0 0.0 0.0 0.0
25.0088661053 21.5094770903 2.64427188715 0.768916363926 -0.638743437491 -0.0278288761742 0.633832946399 0.755854059376 0.1641354227 0.0 0.0 0.0 0.0 0.0 0.0
25.3140630368 21.6806719989 3.05198776667 0.671995709555 -0.433061891371 -0.6007321904 0.633832946399 0.755854059376 0.1641354227 0.0 0.0 0.0 0.0 0.0 0.0
25.7724414114 21.7531504357 3.32276672448 0.319772649955 -0.0628528923105 -0.945407301785 0.633832946399 0.755854059376 0.1641354227 0.0 0.0 0.0 0.0 0.0 0.0
26.3037119717 21.8113015537 3.3780400581 -0.153937385677 0.331234971383 -0.930906372856 0.633832946399 0.755854059376 0.1641354227 0.0 0.0 0.0 0.0 0.0 0.0
26.7998925 21.9449576939 3.22111325474 -0.569164034794 0.599481131495 -0.562738548954 0.633832946399 0.755854059376 0.1641354227 0.0 0.0 0.0 0.0 0.0 0.0
27.1663320687 22.2152655768 2.93591018144 -0.768155751177 0.639974386962 0.0192230581826 0.633832946399 0.755854059376 0.1641354227 0.0 0.0 0.0 0.0 0.0 0.0
27.3576705097 22.6314556415 2.65508900485 -0.675312254809 0.437330673021 0.593881504123 0.633832946399 0.755854059376 0.1641354227 0.0 0.0 0.0 0.0 0.0 0.0
27.395071501 23.1473352467 2.50964313582 -0.325906342221 0.0685377246201 0.942914437478 0.633832946399 0.755854059376 0.1641354227 0.0 0.0 0.0 0.0 0.0 0.0
27.3581821314 23.6788380285 2.57913464248 0.147316838641 -0.326293851253 0.933718411346 0.633832946399 0.755854059376 0.1641354227 0.0 0.0 0.0 0.0 0.0 0.0
27.3548736397 24.1359621166 2.86146729038 0.564571889497 -0.597160937693 0.569787149805 0.633832946399 0.755854059376 0.1641354227 0.0 0.0 0.0 0.0 0.0 0.0
27.4802593281 24.4569633502 3.27368293701 0.767336640395 -0.641156599905 -0.0106157762807 0.633832946399 0.755854059376 0.1641354227 0.0 0.0 0.0 0.0 0.0 0.0
27.7805594277 24.6318129166 3.6834787171 0.678577372421 -0.441566150246 -0.586985591471 0.633832946399 0.755854059376 0.1641354227 0.0 0.0 0.0 0.0 0.0 0.0
28.2355412608 24.7060074652 3.95947111315 0.332015215457 -0.0742173375166 -0.940349766585 0.633832946399 0.755854059376 0.1641354227 0.0 0.0 0.0 0.0 0.0 0.0
28.7662059726 24.7632841694 4.02111075032 -0.140685072858 0.321327882583 -0.936459343565 0.633832946399 0.755854059376 0.1641354227 0.0 0.0 0.0 0.0 0.0 0.0
29.2648015177 24.8938075746 3.86928445066 -0.559936749866 0.594795267774 -0.576792359158 0.633832946399 0.755854059376 0.1641354227 0.0 0.0 0.0 0.0 0.0 0.0
29.635759463 25.1599145797 3.58597831457 -0.766459093956 0.642289986291 0.00200768594626 0.633832946399 0.755854059376 0.1641354227 0.0 0.0 0.0 0.0 0.0 0.0
29.8320030337 25.5724316074 3.30312983056 -0.681790813739 0.4457680005 0.580044977593 0.633832946399 0.755854059376 0.1641354227 0.0 0.0 0.0 0.0 0.0 0.0
29.872832367 26.0865614649 3.15250261745 -0.338098804449 0.0798912984755 0.937713484417 0.633832946399 0.755854059376 0.1641354227 0.0 0.0 0.0 0.0 0.0 0.0
29.8365920672 26.6189025463 3.21562722261 0.134042593362 -0.316337443551 0.939128960778 0.633832946399 0.755854059376 0.1641354227 0.0 0.0 0.0 0.0 0.0 0.0
29.8309067807 27.0791344976 3.49282630393 0.555258968882 -0.592384301893 0.58375364354 0.633832946399 0.755854059376 0.1641354227 0.0 0.0 0.0 0.0 0.0 0.0
29.9517927937 27.4043324286 3.90309204667 0.765523178689 -0.643374459808 0.00660055728119 0.633832946399 0.755854059376 0.1641354227 0.0 0.0 0.0 0.0 0.0 0.0
30.2471798394 27.5828731312 4.31486238664 0.684952334047 -0.449935903795 -0.573060191045 0.633832946399 0.755854059376 0.1641354227 0.0 0.0 0.0 0.0 0.0 0.0
