t = 100
b = 30 30 30
E = -0.507931917139622 -0.720121569442479 0.212189652302857
25.8425261557658 10.4320653534009 15.1205706191365 0.980013864620791 -0.17222744368389 -0.0995510641931963 0.195844877586841 0.923093916228846 0.33097173477306 -5.01512295228638 -1.76405748391902 3.7140930821782 -0.274896051953961 0.278309702823114 0.134063891526755
27.3749329057984 11.150431160605 14.6940760091278 0.887764857357037 0.238993051484531 -0.393390087286731 0.0889670189884564 0.749436615919654 0.656071271968663 0.100705650683287 0.103726109536108 -0.407387949843547 0.587554616107487 -0.0157588240683192 -0.148389124670238
27.7509921142141 11.3352430383046 14.9974675138933 0.261456222373311 0.653839503962315 -0.710024245902285 0.34453472032249 0.623932340529107 0.701430081363137 0.603329270779799 -0.191512879246007 0.0640251996391642 0.581139871899561 -0.00660580483677181 0.317076229725728
27.9973445472934 11.7631093166865 15.2198691575184 -0.113461715220756 0.456358037174107 -0.882532528358529 0.282507675204709 0.866421791354662 0.411706909293417 -0.392846642239216 -0.138219378049108 0.105915954676822 0.503672972606022 0.287354469302831 0.0728946412423917
28.291178965272 12.1064146141047 15.2589975701687 -0.812914609193117 0.406907911774815 -0.416648139100668 0.261376510763297 0.894232319996974 0.363360376149874 0.145049311350319 -0.531284185054283 0.0818211030246965 0.570913673912225 -0.329424210218015 -0.169708615841487
28.4580476781664 12.5207207511528 15.1939125296743 -0.982067832344092 0.0964323763250481 0.161998315295623 0.136716229008366 0.955946783452462 0.259758169668807 -0.195244873497693 -0.847793208124256 -0.0281281770743185 0.427429861415943 0.365512504277065 0.512394475827789
28.3796489010807 13.0325549879495 15.0786459478343 -0.842161750952861 -0.287217345320917 0.456365711537314 -0.0998945731525794 0.914788049631342 0.391386998278755 -0.00741331490337152 -0.328124696960132 -0.0792573976196523 0.48266449921133 0.123095859379559 -0.121096363122405
28.1875014789056 13.4136080194744 15.1728896268512 -0.533622615462757 -0.422329117692398 0.732724303097602 -0.0473397585400922 0.879946095800626 0.472708893515005 -0.0512414592228321 -0.0600526633022115 0.438358168403102 0.708100184093751 0.262885022214997 -0.205435164772049
27.8169831827333 13.7327697339436 15.2423166723452 0.185734064368255 -0.383425405136212 0.90470309883916 -0.0364388331690656 0.917402609308209 0.396288462663898 0.250058945229478 -0.204149651216021 0.222568060007766 0.405153010152075 -0.444170273907429 -0.110405125061368
27.6693307027628 14.1331105342412 15.4508325389319 0.639909762963344 -0.491142082624343 0.59101170292105 0.103478113733429 0.817164533626473 0.567039933620394 0.130878735322869 -0.0250255222726391 -0.145784596676955 0.119549745041157 0.112740294756992 -0.106653076433505
27.5560110848153 14.3114839798986 15.8560088316778 0.988755740428139 0.0232025596839612 -0.147728176836576 0.0623376714415365 0.834006405494085 0.548221863976049 0.138722777244936 -0.113892763299631 0.322044668529318 0.346555847777255 -0.523251280304208 -0.0400118693169892
27.6575962229565 14.4848347649755 16.3196362087304 0.754416798482154 0.251268874621352 -0.606398492214428 0.20132328789993 0.790729508216887 0.578113884494592 0.242603349264267 -0.457498616998663 -0.34051755293178 0.371665858582692 -0.0899208176528256 0.514893934306437
27.6208144759297 14.746178148186 16.6180477318629 0.492192932563539 0.275661313093067 -0.825685678711782 0.187487138619144 0.892701162502257 0.409796399312386 -0.49668958928043 0.510906057562641 -0.250693009110687 0.194397427130366 -0.21904558016398 -0.132496058200559
27.1080330897135 14.6798259622047 16.9380786663767 -0.0725973710522222 0.541769837939248 -0.837385781710699 0.172045729484092 0.833817646623617 0.524545785130879 -4.91413738389446 -2.30800938708408 -0.219413477652317 0.129844796444549 -0.179666167874841 -0.283227246356679
28.2158920442638 15.4895912029491 16.8927877974903 -0.547312835673275 0.492129532327734 -0.676946874967825 0.305958295572097 0.870513356987486 0.385481390668239 -0.678732865902595 0.239850849209101 -0.281006053963632 0.439571663429697 -0.450952178015444 -0.678886987710622
28.4803327913198 15.993467069537 16.8758512609153 -0.968484344097893 0.197604587232419 -0.151625806002845 0.117775057343387 0.899718763727281 0.420279744007353 -1.07689284422394 -0.179157983061889 -0.0154863782020319 0.298569603584488 -0.398722620003351 -0.360074634119965
28.4874569534622 16.5169900513344 16.8105545486112 -0.860008160773217 -0.16508474205513 0.482838349901833 0.0854140542210445 0.886300450208195 0.45516571938151 -0.831790989294017 -0.268964082409531 -0.274386401947756 0.377615530369028 -0.0568132156744216 -0.26451023749677
28.4129930399483 17.0672826927231 16.8862576366565 -0.538883199021641 -0.392949519398804 0.745114391499406 -0.0489746424762805 0.897652673855209 0.437973794013466 0.10754029646398 -0.334932198713435 0.253487650798594 0.393252391602825 0.35106192436521 0.00422686453983674
28.1284969201525 17.4263659484693 17.0323465037413 0.364715175559919 -0.391843697930344 0.844654509833376 -0.0798118865948163 0.890644411019738 0.447641016028922 -0.187930758729011 -0.269678941618065 0.293699163279356 0.444444295813283 0.317101135846567 0.276749653353209
27.9304245247943 17.6891015546301 17.4113437589526 0.883601226723942 -0.291243127797574 0.366641788688172 -0.108414668608891 0.634491807750295 0.765288380476428 0.178882770135699 -0.332911098165958 0.754120750595741 0.522376647033665 -0.180155698439943 0.213553593811076
27.8859203108714 17.7985684608048 17.8663142578951 0.987677825491591 -0.154819752420128 0.0228743987553308 0.112057452141053 0.801634865029117 0.587217637354342 0.449204325571335 -0.26953888250565 -0.196831895218104 0.726650386655798 -0.153883266146901 -0.0726316012294684
27.9275938124568 18.0738791074399 18.2719910796751 0.897423276350918 -0.0394603490207114 -0.439402124147033 0.243648138554056 0.874650454212813 0.419072844021814 0.19255378421516 0.373558380027126 -0.172196635268471 0.682564089162807 0.229743038182984 -0.14685005534331
28.1496303798039 18.2235036684889 18.6998258732028 0.454583017979273 0.404282811453765 -0.793668425191618 0.248325994009421 0.798202037796531 0.548823827245812 -0.162126537649684 0.46079307276509 -0.0115127475393114 0.425210707540316 -0.148867126713311 0.0354136965215357
28.4861101220348 18.5096618821787 18.8980525153728 -0.242233357933342 0.59187638620291 -0.768768642037346 0.184814557936985 0.806007309206883 0.562312794038507 -0.159704773627031 -0.063366798503346 0.321522723012961 0.21801819880474 -0.283594847924302 0.283702919193084
28.6587019649029 18.9565244071244 19.054060764934 -0.750095706657282 0.325272228870889 -0.575807510225366 0.0317811932168077 0.887405677264112 0.459892379329264 0.19196104349406 0.141950177102871 0.381823404955375 0.0117082853256374 0.471227731712029 0.276551436718861
9.93839216250845 3.44737118376206 14.3603938879028 -0.46358520760506 -0.795449813658872 0.390318114419438 0.182057649990032 0.34560141782962 0.920551224518687 0.268826161817899 -0.352709129060891 0.129073109371256 0.389168236618707 0.342600720416483 -0.261297435755225
9.73767452155325 3.50414019476705 14.8041490612613 0.209027279205113 -0.956523840802745 0.20339523021875 0.143204782901025 0.235688033860905 0.961219763673441 -0.408777493742386 -0.516757299479276 -0.0184274420723237 0.6089560521469 0.0929600714199907 -0.284849913754768
9.60943068393836 3.53890916409174 15.273729007214 0.804449578430876 -0.59370900344919 0.0192451962409869 0.294668136754142 0.426974298220059 0.854905561872145 -0.010826849275779 -0.324511630548181 0.22514149437568 0.65512357858513 -0.0699574691570011 0.68649627705259
9.92462274787613 3.60851394744527 15.7261304048642 0.892538531799615 -0.175967558332557 -0.41522315647828 0.450398654517935 0.301450600431345 0.840397804540515 1.06505516978778 -0.298959379169734 0.0681209873208647 0.233452009092315 0.157251978601014 0.198016200355212
10.2259284833137 3.58408687170922 16.144178703733 0.620866294393777 0.346713678825436 -0.703075068723774 0.676631139156382 0.215869094581833 0.703967843992949 0.92835047904185 0.162818234666469 0.112898816817436 0.561362812586879 0.68416507946186 0.405827157693334
11.1777149786558 4.06181308144704 16.0992929783355 0.655407118021419 0.585042941607906 -0.477667415950639 0.342408841474672 0.333551802762376 0.878350306593869 2.44434106781128 2.13791288355441 -1.07639803902079 0.15633641023325 -1.1345882042138 -1.05291663002806
11.4131133716961 3.94660663687235 16.5351937420579 0.0517791552132109 0.98130821594877 -0.185345591194493 0.437169146578398 0.144594024530326 0.887679889515329 2.65508816418652 2.03195822854506 -1.15425684195505 -0.173630978939898 -0.33630792951845 -0.76019379767956
11.3314944366003 3.9640301229874 16.9203904990607 -0.598740250064305 0.788574137870596 -0.140217068175423 0.465661880275814 0.485163907450511 0.740118151545052 0.128093124613487 -0.15530616841689 0.0240839294097935 0.210994803751832 0.273108281111942 -0.433853574554869
11.5006576972041 4.26465948670459 17.1124968071447 -0.851162419564442 0.481778125071103 0.208356095603017 0.409610411531927 0.361417594897076 0.837613582829451 -0.150707586422701 0.351777226608572 0.861689548306082 0.294634182576665 -0.06317687102167 -0.509631211618057
11.5834579452587 4.68981825102288 17.3484262921798 -0.828848099301379 -0.230954225969694 0.509579096582883 0.357412315133529 0.482151034253655 0.799866675677878 -0.173451284936599 0.0643361214341955 1.24832604324784 0.309139925755479 0.0498898348049113 -0.215398258900938
11.5020548484237 4.98964898512484 17.6001702952019 -0.390236366922956 -0.674598303787005 0.62660401216991 0.347564453042341 0.52227512557011 0.778734567391084 0.136178695291606 0.0906254373750861 0.400984529036688 0.399221282163504 0.214572067376946 0.109591570233247
11.3891266801185 5.22724331049308 17.9952987589148 0.206648520536561 -0.89804737337629 0.388339007765675 0.32722520471818 0.437485958698454 0.837573628543849 0.170896396626828 -0.481061078732361 0.193391748931454 0.349270550993068 -0.375720687769435 -0.356116331021253
11.339692041361 5.29516131209853 18.4760828037786 0.688789548595089 -0.724909185183633 -0.00868975284256042 0.343794507943425 0.316064555502647 0.884255854602467 0.289429712303524 0.172001101004634 0.252191750373805 0.394637112827827 -0.0919112362745968 0.211174826783969
11.3200831582417 5.38046875130706 18.9515994834524 0.91716619048938 -0.2467744560448 -0.312903224122746 0.373751204710175 0.260254547767212 0.89026821352318 -0.114617565851989 -0.0843249473987093 0.326910290554929 0.418958856549167 0.0800594362013387 -0.0139685187562473
11.6230367502267 5.29674659888744 19.3200505178512 0.774255715553288 0.298148553599438 -0.558243143903532 0.527276329382058 0.183939757620759 0.829545493978988 0.0133262215470625 0.230869500666849 -0.138547425859707 0.532761914072122 0.0477082294591327 -0.103940049654144
11.9633395399988 5.12864923868188 19.5666635420444 0.359063815588118 0.830820107367915 -0.425218775280237 0.568902429226946 0.166343712120326 0.805406533406488 -0.0151099313247421 -0.0599968454423028 -0.255831145812324 0.755967438774761 -0.0223300076752767 0.244684105601968
12.3539188586681 5.34069824765281 19.7913186046121 -0.027456242775476 0.883484343136275 -0.467655274566889 0.643211844948345 0.37373209481976 0.668283422478228 -0.220826790507345 0.2510596622802 -0.305202846264275 0.558842322910508 0.195774559706604 -0.510847371377155
12.8040210298913 5.5086925897295 19.9141811406482 -0.488595685955384 0.862312825140365 -0.133006524919584 0.493513863345577 0.39884463454077 0.772895145104509 -0.338858214714176 0.166735198123256 -0.230133325085625 0.630221625015798 0.0225612923360641 -0.401473769918128
13.1363870620404 5.79783593367574 20.057210035711 -0.85624361199936 0.446945658706316 0.259010308793227 0.469575962458151 0.464478268657908 0.750838354677505 -0.0102972440684856 0.0312026106331735 0.486668626677321 0.316093017789688 -0.116184137570535 -0.247333457776576
13.2671861506425 6.21934486074274 20.286939435814 -0.870738140671612 -0.179253400769956 0.457911773456792 0.317989311586892 0.50505009331039 0.802375899188196 -0.223896472314797 -0.0176074526132931 0.497594616461107 0.2770442607572 -0.10091504829557 -0.347266929384622
13.2415895287721 6.63027977916831 20.5355538875528 -0.403642412625938 -0.730994732099512 0.550199405038765 0.363468311033859 0.423755112293798 0.829651898584868 0.106571915305123 -0.289209911612325 -0.0873553514311935 0.418679719266479 -0.124254679843563 -0.154904593708788
13.1677195384447 6.87595161983442 20.9377265560911 0.246195351486282 -0.912972706354087 0.325374503717978 0.390490469559401 0.400689178299988 0.828833672413836 0.235494044218828 -0.0970343050644335 -0.374353869249172 0.453841724411325 -0.0964592252337148 0.105331108177815
13.1966315505621 6.97658785858788 21.3539486749055 0.661474992416173 -0.748262402175243 -0.0505380331452963 0.330773368201887 0.230602071691422 0.915101934130662 0.820596283307755 -0.304241074117249 -0.466614627721286 0.252420411986036 0.0119588115402296 -0.0412140825025979
13.3189926927055 6.89973498516582 21.7896107825076 0.887963494743797 -0.131993903749215 -0.440565915936584 0.459906828443996 0.249560364086445 0.852176752671209 1.26516003006667 -0.563768622947549 -0.0696184813615901 0.411859081130815 0.652756587586745 0.698712172382795
14.5336945724912 7.39210340247018 21.6473033832813 0.571232189108994 0.510247256050585 -0.642916337174727 0.411074234318 0.5001260439867 0.762162578243195 5.04195375114387 2.23208966986789 -2.79060497941329 -0.121552013861403 0.224914098587229 0.647704585081857
