
#id1 id2 FENE BEXC STCK NEXC HB CRSTCK CXSTCK total, t = 100
0 1 1.32001 0 0 0 0 0 0 1.32001
1 2 0.000188691 0 -0.961239 0 0 0 0 -0.96105
2 3 0.0387702 0 -1.36889 0 0 0 0 -1.33012
3 4 0.0355942 0 -1.29841 0 0 0 0 -1.26281
4 5 0.0898675 0 -1.37585 0 0 0 0 -1.28598
5 6 0.0100297 0 -0.138904 0 0 0 0 -0.128874
6 7 1.11045 0 -0 0 0 0 0 1.11045
7 8 1.32915 0 0 0 0 0 0 1.32915
8 9 0.0970646 0 -1.35286 0 0 0 0 -1.25579
9 10 0.0227562 0 -1.27315 0 0 0 0 -1.2504
10 11 0.0651556 0 -1.36476 0 0 0 0 -1.2996
11 12 0.327165 0 -1.42423 0 0 0 0 -1.09707
12 13 0.09883 0 -1.24502 0 0 0 0 -1.14619
13 14 0.0857372 0 -1.43558 0 0 0 0 -1.34985
14 15 0.512376 0 -1.36012 0 0 0 0 -0.847743
15 16 0.0477238 0 -1.30859 0 0 0 0 -1.26087
16 17 0.194129 0 -1.01668 0 0 0 0 -0.822549
17 18 0.191353 0 -1.20375 0 0 0 0 -1.0124
18 19 0.00373089 0 -1.24586 0 0 0 0 -1.24213
19 20 0.281309 0 -1.36942 0 0 0 0 -1.08811
20 21 0.0752726 0 -1.35001 0 0 0 0 -1.27473
21 22 0.216346 0 -1.3156 0 0 0 0 -1.09925
22 23 0.234809 0 -1.35146 0 0 0 0 -1.11665
23 24 1.34385e-06 0 -1.25859 0 0 0 0 -1.25859
25 26 0.0318387 0 -1.37925 0 0 0 0 -1.34742
26 27 0.111172 0 -1.18551 0 0 0 0 -1.07434
27 28 0.109769 0 -1.20422 0 0 0 0 -1.09445
28 29 0.0427605 0 -1.41299 0 0 0 0 -1.37023
29 30 0.15921 0 -1.21334 0 0 0 0 -1.05413
30 31 0.521807 0 -1.41374 0 0 0 0 -0.891934
31 32 0.15462 0 -1.30053 0 0 0 0 -1.14591
32 33 0.0966929 0 -1.15194 0 0 0 0 -1.05525
33 34 0.165852 0 -1.31761 0 0 0 0 -1.15176
34 35 0.0286243 0 -0.883157 0 0 0 0 -0.854533
35 36 1.09837 0 -0 0 0 0 0 1.09837
36 37 0.981525 0 -0 0 0 0 0 0.981525
37 38 0.244518 0 -1.0024 0 0 0 0 -0.757886
38 39 0.565034 0 -1.21299 0 0 0 0 -0.647959
39 40 0.0452291 0 -1.20317 0 0 0 0 -1.15794
40 41 0.0968981 0 -1.11938 0 0 0 0 -1.02248
41 42 0.105098 0 -1.035 0 0 0 0 -0.929903
42 43 0.0891755 0 -1.08921 0 0 0 0 -1.00003
43 44 0.000374495 0 -1.36035 0 0 0 0 -1.35998
44 45 0.227714 0 -1.34415 0 0 0 0 -1.11644
45 46 0.0912908 0 -1.18539 0 0 0 0 -1.0941
46 47 0.148205 0 -1.09017 0 0 0 0 -0.941969
47 48 0.071293 0 -1.24976 0 0 0 0 -1.17847
48 49 1.59865 0 0 0 0 0 0 1.59865
#Total energy per particle is  -0.763994 and should be -0.76399410

