t = 100
b = 30 30 30
E = -0.897948251158602 -1.07438214222005 0.176433891061447
29.8529467017397 0.855665199587537 20.9395461483622 0.0477360821104082 0.00477759254991405 0.998848499950979 0.672760086773528 0.738999464799392 -0.0356866611397983 0.325851787233196 -0.41847391738366 0.201228508250962 0.117392690782758 -0.199715294092886 -0.390672086642314
30.1120736419886 1.31204514341347 21.0667382851224 0.162042884567647 -0.574791803023033 0.802094991815808 0.648053675805952 0.674967529466303 0.352767846400277 0.417103894464589 -0.325017779403929 -0.192665990170491 0.167591035830003 0.336124876308359 -0.590938641148593
30.2145683462801 1.51840286380585 21.4578785900709 0.758542267263378 -0.644864418220408 0.0936129892014401 0.618745627448663 0.757854948730065 0.206904825974623 -0.0702791288262536 -0.178708294578848 0.204741034795585 0.55633159591751 -0.049055198176062 -0.0855979480249532
30.4693340737347 1.69067116480906 21.799691571038 0.735042229856364 -0.330347050650339 -0.59210103091545 0.553629459759205 0.796562830280862 0.242862017400766 0.0411986548224428 -0.420702608755309 -0.149595102708279 0.429724818486524 -0.531857540467363 0.229353483565742
30.8568419823109 1.92682934628046 22.0402564346428 0.39812384288793 -0.224821007290568 -0.889355272828564 0.752143859483504 0.635013308653985 0.176174895038623 0.422843506262262 0.180432050476829 -0.749748136307819 0.366681212889405 0.114284930467291 0.162441425558747
31.3260016992349 1.9091384122523 22.1835444089732 -0.0868440243310068 0.404848893183879 -0.91025017050022 0.868953943076636 0.477639851134247 0.129534182861682 0.081397105084318 0.553786725315885 -0.325450065629611 0.171794396518631 -0.315870637210236 0.384033356181036
31.7643338042504 2.10099741627611 22.1468137748434 -0.506843455975513 0.568909349867556 -0.647650942799318 0.711878355083233 0.699926586199043 0.0577222868772628 0.0593958599116285 0.0290288166366914 0.205312778180682 0.443989123183981 -0.158855413782817 -0.205655894142933
32.1740749125903 2.31151334882964 21.9612330785205 -0.748295508618138 0.656754905218817 -0.0934168462235922 0.662482087783015 0.747117089608177 -0.0541610750973508 -0.0502205076671717 0.413110169157184 0.254694162777298 0.54853007379157 0.353392309611422 0.0258261892204651
32.3140469876575 2.58644294147246 21.6389804743249 -0.48466494049678 0.629096510871353 0.607731320685749 0.725706475211455 0.677077603368236 -0.122130739431266 -0.436433541520301 0.657573582768199 0.0614812685315282 0.500394509004754 -0.344307825512674 0.209468486536551
32.5405950204853 3.01360282647718 21.501412373962 -0.326209016587394 0.237173833491328 0.915060725334404 0.677954784198486 0.733288667582208 0.0516228896265502 -0.0739970500738962 0.326304430890156 -0.182869282136488 0.449825951373525 0.00475640432569464 0.185351374998066
32.7735904690483 3.38829216225601 21.5221615247508 -0.171631976846226 -0.15882343910068 0.97227437745043 0.642175433709604 0.730393153029343 0.232672381089973 -0.0539466914738155 0.0419991562781123 0.219153138425081 0.290480455346306 0.316974788930981 -0.33689656835995
32.7689767912735 3.82009350418893 21.7182789045381 0.397672662320238 -0.606504597895797 0.688482757411119 0.710164170144297 0.678584620041555 0.187589034990361 0.254231547032178 -0.336439507472064 -0.0181063168698454 0.384421113816928 -0.338729441264726 -0.336624644152041
32.949488227384 4.17121340245757 21.9566908607268 0.571424530707379 -0.808116847305516 0.142902231575454 0.748817214523417 0.584685682101657 0.312114268888125 0.267852311078248 0.375950811208069 0.206366929255133 0.491377524688916 0.234080367409258 0.00699206852728236
33.2264288977136 4.33237525459849 22.3283861902079 0.658526721676825 -0.562519494905908 -0.499914248214977 0.751912517536079 0.51930394921979 0.406141436619493 0.473606021258542 -0.270708640917271 0.133821946920132 0.608382965590395 -0.16305124654767 0.0335101694793304
33.6713611654652 4.45080968102868 22.5332046741506 0.360485820085994 -0.392910573959035 -0.845973484892134 0.912024322031744 0.338664477916314 0.231339372865155 -0.0489284404058261 -0.230544044147444 -0.649461493218055 0.58618565465204 -0.0281120045463855 -0.367141527267889
34.1056332213896 4.47958294373326 22.6874089202087 -0.0150466131057982 0.0239140379105357 -0.999600721316496 0.829113898059249 0.559078909969304 0.000894832246818405 0.0668364998776805 -0.295166766505521 -0.243016100961629 0.572173906140715 0.209156193090533 -0.276215673115621
34.5447873582842 4.563098650841 22.5889803952488 -0.491943631757806 0.527031333156407 -0.692985799161965 0.725952692994503 0.687701823200506 0.00766625285433566 -0.222405193520155 0.112895428522798 0.00300794727396436 0.545183382959743 0.163601342074211 0.0459647626998303
34.8897703756474 4.72615491569209 22.3075956729192 -0.616853094669379 0.783434486490699 0.0756475388652125 0.768820913412699 0.620335994859564 -0.155233847080352 -0.537928416083286 0.0214386135654242 -0.523934202321807 0.673604212580829 -0.14175542467978 0.0212653644486097
35.0643288733871 5.06783511892476 22.0367374670234 -0.571278521990034 0.61611652026505 0.542255627133017 0.654414832624745 0.74067531932984 -0.152122284029256 -0.667714412331986 0.51094921529596 -0.115252799010364 0.7266156641389 -0.352618330876401 0.322286746457761
35.3469171270661 5.52152782545069 21.974794897942 -0.602977588706554 0.323819855841301 0.729080665816702 0.584770970431101 0.80106198978818 0.127837729673604 -0.0105282737833364 -0.0384437844898796 0.574808895205616 0.52896043688144 0.183956195282467 -0.351331880959177
35.4618795848195 6.00986495796712 21.9257802719031 -0.103014441474727 -0.10337228518182 0.989293727811715 0.662469818998687 0.734770585797079 0.145759414863066 -0.351263928709055 -0.265565822085262 0.210338251744466 0.493726200244337 0.260516643286172 -0.284313802438241
35.5797492098999 6.46556782203381 22.1172942759965 0.376183709624475 -0.589783063091488 0.714591936814112 0.672731521028729 0.70418806228745 0.227049236768436 0.716087438502941 -0.00468348795252983 -0.108137874343283 0.391518671443271 0.0179730682461045 0.104148181973515
35.811372743985 6.83622903338426 22.4331068996964 0.580621435181537 -0.789398973207627 0.199318568126488 0.692957196808754 0.607659287055539 0.388021137365911 0.0975190897846893 0.0419233982693891 -0.021227404735459 0.356777668990044 -0.182381612076235 -0.302392897678628
36.0719519695263 7.14929395159243 22.7606895338301 0.655970183138305 -0.686635331707445 -0.313424511381389 0.750865391485328 0.635913975378242 0.178366087103319 -0.331064227942284 0.271455260524099 -0.575234177880159 0.307413752589315 -0.198605981845538 -0.238438488819949
36.4419302130298 7.28772447391137 23.0554915011152 0.305097058918649 -0.142703842869012 -0.941568521618473 0.584258164907019 0.808819494623236 0.0667331084894636 0.279285334518428 -0.111850314755914 -0.478285919889648 -0.22061616047259 0.0997513441436394 0.384079696316552
