
#id1 id2 FENE BEXC STCK NEXC HB CRSTCK CXSTCK total, t = 100
0 1 0.00906403 0 -1.21274 0 0 0 0 -1.20367
1 2 0.768964 0 -1.31091 0 0 0 0 -0.541948
2 3 0.103209 0 -1.31399 0 0 0 0 -1.21078
3 4 0.0698604 0 -1.28856 0 0 0 0 -1.2187
4 5 0.162648 0 -1.36594 0 0 0 0 -1.20329
5 6 0.00383786 0 -1.37756 0 0 0 0 -1.37372
6 7 0.210654 0 -0.905752 0 0 0 0 -0.695098
7 8 0.00393932 0 -1.34647 0 0 0 0 -1.34253
8 9 0.003358 0 -1.34287 0 0 0 0 -1.33951
9 10 0.104473 0 -1.037 0 0 0 0 -0.932526
10 11 0.41624 0 -1.18744 0 0 0 0 -0.771202
11 12 0.033672 0 -1.05109 0 0 0 0 -1.01742
12 13 0.139094 0 -1.24202 0 0 0 0 -1.10292
13 14 0.216938 0 -0.646693 0 0 0 0 -0.429754
14 15 0.0333271 0 -1.3374 0 0 0 0 -1.30407
15 16 0.0460766 0 -1.02919 0 0 0 0 -0.983114
16 17 0.0126336 0 -1.36576 0 0 0 0 -1.35312
17 18 0.011906 0 -1.20262 0 0 0 0 -1.19072
18 19 0.236909 0 -0.000334719 0 0 0 0 0.236574
19 20 0.0132181 0 -1.3763 0 0 0 0 -1.36308
20 21 0.0640222 0 -1.24975 0 0 0 0 -1.18572
21 22 0.364979 0 -1.37414 0 0 0 0 -1.00917
22 23 0.196681 0 -1.26841 0 0 0 0 -1.07173
23 24 0.0180441 0 -1.33561 0 0 0 0 -1.31757
24 25 0.34095 0 -1.27802 0 0 0 0 -0.937066
25 26 0.0719431 0 -0.878719 0 0 0 0 -0.806776
#Total energy per particle is  -0.987727 and should be -0.98772710

