t = 100
b = 30 30 30
E = -0.626477185367861 -0.813709961949702 0.187232776581841
17.0082868796184 5.5006759867364 8.31277674217698 0.326705774459092 0.544714460294059 -0.772366093140969 0.604667808071454 0.507610980347826 0.613765286533461 -0.441045593120188 0.64842969441909 0.138931952610115 0.508835840675988 0.337907795161134 -0.611303229584232
17.4334339365161 5.67390345206368 8.49491343798396 -0.384588793678263 0.795765461435743 -0.467812645477945 0.567173181819646 0.603552914451794 0.560391247606865 0.478820112666215 0.181180783439743 0.133512998245537 0.308447322410703 0.114205669360037 -0.0200492964859274
17.6840240260214 6.09958061882254 8.57955459303128 -0.86461576161529 0.499530208086542 -0.053935488380234 0.360324160397657 0.691295223567815 0.626320441205475 -0.161322868763951 -0.151691107723937 0.0528588692985735 0.455019389726732 0.110705180870683 -0.0265154693452024
17.6375116847341 6.61218104805656 8.56691509842046 -0.904068656526579 0.0320920424337073 0.426180533222815 0.31694910238179 0.719295190626473 0.618188949649026 -0.305142138796934 0.495426097885866 0.23814310788449 0.593520005327736 0.0458679076442011 0.214626454361998
17.6505627199334 7.03992395847007 8.69260435434611 -0.627589005519175 -0.354820187282923 0.692989578329747 0.290967343369972 0.718712675506736 0.631498200367894 0.228844149399289 0.166252960063281 0.368106381301882 0.420383249945621 -0.34668479532228 0.158808307846907
17.5461172517473 7.44239542851583 8.89587985797363 0.0672348606005187 -0.641202581062686 0.764420438913455 0.295714453360405 0.744536149315826 0.598513797279812 -0.426570269887388 0.00409463038846199 0.448684498568558 0.240380978756426 -0.388988922781585 0.20139414855654
17.5231932529524 7.76759513084646 9.28917619283923 0.472301579048141 -0.779539234930085 0.411399660784665 0.242207962190084 0.563549594369924 0.789776576425005 0.483528761418207 0.061853751808452 0.587680301016923 0.288782314203516 -0.0693469305978706 0.0814429682785893
17.5897166557752 7.80815637914106 9.72004235799588 0.821010443845758 -0.562582499989181 0.0971733646478723 0.226517203687427 0.477229937871526 0.849082699602858 0.245989851994751 -0.0284752098517738 -0.11116622895856 0.616370491800428 0.478861095554254 0.011314799252332
17.6253108131254 7.83764984194439 10.1467862130491 0.9669005846377 -0.10453528800642 -0.232756341824142 0.253167147982674 0.506647521744187 0.824144749536508 0.0713728433677099 -0.285997270610332 -0.446942985332999 0.583783967531304 0.316246204868284 -0.0303481057535379
17.8868301177208 7.85214532732043 10.5528065957917 0.750545048523252 0.372788858823865 -0.545628517046246 0.34647572909854 0.481095146711391 0.805296164484578 0.086950652372411 0.123102470671731 -0.299727004174623 0.321877667577059 -0.426732086293621 -0.226015615581911
18.1267419150573 7.9948426552047 10.915543676036 0.332376001609198 0.577228778573717 -0.745877347445892 0.369555739678294 0.647893259025858 0.666080146195941 -0.330606680113921 0.0833379547760612 -0.235474752270853 0.418731899398551 0.373229194205666 -0.241404302638305
18.5116902370085 8.10688436140636 11.1327107587888 -0.373834745032688 0.78301732402757 -0.497123058058464 0.454593810985657 0.621876356587717 0.637663035642996 -0.735276170575895 -0.720231031943776 -0.0945981702871355 0.288918388520829 0.339318871906758 -0.107216987086327
18.7771039167636 8.44472830697898 11.1594913458699 -0.847385527697707 0.530853717060989 -0.011488242461351 0.442283464986127 0.717644970459855 0.537932076266669 -0.449394519747898 -0.444823228975708 0.0329025168975205 0.33733962157746 0.143881355666598 0.129750881502604
18.7757273163692 8.88606311697917 11.2747120790824 -0.867437042236653 0.144608310058039 0.476068582924271 0.408276975856566 0.753739459797255 0.514962739154249 -1.33483106037416 0.209177440258518 0.634002073996026 0.424272649639656 -0.118297805232922 0.431389365090812
18.5039508515556 9.09884918859621 12.1355870140333 -0.859950051379503 -0.117829381160235 0.496590415491343 0.228906474794767 0.780592512241884 0.58161588786684 -1.53720388933775 -1.24551871622175 3.1426583266896 0.49496701374913 0.258834319292357 -0.739257800819993
18.6482832804845 9.86479482789316 11.791039560228 -0.264022547657427 -0.48064036516072 0.836227731549973 0.0842431821822974 0.852186784876447 0.516411328106427 -1.33387830394214 -0.566273497468025 1.39188932853901 0.41548641515828 -0.722411200458472 -0.718864680014516
18.7711507118604 10.1888815820413 12.0525909818687 0.245413650063709 -0.845807058585039 0.473690240101997 0.131463792431595 0.513156614890336 0.848167111441896 0.0556732561227145 -0.0477015840758407 0.644902250225291 0.573491889073461 0.0437905877383451 -0.536226131067976
18.6624476790403 10.2011861384528 12.4994368798934 0.866459471388282 -0.483680859600645 0.123695963307641 0.16492498962329 0.511163099491055 0.843511660659675 -0.104325413715465 -0.229541489759305 0.608725195550185 0.607319316701149 -0.0184378041334605 0.0856958550660097
18.6986346557218 10.2849518890926 12.9920812075014 0.893884934232633 -0.209902099157654 -0.396119570402963 0.437582490337089 0.600557873253882 0.669217218785287 0.109179843085162 -0.0159392853763936 0.0836843133098457 0.473748124905137 0.019082944036467 -0.104614295576081
19.1005389811219 10.2866950251286 13.2583158263114 0.561669924146657 0.333981036877413 -0.756956699646761 0.54690362503644 0.536641178775758 0.642582722817886 0.480191005576721 0.0886224339764989 -0.093703991543524 0.595907026850405 0.163697883247797 0.0619148903649211
19.443085406847 10.3371913801071 13.6064720049614 0.0595060175024814 0.676737752795147 -0.733815323810282 0.599069046622235 0.563811081848368 0.568536043218443 -0.283589646750874 -0.136595972066982 -0.356434990343499 0.688391848228081 0.16969288630389 0.205832078142938
19.8026394232668 10.6428180229099 13.7124056976258 -0.417088125389101 0.665565310119025 -0.618918568734112 0.509586401159483 0.735123341965178 0.447118846471026 -0.258494350506147 0.250666787588113 -0.385573583386735 0.709266848682143 0.215794534101203 -0.14377428814469
20.2173951799037 10.9399387518324 13.7431163245895 -0.853346371237547 0.477307082274296 -0.209708847784 0.348981390152695 0.821803592467771 0.450389536952958 -0.315428606880734 0.22762438520608 0.0594052221410061 0.484257704488866 0.160221526804324 0.157750041696298
20.2943030688808 11.4174410000407 13.7653485207545 -0.935934425670226 0.0136800065888039 0.351908354551054 0.263081207633168 0.691458098077628 0.67281041760011 -0.186466455442807 0.0649186624311972 -0.58742839169402 0.219502637785349 -0.0675284682669671 -0.0132527689973279
20.3195728937862 11.8501114039237 14.066652964238 -0.804780019393642 -0.480921496355942 0.347913087486682 0.110691058299773 0.454256754173531 0.883967291210094 -0.298596722216714 -0.193567805942762 0.0696201696420799 0.465124216335453 0.465460319806501 -0.380053535030145
20.194143931456 12.2704722088161 14.2786124748313 -0.331336890803362 -0.787770033308537 0.519263055970309 0.05775153638513 0.532385935607017 0.844529373576886 0.00822060867164121 -0.00702291368159554 0.226636282819375 0.667435252205003 0.234122322102945 -0.13053595808557
19.9663407708387 12.5674912418145 14.6185758721186 0.467627452984724 -0.739445664228527 0.484298003405675 0.114071779066799 0.593796889123198 0.796487772265971 -0.174673797833705 -0.671098134686397 0.764096645909823 0.550458347324609 -0.0974036232647248 0.273986414723808
7.68732295417771 4.52802554677141 19.701917156518 0.867835653088476 -0.340100764266396 -0.362205238974554 0.442218106617516 0.196386652143155 0.875143022670038 0.208400665329991 -0.269591645266878 -0.138554290871973 -0.00699554435616538 -0.0878580940805054 -0.477671569572966
7.91038300436999 4.44567185606033 20.1574643469612 0.73009464754147 0.310008398927776 -0.608979868717478 0.565119771042884 0.227121026827616 0.793130232273097 -0.0515243664605234 -0.407911347602624 0.106008655888918 0.237666177537998 -0.133392977278284 -0.479290884266582
8.32829860470441 4.51622865307473 20.444094807811 0.332276801546463 0.776066425314249 -0.536015776592035 0.578632030733811 0.281062902451072 0.765629480471591 -0.00798514225764109 0.33544719552725 -0.0771903439157901 0.381895195067707 0.387670322299721 -0.118268870747967
8.71969897095683 4.56241172832751 20.6792918956123 -0.277246785113525 0.936059202202434 -0.216627031824395 0.582682764353236 0.343080196679559 0.73673377907945 -0.0641606522545718 0.303508153221093 -0.17415922239288 0.486861411162966 0.485995593748272 0.0864866034450037
9.02218518237362 4.8763723065672 20.8377439669334 -0.728897929999801 0.624946629148775 0.279552142616138 0.573722749547753 0.334777860380655 0.747506439109361 -0.569060140122724 -0.0513987395946134 -0.667025221517418 0.6011805420145 0.102033037125201 0.115246278072317
9.28583070398076 5.16159879678424 21.0470934611539 -0.858072763682311 0.210625501535676 0.468345931257868 0.513524172184061 0.348415051178632 0.784155443342064 -0.356615549703646 -0.0532848707004528 -0.03499154833306 0.397015411187756 -0.215113730838948 -0.129079048175379
9.43073128660183 5.51218117371668 21.4119505618187 -0.84214346390014 -0.299047351196257 0.448737063504681 0.404606937125044 0.199712458900761 0.892416965947089 -0.45072056822802 -0.398961381533108 0.281630287930377 0.500414172106828 0.207716061464135 -0.397581767114382
9.39994785331561 5.83442016112631 21.8140754247062 -0.44519108915062 -0.769383647392089 0.458097786092315 0.32130931973169 0.340261508053562 0.883732035167664 0.256042406082461 -0.485563715075261 -0.0234851450362178 0.429616360639076 0.456683654946261 0.11218804572259
9.29956638190661 6.00018469422233 22.2219805452945 0.117699102969449 -0.966654968636043 0.227431256006693 0.228914094344752 0.249265613203421 0.940991433040279 -0.0804753144132306 0.0963776791425744 0.092725815597235 0.203306906505238 0.0907497773670388 -0.255746881811333
9.26085198137094 5.95975213365315 22.7096570687299 0.560010429325469 -0.8113119263092 -0.16781287548245 0.436632075509298 0.11688090727857 0.892015227404157 0.211397910433129 0.12860258350091 0.0112017954646102 0.605331716351073 -0.0327424737179229 -0.569472054244972
9.35517729892539 5.7471408331373 23.1530376573328 0.899484327545325 -0.208525156733147 -0.383985787038263 0.410125840582413 0.0997269126542915 0.906560103541416 0.49176073749364 0.168371636828488 -0.0261361839579488 0.141737019750684 0.493339203421562 0.443626923117592
9.75852425976559 5.69904801660079 23.5180786249821 0.613258926975995 0.443645203606527 -0.653522993743915 0.575420422533228 0.315871337318808 0.754398115334727 1.28174307197244 0.0898990072060857 0.00918940547970309 0.172821754591992 0.278033002929207 0.291395429985855
10.5804147943239 5.93508272327192 22.9391789972959 0.232614350739225 0.945871309524508 -0.22631375016672 0.700974568036162 -0.00174801066709627 0.713184056653381 2.5688879527045 1.92779910233992 -3.59151330257686 0.848925505655795 -0.288436798141784 0.243782422947845
10.4479926028187 5.82267915648554 24.1129675404549 -0.309424422501137 0.936063698854116 -0.167454948146471 0.589579090733694 0.327012343309343 0.738552171239942 -0.467461438702332 0.836963738878517 0.0363845968313102 0.248331304352319 -0.0152057580931645 0.0665120564434073
10.755062576075 5.9154627862573 24.3770911129462 -0.7403501361031 0.6591034893995 0.132151985143834 0.467298924547274 0.363295513545205 0.806007424228585 0.298305244567792 0.769682015050697 0.187416756232322 0.339945443765116 0.190597381545942 -0.128219377291706
10.928470504316 6.30772189920748 24.5899802313544 -0.922097606931404 0.151569232941827 0.356037430208193 0.385076242638392 0.450035973418422 0.805719427635692 -0.101582931949081 0.0760182237368577 0.0996908415752472 0.485038855935022 0.0121460578483579 -0.0348030456602341
11.0038490792132 6.58466950552122 24.8547195274823 -0.748786232599739 -0.369171865016881 0.55048269089381 0.417350589484247 0.38259952417626 0.824279062003194 -0.287902670223156 0.160989526934444 0.391875219587967 0.307698047502382 -0.0907887175487623 0.0727423719664145
11.0609463446771 6.91499406689436 25.202583553524 -0.268142375677866 -0.874397636453226 0.404386351036096 0.374677545252423 0.292057570518705 0.879953972568279 -0.314905550050516 -0.107865829121683 0.174251398585716 0.231450113352123 -0.122994415405838 -0.191269102362761
10.9505908272547 6.90795186941047 25.6968298485044 0.289158021999754 -0.940691622017102 0.177445179176193 0.304441401721588 0.266106298611688 0.91460524450221 -0.233080783099654 -0.319658379475079 -0.0933577763437557 0.510659312328097 0.144609722636302 0.0610733904089679
10.8926371886412 6.8496569608339 26.1318387673226 0.679077360644307 -0.730088098844608 -0.0763229157737679 0.369368949513415 0.249996174966524 0.895024230183667 0.078560869892206 -0.216496738730827 0.0750889833937737 0.465436417111003 0.354014472679794 0.252903884175559
11.0023443951234 6.76649695422444 26.5817956211359 0.847120359243256 -0.272453563772725 -0.456241201638751 0.494560471993763 0.0901076379335017 0.864459621036784 0.346515652395761 0.305560856397753 0.307024526722396 0.383788951536571 0.00683442886490172 -0.14013258571775
11.2440181830599 6.59274918581391 26.9637845641306 0.728285718767942 0.411948464164302 -0.547629670049256 0.590918643259082 0.0271444452790956 0.806274287016276 0.303633303681621 0.0541165000971586 -0.0467431648474618 0.335341728549664 -0.101315902225369 -0.128252783257388
11.6196891227918 6.46423973314701 27.2224205810346 0.305938310666227 0.823904260319679 -0.477057020382537 0.553341208859272 0.253878261485442 0.793321635735024 -0.213478300226724 0.114004201867184 -0.644164153714421 0.69348083324807 0.0360170291563552 -0.250424719045025
12.0426173889486 6.42930397414895 27.3345495437051 -0.206839236717164 0.974991608414023 -0.0812943695635109 0.481022290449024 0.173696795131465 0.859329308544567 0.183449361572763 -0.0718429832180294 0.0634251971926688 0.639109857039907 -0.0328627050505515 0.298396751455492
12.3605844563767 6.66599103465745 27.5750638494853 -0.674562576156173 0.735539141236002 0.0628282094755701 0.538622966571824 0.432192084229442 0.723253199835441 -0.0754624878847609 0.0867844444389054 -0.235134510247403 0.220534150389808 -0.0273021656504862 -0.343241338457156
12.7219030232525 6.95286300210362 27.7338068624 -0.87844679404973 0.243822449328473 0.410952216652184 0.46930380549029 0.278395312630782 0.838003501818709 0.00447810106156678 -0.22706713273812 -0.424862111493946 0.464215037593654 0.0619312843709249 0.23199722264556
12.78906861442 7.30303338811018 28.0990832684666 -0.561278888043372 -0.649563298499497 0.5128678418615 0.445039966852919 0.285585856189552 0.848752041233882 -0.210762041203631 -0.239418691602018 0.333745203473369 -0.0787643181281446 -0.477353155681035 0.662001617892624
