
#id1 id2 FENE BEXC STCK NEXC HB CRSTCK CXSTCK total, t = 100
0 1 0.021624 0 -1.30197 0 0 0 0 -1.28034
1 2 0.0350687 0 -1.10852 0 0 0 0 -1.07345
2 3 0.00846108 0 -0.67455 0 0 0 0 -0.666088
3 4 0.440845 0 -1.41298 0 0 0 0 -0.972137
4 5 0.126357 0 -1.43788 0 0 0 0 -1.31153
5 6 0.0836132 0 -1.26843 0 0 0 0 -1.18481
6 7 0.536266 0 -1.15067 0 0 0 0 -0.6144
7 8 0.480528 0 -1.40557 0 0 0 0 -0.925045
8 9 0.150321 0 -1.33561 0 0 0 0 -1.18529
9 10 0.38735 0 -1.27081 0 0 0 0 -0.883461
10 11 0.0920144 0 -1.29549 0 0 0 0 -1.20348
11 12 0.169638 0.0530325 -0.984347 0 0 0 0 -0.761677
12 13 0.401306 0 -0.912158 0 0 0 0 -0.510852
13 14 0.56355 0 -2.93106e-05 0 0 0 0 0.563521
14 15 0.77704 0 -0.00770338 0 0 0 0 0.769337
15 16 0.289737 0 -0.161935 0 0 0 0 0.127802
16 17 0.0457454 0 -1.28767 0 0 0 0 -1.24192
17 18 0.0425121 0 -1.002 0 0 0 0 -0.959484
18 19 0.0323236 0 -0.994063 0 0 0 0 -0.96174
19 20 0.199178 0 -1.13414 0 0 0 0 -0.934965
20 21 0.252508 0 -1.22776 0 0 0 0 -0.975251
21 22 0.0298135 0 -1.13184 0 0 0 0 -1.10203
22 23 0.041946 0 -1.17658 0 0 0 0 -1.13464
23 24 0.0450599 0 -1.13063 0 0 0 0 -1.08557
24 25 0.209046 0 -1.12665 0 0 0 0 -0.917603
25 26 0.0314107 0 -1.24195 0 0 0 0 -1.21054
27 28 0.0316347 0 -1.29133 0 0 0 0 -1.25969
28 29 0.215601 0 -1.07285 0 0 0 0 -0.857247
29 30 0.206653 0 -1.36559 0 0 0 0 -1.15894
30 31 0.170083 0 -1.24775 0 0 0 0 -1.07767
31 32 0.526362 0 -1.4012 0 0 0 0 -0.874837
32 33 0.0821681 0 -1.2323 0 0 0 0 -1.15013
33 34 0.10206 0 -1.22716 0 0 0 0 -1.1251
34 35 0.204489 0 -1.25778 0 0 0 0 -1.05329
35 36 0.0677619 0 -1.18773 0 0 0 0 -1.11997
36 37 0.0472298 0 -1.36418 0 0 0 0 -1.31695
37 38 0.00304855 0 -0.887884 0 0 0 0 -0.884835
38 39 1.09899 0 -0 0 0 0 0 1.09899
39 40 0.999624 0 0 0 0 0 0 0.999624
40 41 0.604783 0 -1.02409 0 0 0 0 -0.419303
41 42 0.161909 0 -1.26988 0 0 0 0 -1.10797
42 43 0.660427 0 -1.30879 0 0 0 0 -0.648364
43 44 0.0798586 0 -1.32232 0 0 0 0 -1.24246
44 45 0.104989 0 -1.04107 0 0 0 0 -0.936079
45 46 0.425759 0 -1.1417 0 0 0 0 -0.715938
46 47 0.148821 0 -1.28185 0 0 0 0 -1.13303
47 48 0.0941587 0 -1.3813 0 0 0 0 -1.28714
48 49 0.146946 0 -1.20775 0 0 0 0 -1.0608
49 50 0.240489 0 -1.05551 0 0 0 0 -0.815019
50 51 0.265829 0 -1.11512 0 0 0 0 -0.849295
51 52 0.161314 0 -1.19699 0 0 0 0 -1.03568
52 53 0.0127878 0 -1.28636 0 0 0 0 -1.27358
#Total energy per particle is  -0.81371 and should be -0.8137110

