t = 0
b =  30.0 30.0 30.0
E = 0. 0. 0.
14.7931155416 14.9038112731 6.29837374461 -0.322893981114 0.386179751299 0.864062889289 0.898423493134 0.412159039537 0.15152608064 0.0 0.0 0.0 0.0 0.0 0.0
15.0017778662 15.398802561 6.28702643629 -0.0870443457142 -0.171065255045 0.981407132843 0.898423493134 0.412159039537 0.15152608064 0.0 0.0 0.0 0.0 0.0 0.0
15.1905984294 15.8547995185 6.49939091479 0.181874891926 -0.663319710939 0.725898398378 0.898423493134 0.412159039537 0.15152608064 0.0 0.0 0.0 0.0 0.0 0.0
15.42087738 16.1595927271 6.87722395604 0.381696817337 -0.903567918533 0.194608725994 0.898423493134 0.412159039537 0.15152608064 0.0 0.0 0.0 0.0 0.0 0.0
15.738164132 16.2584176002 7.2994180625 0.436505740212 -0.800535567026 -0.410616055079 0.898423493134 0.412159039537 0.15152608064 0.0 0.0 0.0 0.0 0.0 0.0
16.1549523813 16.1747603656 7.62801222628 0.325478834393 -0.393366369365 -0.859840931693 0.898423493134 0.412159039537 0.15152608064 0.0 0.0 0.0 0.0 0.0 0.0
16.6459335412 16.0014352548 7.76060562263 0.0907970776725 0.163249288752 -0.982397862583 0.898423493134 0.412159039537 0.15152608064 0.0 0.0 0.0 0.0 0.0 0.0
17.1576118977 15.8653228244 7.6692613953 -0.178380006902 0.65784381269 -0.731725420662 0.898423493134 0.412159039537 0.15152608064 0.0 0.0 0.0 0.0 0.0 0.0
17.6286285261 15.8791659119 7.4111203353 -0.3797875445 0.902512473625 -0.203058257634 0.898423493134 0.412159039537 0.15152608064 0.0 0.0 0.0 0.0 0.0 0.0
18.0130725717 16.0987367461 7.10669213908 -0.436907444233 0.804301556626 0.402754132421 0.898423493134 0.412159039537 0.15152608064 0.0 0.0 0.0 0.0 0.0 0.0
18.2979235517 16.5016481455 6.89407176002 -0.328038901199 0.40052303106 0.85555349388 0.898423493134 0.412159039537 0.15152608064 0.0 0.0 0.0 0.0 0.0 0.0
18.5079980538 16.9958587824 6.87647482681 -0.0945428950818 -0.155420890394 0.983313778922 0.898423493134 0.412159039537 0.15152608064 0.0 0.0 0.0 0.0 0.0 0.0
18.6965215 17.4546412224 7.08302430045 0.17487153755 -0.652317817089 0.737496719222 0.898423493134 0.412159039537 0.15152608064 0.0 0.0 0.0 0.0 0.0 0.0
18.9249069187 17.7647277955 7.45768617444 0.377849349371 -0.901388298899 0.211492325602 0.898423493134 0.412159039537 0.15152608064 0.0 0.0 0.0 0.0 0.0 0.0
19.2394231085 17.8693428775 7.8805577307 0.437275876061 -0.808006295549 -0.394861538478 0.898423493134 0.412159039537 0.15152608064 0.0 0.0 0.0 0.0 0.0 0.0
19.653616348 17.789772899 8.21342058685 0.330573986573 -0.407649191375 -0.851200902357 0.898423493134 0.412159039537 0.15152608064 0.0 0.0 0.0 0.0 0.0 0.0
20.1431639381 17.6172792745 8.35225217052 0.0982815126835 0.147580656133 -0.98415481211 0.898423493134 0.412159039537 0.15152608064 0.0 0.0 0.0 0.0 0.0 0.0
20.6551148022 17.4784266652 8.2667456338 -0.171349751054 0.64674214496 -0.743211854552 0.898423493134 0.412159039537 0.15152608064 0.0 0.0 0.0 0.0 0.0 0.0
21.1280064851 17.4869989483 8.01182393145 -0.37588237955 0.900195479964 -0.21991028761 0.898423493134 0.412159039537 0.15152608064 0.0 0.0 0.0 0.0 0.0 0.0
21.5152157677 17.7007708193 7.70677367212 -0.437611007638 0.811649501664 0.386938874299 0.898423493134 0.412159039537 0.15152608064 0.0 0.0 0.0 0.0 0.0 0.0
21.8026716074 18.0995582197 7.48992614136 -0.333083897458 0.414744307626 0.846783488589 0.898423493134 0.412159039537 0.15152608064 0.0 0.0 0.0 0.0 0.0 0.0
22.0142009622 18.5928865981 7.46610293347 -0.102012645768 -0.139729183034 0.984920898099 0.898423493134 0.412159039537 0.15152608064 0.0 0.0 0.0 0.0 0.0 0.0
22.2024765312 19.0543637049 7.6667924753 0.16781491561 -0.641117220912 0.748870391422 0.898423493134 0.412159039537 0.15152608064 0.0 0.0 0.0 0.0 0.0 0.0
22.4290055155 19.3696981209 8.03818704641 0.373886784832 -0.898934107657 0.228311502599 0.898423493134 0.412159039537 0.15152608064 0.0 0.0 0.0 0.0 0.0 0.0
22.7407620041 19.4801204789 8.46162523172 0.437912813442 -0.815230897526 -0.378986743227 0.898423493134 0.412159039537 0.15152608064 0.0 0.0 0.0 0.0 0.0 0.0
