t = 100
b = 30 30 30
E = -0.82959157614438 -1.03785263423078 0.208261058086405
15.0643606217139 14.9966172990037 6.28408883438382 -0.647877224442029 0.445283445216937 0.618043400206007 0.720379765116569 0.621885123765016 0.307102214863198 0.705057628696619 0.0848152157557447 0.701031082375462 0.282971696512341 0.860935846774956 -0.887277992242019
15.0176688241916 15.464005022731 6.3638723151254 -0.28060577120885 -0.0325499675099336 0.959270966183706 0.763870341791252 0.597578843805743 0.243724257566934 0.289470589055973 -0.141207702451436 -0.270886646751379 0.458214301876771 0.579570750908486 -0.017490068013972
15.2404579339031 15.8425641806984 6.56845650379983 0.0057012598920439 -0.631474953167635 0.775375239330981 0.829204625693035 0.436369121982367 0.349287220739501 0.0912033072327407 0.397318449628036 -0.329131111763481 0.507400733110142 0.353132218081754 -0.224120028299245
15.3952308874799 16.0479733515865 6.91117611116117 0.440383414039852 -0.884008430110378 0.156816533527505 0.76127448591906 0.460264894492305 0.456746404315337 -0.0560988457562293 0.135572682405769 -0.0475394826502081 0.544391506598138 -0.385385113113332 -0.0543765767706266
15.7242265917923 16.1162307143248 7.24487072936872 0.523217080233157 -0.730399011547123 -0.439045614937259 0.846586333472083 0.386449693499743 0.365989207499152 -0.0333100139392015 -0.183987093619562 0.025660393005618 0.368950222029417 -0.133748900544557 0.252065096651545
16.1156929038798 16.1253879223453 7.49051226429397 0.320615792392037 -0.400600871788158 -0.858326474009342 0.909173732676408 0.384360252823706 0.160219227190885 0.0787757023533959 -0.600423274113691 0.185294858490906 0.532663197919526 0.119577052142945 -0.20198895209597
16.618607150104 16.0786627523574 7.60182172605672 0.0662387580200648 -0.033389526411356 -0.997244930089962 0.966568930957147 0.250256411710694 0.0558221727601486 0.113147985817151 0.554274791956265 -0.0217138799383269 0.444214980672157 0.162266338068337 -0.101575172867754
17.0901971835136 16.0430460346001 7.5317307853481 -0.16428524603639 0.547396100101125 -0.820589879580908 0.945182644731378 0.32535576011807 0.0278079330120996 -0.304840168791866 0.457315978401713 -0.340933143852821 0.574782087529238 -0.00930105885742466 -0.329273148981103
17.5247573129832 16.0139775838473 7.35172225730097 -0.312146647533565 0.944614052577904 -0.101334317163765 0.947359705142254 0.301494820454498 -0.107751344061047 0.124635333760953 0.586868478572389 -0.366961911855338 0.586892104745782 -0.100110116053634 0.125747429365454
17.8938104099178 16.2374296606549 7.13040129313168 -0.367386023853275 0.818530317729035 0.441628247905875 0.861178272519513 0.478721094919838 -0.170874191458519 0.115057918479704 0.158061908992698 0.0896145350493669 0.588467506439429 -0.278864713908765 0.145535745241283
18.2407594028681 16.5324157114546 6.99309377067362 -0.319746088601008 0.474453611943777 0.820156137823517 0.844345222899351 0.535447208810453 0.0194246206692166 -0.0841665376632459 -0.0653094154779557 0.134396014809987 0.452911404538589 -0.125504219689245 -0.111984834392034
18.5797519100144 16.9349800378292 7.02140314784264 -0.294998579764224 -0.0548585836721286 0.95392151569407 0.784015745903609 0.556761355235149 0.274474021802473 -0.229771396776559 0.305179202739955 0.511659548135986 0.52897920377439 0.402437361687879 -0.279538495645729
18.6857104562837 17.4294086598982 7.14429051151378 0.316500474631724 -0.672102541458118 0.669406831213762 0.765119618633872 0.598019185824267 0.238673227711086 -0.421638657029232 -0.243433879202095 0.0921246119919343 0.538246940633051 -0.0938526092101319 0.031805173188299
19.0009644245698 17.6899004910328 7.42452780541476 0.406827915635534 -0.9061094351144 0.116002675070201 0.869119161565814 0.423029238857619 0.256277248859018 -0.347402123365597 -0.305190243744126 -0.276913253026306 0.392166460507479 -0.0853473999789678 0.161719633848786
19.3524514562308 17.8529912972488 7.71057411205987 0.279329618398412 -0.83863653605792 -0.467614805033396 0.948690291211267 0.16588145024477 0.269202455400064 0.212415587242704 -0.160194571371391 -0.256961618157114 0.472119815983725 -0.0641539903307627 -0.218989106697691
19.6517866846457 17.7778020644724 8.05294546858828 0.292604050883437 -0.318132361688853 -0.901761915401823 0.943094507645372 0.25180241948789 0.2171823558618 -0.051862885795898 -0.178685089650161 -0.305798571689999 0.473085367328548 -0.20124064266384 0.268636986726484
20.1650507751553 17.7519473837291 8.08890200181479 -0.0582456346609674 0.0142376314518922 -0.998200689758168 0.946345569584639 0.319159428321803 -0.0506675915030242 0.0982745321630669 0.0681136829848382 -0.621108601032538 0.663794357300678 0.317747544629044 -0.312476493553556
20.5199211330276 17.5476933084316 7.99953250170382 -0.0583242760365883 0.724742235681261 -0.686547049836217 0.962858800062927 0.222451649760728 0.153029663862031 -0.0461976600545288 -0.0586923292187813 -0.497093619373774 0.549561088353547 -0.632126146196368 0.432365252843119
20.9974615316159 17.6185670768579 7.85662487579302 -0.324642438161662 0.941083833328318 -0.094701575246689 0.940264911301211 0.331960172618289 0.07552630148934 -0.217238016891997 0.386130061521255 -0.8911155978991 0.188530357629496 -0.0128481366319251 0.0836627398901865
21.4432174666195 17.9022533204422 7.74541680510313 -0.528900159881373 0.765351958941749 0.366743617005271 0.822611635865247 0.568603468580571 -0.000279085287160138 -0.509118801612634 0.424476239714822 -0.0908161796805846 0.52554154882739 0.00120739866521749 -0.255565910707621
21.790991440052 18.1772603928881 7.55301363810185 -0.329598180975522 0.457853773742797 0.82567235753498 0.819648069663482 0.572787346462398 0.00956997748611662 -0.0630823907557865 -0.354183754935755 0.262754255206246 0.388841054093744 0.0136237220891268 0.204255537520797
22.1230085676541 18.5392422844295 7.53026232456746 -0.0877280031064658 -0.184389405779787 0.978930143349941 0.870576234582145 0.463432657013316 0.165309023964967 0.0399297890118296 0.026646192585536 0.034903062639666 0.285214683822181 -0.404820750557227 -0.194628186312971
22.4642456119773 18.9339600498198 7.60417004012382 0.0307602956521837 -0.677383516082001 0.734986569405346 0.788548518198275 0.468304458189841 0.398600121129584 0.791631436737215 -0.0504107611340012 -0.200494728097836 0.567631349699821 0.0980144949150054 -0.163701374046875
22.6222478739524 19.2149147119371 7.93627135479294 0.493155541145057 -0.853633624923568 0.167651806355149 0.748648438919677 0.514596569507315 0.417990164365648 0.398253846622384 0.00804945347296191 -0.223475595793887 0.556279561254323 -0.0523125705070964 0.477896524615507
23.0571262572774 19.39709848608 8.24023150114913 0.433837057673035 -0.802871074420638 -0.408880576897531 0.892729837509238 0.321732198780122 0.315470623698932 0.430457279995632 -0.448159686888878 -0.0466799826625917 0.34682193182892 0.233926587586722 0.139407582926739
