t = 0
b =  30.0 30.0 30.0
E = 0. 0. 0.
6.51871717439 13.6439070366 12.6413294511 -0.475816653162 0.769054029335 0.426795516071 0.87882717411 0.396110486104 0.266006166929 0.0 0.0 0.0 0.0 0.0 0.0
6.81951513815 14.0624412322 12.4895572066 -0.406256278512 0.328812293314 0.852548128809 0.87882717411 0.396110486104 0.266006166929 0.0 0.0 0.0 0.0 0.0 0.0
7.02770697044 14.5559282005 12.5321233348 -0.182352351412 -0.236350730384 0.954403453567 0.87882717411 0.396110486104 0.266006166929 0.0 0.0 0.0 0.0 0.0 0.0
7.19433157848 14.9955390123 12.7922457604 0.110830282757 -0.711720160036 0.693664949541 0.87882717411 0.396110486104 0.266006166929 0.0 0.0 0.0 0.0 0.0 0.0
7.38621995297 15.2729131912 13.2104891329 0.361906639524 -0.916695201564 0.169391533724 0.87882717411 0.396110486104 0.266006166929 0.0 0.0 0.0 0.0 0.0 0.0
7.66060495732 15.3413266701 13.667345311 0.475488613179 -0.773402409691 -0.419236557829 0.87882717411 0.396110486104 0.266006166929 0.0 0.0 0.0 0.0 0.0 0.0
8.04337760601 15.2334430453 14.0286365025 0.408424512942 -0.336281111778 -0.848589671802 0.87882717411 0.396110486104 0.266006166929 0.0 0.0 0.0 0.0 0.0 0.0
8.51925063528 15.0489041306 14.1964916516 0.186193111744 0.22859900282 -0.955549381795 0.87882717411 0.396110486104 0.266006166929 0.0 0.0 0.0 0.0 0.0 0.0
9.03756639022 14.9164743657 14.146529289 -0.106776165588 0.706630534276 -0.69947990571 0.87882717411 0.396110486104 0.266006166929 0.0 0.0 0.0 0.0 0.0 0.0
9.53154251486 14.9451210534 13.93712046 -0.359179392411 0.916201311527 -0.177666318765 0.87882717411 0.396110486104 0.266006166929 0.0 0.0 0.0 0.0 0.0 0.0
9.9436436857 15.1826158588 13.6872125879 -0.475124362897 0.77769189246 0.411645673101 0.87882717411 0.396110486104 0.266006166929 0.0 0.0 0.0 0.0 0.0 0.0
10.2474402431 15.5973855556 13.5311393601 -0.410561644264 0.343724321133 0.844566591407 0.87882717411 0.396110486104 0.266006166929 0.0 0.0 0.0 0.0 0.0 0.0
10.4576492607 16.0905072223 13.5675851133 -0.19001969275 -0.220829866557 0.956622541237 0.87882717411 0.396110486104 0.266006166929 0.0 0.0 0.0 0.0 0.0 0.0
10.6245432834 16.5332907139 13.8220930049 0.102713917 -0.701487095864 0.705241593776 0.87882717411 0.396110486104 0.266006166929 0.0 0.0 0.0 0.0 0.0 0.0
10.8148509467 16.8161701999 14.2373607399 0.356424792396 -0.915637649213 0.185927573828 0.87882717411 0.396110486104 0.266006166929 0.0 0.0 0.0 0.0 0.0 0.0
11.0864056527 16.890330055 14.6950106713 0.474723930056 -0.781922150981 -0.40402343996 0.87882717411 0.396110486104 0.266006166929 0.0 0.0 0.0 0.0 0.0 0.0
11.4661736934 16.7862507311 15.0605634468 0.412667509727 -0.35114135455 -0.840479193996 0.87882717411 0.396110486104 0.266006166929 0.0 0.0 0.0 0.0 0.0 0.0
11.940009306 16.6021287244 15.2345289636 0.19383180302 0.213043913245 -0.95762285017 0.87882717411 0.396110486104 0.266006166929 0.0 0.0 0.0 0.0 0.0 0.0
12.4580288842 16.4665700845 15.1902043216 -0.0986438463492 0.696290236493 -0.710949574964 0.87882717411 0.396110486104 0.266006166929 0.0 0.0 0.0 0.0 0.0 0.0
12.9535625944 16.4897308259 14.9838187016 -0.353643049253 0.915004257546 -0.194174669786 0.87882717411 0.396110486104 0.266006166929 0.0 0.0 0.0 0.0 0.0 0.0
13.3684833605 16.7214668166 14.7331709595 -0.47428734515 0.786092863102 0.396370438871 0.87882717411 0.396110486104 0.266006166929 0.0 0.0 0.0 0.0 0.0 0.0
13.6752903114 17.1323927001 14.5728758715 -0.414741948962 0.358531647194 0.83632779084 0.87882717411 0.396110486104 0.266006166929 0.0 0.0 0.0 0.0 0.0 0.0
13.8875568219 17.6250458839 14.6032217296 -0.197629152248 -0.205241735813 0.958550232415 0.87882717411 0.396110486104 0.266006166929 0.0 0.0 0.0 0.0 0.0 0.0
14.0547737609 18.0709142076 14.8520691434 0.094566263588 -0.691040351926 0.716603414589 0.87882717411 0.396110486104 0.266006166929 0.0 0.0 0.0 0.0 0.0 0.0
14.2435470827 18.3592598613 15.2642663281 0.350834374824 -0.914301184763 0.202406978592 0.87882717411 0.396110486104 0.266006166929 0.0 0.0 0.0 0.0 0.0 0.0
14.5122931113 18.4391905312 15.72260219 0.473814641426 -0.790203711209 -0.388687252637 0.87882717411 0.396110486104 0.266006166929 0.0 0.0 0.0 0.0 0.0 0.0
