t = 100
b = 30 30 30
E = -0.781327041408218 -0.98769367469746 0.206366633289242
6.52318923691114 13.8803005493929 12.6220361427971 -0.352864860200864 0.896099080316685 0.269244711103449 0.894074165713807 0.238067522503037 0.379414187199034 -0.44690971600386 0.215418548013149 0.231369271090032 -0.0505845073825375 0.0386933197517064 -0.724014169960408
6.8946460083921 14.1546729522763 12.5858719563104 -0.464619783074019 0.415658583220758 0.781892756011551 0.807033772943227 0.56217690877415 0.180702789320106 -0.0157505249638349 0.243953960097545 0.0410633978027871 0.28253234024175 0.583488560454186 -0.297310670465162
6.96135077582663 14.6167838883739 12.6779998832628 -0.122073640395353 -0.101961309663582 0.987269871699959 0.750255618588856 0.641733358924404 0.159043049759185 0.107106656400679 -0.0692702875246037 0.341564255569159 0.689078151586831 0.00219355302292031 0.186958711117612
7.08822513609963 14.9762203536408 12.8777669486135 0.464005919930425 -0.643000571709541 0.609301777221419 0.732688173890176 0.665160104205205 0.143979022142504 -0.0651913415501227 0.24298124586992 0.339781152858635 0.578920560586439 -0.113891769796932 0.525588185615076
7.39870381790943 15.2455772388815 13.1852959765745 0.399654480623605 -0.907416857556519 0.129887735421759 0.705239420127674 0.394891672718787 0.588810515680926 0.571376399637669 -0.0113928797837879 -0.312314858931991 0.651020310380642 -0.307362239507492 0.0633175549633691
7.67314637258944 15.2356069980475 13.6326362413433 0.519499529523111 -0.733365021611479 -0.438515524088544 0.752835504921294 0.150084348859422 0.640869172233601 0.400828119396175 0.104053584006144 -0.27236571267432 0.571377481754268 -0.278491343641984 0.288602463694559
8.07449677193549 15.1885273365375 13.9638555727776 0.440059421853682 -0.323644098942677 -0.837616907212463 0.885709992930231 0.310043906754707 0.345529255755878 0.17610680699248 0.115049289581745 -0.122929527777487 0.595588796997736 -0.423563840149901 -0.0336347715193564
8.55476256518293 15.1761694056023 14.0804874985781 0.223786161065266 0.189448208123614 -0.956048645028087 0.918106841041792 0.288242201220002 0.272022322917306 -0.497383264692023 0.297536818728875 0.0331082188822285 0.334607787822378 0.617705296454506 0.201425849643973
9.03826343199879 15.1385764518053 14.1299659494702 -0.125914015452357 0.61931450487696 -0.774980700772953 0.962564852519631 0.265285824825727 0.0556077727941227 0.146415636549139 0.111729998384477 0.130712497223817 0.303114141309854 -0.144668441443462 -0.417628525532042
9.50029498094876 15.1264946667996 13.9610223838189 -0.279087982743799 0.954704214783953 -0.103197098913285 0.953772348079866 0.288071805508796 0.0856319363039776 -0.415049550262119 0.128241331048984 0.0189920780201246 0.676476605335863 -0.18912065255336 -0.0335175463567275
9.87927788792559 15.4148035654787 13.8173424726233 -0.401250643388664 0.803857148684809 0.439103047684469 0.896310326803818 0.443365719181876 0.00738412598480087 -0.585547538758967 0.791147398774862 0.252936719906988 0.538893889464741 0.0785659370167641 -0.0812323316996044
10.1922514051539 15.7505033439817 13.7123305737291 -0.350954985313478 0.531812754841126 0.770717637480664 0.868056559659645 0.493431464578254 0.0548003996920197 -0.204129395473037 0.249025119739901 0.198037371030835 0.517709865079315 -0.121642403872839 -0.099290746850392
10.5975075032888 16.2146786411272 13.7588780387314 -0.266217164241973 0.0143744589929786 0.963805833282185 0.904501444070002 0.349335034565084 0.244626352746625 0.640072750173661 0.180536837024338 0.214123518104564 0.359731686594933 0.341026023578372 -0.340472204725469
10.8655377071124 16.5512699359127 13.9155126926841 -0.107460159574559 -0.553652905508679 0.825784877236421 0.804562052957066 0.43951969731596 0.399377292811719 0.653512633583386 -0.194540689090456 0.161274928275055 0.0878135698460987 -0.106833533606199 -0.613012747066433
11.0909130735303 16.8203239640212 14.2360871148426 0.152404492391867 -0.932514946115784 0.327396749227049 0.859857069134225 0.288427887151823 0.421254148806412 0.391131538039787 -0.064199125347848 0.122730048156371 0.749282989613877 0.345094297005887 -0.43536295886547
11.2019387595621 16.8829503883856 14.6584352175377 0.551769525825785 -0.767009052751201 -0.327486464656852 0.778207380419668 0.33230057332832 0.532887878873667 0.193370649952621 0.0728866677748889 -0.156281247685994 0.38298866013047 0.0297602053637106 0.0971677470375784
11.5919154506017 16.8242216092036 14.9523934833986 0.450851094307323 -0.370802975462115 -0.811934926656583 0.86603057367491 0.401999616708339 0.297299906529943 0.270211938609713 -0.312011672958224 -0.16144509812293 0.464837579412429 -0.324102893126133 -0.455658148466711
11.9862842975894 16.6765391567945 15.1154577485706 0.234550468908034 0.204616878838613 -0.950325150299581 0.903751282577242 0.314201940105035 0.290707140697904 0.201411918113418 0.122976289487316 -0.362017401036854 0.441974721346895 -0.0357830385775426 0.0889758155181226
12.4491443352442 16.5593489425557 15.1855051942836 -0.0238019056054718 0.715196723531189 -0.698517713990702 0.893252064099129 0.328974675360792 0.306392385341603 0.287009962663741 0.276909165426767 -0.0719551084525667 0.417688830298767 -0.310091929893444 -0.0813676687614397
12.9276378373537 16.6135051774665 15.1564717641227 -0.373356394693647 0.884003362745596 -0.281323548102632 0.886494621622951 0.429339866273308 0.172610679790848 -0.326764655267408 0.683178780010157 0.476951245562588 0.277426057149277 0.156815130800114 0.0340228418806101
13.353710417564 16.7713616651249 14.9382639596364 -0.505850281044289 0.714529538629006 0.483283471556298 0.849296758804793 0.510626285239096 0.133998867509407 0.0246515308726647 0.140422321182702 0.532078298615502 0.535264178245516 -0.0351839408377677 0.0425648760028299
13.5295465571478 17.17774828957 14.769363895064 -0.27889983722425 0.258162192313196 0.924968673564141 0.814860063695973 0.573288544283335 0.0856925312131146 -0.17929751436832 0.323033308673483 -0.138098807624287 0.733025055088191 -0.300562982169022 0.303568002103712
13.8118291919951 17.4829759145578 14.8003192236516 -0.332406995126571 0.043565668352721 0.942129243914018 0.790651245936921 0.557466217965273 0.253183545750916 -0.00986859786868041 -0.693127324530973 0.663316543594262 0.401836283723636 -0.250574700942747 -0.487787456318479
13.999313239395 17.9166628777316 14.7909887734533 0.084477243878297 -0.587753091952288 0.804617785528049 0.928894217030472 0.338668413210508 0.149863679259344 -0.731942230740158 -0.218820118699976 0.148664440866649 0.3912145770807 0.146564968664763 -0.506433670219639
14.1672007503371 18.2278967718017 15.121307618379 0.423561435755774 -0.843875025449441 0.329348650514845 0.844286765489583 0.499513173414098 0.194078149900655 0.142410835798186 -0.346053661403911 -0.944608417725364 0.120182470244244 0.0599498322427124 0.357352968980763
14.4311838738702 18.3672069566259 15.4789943289082 0.508373085823514 -0.710046870071696 -0.48722698058109 0.855976330639334 0.354815845829929 0.376045368771335 -0.131220849043842 -0.119942368115129 -0.0821862048402857 -0.0215231475841087 -0.254375263998816 0.305104498533294
