t = 0
b =  30.0 30.0 30.0
E = 0. 0. 0.
1.7100557306 16.7048058318 5.08034737341 -0.172710444607 -0.511279829257 0.841881249653 0.59798487734 0.624753751898 0.502092457584 0.0 0.0 0.0 0.0 0.0 0.0
1.64807882625 17.0976667007 5.44160116673 0.319038217834 -0.760204933816 0.565953243796 0.59798487734 0.624753751898 0.502092457584 0.0 0.0 0.0 0.0 0.0 0.0
1.65882669369 17.3172388309 5.93186401978 0.689578927285 -0.720315474069 0.0750101383867 0.59798487734 0.624753751898 0.502092457584 0.0 0.0 0.0 0.0 0.0 0.0
1.82676409931 17.3726150262 6.43922543624 0.798137073116 -0.406766122691 -0.444430572698 0.59798487734 0.624753751898 0.502092457584 0.0 0.0 0.0 0.0 0.0 0.0
2.17663687586 17.335268871 6.84527888967 0.60346960073 0.0613204794646 -0.795024678732 0.59798487734 0.624753751898 0.502092457584 0.0 0.0 0.0 0.0 0.0 0.0
2.66407056688 17.311900721 7.07010644256 0.179533937552 0.506110406248 -0.843575617212 0.59798487734 0.624753751898 0.502092457584 0.0 0.0 0.0 0.0 0.0 0.0
3.19242902462 17.403900454 7.10264090697 -0.312609670148 0.758620527982 -0.571638074881 0.59798487734 0.624753751898 0.502092457584 0.0 0.0 0.0 0.0 0.0 0.0
3.64952809821 17.6688277603 7.00487045422 -0.685987637605 0.722918027678 -0.0825256706234 0.59798487734 0.624753751898 0.502092457584 0.0 0.0 0.0 0.0 0.0 0.0
3.95025626822 18.0985442537 6.88828827226 -0.798747432433 0.412566882114 0.43793961566 0.59798487734 0.624753751898 0.502092457584 0.0 0.0 0.0 0.0 0.0 0.0
4.06890993588 18.6223053809 6.87153443947 -0.608049723336 -0.0545253197161 0.792024319993 0.59798487734 0.624753751898 0.502092457584 0.0 0.0 0.0 0.0 0.0 0.0
4.04895864997 19.1336374598 7.03532257534 -0.186343758294 -0.500902440971 0.845205743221 0.59798487734 0.624753751898 0.502092457584 0.0 0.0 0.0 0.0 0.0 0.0
3.9865302985 19.5307888115 7.39177538697 0.306157316026 -0.756978350259 0.577279373513 0.59798487734 0.624753751898 0.502092457584 0.0 0.0 0.0 0.0 0.0 0.0
3.99389051684 19.7553869244 7.87981904996 0.68234410731 -0.72546552828 0.0900349182107 0.59798487734 0.624753751898 0.502092457584 0.0 0.0 0.0 0.0 0.0 0.0
4.15679109592 19.8146151473 8.38838617539 0.799296964041 -0.418336222971 -0.431415307823 0.59798487734 0.624753751898 0.502092457584 0.0 0.0 0.0 0.0 0.0 0.0
4.5018914431 19.778483615 8.79861216782 0.612583540601 0.0477260076533 -0.788963645536 0.59798487734 0.624753751898 0.502092457584 0.0 0.0 0.0 0.0 0.0 0.0
4.98663022764 19.7532312276 9.02899387243 0.193139388236 0.495656330034 -0.846771503541 0.59798487734 0.624753751898 0.502092457584 0.0 0.0 0.0 0.0 0.0 0.0
5.5153951418 19.8409637163 9.06635398616 -0.299681646838 0.755278525703 -0.582876710086 0.59798487734 0.624753751898 0.502092457584 0.0 0.0 0.0 0.0 0.0 0.0
5.97584761514 20.1008619687 8.97084733549 -0.678648613869 0.727957781873 -0.0975373092905 0.59798487734 0.624753751898 0.502092457584 0.0 0.0 0.0 0.0 0.0 0.0
6.28160211559 20.5266982204 8.8531070521 -0.799785626091 0.424073705905 0.424858146041 0.59798487734 0.624753751898 0.502092457584 0.0 0.0 0.0 0.0 0.0 0.0
6.4050454574 21.0492020867 8.83221319647 -0.617070707259 -0.0409230610703 0.785842888443 0.59798487734 0.624753751898 0.502092457584 0.0 0.0 0.0 0.0 0.0 0.0
6.38782751208 21.5623775399 8.99045225198 -0.199920309867 -0.490372472948 0.848272778932 0.59798487734 0.624753751898 0.502092457584 0.0 0.0 0.0 0.0 0.0 0.0
6.32503772584 21.9637725725 9.34205511414 0.293183155733 -0.753521183763 0.588429658341 0.59798487734 0.624753751898 0.502092457584 0.0 0.0 0.0 0.0 0.0 0.0
6.32907904917 22.1934024275 9.82779053544 0.674901438709 -0.730394598663 0.105032272527 0.59798487734 0.624753751898 0.502092457584 0.0 0.0 0.0 0.0 0.0 0.0
6.48696417669 22.2565388108 10.3374680666 0.800213381369 -0.429778893985 -0.418268629667 0.59798487734 0.624753751898 0.502092457584 0.0 0.0 0.0 0.0 0.0 0.0
