
#id1 id2 FENE BEXC STCK NEXC HB CRSTCK CXSTCK total, t = 100
0 1 0.0967915 0 -1.26826 0 0 0 0 -1.17147
1 2 0.177667 0 -1.14492 0 0 0 0 -0.967254
2 3 0.132784 0 -1.4006 0 0 0 0 -1.26782
3 4 0.0875812 0 -1.3725 0 0 0 0 -1.28492
4 5 0.167989 0 -1.23837 0 0 0 0 -1.07038
5 6 0.439316 0 -1.32769 0 0 0 0 -0.888373
6 7 0.613864 0 -1.20976 0 0 0 0 -0.595892
7 8 0.170481 0 -1.24132 0 0 0 0 -1.07084
8 9 0.0682271 0 -1.32196 0 0 0 0 -1.25374
9 10 0.0718601 0 -1.04419 0 0 0 0 -0.972326
10 11 0.0310496 0 -1.16264 0 0 0 0 -1.13159
11 12 0.0278431 0 -0.874214 0 0 0 0 -0.846371
12 13 0.000376522 0 -0.872601 0 0 0 0 -0.872224
13 14 1.39779 0 0 0 0 0 0 1.39779
14 15 1.09375 0 -0 0 0 0 0 1.09375
15 16 0.327395 0 -0.31305 0 0 0 0 0.0143451
14 17 0 0 0 0 0 -0 -6.72876e-18 -6.72876e-18
16 17 0.344619 0 -0.597166 0 0 0 0 -0.252547
17 18 0.555651 0 -1.32657 0 0 0 0 -0.770919
18 19 0.00311732 0 -1.06221 0 0 0 0 -1.05909
19 20 0.0534291 0 -1.30418 0 0 0 0 -1.25075
20 21 1.35272 0 0 0 0 0 0 1.35272
20 22 0 0 0 0 0 -0 -0.205993 -0.205993
21 22 1.39082 0 0 0 0 0 0 1.39082
22 23 3.46177e-05 0 -1.15858 0 0 0 0 -1.15855
23 24 0.0554783 0 -1.04887 0 0 0 0 -0.993387
24 25 0.797476 0 -1.11146 0 0 0 0 -0.31398
25 26 0.000787885 0 -1.17838 0 0 0 0 -1.1776
27 28 0.00114115 0 -1.16004 0 0 0 0 -1.15889
28 29 0.0847909 0 -0.542333 0 0 0 0 -0.457542
29 30 0.513103 0 -1.39334 0 0 0 0 -0.880237
30 31 0.115082 0 -1.28651 0 0 0 0 -1.17143
31 32 0.0778166 0 -1.11219 0 0 0 0 -1.03438
32 33 0.0746125 0 -1.36748 0 0 0 0 -1.29286
33 34 0.14452 0 -1.27077 0 0 0 0 -1.12625
34 35 0.0914425 0 -1.25156 0 0 0 0 -1.16012
35 36 0.118317 0 -1.40633 0 0 0 0 -1.28801
36 37 0.105868 0 -1.05498 0 0 0 0 -0.949107
37 38 0.0980326 0 -1.32553 0 0 0 0 -1.2275
38 39 0.197759 0 -1.37908 0 0 0 0 -1.18132
39 40 0.403703 0 -1.31567 0 0 0 0 -0.91197
40 41 0.0748169 0 -1.01066 0 0 0 0 -0.935845
41 42 0.0204097 0 -1.21774 0 0 0 0 -1.19733
42 43 0.0262317 0 -1.3643 0 0 0 0 -1.33807
43 44 1.021 0 -0 0 0 0 0 1.021
44 45 1.2642 0 0 0 0 0 0 1.2642
45 46 0.00496916 0 -1.01839 0 0 0 0 -1.01342
46 47 0.0428713 0 -0.917508 0 0 0 0 -0.874637
47 48 0.0325519 0 -1.0944 0 0 0 0 -1.06185
47 49 0 0 0 0 -4.94355e-79 0 -0.000232665 -0.000232665
48 49 0.0544114 0 -0 0 0 0 0 0.0544114
48 50 0 0 0 1.12431 0 -0 -0.000266547 1.12404
49 50 0.0729149 0 -1.0248 0 0 0 0 -0.951881
47 51 0 0 0 0 -2.60771e-70 0 0 -2.60771e-70
50 51 1.33869 0 -0 0 0 0 0 1.33869
#Total energy per particle is  -0.610329 and should be -0.61032910

