t = 100
b = 30 30 30
E = -0.714440388588566 -0.938650971850455 0.224210583261888
19.9225753387168 2.84170661089625 11.3980691980681 -0.401419105935695 -0.307884866435169 0.862594634045531 0.48720967679799 0.725717144588264 0.485758419842195 0.27228744917676 0.0120782094864427 0.418443864423301 0.306126799095347 0.632794913374997 -1.07445553469638
19.8946901719678 3.18728447836387 11.6442900983429 0.348696755193133 -0.63199563098392 0.69209246312612 0.619719376603078 0.709446283455787 0.335609517455539 -0.064475282711972 0.269247536573225 0.249371954004617 0.294076282113544 0.418202331095544 0.115531824794747
20.1137167812204 3.43430590715056 11.9810003202446 0.63110022546832 -0.774907871448624 0.0350738792189771 0.762924806005101 0.628243380366922 0.152498774789195 -0.253066926075671 0.142131827576673 0.199487058138603 0.413623039779583 0.412707340787531 -0.104818137792557
20.409191191982 3.41696016596599 12.3354248691003 0.727881404120906 -0.359525285274027 -0.583892210252929 0.592817642982676 0.757888211380645 0.272346438034383 -0.117221252895533 -0.0959671806189193 -0.168339469706642 0.516410212443776 -0.104475887892221 0.486530949272269
20.821569098495 3.57993988369081 12.4986317219745 0.342665823643398 -0.0387864129356342 -0.938656289464056 0.761919081790025 0.595992709209552 0.253519009574125 0.580759955498936 0.279602539606641 -0.234461318098433 0.375842225638941 -0.102430849570744 0.227854001697499
21.2823341946921 3.66906414125218 12.5179346116121 -0.0706522125039325 0.364501048517618 -0.928518783811504 0.866845961511816 0.483000152183434 0.12364798810277 0.299814919549843 -0.0029314992485799 -0.418685509452146 0.51302832462927 -0.183719438768738 0.146523261375449
21.7519455999688 3.86592291910596 12.4766424486605 -0.413005863065029 0.593275892546814 -0.690977390263954 0.736081894475268 0.664224841337619 0.130340656402755 -0.171166263565882 0.139670888724381 -0.000363291765136763 0.555624134886266 0.067208296608095 0.0564811329014234
22.0690515540025 4.16116216241012 12.3351489748023 -0.717504634331852 0.65210247933099 -0.244845542882388 0.665856287786906 0.74531552677161 0.0337646661125699 -0.281046838851709 0.0463752705612105 0.398239061507494 0.169127263796637 0.115850438789482 -0.198298602134421
22.3643304158412 4.50105352230817 12.1505755049998 -0.726662911056514 0.482523742787922 0.48901097344126 0.618453331270696 0.769397408280327 0.159821732470619 -0.271680276667348 0.0450206953670619 0.0770400683138624 0.349440318955505 0.34517981653714 0.0759924984689683
22.4821571600274 4.96082691129306 12.1022470299766 -0.392707338408247 0.0616231438270441 0.917596543039957 0.494078280107395 0.855671778817061 0.153988134320159 -0.216416894024039 -0.261595274314495 -0.00203329614393323 0.324875087758019 0.0592546110956237 -0.185607670854503
22.4889067884017 5.42154634076557 12.1142941660536 0.12183550531696 -0.253029049774084 0.959756370446229 0.521333625606253 0.839148416866852 0.155051828329175 -0.107642155489001 -0.170461441699611 0.151225288000613 0.691907427018143 -0.363627335702002 0.0249500773579845
22.6040360746768 5.88057814870843 12.26903908437 0.447457437202048 -0.544554055503308 0.709395943054172 0.505955775285122 0.808229757203316 0.301286075201592 0.453601180867541 -0.174122090055969 0.0716904037139771 0.308669245734423 -0.0139067423071115 0.0862294151997763
22.7692163279806 6.28911438112191 12.5419301039139 0.679478181100689 -0.69583353003805 0.232647766388909 0.614453293735383 0.71296301495141 0.337832463479615 0.21762447623681 0.0556860274274855 -0.000144585189786908 0.581640410733969 0.150628855347357 -0.353540985637846
22.9945410436373 6.46760919003793 12.9219757883952 0.818478232346943 -0.351081082379843 -0.454791531980644 0.548188943783197 0.714176953163707 0.435247110212673 0.114565843110606 0.49811307664165 0.174219132566097 0.245543179484142 -0.266053789360913 0.495486723785651
23.3719907675381 6.94747988798479 13.0360770963666 0.457623817179739 -0.41637324630633 -0.785629461206344 0.709594396141867 0.70344437730007 0.0405176726982744 0.326227471809573 0.646490964612744 -0.561287917778102 0.408085021028311 0.948583344122664 -0.529960348397668
23.865744354807 6.82382635167514 13.2743728481257 0.0680554582870751 0.292039253477544 -0.953981871075518 0.859742853013162 0.467959493858807 0.204587465029524 0.0613098839387684 1.0252889430375 -0.820216836238423 0.699327679597678 -0.115444866904733 -0.198571137474517
24.4057976419981 6.8584218588807 13.2431174313107 -0.448648419198908 0.495827687959646 -0.743551869089158 0.794854043998718 0.601720515749417 -0.0783540794663486 -0.253677069207935 0.564176953822853 -0.0424664611713155 0.433502567004032 -0.360782547703986 -0.236389405185304
24.8293481461202 7.06373720126777 13.0640010967191 -0.782768517083765 0.6164569584417 -0.08517128601948 0.608718761036107 0.78691464437611 0.101127116619276 0.0275835732104312 0.275943157597471 0.128701128470317 0.670983239625334 -0.135144644861959 -0.154656382832659
24.9114662585999 7.47209936870469 12.8452969239669 -0.635595727692118 0.444730740557147 0.6310566722181 0.535194774487569 0.842935806417876 -0.0550060881286527 -0.259643873753491 0.432512888448958 0.386471955468974 0.567237347467319 -0.0265119975383181 0.30662986893731
25.0779815283407 7.78263553954808 12.7480125722289 -0.357356492440462 0.266370667399566 0.895177572243356 0.569407743475513 0.821874170484743 -0.0172497802254938 0.509304766300923 0.168877492418248 0.311076137109747 0.598225692349861 -0.1532043085817 0.189581245593622
25.1086357816555 8.24175594581974 12.6696842757214 0.140460138384336 -0.208828569389355 0.96781271904645 0.532081478754214 0.840270887692952 0.10408659285877 0.180072716548406 -0.322239750424533 -0.0332620472287373 0.325666254287491 -0.259304197356834 -0.0212324755986726
25.2110770434498 8.65006671004407 12.9430377661122 0.522057343435139 -0.541819217262095 0.658701713076349 0.446019650457003 0.831712968673644 0.330635598553212 0.166534799261935 0.241037853299714 -0.0488993354546638 0.506297232949803 -0.226715937291606 -0.0203399247420665
25.3359908891385 9.0577884361374 13.2333722749446 0.753235047819806 -0.639146074888158 0.155335567813799 0.535848707330987 0.733235475204675 0.41860696346563 0.139633809134142 -0.165198079380754 0.165805014715161 0.3110784081414 0.275652139126853 0.177666395564639
25.6867781162667 9.3457871448844 13.5059576174074 0.643647114544584 -0.694827942743513 -0.320830808249269 0.764353229036467 0.604710172432396 0.223807129642164 0.1696230886174 0.0488520013131513 -0.195739536224288 0.468081101863294 -0.214642743821571 -0.70268633714044
26.0006437935133 9.42695224339798 13.8411779778247 0.456454657345405 -0.105857336192856 -0.883426992433307 0.683607012627722 0.677248452506245 0.27205857385635 0.126271053813372 0.123214720047964 0.316341591885145 0.438774690142495 -0.440170453106831 -0.0206771163190873
26.4072127312392 9.69185892756326 14.1021617954446 0.0767594171643781 0.131691587211817 -0.988314323337461 0.735956079515952 0.661259945120018 0.145271525476789 -0.0158301924868057 0.391919958243805 0.154401798388371 0.156643291994766 -0.139754902848251 -0.343780507684541
26.867532984189 9.76420278189338 14.0905405099061 -0.525851759520339 0.646733486492212 -0.552463218489778 0.715389376299835 0.687628984515831 0.124033469483087 0.237316116970438 0.637282802421114 -0.512652394305615 0.118956886469298 -0.0374904202764266 0.253402429977212
21.4221217652317 9.51841230078182 9.99614847122464 -0.739345300967462 0.658456276130799 -0.140725767292797 0.632090015900038 0.75075497175213 0.19190900936362 -0.124073544741672 0.203955066063835 0.185297307370354 0.413237966143639 0.325070767323597 -0.00571818847177625
21.7124409178453 9.83072404974527 9.92423137239843 -0.768544990264119 0.525363179211617 0.365146558079273 0.600857424662372 0.788740631019993 0.129840130914802 0.081547154272643 0.698594237381457 0.0610006927921903 0.486147744640811 -0.1608956175452 0.00989125312358479
21.8841214804609 10.2386381315384 9.71944657991227 -0.523546845777643 0.101181349474797 0.845967444532073 0.498936295337826 0.841268225556232 0.208159152384877 0.277188847818779 0.657392426813833 -0.375466670346886 0.516797785845101 -0.168813954862728 0.240804800109268
21.9070540260728 10.6935089119816 9.84401953291485 -0.0906098151179238 -0.368588730730737 0.925165980927083 0.453460619226609 0.811826930342388 0.367845602235415 0.258042412706748 1.03940503231402 0.117338953306959 0.425252490898287 -0.138441777267248 0.394314127439924
22.0902621350304 11.0002947918933 10.1830379862613 0.0396519651554667 -0.77300581534544 0.633158441673151 0.434159938964126 0.584044782787043 0.685854743479883 0.450566489540685 -0.259411905668093 0.638097402705116 0.71449065122655 0.42581522899904 -0.0110880851905788
21.8961969236465 11.1908010042239 10.5250172334202 0.896589435632486 -0.438887243295368 0.059205267462401 0.316244072004339 0.728087540041196 0.608176057559217 0.125661273848185 -0.170472457884852 -0.028906020610111 1.04034146413848 -0.141221384878042 0.603658565194832
22.0964206276584 11.5562632015503 10.8804181800114 0.682571393722458 -0.700838306072048 -0.207175880229603 0.622079538124196 0.408395587045697 0.668004486815561 0.0103935846510446 0.480854143451104 -0.180983737056371 0.692521340488478 -0.148926712177577 -0.429206252189362
22.4047901543286 11.5523247186649 11.2524986135774 0.629964034292929 -0.194758929040724 -0.751807259908902 0.750527221804262 0.401511928893988 0.524878040473858 0.377505546886458 0.416535858100836 -0.109114334338028 0.755618756884108 -0.569899881647872 -0.19647213888605
22.8069959649028 11.5199968142762 11.4905621265735 0.226167781560927 0.469615071913403 -0.853410628738877 0.76617386510883 0.455253460327945 0.453565635014841 0.809922710897282 -0.530480244640213 -0.105224244576733 0.427670877175779 -0.279301410242648 0.218274160879234
23.2297260760384 11.8008818361034 11.6008335534318 -0.2251814201358 0.513093921896691 -0.828267974558341 0.599168720265493 0.743277744348827 0.297548181322031 -0.0922033631268415 0.160858027121358 0.15843891721792 0.444156990118912 -0.0558729094638525 -0.12717000135473
23.6642096943955 11.9772824330631 11.4732962227066 -0.662797076722695 0.729419530131666 -0.169254441721821 0.669262756701314 0.678441249029653 0.302992929683638 -0.280606159070911 0.0572704317336987 -0.424638564859871 0.506160326620092 -0.141179783624111 -0.168940766544994
23.9373779510171 12.3573662094383 11.3127891495808 -0.732874663402955 0.579082057088161 0.357153440122831 0.656183053024315 0.740313536017082 0.146149083958658 -1.10482133642239 0.321005106918638 0.140429339235475 0.401354580239766 0.0165014448037122 0.238963942693724
24.2636520881933 12.7043757007402 11.3518673509799 -0.821031638978085 0.235558601611616 0.520018348751808 0.481709355369598 0.774704281387799 0.409620867260313 0.276018193769244 -0.0067361133784637 0.512431722158489 0.426040209327374 0.499637094968142 -0.368031640316735
24.2923869080069 13.2420339440109 11.3009769218246 -0.435117285798606 -0.293149260173188 0.851314479055914 0.320939395018182 0.832907478706869 0.450846901413438 -0.224809704999999 -0.365049522674632 0.302207340338408 0.467776959489491 0.250429571529353 -0.433614138811023
24.16191014963 13.6493268660033 11.5896705034935 0.157960707256945 -0.701064384032413 0.695382646614249 0.435903530061638 0.681399147771558 0.587948299064905 0.150475793257807 -0.331725447287816 0.107625596002957 0.647903190739593 -0.0685175245176549 -0.0689121459302543
24.2391155515434 13.9602813402537 11.8895002734193 0.541088960471945 -0.799627632635138 0.260419405802576 0.601875480518977 0.584494957713975 0.544161221642423 0.0627693164434917 -0.331634257370317 0.520069204870612 0.540482914475901 0.114082225199998 -0.0863712032221188
24.4147765174587 14.0981924304505 12.3093585012935 0.791413032459902 -0.443100588319084 -0.421102320546931 0.607191482397943 0.649392308533061 0.457829679926159 -0.078057650404309 -0.885014814932762 -0.432401445808002 0.693750638904266 0.0167583617863014 -0.091163423107827
24.817100284287 14.0820786201908 12.6372272609073 0.669987949732992 -0.159425234011882 -0.725051462241178 0.655509033980081 0.585480780430506 0.476990614600681 -0.24055935826845 -0.667732999500012 -0.24390469163951 0.454511259145528 -0.134945300348135 0.378559204623009
25.1855001880933 14.3087505562769 12.8073680997366 0.382472915682894 -0.0434352303858198 -0.922945145999612 0.688429620528889 0.679633468322317 0.253303943459676 0.16768106473585 -0.102566945390283 -0.36874056599195 0.261319447657856 0.174171710434949 -0.687684112393962
25.6251107430001 14.3906784339179 12.8833309414492 -0.204391193335403 0.547235560612239 -0.811638689966575 0.625280571683699 0.710930317455896 0.321872911655827 -0.0169830845510238 -0.216981152114948 -0.233189877601513 0.416215517572214 0.16827033182207 -0.18713473426967
25.995575930557 14.6164295509119 12.9625368901078 -0.63415286872915 0.551115795763718 -0.542329609589532 0.611360870376449 0.786807854653955 0.0846827831898721 -0.538791849437717 -0.543278022041372 -0.0180420789579065 0.41161171581867 0.48832961238867 -0.522501134621056
26.4587146397951 14.8578036155545 12.7688880871835 -0.800759545431577 0.572129158917369 0.177347845168177 0.597481608990943 0.783905254267531 0.168843610344487 -0.343811926198883 -0.609289755814879 0.338088987261258 0.592149911939553 -0.159653219862249 -0.237519202226023
26.5736038555083 15.2931126824883 12.5707273804673 -0.488688972519171 0.122775045573588 0.863776163290542 0.513176406937563 0.841120878231701 0.170779188501367 -0.482877811098204 -0.174122001059278 0.0284636497626492 0.45484887223103 -0.304143115587063 0.174020933453746
26.6163272173876 15.6948905095416 12.4685013952503 -0.229758233282153 -0.101156518779139 0.967976443392176 0.792115818935871 0.558437137167293 0.246374471915566 0.464090172684265 -1.92580928361725 0.472958818433262 -0.0316323360278294 -0.340781899491818 0.144157926007708
26.6015527989932 15.8753644494279 12.8692919306651 0.470899974525475 -0.616025001845458 0.631479452449518 0.720509730665192 0.681598807506597 0.127627112245797 -0.35070879766997 -1.06189824397594 0.0476327593691538 -0.327952455157732 -0.0746771271176475 0.874152018298637
