t = 0
b =  30.0 30.0 30.0
E = 0. 0. 0.
19.934619364 2.64254196585 11.2455114321 0.0624137044834 -0.28449369652 0.956644064495 0.660936480384 0.729997984738 0.173971006708 0.0 0.0 0.0 0.0 0.0 0.0
19.9362331683 3.11327397721 11.5045362789 0.489071513404 -0.594836884162 0.63794838037 0.660936480384 0.729997984738 0.173971006708 0.0 0.0 0.0 0.0 0.0 0.0
20.0493308394 3.4484129021 11.908981479 0.729922877543 -0.679191594368 0.0768854406151 0.660936480384 0.729997984738 0.173971006708 0.0 0.0 0.0 0.0 0.0 0.0
20.3288144535 3.62873008169 12.3309527177 0.693464336844 -0.505510062397 -0.513387563486 0.660936480384 0.729997984738 0.173971006708 0.0 0.0 0.0 0.0 0.0 0.0
20.766373285 3.69381622665 12.6358972452 0.393547100472 -0.139776806043 -0.908616048836 0.660936480384 0.729997984738 0.173971006708 0.0 0.0 0.0 0.0 0.0 0.0
21.2936411904 3.72704024427 12.7337227158 -0.0558852591258 0.27905999587 -0.958646105983 0.660936480384 0.729997984738 0.173971006708 0.0 0.0 0.0 0.0 0.0 0.0
21.8081700492 3.82387599673 12.6130247764 -0.48408587443 0.591877239718 -0.644470479759 0.660936480384 0.729997984738 0.173971006708 0.0 0.0 0.0 0.0 0.0 0.0
22.2123515178 4.05563018461 12.3454197708 -0.728374172554 0.679830424537 -0.085449743303 0.660936480384 0.729997984738 0.173971006708 0.0 0.0 0.0 0.0 0.0 0.0
22.4505000707 4.44235173916 12.0583364935 -0.695940944758 0.509504664916 0.506034779278 0.660936480384 0.729997984738 0.173971006708 0.0 0.0 0.0 0.0 0.0 0.0
22.5300088635 4.9452148981 11.8866038601 -0.399108116536 0.145609564629 0.905268228761 0.660936480384 0.729997984738 0.173971006708 0.0 0.0 0.0 0.0 0.0 0.0
22.5185409485 5.48126976188 11.9212271479 0.0493525578894 -0.273605043722 0.96057514286 0.660936480384 0.729997984738 0.173971006708 0.0 0.0 0.0 0.0 0.0 0.0
22.5183229506 5.95495634734 12.1748135698 0.479063370442 -0.588872521531 0.650943500226 0.660936480384 0.729997984738 0.173971006708 0.0 0.0 0.0 0.0 0.0 0.0
22.6273074631 6.29440942298 12.576782583 0.726769999051 -0.680417482987 0.094007538662 0.660936480384 0.729997984738 0.173971006708 0.0 0.0 0.0 0.0 0.0 0.0
22.9019592197 6.47876131197 13.0001806176 0.698364554075 -0.513460466682 -0.498643458562 0.660936480384 0.729997984738 0.173971006708 0.0 0.0 0.0 0.0 0.0 0.0
23.3358031984 6.54606987142 13.3099128602 0.404638738972 -0.151431234484 -0.901851469005 0.660936480384 0.729997984738 0.173971006708 0.0 0.0 0.0 0.0 0.0 0.0
23.8618845904 6.57885967621 13.414068032 -0.0428160982646 0.26812925549 -0.96243102822 0.660936480384 0.729997984738 0.173971006708 0.0 0.0 0.0 0.0 0.0 0.0
24.3782060515 6.67276955322 13.2988370206 -0.474004383924 0.585822958421 -0.657366948825 0.660936480384 0.729997984738 0.173971006708 0.0 0.0 0.0 0.0 0.0 0.0
24.7864781983 6.90021779204 13.0337591926 -0.725110479199 0.68095272501 -0.102558174983 0.660936480384 0.729997984738 0.173971006708 0.0 0.0 0.0 0.0 0.0 0.0
25.0294613886 7.28288922595 12.7453032254 -0.700734980227 0.517377166446 0.491214164217 0.660936480384 0.729997984738 0.173971006708 0.0 0.0 0.0 0.0 0.0 0.0
25.112712018 7.78349680123 12.5688195423 -0.410138546602 0.157241372264 0.898366029767 0.660936480384 0.729997984738 0.173971006708 0.0 0.0 0.0 0.0 0.0 0.0
25.1024715529 8.31994755227 12.597118424 0.0362763780281 -0.262633048177 0.964213620731 0.660936480384 0.729997984738 0.173971006708 0.0 0.0 0.0 0.0 0.0 0.0
25.1005002893 8.79653109171 12.8452098309 0.468909300136 -0.582728782625 0.663740336386 0.660936480384 0.729997984738 0.173971006708 0.0 0.0 0.0 0.0 0.0 0.0
25.2054169154 9.14028158681 13.2446008684 0.723395739377 -0.681436109848 0.111101001102 0.660936480384 0.729997984738 0.173971006708 0.0 0.0 0.0 0.0 0.0 0.0
25.4752316231 9.32869869923 13.6693173825 0.703052042697 -0.521254465936 -0.48374746201 0.660936480384 0.729997984738 0.173971006708 0.0 0.0 0.0 0.0 0.0 0.0
25.905307066 9.39829583975 13.9837636475 0.415607120593 -0.163039535504 -0.894812176479 0.660936480384 0.729997984738 0.173971006708 0.0 0.0 0.0 0.0 0.0 0.0
26.4301201651 9.43072811301 14.0942374487 -0.029733895205 0.257116840341 -0.965922784641 0.660936480384 0.729997984738 0.173971006708 0.0 0.0 0.0 0.0 0.0 0.0
26.9481554219 9.52177017812 13.9845291207 -0.46377850709 0.579590229776 -0.670063177551 0.660936480384 0.729997984738 0.173971006708 0.0 0.0 0.0 0.0 0.0 0.0
21.4088843993 9.13111168762 10.0909032525 -0.662016167893 0.703467844661 -0.258587673677 0.613326545506 0.706780462939 0.352550600319 0.0 0.0 0.0 0.0 0.0 0.0
21.7240389331 9.51308103014 9.88242749042 -0.788853881586 0.525980225773 0.317890477371 0.613326545506 0.706780462939 0.352550600319 0.0 0.0 0.0 0.0 0.0 0.0
21.8593741996 10.0149475817 9.74641487267 -0.615992816731 0.148663925194 0.77359672122 0.613326545506 0.706780462939 0.352550600319 0.0 0.0 0.0 0.0 0.0 0.0
21.8542938843 10.5507020796 9.78674365186 -0.209105781949 -0.285132286095 0.93540063683 0.613326545506 0.706780462939 0.352550600319 0.0 0.0 0.0 0.0 0.0 0.0
21.8015478993 11.021460664 10.0402970356 0.277224035457 -0.610601974738 0.741830211444 0.613326545506 0.706780462939 0.352550600319 0.0 0.0 0.0 0.0 0.0 0.0
21.811995142 11.353032509 10.4629506395 0.658231806855 -0.704093764458 0.26642608599 0.613326545506 0.706780462939 0.352550600319 0.0 0.0 0.0 0.0 0.0 0.0
21.9724863458 11.5241061583 10.946336078 0.789166309779 -0.53008856124 -0.310197763938 0.613326545506 0.706780462939 0.352550600319 0.0 0.0 0.0 0.0 0.0 0.0
22.3128680346 11.5743461033 11.3590119265 0.620283337461 -0.154693850999 -0.768972297115 0.613326545506 0.706780462939 0.352550600319 0.0 0.0 0.0 0.0 0.0 0.0
22.7946433298 11.5893235802 11.5964005156 0.215744354658 0.27947163958 -0.935601398088 0.613326545506 0.706780462939 0.352550600319 0.0 0.0 0.0 0.0 0.0 0.0
23.3255975575 11.668006626 11.6205187366 -0.270759515534 0.607461181766 -0.746779885506 0.613326545506 0.706780462939 0.352550600319 0.0 0.0 0.0 0.0 0.0 0.0
23.794832145 11.8851604674 11.4744084592 -0.654397318916 0.70466606479 -0.274244208926 0.613326545506 0.706780462939 0.352550600319 0.0 0.0 0.0 0.0 0.0 0.0
24.1148968431 12.2629429604 11.2657842058 -0.789418639902 0.534156528412 0.302481427744 0.613326545506 0.706780462939 0.352550600319 0.0 0.0 0.0 0.0 0.0 0.0
24.2550135374 12.7624864509 11.1261106033 -0.624526621214 0.160711996269 0.764289312793 0.613326545506 0.706780462939 0.352550600319 0.0 0.0 0.0 0.0 0.0 0.0
24.2527693687 13.298664246 11.1606567737 -0.222366497598 -0.273789710217 0.935730909677 0.613326545506 0.706780462939 0.352550600319 0.0 0.0 0.0 0.0 0.0 0.0
24.1998367499 13.772431668 11.4085028345 0.264274376225 -0.604274128272 0.751672689388 0.613326545506 0.706780462939 0.352550600319 0.0 0.0 0.0 0.0 0.0 0.0
24.2071454835 14.1084547834 11.8276927084 0.650512996088 -0.705184702072 0.282041447103 0.613326545506 0.706780462939 0.352550600319 0.0 0.0 0.0 0.0 0.0 0.0
24.362738675 14.2837310239 12.3111739391 0.78961085274 -0.538183817495 -0.294742056418 0.613326545506 0.706780462939 0.352550600319 0.0 0.0 0.0 0.0 0.0 0.0
24.6983236853 14.3363282462 12.7274687087 0.628722344847 -0.166717902698 -0.759548124881 0.613326545506 0.706780462939 0.352550600319 0.0 0.0 0.0 0.0 0.0 0.0
25.1772259738 14.3509221173 12.9706244594 0.228971706469 0.268086930708 -0.935789161735 0.613326545506 0.706780462939 0.352550600319 0.0 0.0 0.0 0.0 0.0 0.0
25.70832237 14.4266264128 13.0004670412 -0.257769111399 0.601041056964 -0.756508250485 0.613326545506 0.706780462939 0.352550600319 0.0 0.0 0.0 0.0 0.0 0.0
26.1806602892 14.639338036 12.8578635435 -0.646579134177 0.705649636809 -0.289817206732 0.613326545506 0.706780462939 0.352550600319 0.0 0.0 0.0 0.0 0.0 0.0
26.5056104744 15.0129025162 12.6491962044 -0.789742933654 0.542170121797 0.286980239343 0.613326545506 0.706780462939 0.352550600319 0.0 0.0 0.0 0.0 0.0 0.0
26.650538733 15.5100546928 12.5059460199 -0.632870188839 0.172711112913 0.754749094438 0.613326545506 0.706780462939 0.352550600319 0.0 0.0 0.0 0.0 0.0 0.0
26.6512042121 16.0465763729 12.5347409152 -0.235559478258 -0.262363735342 0.935776149824 0.613326545506 0.706780462939 0.352550600319 0.0 0.0 0.0 0.0 0.0 0.0
26.5981739008 16.5232922313 12.7768460133 0.251244216457 -0.597762214053 0.761286200549 0.613326545506 0.706780462939 0.352550600319 0.0 0.0 0.0 0.0 0.0 0.0
