t = 0
b =  30.0 30.0 30.0
E = 0. 0. 0.
7.84545134988 22.052466063 6.61841543706 -0.668667807242 0.729488628501 0.143978138778 0.741095683543 0.669592964147 0.049218392883 0.0 0.0 0.0 0.0 0.0 0.0
8.0368053027 22.4457108937 6.30628202007 -0.506171779375 0.509051353163 0.696173002641 0.741095683543 0.669592964147 0.049218392883 0.0 0.0 0.0 0.0 0.0 0.0
8.11277738249 22.9549939964 6.15284126095 -0.151372629783 0.0952169578736 0.98388010341 0.741095683543 0.669592964147 0.049218392883 0.0 0.0 0.0 0.0 0.0 0.0
8.15424406655 23.4859818076 6.22367600235 0.260935512678 -0.354791951655 0.897794703295 0.741095683543 0.669592964147 0.049218392883 0.0 0.0 0.0 0.0 0.0 0.0
8.25519100894 23.9360947822 6.49916307462 0.574109891265 -0.670009466945 0.470622085071 0.741095683543 0.669592964147 0.049218392883 0.0 0.0 0.0 0.0 0.0 0.0
8.48700631911 24.2334790778 6.88192846599 0.669170323554 -0.730679183781 -0.135347731653 0.741095683543 0.669592964147 0.049218392883 0.0 0.0 0.0 0.0 0.0 0.0
8.87135902559 24.3643050304 7.23384133767 0.510001761994 -0.513751662395 -0.689896682228 0.741095683543 0.669592964147 0.049218392883 0.0 0.0 0.0 0.0 0.0 0.0
9.37196664976 24.3780212755 7.42849223893 0.157075004278 -0.101641294995 -0.982342348768 0.741095683543 0.669592964147 0.049218392883 0.0 0.0 0.0 0.0 0.0 0.0
9.9083795261 24.3685683841 7.39921817088 -0.255527173718 0.349084299725 -0.901579733122 0.741095683543 0.669592964147 0.049218392883 0.0 0.0 0.0 0.0 0.0 0.0
10.3865449752 24.4386892699 7.16442897429 -0.571050306231 0.667186932602 -0.478291903254 0.741095683543 0.669592964147 0.049218392883 0.0 0.0 0.0 0.0 0.0 0.0
10.7345394889 24.6608954379 6.82061312331 -0.669621879956 0.731814095012 0.126707017274 0.741095683543 0.669592964147 0.049218392883 0.0 0.0 0.0 0.0 0.0 0.0
10.9298936741 25.049918652 6.5056801409 -0.513792906004 0.518412847448 0.683567823512 0.741095683543 0.669592964147 0.049218392883 0.0 0.0 0.0 0.0 0.0 0.0
11.0081287502 25.5571140909 6.34656646537 -0.162765416902 0.108057891738 0.980729784953 0.741095683543 0.669592964147 0.049218392883 0.0 0.0 0.0 0.0 0.0 0.0
11.0492614444 26.0889413296 6.41101017518 0.250099375374 -0.343350063675 0.905296104163 0.741095683543 0.669592964147 0.049218392883 0.0 0.0 0.0 0.0 0.0 0.0
11.147404299 26.5425019105 6.68181616042 0.567947233506 -0.664313589391 0.485925297657 0.741095683543 0.669592964147 0.049218392883 0.0 0.0 0.0 0.0 0.0 0.0
11.3750107434 26.8446321878 7.06338883255 0.670022442058 -0.732893275766 -0.118056653666 0.741095683543 0.669592964147 0.049218392883 0.0 0.0 0.0 0.0 0.0 0.0
11.7553488246 26.9796994198 7.41805048676 0.517544922695 -0.523034553356 -0.677186908459 0.741095683543 0.669592964147 0.049218392883 0.0 0.0 0.0 0.0 0.0 0.0
12.2536612872 26.995540909 7.61834736388 0.16844343431 -0.114466259454 -0.979042534768 0.741095683543 0.669592964147 0.049218392883 0.0 0.0 0.0 0.0 0.0 0.0
12.7903704359 26.9852898107 7.59547146439 -0.244652530994 0.337589680188 -0.9089435334 0.741095683543 0.669592964147 0.049218392883 0.0 0.0 0.0 0.0 0.0 0.0
13.2713110325 27.0519922906 7.36540185787 -0.5648009094 0.661389656128 -0.493521686968 0.741095683543 0.669592964147 0.049218392883 0.0 0.0 0.0 0.0 0.0 0.0
13.623505244 27.2694585634 7.02283396727 -0.670371979358 0.73391664386 0.109397299586 0.741095683543 0.669592964147 0.049218392883 0.0 0.0 0.0 0.0 0.0 0.0
13.8228881417 27.6542211583 6.70520319456 -0.521257526336 0.527616428157 0.670754423002 0.741095683543 0.669592964147 0.049218392883 0.0 0.0 0.0 0.0 0.0 0.0
13.9034503699 28.1592539346 6.54047091367 -0.174108624098 0.120865910122 0.977280726703 0.741095683543 0.669592964147 0.049218392883 0.0 0.0 0.0 0.0 0.0 0.0
13.9443245318 28.691838099 6.59850980519 0.239187055376 -0.33180358794 0.912521743067 0.741095683543 0.669592964147 0.049218392883 0.0 0.0 0.0 0.0 0.0 0.0
14.0397213904 29.148787625 6.86455805675 0.561611573518 -0.658415355482 0.501080492691 0.741095683543 0.669592964147 0.049218392883 0.0 0.0 0.0 0.0 0.0 0.0
14.263137625 29.45565135 7.24482762238 0.670670465236 -0.73488412136 -0.100729614478 0.741095683543 0.669592964147 0.049218392883 0.0 0.0 0.0 0.0 0.0 0.0
14.6394332131 29.5949982164 7.60213586923 0.524930434199 -0.532158122925 -0.664270856998 0.741095683543 0.669592964147 0.049218392883 0.0 0.0 0.0 0.0 0.0 0.0
