t = 100
b = 30 30 30
E = -0.765685723900498 -0.97490174201212 0.209216018111622
8.06306717284942 22.2517108469459 6.54378840520861 -0.801438126541885 0.592848764248223 0.0789123132556009 0.590328206864309 0.805309008570837 -0.0546799023699322 0.579952714755147 0.772529918572394 0.233564007079749 0.36494292491937 0.727245711378382 -0.289849656212418
8.11790894668783 22.5344743879313 6.17298235699356 -0.263291486061328 0.490187697658428 0.830899212102134 0.763665785276315 0.632187478166224 -0.130971152561115 0.378541496386544 0.124564086270183 -0.162595401453615 0.516257380921841 -0.375650570536894 0.260863157459643
8.31903008898117 22.9598808889421 6.20853448191818 -0.214732773701517 0.032526384181453 0.976131011198197 0.600052522268164 0.792962782328372 0.10557878924151 0.803803505128656 0.0491973801577614 -0.221340119076217 0.411971221056062 0.215873513479791 -0.0686932500107673
8.30990320363936 23.4199146218909 6.32153549501046 0.224167666631461 -0.359664078394256 0.905754099523769 0.608444162445087 0.777665284499966 0.158215966456828 0.138182307293748 0.196624912660633 0.364384987496823 0.824162632197414 0.308260148738288 0.192994373582135
8.28922565265488 23.8028000017005 6.6348176630201 0.783870877435477 -0.522685609582915 0.335180674182282 0.504092192817135 0.850878397397641 0.147976014774647 -0.00425874334197997 -0.407651240589282 0.0858408853618765 0.598781572454626 -0.167793000689826 0.331017378996122
8.64263741790259 24.1107065901686 6.79001533168252 0.646399998692505 -0.757436218003073 -0.0919635709517712 0.743217069072046 0.597783846667847 0.300470879865971 -0.0838492690965982 -0.75762064455072 -0.279358316456512 0.427378837686339 0.254005404490059 -0.200823634231329
9.00314790354036 24.207707103872 7.0671915018294 0.48220666394824 -0.414178999808082 -0.771966561458246 0.804943496694376 0.557241867087485 0.203831681157551 0.948018876168262 0.223139935227651 -0.408697022982667 0.777081018132192 -0.23182500615231 0.283449285741464
9.47307155281968 24.2048392779742 7.19038682917698 0.125090856667079 -0.317440681895291 -0.939991262923265 0.926184164841094 0.377049271786912 -0.00407834960552431 0.906170414897978 0.135207075410126 -0.311606044104842 0.54192728387919 -0.143665955238001 -0.288508827190296
9.97484035430543 24.2460490277926 7.15376660502854 -0.235269078328006 0.224404142824258 -0.945669669485699 0.65229127724262 0.757765475974827 0.017534395334658 0.043422140723926 0.213759154583383 -0.416476884532508 0.481631220192497 -0.244478030555338 -0.318555215180392
10.4114165227586 24.3614156439902 7.05329256294396 -0.646803781250681 0.621202736875168 -0.442438593785959 0.702547080885555 0.711058140271307 -0.0287019387005201 -0.0670422247395516 -0.236037996217135 -0.248210759414159 0.139662565260596 0.274196475840895 0.0824748734429023
10.7334900600887 24.624527727333 6.82670150703565 -0.767695784002358 0.627196965054629 0.131404075519151 0.630174069640665 0.776118696968623 -0.0228099085930021 0.193481218366936 -0.176343999927913 0.181628333611779 0.255671834455021 0.122206417000135 0.0516193616551216
10.9533353931953 25.0096262186385 6.66504469379165 -0.616603348523491 0.501791676756294 0.606634408453049 0.635605468077922 0.771977623594421 0.00749135749017529 0.0756449863305098 0.055918387757153 0.0876576688622577 0.389222992123017 0.346380714668249 -0.0881375154490853
10.9868448830004 25.4619620337552 6.54408331833094 0.0713276487771239 0.104534920208587 0.991960029796221 0.664684282704807 0.736523418677792 -0.125411087749543 -0.0564927220554634 0.104768318257607 0.311219911746251 0.577963076712297 -0.460481842764562 0.072215566580612
11.0790433818052 25.9302077466556 6.6042285222933 0.581380903316652 -0.293276833569827 0.758936645271003 0.574068887293984 0.808867752512633 -0.127191800569785 -0.320716636514238 -0.338540653683704 0.492096554672983 0.310555235519237 -0.22670466056202 0.581571643748854
11.3949059890345 26.3656206621548 6.58406268071691 0.441202362944323 -0.652831818982949 0.615752364992206 0.735025501214495 0.656535539177481 0.169406258470342 0.496112781734883 -0.667614471662289 -0.0490937318099835 0.605064721072452 0.233057006736106 -0.210643168801902
11.5509840817397 26.5595852573047 7.01347875505399 0.83999631233833 -0.522795534569527 -0.145227081919889 0.524567120017624 0.714047481452219 0.463643645859493 0.643235042415677 -0.79424339563395 -0.195528951569938 0.616434386517486 -0.652448497754373 -0.0476652189231275
11.8455062143841 26.8349995410793 7.31608404712406 0.676633783037195 -0.493027804960717 -0.546891388290045 0.686446703437299 0.691075839742804 0.226285193807124 0.300119915460116 -0.232557612704339 -0.145684781344733 0.4971226599437 0.206753973576799 0.125156145910542
12.2206113536267 26.9337629054099 7.5771957758745 0.211980430983 -0.00326858743489356 -0.977268383987703 0.74835377159551 0.643669926666665 0.160173465599852 -0.433871543471625 -0.484584161075365 -0.449318727108791 0.173114314203704 -0.280104776359608 -0.200699061291889
12.6920678403004 27.0552590395323 7.4764366819272 -0.318638240395192 0.378814744798285 -0.868889488163433 0.778241205434806 0.627857011490925 -0.0116653660175123 -0.660970776992479 0.177116498279094 -0.447909892839625 0.500752703845 0.100111886541049 0.0255883211827685
13.1006426327317 27.107256478592 7.28485960776046 -0.463061106121386 0.730580635313562 -0.501822905161235 0.849431673739776 0.527458377476467 -0.015917755391716 -0.20458101475647 0.252981813415844 0.151875093697343 0.323782593753429 0.0434233012409913 0.390977793865797
13.4951544212793 27.3023669248186 7.08090232605495 -0.680821641336328 0.725973891436402 0.097178611059127 0.731849319589688 0.679618604481312 0.050149841963387 -0.0883093087564613 0.0189168990944268 0.322814641776932 0.204984306194304 -0.233318811742045 -0.184855264102725
13.7140709570361 27.6919831891705 6.92709169813805 -0.626271576941086 0.425871475133638 0.653006339460838 0.604188329137562 0.794478838399834 0.0613165606929126 0.18984396882805 -0.39919059754324 0.215658236839263 0.268657433552529 0.246448959205118 0.0473867876747083
13.8926514361127 28.0965970941379 6.82481937301674 -0.438023042729758 0.0561910145624528 0.897205810868123 0.495112704745695 0.848111251683797 0.188601705491308 -0.424997247947381 -0.280810831871097 0.0960456939397706 0.495964145112645 0.592942026806069 -0.48101614223843
13.8555027054008 28.5828439096955 6.82928377425868 0.144777217590851 -0.335954377132286 0.930684745243132 0.595121088666927 0.781010767887772 0.189348770683895 -0.386037693097183 -0.40727386453945 -0.0287767214983738 0.521122618215866 -0.165748518138343 -0.14687293203764
14.0314687727547 28.9674033292925 6.97174124837622 0.376880487540957 -0.733285163949855 0.565909752860464 0.720221978703916 0.616172572790407 0.318765664099322 -0.46737454998613 -0.0902066089244923 0.142502822749292 0.437484807881471 0.331892049437045 -0.330499198645933
14.2576016969796 29.2156921157784 7.25722952919023 0.60709649166498 -0.782215162876352 -0.139904144748762 0.771762600105012 0.53848498700937 0.33825478492954 0.15189463331356 -0.336052257818026 0.539980872800926 0.231134519242126 -0.0394616120497018 0.0442303646908622
14.5773818787313 29.2284919819641 7.47720975085161 0.448224333874708 -0.268538435486235 -0.852632363552018 0.655085579637916 0.74766598725682 0.108895985974364 -0.579271746484863 -1.5467576469618 0.0521171387618558 0.200002107697933 -0.713816171834861 0.741080004577304
