t = 100
b = 30 30 30
E = -0.844484360176482 -1.03307443833373 0.188590078157243
0.57328368916379 9.12274884064587 13.3071343152934 -0.725451345174943 0.360073248806435 0.586572665711707 0.567404656881403 0.795261854604982 0.213565961033321 -0.218459984957563 0.0749431130810793 -0.232758440472114 0.00689925555286953 0.371014400881407 -0.626534092631482
0.673487231819843 9.63136593289776 13.2943378572309 -0.268942803349487 -0.221548308878141 0.93732918267699 0.525964553832881 0.78148398821534 0.335624714143001 0.0796799569613392 -0.0188501459910174 -0.482146400538229 0.512664856281299 0.142649989781826 -0.451046461624538
0.711303332139306 9.96811781598108 13.5992107235238 0.338730718079372 -0.536140613131499 0.773184728495159 0.433932136053767 0.818169360024128 0.377228968985549 -0.111066468431585 -0.241562740781933 0.112572242995016 0.670365249624095 0.451106043336745 0.178863786404089
0.774869718111126 10.2728050191754 13.9151998097339 0.780403786529448 -0.600139493225902 0.175506129151806 0.520189625324012 0.778890853677205 0.350330814556672 0.0023071455712531 -0.560600619457332 0.10081695432399 0.680316473200955 0.00596353887229683 0.326393221931582
1.13516675811285 10.5079777571228 14.1521399786283 0.634406029583576 -0.746583861044376 -0.200353217080695 0.764516647637307 0.567707996586686 0.3053224713378 -0.0617060245008555 0.107546477667803 -0.526894676756559 0.501388983245804 0.470270374377469 -0.131204099473059
1.45006227248617 10.5878824991032 14.5293273234988 0.481281442300436 -0.295030344369237 -0.825424224289599 0.749735714254425 0.626437305753459 0.213242920396376 -0.11008764099268 0.161602488413447 -0.54348168443346 0.379796004437537 -0.383306900961976 -0.136324878595654
1.93270442794602 10.6967444535672 14.6415960217977 0.00843697258854384 0.135909162103408 -0.990685317582761 0.749058492796988 0.655467321390715 0.0963008125222552 0.232696239641091 0.287996875036226 -0.134626867709252 0.556933395871091 -0.231581620603237 -0.0333458436440752
2.37146476565423 10.7407800911208 14.6161610529905 -0.295806244748753 0.660293219415705 -0.690298060209731 0.866653697800643 0.48943303278829 0.0967810050697366 0.0802765452015212 -0.155404593028135 -0.462557817996921 0.510705348329799 -0.115154333885114 0.289422342046058
2.82540673794873 10.9302294892294 14.4860277050568 -0.544341634326899 0.815082447338725 -0.198324659144729 0.834460343110063 0.550325573252006 -0.0285934697832036 -0.0594494163900687 0.0941522294471251 -0.274518215883611 0.367553215330087 -0.00584157018987871 0.290595649945414
3.12008767966587 11.2560926342679 14.3063535470132 -0.611944549346302 0.690725303559005 0.38525615458915 0.739510485478991 0.672432682099128 -0.030958255954139 -0.21830845828954 -0.387306448558009 0.00661265356534688 0.3821853305033 -0.407095725368046 -0.0898177330544885
3.29535675911684 11.7103919207883 14.2063882968505 -0.275462904179825 0.378327043579149 0.883735661252205 0.746853148282816 0.663026863240797 -0.0510454184260634 -0.19885400777047 0.372474848628207 0.102475136577693 0.305394783103483 0.0656184044896287 0.45746732399675
3.5549281799961 12.1628066771621 14.2236814697454 -0.20851616908651 -0.107360870905891 0.972108292491413 0.571382492591982 0.793314658946546 0.210175598985062 0.362333296428416 0.091347522287337 0.634506025041474 0.344926362147202 -0.112859401054469 -0.341366944432208
3.578315954731 12.6034842817958 14.4063547029579 0.319483099054561 -0.454147360384788 0.831673376829274 0.482740951121723 0.833244782942164 0.269562970050945 0.282136398038127 -0.368111917733789 0.736861700910429 0.554393205554542 0.149493714912996 -0.0786620351700172
3.72758301683033 12.9927779579623 14.7464240842303 0.619554573030903 -0.709696222867398 0.335385275953452 0.659449868655654 0.702348232107397 0.268016256917792 0.585592416446183 -0.732792629492485 0.315310351129985 0.562567905783815 0.232373115865769 -0.172360151050403
3.8937180382447 13.3545254010101 15.0100866395074 0.665012570033678 -0.741081980233306 -0.0924968529121952 0.740400743462407 0.637990850213722 0.211599375483891 0.513801150537422 0.033950892528027 -0.0218070346872899 0.480965833692568 -0.00190482046400883 -0.425572909943188
4.19303065151219 13.4582566390468 15.3666412319411 0.507548306246093 -0.351260398773813 -0.786772349537143 0.731752801458509 0.657816524730693 0.178367986626451 0.250239622469933 0.547829550865182 -0.404999149713283 0.257143437254441 -0.125845008325934 0.0827176463511328
4.65900244197387 13.5581579643969 15.5018561240005 0.018744761463532 0.0719924434233802 -0.997228962136075 0.793838904487342 0.605296150986443 0.0586195072412612 0.164134037693473 -0.0372029548191584 0.110569783049455 0.285540161056522 0.114399671088259 -0.210371710803307
5.0656086162583 13.6533679156708 15.3357818671775 -0.36038179653761 0.538418133474172 -0.761728793882101 0.775035184297576 0.627247789287822 0.0766847902176934 0.211517685768802 0.137579122739355 -0.354759441042476 0.617261811317344 0.238058635824544 0.221859568380205
5.43976176420428 13.8891409346051 15.1688846159959 -0.671984852696914 0.664299512408438 -0.327326131538294 0.713321306366216 0.699389425692749 -0.0450225555018201 -0.506718146632059 0.560345176712792 0.219172415809554 0.625282885528539 0.159347758061044 0.0804492811526287
5.66573068992777 14.2679328651732 14.965858410568 -0.716863122754579 0.655780814894382 0.236767116524055 0.631553491179512 0.754631924271682 -0.177962751309813 -0.666576778225285 0.525186747049949 0.0324291786631995 0.500134812494607 0.218547785847692 -0.0807237879199969
5.91415953503969 14.6433757628108 14.769123713352 -0.596325045281395 0.345866921114083 0.724411758109899 0.611231389176995 0.780627243231499 0.130449906226023 0.117814722832163 0.470797947823893 0.401104607509416 0.44813395078667 0.0819373235413986 -0.0330570371251727
6.07933628130896 15.096233944159 14.863104356011 -0.421121582246294 -0.141353091701321 0.895921761052404 0.49825895347723 0.789331519980363 0.358738974939451 0.157835492718491 -0.412841558886225 0.431795225075838 0.337908023374542 0.170043002239881 -0.563910931836475
5.97212970168166 15.4601906764401 15.0247719575035 0.466733409973206 -0.427703145388759 0.774099363656451 0.637610816335435 0.769287684815194 0.0406052419627174 -0.54384149157783 -0.178268983647934 0.571223206839661 0.343639030250999 -0.277603341891871 0.100913561919054
6.24012461263165 15.896803997884 15.127793338527 0.419165088801101 -0.739200342686746 0.527146441918247 0.811913322879915 0.565036499745717 0.146732380099058 0.050658533846857 0.0516180363018725 -0.194415609378645 -0.0134341895344003 0.643722761976797 -0.317710924516116
6.59085082282775 16.0847825747043 15.4636879996098 0.544167896347933 -0.82042145509512 -0.17547028303699 0.838974770834858 0.531736632145953 0.115660576123294 0.132278565893346 -0.46501958360984 -0.452280349424257 0.349147313611518 0.671914205688722 -0.415540257507387
6.82126091171116 16.0663524437468 15.7973164082899 0.682762023488305 -0.295840758297391 -0.668067472731312 0.613391931744519 0.728879305023185 0.304113757849258 -0.148771668612284 -0.153185468160598 -0.42104513467436 0.126832378711295 -0.0595517317873354 0.215480858812682
7.24597806144802 16.2111014617792 15.986804295063 -0.0648760054352232 0.273773180040776 -0.959603688016914 0.581677407347556 0.791737477114814 0.186555740023867 0.212333815503473 -0.150388393473836 -0.0460772679697184 -0.3800250679077 -0.3962948520323 0.448804825880008
