t = 0
b =  30.0 30.0 30.0
E = 0. 0. 0.
22.9839404186 6.96439885773 15.8342957945 0.815468861241 -0.409877499022 -0.408669759269 0.575765072515 0.502223503817 0.645186898104 0.0 0.0 0.0 0.0 0.0 0.0
23.2804659681 6.84554307278 16.2663038997 0.695279342916 0.114462253823 -0.709566788798 0.575765072515 0.502223503817 0.645186898104 0.0 0.0 0.0 0.0 0.0 0.0
23.7354804657 6.7527789622 16.5365662331 0.310941577766 0.595315882734 -0.740887531938 0.575765072515 0.502223503817 0.645186898104 0.0 0.0 0.0 0.0 0.0 0.0
24.2613741058 6.79571712581 16.6379432303 -0.191528091444 0.849999054644 -0.490732714716 0.575765072515 0.502223503817 0.645186898104 0.0 0.0 0.0 0.0 0.0 0.0
24.7436089114 7.03241260068 16.6274576897 -0.621233036534 0.781753374468 -0.0541403345601 0.575765072515 0.502223503817 0.645186898104 0.0 0.0 0.0 0.0 0.0 0.0
25.0842336268 7.44730878185 16.6046308581 -0.814921164583 0.416506517112 0.403020863873 0.575765072515 0.502223503817 0.645186898104 0.0 0.0 0.0 0.0 0.0 0.0
25.2390970371 7.95714763671 16.6736726452 -0.699007117452 -0.106978129712 0.707067697972 0.575765072515 0.502223503817 0.645186898104 0.0 0.0 0.0 0.0 0.0 0.0
25.2346217529 8.44260082353 16.9038905362 -0.317528579624 -0.58981999648 0.742487692069 0.575765072515 0.502223503817 0.645186898104 0.0 0.0 0.0 0.0 0.0 0.0
25.157765819 8.7936045236 17.30335852 0.184584374397 -0.84857938532 0.495824198217 0.575765072515 0.502223503817 0.645186898104 0.0 0.0 0.0 0.0 0.0 0.0
25.1229858991 8.95117452608 17.8158496454 0.616570638499 -0.784949278187 0.0607888017242 0.575765072515 0.502223503817 0.645186898104 0.0 0.0 0.0 0.0 0.0 0.0
25.2287532757 8.9298153159 18.3421975801 0.814311408524 -0.423103816618 -0.397341276879 0.575765072515 0.502223503817 0.645186898104 0.0 0.0 0.0 0.0 0.0 0.0
25.5201429634 8.81200957741 18.7779715581 0.70268165989 0.0994858588023 -0.704514761203 0.575765072515 0.502223503817 0.645186898104 0.0 0.0 0.0 0.0 0.0 0.0
25.9717089576 8.71688164356 19.0531513743 0.324091400453 0.584279193149 -0.744031308888 0.575765072515 0.502223503817 0.645186898104 0.0 0.0 0.0 0.0 0.0 0.0
26.4971515967 8.75494017018 19.1587292301 -0.177626600535 0.847095093391 -0.500877922786 0.575765072515 0.502223503817 0.645186898104 0.0 0.0 0.0 0.0 0.0 0.0
26.9821042467 8.98609404998 19.1501319477 -0.611861286222 0.788085404979 -0.0674326395857 0.575765072515 0.502223503817 0.645186898104 0.0 0.0 0.0 0.0 0.0 0.0
27.3275830972 9.39689202265 19.1261633929 -0.813639639497 0.429668895131 0.391631430807 0.575765072515 0.502223503817 0.645186898104 0.0 0.0 0.0 0.0 0.0 0.0
27.4875927663 9.90563303349 19.1914672352 -0.706302690398 -0.0919860116592 0.701908172908 0.575765072515 0.502223503817 0.645186898104 0.0 0.0 0.0 0.0 0.0 0.0
27.4866007149 10.3934058301 19.4167710675 -0.330629540466 -0.578693894695 0.745518264842 0.575765072515 0.502223503817 0.645186898104 0.0 0.0 0.0 0.0 0.0 0.0
27.4102416493 10.7492653352 19.8120158118 0.170655299721 -0.845546291891 0.505893503562 0.575765072515 0.502223503817 0.645186898104 0.0 0.0 0.0 0.0 0.0 0.0
27.3727834647 10.9123825364 20.3225789961 0.607105338339 -0.791161516017 0.0740713421907 0.575765072515 0.502223503817 0.645186898104 0.0 0.0 0.0 0.0 0.0 0.0
27.4737149611 10.8951544452 20.8500267452 0.812905908662 -0.436201252693 -0.385891760486 0.575765072515 0.502223503817 0.645186898104 0.0 0.0 0.0 0.0 0.0 0.0
27.7599483849 10.7784942646 21.2895104554 0.709869933223 0.0844791594251 -0.699248131588 0.575765072515 0.502223503817 0.645186898104 0.0 0.0 0.0 0.0 0.0 0.0
28.2079966823 10.6810911112 21.5696005319 0.33714250176 0.573064526461 -0.746948446694 0.575765072515 0.502223503817 0.645186898104 0.0 0.0 0.0 0.0 0.0 0.0
28.7328966236 10.7143180346 21.6794236865 -0.163671002844 0.843933098767 -0.510870558589 0.575765072515 0.502223503817 0.645186898104 0.0 0.0 0.0 0.0 0.0 0.0
29.2204877547 10.9399195344 21.6727938813 -0.602303157034 0.794177377042 -0.0807044039761 0.575765072515 0.502223503817 0.645186898104 0.0 0.0 0.0 0.0 0.0 0.0
29.5707838621 11.3465537922 21.6477675046 -0.812110271895 0.442700391841 0.380122703013 0.575765072515 0.502223503817 0.645186898104 0.0 0.0 0.0 0.0 0.0 0.0
