t = 0
b =  30.0 30.0 30.0
E = 0. 0. 0.
5.07831387113 8.52053082336 15.4491448594 0.765858425505 0.525607365442 -0.370402172613 0.0932629018471 0.479153839741 0.872762068952 0.0 0.0 0.0 0.0 0.0 0.0
5.42578651424 8.51987658022 15.8589587639 0.247321378487 0.837958385039 -0.486474953811 0.0932629018471 0.479153839741 0.872762068952 0.0 0.0 0.0 0.0 0.0 0.0
5.82963607336 8.71023497732 16.1578806875 -0.365177195211 0.831955004244 -0.417727766628 0.0932629018471 0.479153839741 0.872762068952 0.0 0.0 0.0 0.0 0.0 0.0
6.15024347935 9.09023754382 16.3615815535 -0.838938847011 0.50987800779 -0.190278816868 0.0932629018471 0.479153839741 0.872762068952 0.0 0.0 0.0 0.0 0.0 0.0
6.27961474875 9.58646681824 16.5219083572 -0.993973604522 -0.00591016852921 0.109460236713 0.0932629018471 0.479153839741 0.872762068952 0.0 0.0 0.0 0.0 0.0 0.0
6.18240970374 10.0813488695 16.7071866253 -0.771381171323 -0.519452973011 0.367613516289 0.0932629018471 0.479153839741 0.872762068952 0.0 0.0 0.0 0.0 0.0 0.0
5.90936829644 10.4578215993 16.976262406 -0.255728134333 -0.835646908256 0.486104274856 0.0932629018471 0.479153839741 0.872762068952 0.0 0.0 0.0 0.0 0.0 0.0
5.57803365288 10.6438085901 17.3561456714 0.357080296437 -0.834364611782 0.419915892176 0.0932629018471 0.479153839741 0.872762068952 0.0 0.0 0.0 0.0 0.0 0.0
5.32809547413 10.6396021413 17.8317487777 0.834227952526 -0.516093249461 0.194194441439 0.0932629018471 0.479153839741 0.872762068952 0.0 0.0 0.0 0.0 0.0 0.0
5.26831958341 10.5177522201 18.351618513 0.994438461903 -0.00174943304999 -0.105304724359 0.0932629018471 0.479153839741 0.872762068952 0.0 0.0 0.0 0.0 0.0 0.0
5.43522597136 10.3955035155 18.8474840331 0.776845173479 0.513259022225 -0.364796864772 0.0932629018471 0.479153839741 0.872762068952 0.0 0.0 0.0 0.0 0.0 0.0
5.77921424106 10.3902522213 19.2601940964 0.264115415491 0.833271793724 -0.485696577179 0.0932629018471 0.479153839741 0.872762068952 0.0 0.0 0.0 0.0 0.0 0.0
6.18340762802 10.5749452586 19.5621896096 -0.348956204616 0.836710679226 -0.422072039503 0.0932629018471 0.479153839741 0.872762068952 0.0 0.0 0.0 0.0 0.0 0.0
6.50805643717 10.9503665216 19.7679737882 -0.829453528352 0.522269188633 -0.198095277351 0.0932629018471 0.479153839741 0.872762068952 0.0 0.0 0.0 0.0 0.0 0.0
6.64363128842 11.4448390625 19.928602142 -0.994827588944 0.00940890140309 0.101141192643 0.0932629018471 0.479153839741 0.872762068952 0.0 0.0 0.0 0.0 0.0 0.0
6.55243515948 11.9414563628 20.1122856339 -0.782250015866 -0.507025984778 0.361952432561 0.0932629018471 0.479153839741 0.872762068952 0.0 0.0 0.0 0.0 0.0 0.0
6.2829251148 12.322497074 20.3784761942 -0.272482583238 -0.83083322232 0.485251891827 0.0932629018471 0.479153839741 0.872762068952 0.0 0.0 0.0 0.0 0.0 0.0
5.95130265671 12.514149326 20.7552799385 0.340805538429 -0.838993027911 0.424196044409 0.0932629018471 0.479153839741 0.872762068952 0.0 0.0 0.0 0.0 0.0 0.0
5.69736683182 12.5145530908 21.2287791845 0.824615938081 -0.528405354984 0.20198102754 0.0932629018471 0.479153839741 0.872762068952 0.0 0.0 0.0 0.0 0.0 0.0
5.63140223596 12.3945068384 21.748320012 0.995140956014 -0.0170676532319 -0.0969699586337 0.0932629018471 0.479153839741 0.872762068952 0.0 0.0 0.0 0.0 0.0 0.0
5.79228005234 12.2705700139 22.2457565345 0.787595286887 0.500754335339 -0.359080436272 0.0932629018471 0.479153839741 0.872762068952 0.0 0.0 0.0 0.0 0.0 0.0
6.13269023914 12.2607801559 22.6613406601 0.280829000381 0.828331379749 -0.484770252665 0.0932629018471 0.479153839741 0.872762068952 0.0 0.0 0.0 0.0 0.0 0.0
6.53711540542 12.4398084619 22.9664213915 -0.332628918581 0.841211484029 -0.426287745145 0.0932629018471 0.479153839741 0.872762068952 0.0 0.0 0.0 0.0 0.0 0.0
6.86571779924 12.8105909522 23.1743298179 -0.819715550114 0.534501281222 -0.205851396093 0.0932629018471 0.479153839741 0.872762068952 0.0 0.0 0.0 0.0 0.0 0.0
7.00746600762 13.3032130264 23.3353144121 -0.995378539246 0.0247251052929 0.0927913399864 0.0932629018471 0.479153839741 0.872762068952 0.0 0.0 0.0 0.0 0.0 0.0
6.92231764666 13.8014711891 23.5174507951 -0.792880579477 -0.494444551518 0.356181094617 0.0932629018471 0.479153839741 0.872762068952 0.0 0.0 0.0 0.0 0.0 0.0
6.65643213266 14.1870207008 23.7807786699 -0.289154031308 -0.825766456536 0.484251696372 0.0932629018471 0.479153839741 0.872762068952 0.0 0.0 0.0 0.0 0.0 0.0
6.32463394813 14.3843367227 24.1544917341 0.324426967752 -0.843365878636 0.428346982418 0.0932629018471 0.479153839741 0.872762068952 0.0 0.0 0.0 0.0 0.0 0.0
