t = 100
b = 30 30 30
E = -0.615151561848507 -0.806600500499978 0.191448938651471
7.18429559609623 21.9808195473572 4.59351032082419 -0.00841920026876909 0.714186173811248 -0.699905072136953 0.543472624292949 0.590799283511484 0.596316689508133 2.52103805397234 -1.26147901863728 3.57844560318235 0.12893788239269 1.21954782180076 0.525380231503122
7.48207786015699 22.3388866371244 4.05537664282675 -0.459726059640404 0.838961144856741 -0.291197582318944 0.386078688694285 0.484107062161133 0.785228297748493 0.645502638838567 -1.43899868813978 0.353642387172475 0.125359725637409 0.827418100371281 0.184315589765969
7.50614794118189 22.9328090836015 4.26301728461272 -0.821521671385005 0.56321470560114 0.0888325524803986 0.282989168671644 0.26750231926837 0.92106434159165 -0.00497461181584712 0.112772641963347 0.112288929062043 0.472326371805725 0.429991372494027 0.267940797481121
7.62541496953209 23.3533199271809 4.45763046736448 -0.88062634061292 0.0659753207912766 0.469195469315339 0.437586408944347 0.492999175758594 0.751977284402549 -0.474680650938868 0.668561676400593 0.117870238424691 0.602649621061205 0.225263994432016 0.433201367418064
7.79092347685435 23.8282398235978 4.61164413230277 -0.605108888850438 -0.499436586824863 0.620005010102537 0.480805778119502 0.391462144298414 0.784591023963564 -0.203220199693161 0.388338730769063 0.0553162910940688 0.497445883240034 -0.0822019390972396 0.537980767435742
7.85258147356808 23.9149314802296 5.11617331880647 -0.465114419290796 -0.841525918067816 0.274777341698864 0.114701279768355 0.250490539203167 0.961300158757709 0.259303614221747 -0.241795844444667 0.0841119945380906 0.119335083165296 -0.0889508331089472 -0.359815855039956
7.70704312963199 23.9978415892075 5.58297852414032 0.181655946027096 -0.980960296717372 0.068686930152623 0.374195296235811 0.133550387319525 0.917682982062641 -0.0676373186146802 -0.10244968317652 0.276931047811946 0.448362483804211 0.0812401844149599 -0.0423404751604327
7.68673426024727 23.9444638981474 6.02274308785415 0.665128864800248 -0.709068016614301 -0.234149571882777 0.455608574445223 0.136916815130265 0.879587683955741 0.300860630302132 0.181454300076851 1.13110450000328 0.487879621852454 -0.165482410826106 -0.0246762957513883
7.7583506394616 23.7651353439875 6.40665885159178 0.86175801571651 -0.214537011128669 -0.459724780708265 0.475874521288728 0.0277630631091714 0.879074819757053 0.385149176242222 -0.16530346398798 0.289963690155002 0.293232676187793 0.145608141468676 0.178445132500832
7.97426240218059 23.5458971591424 6.72602993239804 0.734838121283229 0.472413575076087 -0.486660283221445 0.445462524087674 0.204904584142424 0.871537223746644 0.547872896614685 -0.621381780167843 -0.622989171050458 0.430961944775797 -0.147714270434487 -0.161132912761525
8.32761952541038 23.4988363052781 7.01189076717817 0.297741308869698 0.926368675672141 -0.230631898628693 0.316995064334719 0.131943130692268 0.93920446141523 0.580761563025806 0.324397754018075 -0.0393111387887604 0.47122496054333 -0.0678830093421376 0.586604949952296
8.69932393915408 23.6106254853758 7.23297135792952 -0.303223518021989 0.95176347278107 0.046922011119618 0.514082740873564 0.121924985453741 0.849030691600614 0.0123639581171306 0.107845828371509 -0.640450052369665 0.253422784316005 0.280203799016486 0.431559130792618
9.01824231095369 23.8506423046378 7.52604118378847 -0.703787775441941 0.707743883025708 0.0614918204058915 0.416614756405399 0.341070687108447 0.84267598314473 -0.447435406435809 -0.362368641199537 0.317436779271473 0.361597733363706 -0.248683134512592 -0.0671605901435711
9.2262805557393 24.1827671095276 7.73982925243629 -0.932534609648497 0.186935851282109 0.30892405232439 0.357502120949958 0.357851024504952 0.862632459137397 -0.568054249909274 0.256044738976305 0.173900941699863 0.428605720122037 0.0213407127055476 -0.0229910514838045
9.32265221323869 24.6313711648095 7.99824633949526 -0.757913377841583 -0.441346730218109 0.480395937308788 0.398884785164294 0.269171040680613 0.876605817814311 -0.407053163025337 -0.261411308313466 0.438742062302307 0.588394579173367 0.244847013695686 0.356240941257242
9.22961253616858 24.8547337018472 8.40681870775369 -0.27917762208179 -0.887891425678462 0.365661802329629 0.182964759482429 0.324639311407233 0.927972575793617 -0.139513823627455 -0.129197562365546 0.347042429383011 0.30093271888179 0.0472262984531014 0.302275498291204
9.22195562091209 24.902318122501 8.90291478186971 0.266104721939719 -0.944916177592978 0.190582201501012 0.322115563277701 0.273512773151342 0.906328973673977 0.055638054354796 -0.945401028216825 0.164193575908041 0.488672356229899 -0.0912458569303874 0.0424583068037531
9.27913103984302 24.8777517274979 9.45593385765818 0.501912869155633 -0.837211604833621 -0.217163724733315 0.445123611541038 0.0347539164208686 0.894794400172571 0.838352651967927 -0.590982057554919 0.203424236408118 0.362759290768192 0.735806613708558 0.0812641026708386
9.56310246031075 24.4155925334967 9.79973240868381 0.8930626752843 -0.365572323527841 -0.262289570873299 0.320544935271476 0.10786785843099 0.941071386223981 1.28846719472829 -1.38937108530712 0.0120826968397109 0.521350808857934 0.0620838714601804 -0.375889484499209
9.60973092980702 24.27086838224 10.2062221506431 0.851093683441803 0.362719467808344 -0.379570824487608 0.383315952379459 0.0647287543919179 0.921346272082616 0.506238639010631 -1.65416798659225 -0.00473294644787539 0.00926960987473226 0.151961115435678 0.0929848070172631
9.79731501359061 24.4779411737636 10.6000400578595 0.582708158704921 0.589039696602536 -0.559895822072097 0.413533446936553 0.378170332041011 0.82823738699077 0.0182496900321534 -0.229996954879813 0.149648725245847 0.326545822308754 0.208111251978088 -1.00575933620511
10.2386258118434 24.5052494249203 10.8257537527817 0.0260142349862169 0.932548275822782 -0.360106736884333 0.459802330268197 0.308699521782256 0.832638158938247 -0.405423530438849 -0.245642905450837 0.222469581039452 0.125273535550507 0.35409259326541 -0.30437584852889
10.6608520793581 24.6941707535475 11.088210554819 -0.572224238288408 0.817113795108516 -0.0698881437481406 0.369843339343992 0.333181468342788 0.867298042413193 0.102085245757497 -0.692665604895054 0.660481734644079 0.242208019781774 -0.016255077539035 -0.400548504286775
10.93684539943 24.9831063363559 11.2305998457009 -0.871479738921 0.183960087108406 0.454622516163639 0.490025793876578 0.28892796009723 0.822432511706065 0.625327984870029 0.0560911039222009 0.597100925965426 0.0574925790889778 -0.328393530896756 0.21233234103104
11.0187982226618 25.2699526790332 11.6257090094418 -0.727595699196096 -0.554783574004627 0.403509069731641 0.345559143311842 0.211723478641722 0.914200157458764 -0.482089155795837 -0.551237746834661 0.552758766247099 -0.0651280328959108 0.155271963994173 0.4321529848482
14.0792407681087 13.4724722814008 9.52132653199879 0.899955267501757 0.322524296657928 -0.293357261211219 0.0902298039033384 0.520514594039172 0.849071860244047 0.128725721784631 0.165142216346759 -0.65557997044312 -0.266092831758193 -0.184450240631682 -0.604369049568602
14.4007892779345 13.5382244405799 9.9121996475062 0.198316469193779 0.845116200272909 -0.496436367655704 0.21571738668658 0.456442528136994 0.863206874640937 0.352809396732441 -0.044312666687532 -0.527695478513678 0.158238741142064 0.401739865518581 -0.0699649031675582
14.7409731978579 13.83182641478 10.1653402212762 -0.411648033159532 0.8425412091328 -0.347376005094511 0.399413465214891 0.509404149098951 0.762217936719488 -0.105342528026431 -0.0569248655393911 -0.544559434370633 0.339806814940081 0.597600739754933 0.242236154379516
14.9429527270622 14.2033472025169 10.4184204957396 -0.779314888040446 0.590644505176864 -0.209301829308631 0.216774061231921 0.567497609862681 0.794326980612662 -0.309365357824379 0.166038578059522 0.083431638248438 0.520432026145346 -0.00574080736699154 -0.294463579467828
15.0891363069611 14.5880310509369 10.6436206458434 -0.987571601117105 0.133468828526116 0.0829957069855069 0.142863090039552 0.54218769590871 0.82802326221796 -0.139334789647824 0.118962542304635 0.241011188970715 0.500405534767836 -0.0349711721986058 -0.233977252871576
15.1788475497276 15.0034744165986 10.8469140057487 -0.813810174941881 -0.399289713541665 0.42223288104993 0.177567758908972 0.520967406045702 0.83490270999316 0.153464722225118 0.0299294844163877 0.251800245898085 0.219372689493383 -0.17020567270613 -0.0257205513547006
15.0766693199072 15.20979373177 11.2185866544405 -0.357425443143229 -0.82416447906335 0.439317477395678 0.239137289730448 0.373947309746131 0.896089642317217 0.253977738786751 -0.18230391958086 0.113795396242109 0.123278066341994 0.162655592550795 -0.10393449669026
14.9596519852561 15.3685771930159 11.6309954198527 0.321917829265177 -0.89431538920668 0.310755171542792 0.22398503163418 0.390849491156299 0.892786235156939 0.217393084919438 0.138848098636539 0.0167493819178703 0.26360491946473 0.442350437204329 0.206341394501922
14.8547672028901 15.3202031346851 12.1069622397466 0.90945727055166 -0.392045950623432 0.138518335079255 0.0571718494535084 0.447881554131803 0.892263063613357 -0.00088011496405562 -0.278548905881143 -0.296907223119484 0.442178573805617 -0.106598485957591 0.208056135559359
14.8796413717161 15.3429127855634 12.6102012674271 0.976290806589154 -0.0671109614126056 -0.205796648745778 0.213966465465609 0.155222709398132 0.964429443890319 0.394566876762783 0.158065053014319 -0.104906237097952 0.599481352222498 0.00358934067514786 -0.110039877933844
15.02939009578 15.1853392661168 13.0396812650047 0.816577702268062 0.496091488835875 -0.295116878410208 0.319044180120481 0.0381835882510612 0.946970285464024 0.572079445218178 -0.12489286249467 -0.149251391384645 0.301092582176023 -0.303536092938525 0.0315887509397344
15.2700151214505 15.212542474757 13.473525992925 0.362137407215738 0.815156612479788 -0.452079724519135 0.215179677572451 0.398790729145005 0.891439028481352 0.298529333983307 -0.0361629277932005 -0.04138841148606 0.351982723165642 0.101676205504306 -0.0634405459119631
15.5826715592398 15.4085200273487 13.8046270061246 -0.358387143528397 0.845151290361554 -0.39658269321421 0.256883209356795 0.497676997586048 0.828449457747522 0.123980443939626 0.0038242409496324 0.183837131068591 0.259950414074347 0.207837938892474 0.013785739808561
15.8654355279921 15.7168068045215 13.9583901329777 -0.871742849405087 0.482500392463071 0.0851919043033447 0.348875433055383 0.489181071242611 0.799367059096913 -0.00841813710938703 -0.0152730333353384 0.257609756178362 0.382449740229658 -0.466010478045968 0.301452966335349
15.9895222377328 15.9974670876661 14.2389321064932 -0.964344150370041 0.108092851503883 0.241570229874612 0.262902332598943 0.496031267143786 0.827547718979322 -0.973957474130543 0.192002660029575 0.32618529814356 0.171085385456662 -0.0648917166630794 -0.146971059765922
16.0251509088432 16.450015485798 14.4855648438863 -0.783448360124901 -0.500300264093082 0.368657284691773 0.212161405101595 0.342253923699663 0.915341286709155 -0.354939591062506 -0.643365596295703 0.573354778479927 0.432467365301235 0.100384886767507 0.0532789281378929
15.8356665666526 16.7120462169726 14.793202399196 -0.263418575040145 -0.788611161996611 0.555610448341742 0.131646779120947 0.541177169739547 0.830539751727405 -0.0645989462709492 0.122336222167865 0.141259461470641 0.446826728055317 0.00432875855961653 0.152462130572487
15.608460150046 17.1379851228893 15.0800571988966 0.384293088412044 -0.78079919646639 0.492616806305733 0.0850248858193835 0.561255594852055 0.823263510463301 -0.47377562767834 0.393143919324691 -0.902607534323766 0.282039595225318 -0.910503818494706 0.0437153901671777
15.1000632216648 17.4217365459811 15.4142579993494 0.909183511610304 -0.410854837494065 0.0677017707140902 0.0815928476398416 0.335222303106027 0.938599221691027 -0.754122847792997 0.360424541806282 0.239012878960388 0.395228645248198 -0.465000049589889 -0.192748592806191
15.4633276345603 17.1913981435914 15.8612886794904 0.966287738371941 0.0634271116388015 -0.249529339755535 0.242959236725509 0.096076468294903 0.965266810588552 -0.149293784744696 0.420566494291077 -0.918729967803491 0.852373875780356 -0.0894253475613081 -0.032776445935219
15.6537869939252 16.9629987770923 16.2980891154869 0.766018198743783 0.571035937109513 -0.295184618352802 0.173129001329809 0.258963584725102 0.950244228073176 -0.350701371362872 0.506744507837759 -0.730154667528243 0.524643024692622 0.151582599479551 0.568302655603573
15.9361184931714 16.9395316273512 16.7409533704868 0.292881943549123 0.79079259141659 -0.537463603785327 0.313900053215423 0.451434243761951 0.835268676292354 -0.292374899592455 0.261536303490158 -0.318008267575823 0.380030067966471 -0.160024523245046 -0.333317487261899
16.366541865088 17.1365032679117 16.9143213224802 -0.396085991468281 0.884911777772492 -0.245044720479818 0.421029273465493 0.412193504717491 0.807979424916267 -0.339506623858205 0.742434503863575 -0.123129272283866 0.511678944034587 0.115665740256157 0.455231103800508
16.5727302035892 17.574721653337 17.2188915354983 -0.821894444281158 0.536912471960557 -0.190300816356646 0.245145995528604 0.634937189831776 0.732637763509188 -0.500080027426262 0.968060677543069 -0.248468312873529 0.495643831868749 0.245295099501427 0.294881344777656
15.7383766939114 18.0795614584681 16.2374713592369 -0.873494249421748 -0.143634744477862 0.465163142627375 0.319892647027671 0.550918073914464 0.770816355576416 -4.63245035941547 1.18726920802846 -4.87120638944635 0.342944868056738 -0.309931443546007 0.561790460378549
