
#id1 id2 FENE BEXC STCK NEXC HB CRSTCK CXSTCK total, t = 100
0 1 0.0137209 0 -1.39728 0 0 0 0 -1.38356
1 2 0.125584 0 -0.637097 0 0 0 0 -0.511513
2 3 0.703289 0 -1.29926 0 0 0 0 -0.595971
3 4 0.0252117 0 -1.31571 0 0 0 0 -1.2905
4 5 0.083142 0 -1.29755 0 0 0 0 -1.2144
5 6 0.252165 0 -1.3336 0 0 0 0 -1.08144
6 7 0.0907094 0 -1.39843 0 0 0 0 -1.30772
7 8 0.195748 0 -1.18871 0 0 0 0 -0.992961
8 9 0.105931 0 -1.37376 0 0 0 0 -1.26783
9 10 0.132421 0 -1.2077 0 0 0 0 -1.07528
10 11 0.22136 0 -1.23457 0 0 0 0 -1.01321
11 12 0.203774 0 -1.11133 0 0 0 0 -0.907555
12 13 0.0469643 0 -1.25936 0 0 0 0 -1.2124
13 14 0.068536 0 -0.94056 0 0 0 0 -0.872024
14 15 0.0240937 0 -1.1192 0 0 0 0 -1.0951
15 16 0.0652573 0 -1.3308 0 0 0 0 -1.26554
16 17 0.038225 0 -1.26316 0 0 0 0 -1.22493
17 18 0.000836534 0 -1.36908 0 0 0 0 -1.36824
18 19 0.105469 0 -1.2346 0 0 0 0 -1.12913
19 20 0.764966 0 -1.18431 0 0 0 0 -0.419345
20 21 0.203279 0 -1.37334 0 0 0 0 -1.17006
21 22 0.199286 0 -1.20896 0 0 0 0 -1.00968
22 23 0.0928948 0 -1.20285 0 0 0 0 -1.10995
23 24 0.123007 0 -1.09991 0 0 0 0 -0.976907
24 25 0.129776 0 -1.25703 0 0 0 0 -1.12726
25 26 0.650702 0 -1.37408 0 0 0 0 -0.723379
26 27 0.0337043 0 -1.09329 0 0 0 0 -1.05959
#Total energy per particle is  -1.01448 and should be -1.0144810

