t = 0
b =  30.0 30.0 30.0
E = 0. 0. 0.
27.736067997 5.84440703961 17.6045744411 -0.379728636792 0.870130536864 -0.314132155655 0.40340622655 0.461329221319 0.790214379734 0.0 0.0 0.0 0.0 0.0 0.0
28.1429169909 6.18437571045 17.6916393659 -0.795755688903 0.603197742896 0.054086657723 0.40340622655 0.461329221319 0.790214379734 0.0 0.0 0.0 0.0 0.0 0.0
28.3683734505 6.66184332576 17.791033346 -0.909461850473 0.107100041474 0.401757045551 0.40340622655 0.461329221319 0.790214379734 0.0 0.0 0.0 0.0 0.0 0.0
28.3865180526 7.16372439889 17.9820078573 -0.677648249658 -0.429686756321 0.596793214755 0.40340622655 0.461329221319 0.790214379734 0.0 0.0 0.0 0.0 0.0 0.0
28.2501927149 7.5676583624 18.3090214007 -0.188384749123 -0.803228371411 0.565097663823 0.40340622655 0.461329221319 0.790214379734 0.0 0.0 0.0 0.0 0.0 0.0
28.0709250678 7.78849639337 18.7648489743 0.372449267229 -0.871610098939 0.318712062476 0.40340622655 0.461329221319 0.790214379734 0.0 0.0 0.0 0.0 0.0 0.0
27.9765572428 7.81065087487 19.2933269726 0.791783579941 -0.608852577337 -0.0487575799881 0.40340622655 0.461329221319 0.790214379734 0.0 0.0 0.0 0.0 0.0 0.0
28.0626765097 7.6940173922 19.810690679 0.910306072717 -0.114781782132 -0.397703402631 0.40340622655 0.461329221319 0.790214379734 0.0 0.0 0.0 0.0 0.0 0.0
28.3563000746 7.55121939868 20.2373978822 0.682988068963 0.422896531154 -0.595555053368 0.40340622655 0.461329221319 0.790214379734 0.0 0.0 0.0 0.0 0.0 0.0
28.8056107913 7.50482068275 20.5283482923 0.196191478858 0.799909381802 -0.567145382181 0.40340622655 0.461329221319 0.790214379734 0.0 0.0 0.0 0.0 0.0 0.0
29.2996433618 7.64076133557 20.6900178947 -0.365141534212 0.873023284531 -0.323267698138 0.40340622655 0.461329221319 0.790214379734 0.0 0.0 0.0 0.0 0.0 0.0
29.7104419081 7.97570767357 20.7779986151 -0.787751173594 0.614461045296 0.0434247891748 0.40340622655 0.461329221319 0.790214379734 0.0 0.0 0.0 0.0 0.0 0.0
29.9416725495 8.45072042617 20.8758780176 -0.91108097163 0.122454781713 0.393619473057 0.40340622655 0.461329221319 0.790214379734 0.0 0.0 0.0 0.0 0.0 0.0
29.9652222549 8.95364675013 21.0634829914 -0.688275876082 -0.416074100779 0.594271538158 0.40340622655 0.461329221319 0.790214379734 0.0 0.0 0.0 0.0 0.0 0.0
29.8318794526 9.36172896971 21.3865521809 -0.203983267852 -0.796529475996 0.569149910222 0.40340622655 0.461329221319 0.790214379734 0.0 0.0 0.0 0.0 0.0 0.0
29.6520386579 9.58824227018 21.8393591105 0.357805994254 -0.87436998602 0.327798715714 0.40340622655 0.461329221319 0.790214379734 0.0 0.0 0.0 0.0 0.0 0.0
29.5537597509 9.61544290483 22.3668877675 0.783658776945 -0.620022719668 -0.0380886913956 0.40340622655 0.461329221319 0.790214379734 0.0 0.0 0.0 0.0 0.0 0.0
29.6341158868 9.50130934102 22.8857341062 0.911786488199 -0.130118455887 -0.389505567836 0.40340622655 0.461329221319 0.790214379734 0.0 0.0 0.0 0.0 0.0 0.0
29.9223137814 9.35751527109 23.3157926384 0.693511268329 0.409219984749 -0.592942766869 0.40340622655 0.461329221319 0.790214379734 0.0 0.0 0.0 0.0 0.0 0.0
30.3685975914 9.30700290956 23.6106898483 0.211759522731 0.793088911387 -0.571111095294 0.40340622655 0.461329221319 0.790214379734 0.0 0.0 0.0 0.0 0.0 0.0
30.8631519913 9.43727519034 23.775402266 -0.350443205983 0.875650100849 -0.332304770149 0.40340622655 0.461329221319 0.790214379734 0.0 0.0 0.0 0.0 0.0 0.0
31.2778228513 9.76715193916 23.8643658009 -0.779506701647 0.625537176909 0.0327496930151 0.40340622655 0.461329221319 0.790214379734 0.0 0.0 0.0 0.0 0.0 0.0
31.5148051342 10.2396199071 23.9607946294 -0.912422568697 0.137772221038 0.385362000257 0.40340622655 0.461329221319 0.790214379734 0.0 0.0 0.0 0.0 0.0 0.0
31.5438006638 10.7434930572 24.1450667379 -0.698693847008 -0.402334705034 0.591568840693 0.40340622655 0.461329221319 0.790214379734 0.0 0.0 0.0 0.0 0.0 0.0
31.413528909 11.1556539987 24.4641869823 -0.219519651302 -0.789587949986 0.573028788045 0.40340622655 0.461329221319 0.790214379734 0.0 0.0 0.0 0.0 0.0 0.0
6.8526070253 5.89221238826 28.1144972375 0.435909402395 0.879731441965 -0.189883076975 0.124140432123 0.150192882379 0.980831917912 0.0 0.0 0.0 0.0 0.0 0.0
7.26428622196 5.89230270249 28.4597584908 -0.169580376608 0.97714692935 -0.128165417845 0.124140432123 0.150192882379 0.980831917912 0.0 0.0 0.0 0.0 0.0 0.0
7.63730956644 6.11513369 28.775804433 -0.710643735306 0.703327961249 -0.0177555736647 0.124140432123 0.150192882379 0.980831917912 0.0 0.0 0.0 0.0 0.0 0.0
7.8483416491 6.49828830842 29.0878029916 -0.981721657631 0.162302941653 0.0993999098084 0.124140432123 0.150192882379 0.980831917912 0.0 0.0 0.0 0.0 0.0 0.0
7.83559024901 6.91843988749 29.4224597629 -0.879827108711 -0.440383679037 0.178791705667 0.124140432123 0.150192882379 0.980831917912 0.0 0.0 0.0 0.0 0.0 0.0
7.6222822318 7.23820599306 29.797872109 -0.443671531267 -0.875761177239 0.190257543305 0.124140432123 0.150192882379 0.980831917912 0.0 0.0 0.0 0.0 0.0 0.0
7.30783927509 7.35834231073 30.2166536681 0.161042278698 -0.978422362261 0.129441359305 0.124140432123 0.150192882379 0.980831917912 0.0 0.0 0.0 0.0 0.0 0.0
7.03010591086 7.25544722014 30.6649413892 0.704573434502 -0.709364533511 0.0194482387609 0.124140432123 0.150192882379 0.980831917912 0.0 0.0 0.0 0.0 0.0 0.0
6.91298008321 6.99085246181 31.1176623369 0.980425362699 -0.170807258538 -0.0979335928459 0.124140432123 0.150192882379 0.980831917912 0.0 0.0 0.0 0.0 0.0 0.0
7.01934224783 6.68732218353 31.548059319 0.883797303769 0.432642549699 -0.178108815168 0.124140432123 0.150192882379 0.980831917912 0.0 0.0 0.0 0.0 0.0 0.0
7.32716603565 6.48241278806 31.9378563911 0.451399872834 0.871724219908 -0.190617520788 0.124140432123 0.150192882379 0.980831917912 0.0 0.0 0.0 0.0 0.0 0.0
7.73788643869 6.47621295595 32.2842021933 -0.152491916794 0.979623284522 -0.130707443305 0.124140432123 0.150192882379 0.980831917912 0.0 0.0 0.0 0.0 0.0 0.0
8.11384630449 6.69331828236 32.6007532298 -0.698449477703 0.715347084918 -0.0211394227984 0.124140432123 0.150192882379 0.980831917912 0.0 0.0 0.0 0.0 0.0 0.0
8.33059458988 7.0734869993 32.9124855341 -0.97905440458 0.179298567788 0.0964598178612 0.124140432123 0.150192882379 0.980831917912 0.0 0.0 0.0 0.0 0.0 0.0
8.32416739294 7.4945268304 33.2462058569 -0.88770019424 -0.424868472956 0.177412360993 0.124140432123 0.150192882379 0.980831917912 0.0 0.0 0.0 0.0 0.0 0.0
8.11538890879 7.81871787973 33.6203673331 -0.459093838553 -0.867620877403 0.190962982007 0.124140432123 0.150192882379 0.980831917912 0.0 0.0 0.0 0.0 0.0 0.0
7.8019599697 7.94513472275 34.0380588269 0.14392994204 -0.980749604676 0.131963573426 0.124140432123 0.150192882379 0.980831917912 0.0 0.0 0.0 0.0 0.0 0.0
7.52133986542 7.84798966252 34.4858314215 0.692272331272 -0.721275159875 0.022828996987 0.124140432123 0.150192882379 0.980831917912 0.0 0.0 0.0 0.0 0.0 0.0
7.39852326084 7.58642990691 34.9388078867 0.977608887677 -0.187776222759 -0.094978697088 0.124140432123 0.150192882379 0.980831917912 0.0 0.0 0.0 0.0 0.0 0.0
7.49855263296 7.28206655541 35.3701339549 0.891535482905 0.417062040834 -0.17670239618 0.124140432123 0.150192882379 0.980831917912 0.0 0.0 0.0 0.0 0.0 0.0
7.80180754647 7.07277250924 35.7611807063 0.466752842499 0.863451462209 -0.191293900657 0.124140432123 0.150192882379 0.980831917912 0.0 0.0 0.0 0.0 0.0 0.0
8.2114587851 7.06030225105 36.108622007 -0.135357006464 0.981801236952 -0.133209654011 0.124140432123 0.150192882379 0.980831917912 0.0 0.0 0.0 0.0 0.0 0.0
8.59025538986 7.27163361572 36.425698163 -0.686042465623 0.727148306935 -0.0245168326592 0.124140432123 0.150192882379 0.980831917912 0.0 0.0 0.0 0.0 0.0 0.0
8.81266859299 7.64871845983 36.7371857061 -0.976088922073 0.196239577843 0.0934903433192 0.124140432123 0.150192882379 0.980831917912 0.0 0.0 0.0 0.0 0.0 0.0
8.81258229563 8.07053612188 37.0699843759 -0.895302877692 -0.409223847823 0.175978974795 0.124140432123 0.150192882379 0.980831917912 0.0 0.0 0.0 0.0 0.0 0.0
