t = 100
b = 30 30 30
E = -0.817306407908576 -1.04924199388273 0.231935585974151
29.8031594161434 17.2199222918422 23.856908522614 -0.759131648923454 0.366630062896721 0.537867484860472 0.625951093987785 0.184420347051714 0.757742862859039 0.10795200927439 0.171996269032199 0.875463051062175 0.328625016144741 1.08387702663814 -0.880308485736027
29.9228826459829 17.6120253767357 24.094526063249 -0.501690275151985 -0.392885913723971 0.770679836924093 0.704383581449372 0.331621683385309 0.627591203797671 0.113147647528561 0.506922365261485 0.285093410577856 0.482778636195963 0.0959802249193177 -0.230365159002916
30.0294900260532 17.8588028234191 24.4805506601988 -0.110388800480275 -0.93975874896871 0.323523859034189 0.821444632949953 0.0969784027311406 0.561982015131124 0.218225287652786 0.09487247462977 0.231775557543043 0.161357311691804 -0.241636766843471 0.0243297509187477
30.2947610891242 17.7882247856292 24.8878397327009 0.0324410326188334 -0.944777046869073 -0.326103958831239 0.806234114986068 -0.168097895820813 0.567212067997224 0.367901615107776 0.368490803855357 0.100170809579972 0.468468065184376 0.556828801168272 -0.0766867705117473
30.3163113648491 17.4614605232569 25.2885810501842 0.496666942118453 -0.592845005641064 -0.633921626792482 0.66036271284141 -0.215857989740452 0.719253994164587 0.43241770331575 0.0685468761170049 -0.0418405379805723 0.546618434782471 0.221035058142791 0.28179648051094
30.6561617319099 17.2075245557438 25.5691068633405 0.461602671628717 -0.185585101282568 -0.867456642392579 0.858947937585094 -0.150832661476873 0.489344289820198 0.200263943795526 0.316521831993546 -0.276026885714229 0.678855126817352 0.0011261941787457 -0.388803268943966
30.9273700158355 16.9495858164595 25.6954554454727 0.505745010225864 0.515507431417319 -0.691718117228872 0.850561924600584 -0.164029585071605 0.499638464880606 0.651875879742529 -0.235470099734129 -0.122381319372278 0.444900482655362 -0.254724711121482 -0.055435982619507
31.3422006348913 16.8016908487666 25.8251776704229 0.1594075493834 0.907109502767857 -0.389540067605998 0.831148320846776 0.0896052938144883 0.548783419192901 0.472082369851847 0.420200529180373 0.364312141097073 0.438979174818795 -0.141647363884943 0.174770480121885
31.826943166523 16.8787885214087 25.8042030350166 -0.282542181067663 0.911876256383304 0.297744005660892 0.872634408461818 0.115439196872804 0.474534366593536 0.116488394579751 0.392037570509749 -0.331109853579558 0.474645171872737 0.12253019776858 0.194899050498074
32.3068111780234 17.0164758549569 25.950273316084 -0.561644695302631 0.633568246825624 0.53211501919584 0.822041380438379 0.354375877445809 0.445719194274176 -0.296647099355502 -0.000329424798473098 0.10142511543692 0.468119926804959 0.040687900760704 -0.157400625204128
32.5904940479476 17.347551095689 26.0631019307448 -0.563171711510993 0.0396755467570354 0.825386791268576 0.813916674179614 0.199182159906662 0.545771012646321 -0.364808358846699 0.259885323362246 -0.0144108948560935 0.586613857652332 -0.304099258365876 0.0501078357303611
32.9534025743897 17.5576891154606 26.3550653856463 -0.561154521869348 -0.45509332132342 0.69137222487751 0.727565232151006 0.127062334189531 0.674169028168889 -0.109564523971632 -0.0720688893038181 0.195086706231391 0.273914743737912 0.343857056084531 -0.0944928908025004
33.1394322206308 17.741695733777 26.7493927274987 -0.207961926499792 -0.928844399272783 0.306593867937494 0.695855606376689 0.0797930851055503 0.713735190314559 0.269996688287522 -0.288224211500738 0.500099255014746 0.460179450324323 0.193000623050638 0.107858767053219
33.2403970664682 17.684306119768 27.2033183967381 0.296389527417632 -0.92714918022447 -0.229232476367581 0.654191382992979 0.0222133682202121 0.756002702609969 -0.0226594777946665 -0.388659395567859 -0.280658723150874 0.444727948113272 -0.0664680673337484 0.173927112016657
33.5074966693942 17.5976600531951 27.6393794651888 0.381896472794534 -0.689471928504909 -0.615453836729342 0.769576284891664 -0.131516314090989 0.624864532985637 -0.0267344685592074 0.020220372686106 -0.56283848130508 0.740222548618402 0.64422455200868 0.0154057801251005
33.6890549440315 17.24043786732 27.9782873136518 0.598115388915258 -0.0817818737574617 -0.797226183385331 0.761932161343246 -0.250342807398475 0.597317128285702 0.3150188181219 0.131162258196312 -0.238816340334884 0.719723504488406 -0.107072823233053 -0.0511227390263536
34.0297367364801 16.8913178529542 28.0764160289677 0.540290082014948 0.582907441608749 -0.606881720812669 0.833507395748368 -0.271687914925247 0.48109353820499 0.348045975111562 -0.490022344592364 -0.137243957439357 0.500012338737946 -0.156821512530796 0.284019344103307
34.4333059048283 16.7626969645232 28.1913990304427 0.159653596920683 0.956931058310968 -0.242473834565189 0.870613703335004 -0.0207048809543455 0.491531251470315 0.167475347931661 -0.195788345567484 -0.43643984979657 0.417891055361975 -0.0541084100177218 0.120748517353492
34.8726998283684 16.8604527193189 28.1974296423577 -0.234949944053118 0.901797985578437 0.362710356625858 0.862212723386592 0.0210760737982875 0.506107598293395 -0.286654584016166 0.143705793918274 -0.199195776698227 0.419168614767864 -0.730340313200385 0.348299597803317
35.3841809449996 16.9967122108723 28.4097741070401 -0.549518749302711 0.667232341190035 0.50282206395033 0.797010073333245 0.238125120980378 0.555041668805769 -0.437726399804821 -0.297296289920221 0.252876265269085 0.49789304060727 0.404568786537158 -0.120435332955558
35.7493751175852 17.3360744916197 28.542318608967 -0.603976132538277 0.141930363791778 0.784263019937019 0.778091262345151 0.318089575099088 0.54165754800121 -0.373304586072742 -0.150906512496236 0.145919361053224 0.76156586221182 0.054026465378823 -0.307446455218924
36.0718393493771 17.6214296767876 28.7518645818267 -0.491385059715278 -0.351207404144721 0.796990569025035 0.710328653466174 0.367894232454783 0.600072436494866 0.210002341898079 -0.528357176914681 0.172563435415807 0.631636984218541 0.148046812137265 -0.0317793190655665
36.3125943347606 17.8879652363232 29.0924998873759 -0.216281255563899 -0.846995100836135 0.485614663156983 0.642443912860141 0.251069348297323 0.724037215382452 0.242719003556457 -0.151587297416193 -0.0854711464080429 0.470061832388397 -0.158964921192459 -0.270539090632226
36.4029446567581 18.0601503516068 29.5417982484243 0.432382659898658 -0.898989060153308 -0.0697408571230213 0.54598026311243 0.199472849028111 0.813705121209104 0.336182480360914 0.0963403242331045 -0.0102145422612212 0.35126626749066 -0.476071256945588 0.211925383759262
36.644070067854 17.9440221836836 29.9893091948113 0.62366585130799 -0.522036239091643 -0.581823817397027 0.681881082018614 -0.000606245123169383 0.731462716614318 0.470338784813033 -0.0132639916580435 0.0574714780166064 0.238540680432696 -0.199136273002266 0.455342106127879
