t = 0
b =  30.0 30.0 30.0
E = 0. 0. 0.
15.2993339479 2.4795833056 21.3462057969 -0.479696030446 0.871534381507 0.101585137817 0.718855579246 0.323971147318 0.615052316386 0.0 0.0 0.0 0.0 0.0 0.0
15.7018562053 2.83468162063 21.3224124976 -0.683594454429 0.490157055394 0.540781548244 0.718855579246 0.323971147318 0.615052316386 0.0 0.0 0.0 0.0 0.0 0.0
15.9485530853 3.30151125185 21.4218903691 -0.627783916085 -0.0774391310525 0.774526007108 0.718855579246 0.323971147318 0.615052316386 0.0 0.0 0.0 0.0 0.0 0.0
16.0521466018 3.75068863072 21.6979214684 -0.333467772033 -0.615614896899 0.714015086488 0.718855579246 0.323971147318 0.615052316386 0.0 0.0 0.0 0.0 0.0 0.0
16.0797261293 4.05953657447 22.1367123291 0.0875383538987 -0.919908270881 0.382237896815 0.718855579246 0.323971147318 0.615052316386 0.0 0.0 0.0 0.0 0.0 0.0
16.1272600272 4.15869139892 22.6626343304 0.475287195621 -0.874713112709 -0.0947578605349 0.718855579246 0.323971147318 0.615052316386 0.0 0.0 0.0 0.0 0.0 0.0
16.2831356564 4.05845534181 23.1669562744 0.682466485348 -0.497199818596 -0.5357535224 0.718855579246 0.323971147318 0.615052316386 0.0 0.0 0.0 0.0 0.0 0.0
16.5945795424 3.84488257041 23.5491531861 0.630365347061 0.0692079993395 -0.773207463785 0.718855579246 0.323971147318 0.615052316386 0.0 0.0 0.0 0.0 0.0 0.0
17.049715229 3.64708576463 23.7550974321 0.338777874278 0.60932254123 -0.716906962338 0.718855579246 0.323971147318 0.615052316386 0.0 0.0 0.0 0.0 0.0 0.0
17.5820753428 3.5881840513 23.7976227135 -0.0815169770064 0.917945262378 -0.388241519854 0.718855579246 0.323971147318 0.615052316386 0.0 0.0 0.0 0.0 0.0 0.0
18.0958536591 3.73852798942 23.7516483283 -0.470842165835 0.877825231122 0.0879233670751 0.718855579246 0.323971147318 0.615052316386 0.0 0.0 0.0 0.0 0.0 0.0
18.5023034888 4.08897221658 23.7257160773 -0.681286543802 0.504204718107 0.530684696852 0.718855579246 0.323971147318 0.615052316386 0.0 0.0 0.0 0.0 0.0 0.0
18.7534540295 4.55434992511 23.8207534197 -0.632898773275 -0.0609715971693 0.771830037719 0.718855579246 0.323971147318 0.615052316386 0.0 0.0 0.0 0.0 0.0 0.0
18.8603352749 5.00582915614 24.0917294434 -0.344062177277 -0.602983783291 0.719744242947 0.718855579246 0.323971147318 0.615052316386 0.0 0.0 0.0 0.0 0.0 0.0
18.8887875362 5.3198582148 24.52677119 0.0754893922806 -0.915912348788 0.394215576798 0.718855579246 0.323971147318 0.615052316386 0.0 0.0 0.0 0.0 0.0 0.0
18.9344476068 5.42510502473 25.0516743897 0.466361279596 -0.880870499744 -0.0810821779105 0.718855579246 0.323971147318 0.615052316386 0.0 0.0 0.0 0.0 0.0 0.0
19.0864147457 5.32955737653 25.5580949044 0.680054719648 -0.511171220477 -0.525575457609 0.718855579246 0.323971147318 0.615052316386 0.0 0.0 0.0 0.0 0.0 0.0
19.3934003794 5.11748823253 25.944710477 0.635384001797 0.0527305517759 -0.770393833808 0.718855579246 0.323971147318 0.615052316386 0.0 0.0 0.0 0.0 0.0 0.0
19.8452218164 4.91743901948 26.155714751 0.34932027861 0.596599105801 -0.722526712246 0.718855579246 0.323971147318 0.615052316386 0.0 0.0 0.0 0.0 0.0 0.0
20.3766708218 4.85338459136 26.2020190381 -0.0694560587453 0.913809684928 -0.400159612699 0.718855579246 0.323971147318 0.615052316386 0.0 0.0 0.0 0.0 0.0 0.0
20.8922873164 4.99763310967 26.157106929 -0.46184487814 0.883848686667 0.0742348140241 0.718855579246 0.323971147318 0.615052316386 0.0 0.0 0.0 0.0 0.0 0.0
21.3026262565 5.34335496392 26.129116648 -0.678771106694 0.518098795179 0.52042619376 0.718855579246 0.323971147318 0.615052316386 0.0 0.0 0.0 0.0 0.0 0.0
21.5582393015 5.80717745484 26.2197575343 -0.637820843368 -0.0444854907468 0.768898961424 0.718855579246 0.323971147318 0.615052316386 0.0 0.0 0.0 0.0 0.0 0.0
21.6684610652 6.26085947674 26.4856689631 -0.35455177785 -0.590168994981 0.725254158338 0.718855579246 0.323971147318 0.615052316386 0.0 0.0 0.0 0.0 0.0 0.0
21.69786274 6.58001245766 26.9169021 0.0634174358623 -0.911637430922 0.406073174897 0.718855579246 0.323971147318 0.615052316386 0.0 0.0 0.0 0.0 0.0 0.0
