t = 0
b =  30.0 30.0 30.0
E = 0. 0. 0.
25.3161487788 22.9404867054 9.87013843097 -0.00779717577284 0.985221774363 -0.171105988703 0.650459976044 0.134960089879 0.747454074645 0.0 0.0 0.0 0.0 0.0 0.0
25.8359952952 23.0682731397 9.91613113486 -0.451666140629 0.859915100587 0.237789228502 0.650459976044 0.134960089879 0.747454074645 0.0 0.0 0.0 0.0 0.0 0.0
26.2528845005 23.3920772481 10.0163279009 -0.723939587205 0.407912303084 0.556344342175 0.650459976044 0.134960089879 0.747454074645 0.0 0.0 0.0 0.0 0.0 0.0
26.5047516542 23.8088649789 10.2433433772 -0.721176280978 -0.199063198291 0.663534938674 0.650459976044 0.134960089879 0.747454074645 0.0 0.0 0.0 0.0 0.0 0.0
26.5922266519 24.1802762474 10.6216116636 -0.444426048182 -0.730411262476 0.518637518259 0.650459976044 0.134960089879 0.747454074645 0.0 0.0 0.0 0.0 0.0 0.0
26.578394718 24.3851902456 11.1181033887 0.00116907072491 -0.984263876221 0.1767010335 0.650459976044 0.134960089879 0.747454074645 0.0 0.0 0.0 0.0 0.0 0.0
26.5648292738 24.3657412622 11.6548741199 0.446320040118 -0.864178187375 -0.232367128169 0.650459976044 0.134960089879 0.747454074645 0.0 0.0 0.0 0.0 0.0 0.0
26.6530024967 24.1493028339 12.138676757 0.721906564197 -0.415776756857 -0.553155132876 0.650459976044 0.134960089879 0.747454074645 0.0 0.0 0.0 0.0 0.0 0.0
26.9057343437 23.8380880807 12.4963876641 0.723228714904 0.190585215008 -0.663790254342 0.650459976044 0.134960089879 0.747454074645 0.0 0.0 0.0 0.0 0.0 0.0
27.323326199 23.5703172333 12.7027875618 0.449784185079 0.724540677277 -0.522240360203 0.650459976044 0.134960089879 0.747454074645 0.0 0.0 0.0 0.0 0.0 0.0
27.8434463735 23.4677054561 12.790142753 0.00545912335228 0.983231022574 -0.182282621829 0.650459976044 0.134960089879 0.747454074645 0.0 0.0 0.0 0.0 0.0 0.0
28.3648109553 23.5892212214 12.8359466148 -0.440939950608 0.868375463649 0.22692733218 0.650459976044 0.134960089879 0.747454074645 0.0 0.0 0.0 0.0 0.0 0.0
28.7856632614 23.908683201 12.9334785691 -0.719818565209 0.423609547621 0.549923798672 0.650459976044 0.134960089879 0.747454074645 0.0 0.0 0.0 0.0 0.0 0.0
29.042432903 24.3247069903 13.1563656706 -0.725226072163 -0.182092717923 0.663995019812 0.650459976044 0.134960089879 0.747454074645 0.0 0.0 0.0 0.0 0.0 0.0
29.1338872386 24.6992227388 13.5306104578 -0.455108069168 -0.7186149155 0.525803431521 0.650459976044 0.134960089879 0.747454074645 0.0 0.0 0.0 0.0 0.0 0.0
29.1215996756 24.9099301947 14.0247121538 -0.0120869016961 -0.982123292077 0.187850328631 0.650459976044 0.134960089879 0.747454074645 0.0 0.0 0.0 0.0 0.0 0.0
29.1065569029 24.8967626153 14.561634338 0.435526281813 -0.872506609769 -0.221470254796 0.650459976044 0.134960089879 0.747454074645 0.0 0.0 0.0 0.0 0.0 0.0
29.1907923598 24.6847071267 15.0480723708 0.71767574925 -0.431410078877 -0.546650585641 0.650459976044 0.134960089879 0.747454074645 0.0 0.0 0.0 0.0 0.0 0.0
29.4386220264 24.3743116971 15.4099013853 0.727168200648 0.173586353772 -0.664149219491 0.650459976044 0.134960089879 0.747454074645 0.0 0.0 0.0 0.0 0.0 0.0
29.8522097072 24.1034852822 15.6203375643 0.460397295016 0.712634428414 -0.529326460873 0.650459976044 0.134960089879 0.747454074645 0.0 0.0 0.0 0.0 0.0 0.0
30.3707449658 23.9951039078 15.7101137599 0.0187137595755 0.98094076909 -0.193403729903 0.650459976044 0.134960089879 0.747454074645 0.0 0.0 0.0 0.0 0.0 0.0
30.8935460266 24.1103280125 15.7558035693 -0.430079446005 0.876571311133 0.215996311595 0.650459976044 0.134960089879 0.747454074645 0.0 0.0 0.0 0.0 0.0 0.0
31.3183104641 24.4253665752 15.8507297446 -0.715478279504 0.439177756586 0.543335743052 0.650459976044 0.134960089879 0.747454074645 0.0 0.0 0.0 0.0 0.0 0.0
31.5799816053 24.8405157213 16.0695093197 -0.72905495246 -0.165066770349 0.664252841635 0.650459976044 0.134960089879 0.747454074645 0.0 0.0 0.0 0.0 0.0 0.0
31.6754646471 25.218037892 16.4397053509 -0.465651459828 -0.706599671459 0.532809179965 0.650459976044 0.134960089879 0.747454074645 0.0 0.0 0.0 0.0 0.0 0.0
