
#id1 id2 FENE BEXC STCK NEXC HB CRSTCK CXSTCK total, t = 100
0 1 0.0283825 0 -1.08336 0 0 0 0 -1.05498
1 2 0.215474 0 -1.11956 0 0 0 0 -0.904086
2 3 0.158105 0 -1.37989 0 0 0 0 -1.22179
3 4 0.0529745 0 -0.963579 0 0 0 0 -0.910605
4 5 0.0269688 0 -1.35164 0 0 0 0 -1.32467
5 6 0.13114 0 -1.36362 0 0 0 0 -1.23248
6 7 0.0179829 0 -1.31703 0 0 0 0 -1.29905
7 8 0.195259 0 -1.24727 0 0 0 0 -1.05201
8 9 0.0395696 0 -1.39294 0 0 0 0 -1.35337
9 10 0.149921 0 -0.963278 0 0 0 0 -0.813357
10 11 0.221024 0 -1.34263 0 0 0 0 -1.1216
11 12 0.313246 0 -1.27597 0 0 0 0 -0.962722
12 13 0.101397 0 -1.27959 0 0 0 0 -1.17819
13 14 0.0400324 0 -1.17387 0 0 0 0 -1.13384
14 15 0.267328 0 -1.34014 0 0 0 0 -1.07281
15 16 0.139778 0 -1.42545 0 0 0 0 -1.28567
16 17 0.380676 0 -1.13383 0 0 0 0 -0.753156
17 18 0.187211 0 -1.20305 0 0 0 0 -1.01584
18 19 0.045915 0 -1.19611 0 0 0 0 -1.1502
19 20 0.133235 0 -1.18946 0 0 0 0 -1.05623
20 21 0.0543426 0 -1.21256 0 0 0 0 -1.15822
21 22 0.110591 0 -1.26806 0 0 0 0 -1.15747
22 23 0.0403805 0 -0.375283 0 0 0 0 -0.334902
23 24 0.0174322 0 -1.28224 0 0 0 0 -1.26481
#Total energy per particle is  -1.03248 and should be -1.0324810

