t = 100
b = 30 30 30
E = -0.848706367507273 -1.04283613297898 0.194129765471709
25.8997280710314 22.2642237459571 13.7550433637155 -0.561296836338235 0.827509084852107 -0.0132082108953137 0.796369831382449 0.544381361819625 0.263522115667895 0.054893875547345 0.495740078724376 0.173136354526908 0.118162623453973 0.55813231685789 -0.56802251057817
26.063923118384 22.592567797471 13.5062452561291 -0.394603541970113 0.727665086248451 0.561062784743944 0.918335968346557 0.332772536533159 0.214292718053937 -0.0607247734382411 0.605026121870232 0.406020180107915 0.556335549073801 -0.111240111608562 0.10359272724235
26.3277962120605 22.9046068260397 13.4256000085719 -0.188202304607022 0.157381861674906 0.969438354503688 0.892746686436088 0.438844977901125 0.102070176298885 -0.101571965199147 0.51776295906855 0.263462335769974 0.187056633922992 0.136464932288713 0.175827711878341
26.6549653165514 23.2701968182818 13.565638630903 -0.173512545072161 -0.404968814830258 0.897715732729203 0.864979453190701 0.373147939979077 0.335516082234253 0.276877061023721 0.208230202313723 0.474605502827348 0.264754175086971 0.174373257668544 -0.0209010725866769
26.8627734067017 23.6215592878583 13.8408671205253 0.136512232823774 -0.889689863153686 0.435679055415029 0.859569232782033 0.325003673296671 0.39435165642709 0.196226190608321 0.0346607918949097 -0.263517398694998 0.738868085925215 0.168974757499293 0.162709898958626
26.9938911792511 23.693803196422 14.2529310364026 0.606645763469992 -0.743531520953493 -0.28132132209084 0.712360856381595 0.351348647595765 0.607532746809434 -0.151843440918664 -0.497685845543067 0.175077552949231 0.409948815148199 -0.0191550859759912 0.763574139390658
27.4526919154701 23.8736276906719 14.5095599994537 0.309387530283366 -0.732034614007587 -0.60696339337472 0.942327268324517 0.150320878676629 0.299036517062372 0.385700471874286 0.13673308134668 -0.39067069649633 0.571396276552444 -0.122769823358187 -0.283324868216041
27.8252576249256 23.7032107949538 14.7149860546605 0.20515971758995 -0.195030063025514 -0.959099914294543 0.976295152514424 0.109838137925817 0.186502674520987 0.0574688497580328 -0.134836305125234 0.0459536113844143 0.57636569719382 0.245031810471728 -0.0291137179467074
28.2158526567958 23.502086715852 14.7487106902424 0.12196633837943 0.514125456294159 -0.848998886481719 0.888855568937303 0.324049233347856 0.323925535816663 -0.285044572996648 -0.436911728262496 -0.103528414773349 0.406670606112166 -0.361202118620729 0.203782438274399
28.6977112764645 23.5288761942792 14.8254286004934 -0.308451972796415 0.7186442039773 -0.623223691674783 0.854931707108547 0.496696529141739 0.149613551891998 0.233244689050227 0.171123760608714 -0.168693932360574 0.325338574970022 0.0922363366622903 -0.197585254370048
29.1199646947141 23.5710751746828 14.6117137477445 -0.421833854542257 0.895918567843268 0.139233620963531 0.903245082884564 0.428595424455707 -0.0213112844465212 -0.278211497014348 0.395314936085614 0.40518087081228 0.468227490248139 -0.135763735834698 0.237687249073887
29.4021566792346 23.8894627838613 14.4092654720893 -0.295531715696862 0.612827853336572 0.732873052270566 0.892498118327502 0.450730520112003 -0.0169998352850887 -0.822151946298378 0.455439579863171 -0.247055798046561 0.56323293915746 -0.555799941371907 0.0190088458214058
29.6865235777364 24.2501815781787 14.3210243176295 -0.070599040145321 0.10643366966633 0.99181023034653 0.898888697237759 0.437847065434416 0.0169982188456143 -0.283304642878019 -0.0416442599561851 0.165237415208901 0.74322865505211 -0.26625867417924 0.506964577636296
29.9888180685391 24.6071331060779 14.3614281681128 0.0581303835348412 -0.337403434378356 0.939563548553953 0.744853200168176 0.641295835324747 0.184209801801863 0.120066227523169 -0.239023267549022 0.313167007014056 0.22028036173412 -0.288220138572003 0.0824028278893073
30.2800425275235 24.9543422825367 14.5885218626938 0.243564741964676 -0.799149977695162 0.549577483554883 0.854577160984729 0.444798312732414 0.26805264097389 -0.257504268385804 -0.493944449839795 0.037059774583457 0.435301602824774 0.183775130455888 0.0642850783244293
30.5233286521467 25.2077919024765 14.9135095384191 0.433784694588902 -0.891505679929143 -0.130569306240328 0.842109671861382 0.349607687786287 0.410640536484014 0.041192842868937 0.00553979162834643 -0.0443624175512565 0.325640698986256 -0.0812155301737103 0.172160610642406
30.8990044412072 25.2522796442581 15.2365744668833 0.31989430332215 -0.747742193598465 -0.581849746603699 0.938804214720869 0.167370049805168 0.301054476839468 -0.234792753893288 -0.404620291123987 -0.399898465406903 0.576716186486784 0.0394090700746606 -0.33966961509444
31.3242742526239 25.0848902211518 15.5444878419496 0.255572620862024 -0.243205114706388 -0.935699625205408 0.951565226829277 0.234363264405708 0.198990860610588 0.355455481296916 -0.227001214619325 -0.953815294378121 0.627259410212117 0.0538545865600446 -0.00842235795884654
31.7869810904661 24.9536845825556 15.5673235460375 0.0168529763653046 0.426332152183129 -0.904409616520447 0.960222950810615 0.245252268096685 0.13350316170559 0.471751509293171 -0.330356613413706 -0.731129216755499 0.636331271568095 0.186155554069574 0.223095790052961
32.2453298980431 24.9056757326901 15.5101524050246 -0.212898904469661 0.871084297597355 -0.44259020059408 0.962564445851525 0.264760100582997 0.0580660247802094 -0.018405033422125 0.0160539354268954 -0.310832858538477 0.566875128179906 -0.377013540580303 0.0601188370832266
32.6728527568044 25.0419130990955 15.3960720700612 -0.424194807216646 0.905234712841325 0.0246730828805618 0.905115586575018 0.424688011978302 -0.0201433805618291 -0.0504384700639087 0.717039456907615 0.416921914978671 0.576027042327097 -0.165698235178315 0.109831692391696
33.052431839771 25.3000633085256 15.1898217992614 -0.476189217278427 0.659348070923611 0.581810821076537 0.827692943079943 0.559503000960446 0.0433667252272086 0.152720014919679 0.561511862648076 -0.230667570788701 0.477406458988438 0.282311120034146 0.138813913866888
33.303493928054 25.6799449278038 15.0468903477257 -0.213635284383065 0.165298555556992 0.962827208821897 0.862233800613895 0.495231665140712 0.10629371734215 0.0992867652723874 -0.238429203295196 -0.665427282615114 0.634260640935148 -0.39690347392068 0.0519047890077585
33.6468595183683 26.1470858309645 15.0813561710804 0.0798020084875143 -0.320411304511587 0.943911074301868 0.851305975490165 0.514523385997299 0.102682535608116 0.13425388136882 -0.0741716985956576 -0.652054707514338 0.316102800220761 -0.416569312188848 0.0598118807160047
33.8913134102775 26.5699590787657 15.2893465744764 0.399466751636628 -0.815420351512942 0.418946118734767 0.857090175289264 0.494353491090519 0.144951502443439 0.197611389226785 -0.569132784374195 0.208110063869347 -0.0713198976191088 -0.182217179846475 0.441252863187514
