
#id1 id2 FENE BEXC STCK NEXC HB CRSTCK CXSTCK total, t = 100
0 1 0.269014 0 -1.40779 0 0 0 0 -1.13878
1 2 0.268416 0 -1.19202 0 0 0 0 -0.923601
2 3 0.311393 0 -0.829863 0 0 0 0 -0.51847
3 4 0.0712063 0 -1.24167 0 0 0 0 -1.17047
4 5 0.0887386 0 -1.20075 0 0 0 0 -1.11201
5 6 0.09866 0 -1.06179 0 0 0 0 -0.96313
6 7 0.0208222 0 -1.39659 0 0 0 0 -1.37577
7 8 0.0728951 0 -1.17465 0 0 0 0 -1.10176
8 9 0.20945 0 -1.31194 0 0 0 0 -1.10249
9 10 0.153012 0 -1.26087 0 0 0 0 -1.10786
10 11 0.056235 0 -1.20614 0 0 0 0 -1.14991
11 12 0.0965092 0 -1.14716 0 0 0 0 -1.05065
12 13 0.150123 0 -1.23777 0 0 0 0 -1.08765
13 14 0.131969 0 -0.969735 0 0 0 0 -0.837766
14 15 0.0357235 0 -1.34461 0 0 0 0 -1.30889
15 16 0.072388 0 -1.15546 0 0 0 0 -1.08307
16 17 0.0321917 0 -0.934916 0 0 0 0 -0.902724
17 18 0.0690254 0 -1.28317 0 0 0 0 -1.21415
18 19 0.0481932 0 -1.03181 0 0 0 0 -0.983618
19 20 0.0508705 0 -1.13937 0 0 0 0 -1.08849
20 21 0.105929 0 -1.36866 0 0 0 0 -1.26273
21 22 0.0398947 0 -1.39266 0 0 0 0 -1.35277
22 23 0.19699 0 -1.1271 0 0 0 0 -0.930112
23 24 0.0166148 0 -0.950006 0 0 0 0 -0.933391
#Total energy per particle is  -1.02801 and should be -1.0280110

