t = 0
b =  30.0 30.0 30.0
E = 0. 0. 0.
6.53137185944 5.58084734244 1.70403915663 0.896275597508 0.157123731797 -0.414731462779 0.291996613512 0.494788984704 0.818487530945 0.0 0.0 0.0 0.0 0.0 0.0
6.86477592056 5.49090573057 2.11566682894 0.530284551935 0.628443697184 -0.569084188367 0.291996613512 0.494788984704 0.818487530945 0.0 0.0 0.0 0.0 0.0 0.0
7.31905836197 5.54421787925 2.39757174259 -0.0371704608031 0.861007394992 -0.507232316214 0.291996613512 0.494788984704 0.818487530945 0.0 0.0 0.0 0.0 0.0 0.0
7.76486779568 5.79379669071 2.56385303381 -0.590503794025 0.766459988167 -0.25267440666 0.291996613512 0.494788984704 0.818487530945 0.0 0.0 0.0 0.0 0.0 0.0
8.07607187095 6.21809008059 2.67253718608 -0.9194948632 0.38072161731 0.0978787344753 0.291996613512 0.494788984704 0.818487530945 0.0 0.0 0.0 0.0 0.0 0.0
8.17767706323 6.72916897511 2.80353279895 -0.899154460711 -0.14965926129 0.411246107938 0.291996613512 0.494788984704 0.818487530945 0.0 0.0 0.0 0.0 0.0 0.0
8.0743199679 7.20613303632 3.02827197507 -0.537210245537 -0.623182084356 0.568374209327 0.291996613512 0.494788984704 0.818487530945 0.0 0.0 0.0 0.0 0.0 0.0
7.84850578019 7.54104272179 3.38257207008 0.028829123593 -0.859947614526 0.509567445883 0.291996613512 0.494788984704 0.818487530945 0.0 0.0 0.0 0.0 0.0 0.0
7.62926319211 7.67992732147 3.85302808042 0.583915826672 -0.770004668381 0.257167490234 0.291996613512 0.494788984704 0.818487530945 0.0 0.0 0.0 0.0 0.0 0.0
7.5431242351 7.64328933276 4.38210542825 0.917163144647 -0.387524074926 -0.0929346945657 0.291996613512 0.494788984704 0.818487530945 0.0 0.0 0.0 0.0 0.0 0.0
7.66605264577 7.51831521898 4.88999830953 0.90196484982 0.14218339365 -0.407729435115 0.291996613512 0.494788984704 0.818487530945 0.0 0.0 0.0 0.0 0.0 0.0
7.99458397233 7.42575181425 5.30494925325 0.544095028499 0.617873013799 -0.567620946391 0.291996613512 0.494788984704 0.818487530945 0.0 0.0 0.0 0.0 0.0 0.0
8.44714177776 7.47403258247 5.59051098437 -0.0204855909335 0.85882234572 -0.511863770017 0.291996613512 0.494788984704 0.818487530945 0.0 0.0 0.0 0.0 0.0 0.0
8.89502989209 7.71808193141 5.75939335302 -0.577283391869 0.773490709758 -0.261640989508 0.291996613512 0.494788984704 0.818487530945 0.0 0.0 0.0 0.0 0.0 0.0
9.21132623908 8.13844851198 5.86863464987 -0.91476158057 0.394297021084 0.0879835773194 0.291996613512 0.494788984704 0.818487530945 0.0 0.0 0.0 0.0 0.0 0.0
9.319102655 8.64869511091 5.99793180594 -0.904706550814 -0.134696698195 0.404181712116 0.291996613512 0.494788984704 0.818487530945 0.0 0.0 0.0 0.0 0.0 0.0
9.22065118419 9.12823759325 6.21936219601 -0.550938376517 -0.61251688982 0.566824456922 0.291996613512 0.494788984704 0.818487530945 0.0 0.0 0.0 0.0 0.0 0.0
8.99661329313 9.46815683129 6.57000023886 0.0121404982169 -0.857631674267 0.514121113744 0.291996613512 0.494788984704 0.818487530945 0.0 0.0 0.0 0.0 0.0 0.0
8.77534282901 9.61257890218 7.03783220578 0.5706069947 -0.776917846822 0.266094563808 0.291996613512 0.494788984704 0.818487530945 0.0 0.0 0.0 0.0 0.0 0.0
8.68414224728 9.57990252545 7.56632043688 0.912290353857 -0.401039939996 -0.0830257597829 0.291996613512 0.494788984704 0.818487530945 0.0 0.0 0.0 0.0 0.0 0.0
8.80089828043 9.45580908178 8.07588294343 0.907379354902 0.127199745064 -0.400603209115 0.291996613512 0.494788984704 0.818487530945 0.0 0.0 0.0 0.0 0.0 0.0
9.12449146607 9.360710824 8.49412793586 0.557739768446 0.607114120309 -0.565984801576 0.291996613512 0.494788984704 0.818487530945 0.0 0.0 0.0 0.0 0.0 0.0
9.57522144948 9.40400424905 8.78335667495 -0.0037944809544 0.856375690841 -0.516339305157 0.291996613512 0.494788984704 0.818487530945 0.0 0.0 0.0 0.0 0.0 0.0
10.0250864808 9.64250853977 8.95488585319 -0.5638871436 0.780285818585 -0.270527873976 0.291996613512 0.494788984704 0.818487530945 0.0 0.0 0.0 0.0 0.0 0.0
10.3464134201 10.0588790074 9.06474819405 -0.909749652701 0.407752318165 0.0780616195134 0.291996613512 0.494788984704 0.818487530945 0.0 0.0 0.0 0.0 0.0 0.0
24.753709663 15.406163335 22.835031901 -0.40786591231 0.790164536573 0.457477215519 0.908911335723 0.303772827089 0.285661081208 0.0 0.0 0.0 0.0 0.0 0.0
25.0920037359 15.801903526 22.7022466473 -0.381256238411 0.327929825679 0.864352769477 0.908911335723 0.303772827089 0.285661081208 0.0 0.0 0.0 0.0 0.0 0.0
25.3433904373 16.272395331 22.7664906345 -0.209800945276 -0.258890908684 0.942846255103 0.908911335723 0.303772827089 0.285661081208 0.0 0.0 0.0 0.0 0.0 0.0
25.5469530066 16.6838729452 23.0456564553 0.0413612346544 -0.747354658413 0.663136684867 0.908911335723 0.303772827089 0.285661081208 0.0 0.0 0.0 0.0 0.0 0.0
25.7599438707 16.9249910416 23.4759843042 0.276809590017 -0.951885878307 0.131490400996 0.908911335723 0.303772827089 0.285661081208 0.0 0.0 0.0 0.0 0.0 0.0
26.0360334895 16.949126722 23.9362853942 0.407093354122 -0.79477973835 -0.450111284616 0.908911335723 0.303772827089 0.285661081208 0.0 0.0 0.0 0.0 0.0 0.0
26.4049200512 16.792092336 24.2939836027 0.382715546759 -0.335723487784 -0.860708167743 0.908911335723 0.303772827089 0.285661081208 0.0 0.0 0.0 0.0 0.0 0.0
26.8610466338 16.5585297705 24.4554833572 0.212937704519 0.250879728788 -0.944307627671 0.908911335723 0.303772827089 0.285661081208 0.0 0.0 0.0 0.0 0.0 0.0
27.3657123729 16.382155247 24.4017281584 -0.0377387317963 0.742169541908 -0.669148831865 0.908911335723 0.303772827089 0.285661081208 0.0 0.0 0.0 0.0 0.0 0.0
27.8617755668 16.374958294 24.1954404622 -0.274077592944 0.951496737644 -0.139769207262 0.908911335723 0.303772827089 0.285661081208 0.0 0.0 0.0 0.0 0.0 0.0
28.2953627648 16.5846550522 23.9572923709 -0.406289794199 0.799334414572 0.442711075996 0.908911335723 0.303772827089 0.285661081208 0.0 0.0 0.0 0.0 0.0 0.0
28.6363361915 16.9765601154 23.8200602832 -0.384145709835 0.343491583246 0.85699801975 0.908911335723 0.303772827089 0.285661081208 0.0 0.0 0.0 0.0 0.0 0.0
28.8897435915 17.4467640958 23.8781809212 -0.216058247731 -0.242849443429 0.945697087557 0.908911335723 0.303772827089 0.285661081208 0.0 0.0 0.0 0.0 0.0 0.0
29.0939005071 17.8616105379 24.1518732399 0.0341133549876 -0.736927906319 0.675110020589 0.908911335723 0.303772827089 0.285661081208 0.0 0.0 0.0 0.0 0.0 0.0
29.3058335631 18.1084742406 24.5794569092 0.271324723801 -0.95103513682 0.148037369562 0.908911335723 0.303772827089 0.285661081208 0.0 0.0 0.0 0.0 0.0 0.0
29.5796150984 18.138549454 25.0407857014 0.405455293736 -0.803828218385 -0.435277153214 0.908911335723 0.303772827089 0.285661081208 0.0 0.0 0.0 0.0 0.0 0.0
29.9458201807 17.9853919996 25.402893053 0.385546618729 -0.351233520493 -0.853222608039 0.908911335723 0.303772827089 0.285661081208 0.0 0.0 0.0 0.0 0.0 0.0
30.3999106269 17.7521708533 25.5705082841 0.219162337271 0.234800664145 -0.947014528948 0.908911335723 0.303772827089 0.285661081208 0.0 0.0 0.0 0.0 0.0 0.0
30.9039591347 17.5724725257 25.5222515236 -0.0304853803149 0.731630150816 -0.681019797072 0.908911335723 0.303772827089 0.285661081208 0.0 0.0 0.0 0.0 0.0 0.0
31.4010584991 17.5595493139 25.3187562789 -0.268551192231 0.950501110989 -0.156294258244 0.908911335723 0.303772827089 0.285661081208 0.0 0.0 0.0 0.0 0.0 0.0
31.8369416108 17.7632928604 25.0796337531 -0.404589916282 0.808260807566 0.427810082392 0.908911335723 0.303772827089 0.285661081208 0.0 0.0 0.0 0.0 0.0 0.0
32.1805984384 18.1512794834 24.9380305491 -0.386918166754 0.358948709948 0.849382220123 0.908911335723 0.303772827089 0.285661081208 0.0 0.0 0.0 0.0 0.0 0.0
32.4360572576 18.6210884761 24.9900440489 -0.22224973675 -0.226734003881 0.948259851517 0.908911335723 0.303772827089 0.285661081208 0.0 0.0 0.0 0.0 0.0 0.0
32.6408542424 19.0392134454 25.2582134117 0.0268550840625 -0.726276678845 0.68687771126 0.908911335723 0.303772827089 0.285661081208 0.0 0.0 0.0 0.0 0.0 0.0
32.8517728445 19.291783623 25.6829565703 0.265757209447 -0.949894700818 0.164539244512 0.908911335723 0.303772827089 0.285661081208 0.0 0.0 0.0 0.0 0.0 0.0
