
#id1 id2 FENE BEXC STCK NEXC HB CRSTCK CXSTCK total, t = 100
0 1 0.0166907 0 -1.13606 0 0 0 0 -1.11937
1 2 0.139701 0 -1.38946 0 0 0 0 -1.24976
2 3 0.0111743 0 -1.22977 0 0 0 0 -1.21859
3 4 0.0613659 0 -1.245 0 0 0 0 -1.18363
4 5 0.332718 0 -1.3098 0 0 0 0 -0.977081
5 6 0.0400826 0 -1.24951 0 0 0 0 -1.20943
6 7 0.554013 0 -0.951513 0 0 0 0 -0.397501
7 8 0.0825753 0 -1.20221 0 0 0 0 -1.11964
8 9 0.494224 0 -1.33672 0 0 0 0 -0.842496
9 10 0.283565 0 -1.19674 0 0 0 0 -0.913176
10 11 0.145103 0 -1.26711 0 0 0 0 -1.12201
11 12 0.069736 0 -1.39426 0 0 0 0 -1.32452
12 13 0.104491 0 -1.26326 0 0 0 0 -1.15877
13 14 0.143154 0 -0.958154 0 0 0 0 -0.815
14 15 0.0181062 0 -1.35434 0 0 0 0 -1.33624
15 16 0.0204768 0 -1.16344 0 0 0 0 -1.14296
16 17 0.032779 0 -0.892439 0 0 0 0 -0.85966
17 18 1.83874 0 0 0 0 0 0 1.83874
18 19 1.83844 0 0 0 0 0 0 1.83844
19 20 0.00575407 0 -1.24088 0 0 0 0 -1.23512
20 21 0.110838 0 -1.14242 0 0 0 0 -1.03159
21 22 0.137639 0 -1.25241 0 0 0 0 -1.11477
22 23 0.0721354 0 -0.929987 0 0 0 0 -0.857852
23 24 0.00496944 0 -1.16627 0 0 0 0 -1.1613
25 26 0.0102558 0 -1.18204 0 0 0 0 -1.17179
26 27 0.0598907 0 -0.878978 0 0 0 0 -0.819087
27 28 0.0524467 0 -1.24172 0 0 0 0 -1.18927
28 29 0.210447 0 -1.42183 0 0 0 0 -1.21138
29 30 0.227264 0 -1.33507 0 0 0 0 -1.10781
30 31 0.279995 0 -1.21851 0 0 0 0 -0.938514
31 32 0.230118 0 -1.36379 0 0 0 0 -1.13367
32 33 0.306166 0 -1.28464 0 0 0 0 -0.978471
33 34 0.0581792 0 -1.02368 0 0 0 0 -0.965503
34 35 0.224969 0 -1.2962 0 0 0 0 -1.07123
35 36 0.403248 0 -1.41269 0 0 0 0 -1.00945
36 37 0.0907618 0 -0.976885 0 0 0 0 -0.886124
37 38 0.0616364 0 -1.12894 0 0 0 0 -1.0673
38 39 0.0382175 0 -0.827318 0 0 0 0 -0.789101
39 40 0.000905106 0 -0.781707 0 0 0 0 -0.780802
40 41 0.0305531 0 -0.975772 0 0 0 0 -0.945219
41 42 0.0204517 0 -1.15016 0 0 0 0 -1.12971
42 43 1.75952 0 0 0 0 0 0 1.75952
43 44 1.73548 0 0 0 0 0 0 1.73548
44 45 0.0110207 0 -0.637385 0 0 0 0 -0.626364
45 46 0.0866252 0 -1.22984 0 0 0 0 -1.14321
46 47 0.0427869 0 -1.20701 0 0 0 0 -1.16422
47 48 0.0828141 0 -1.2604 0 0 0 0 -1.17759
48 49 0.201972 0 -1.30162 0 0 0 0 -1.09965
#Total energy per particle is  -0.772475 and should be -0.77247510

