t = 100
b = 30 30 30
E = -0.835869670107958 -1.03069648526144 0.194826815153478
4.90519684092452 3.53969843597941 9.99665639777347 -0.560903647571196 0.188355181033629 0.806169528436819 0.823730566927709 0.224359150679491 0.520702225934576 -0.466148700671199 -0.0983984827982316 0.756812602590463 -0.165274376669497 -0.350332063996997 -0.792631411703951
5.28558113158747 3.90846050162842 10.2306248221587 -0.328983252508153 -0.411519729609546 0.84995377240092 0.838188238111613 0.287337646468162 0.463548741854795 -0.30167998009734 -0.253077430068771 0.381770600822074 -0.0723517567866993 0.286340894868971 -0.175210679779889
5.50178741886671 4.17886602177572 10.5914227730254 0.0392176929512328 -0.859954476344596 0.508861624581508 0.867149511836365 0.28232971863863 0.410294450850951 0.265693686186766 -0.32073378894842 0.285236123307576 0.0707615793509047 0.0256191504740618 -0.17466805170405
5.74973394169703 4.31028081028672 11.0230923923899 0.426080447417693 -0.901962195895453 -0.0701393634062543 0.816613244015492 0.350076758830705 0.45889972046268 0.0711749412478458 -0.186033627083981 0.402257775209169 0.235433942948634 0.37537093711863 0.170614439226696
5.98131026636818 4.32526988040732 11.3673838639387 0.615841663499391 -0.490370945696415 -0.616664627583049 0.78240088708212 0.288577752385331 0.551880073038059 0.21296487667866 -0.438976967731655 0.361917201151559 0.175805684090222 0.132986600569813 0.0986848247950521
6.36534286770297 4.37282610079641 11.6647610753952 0.391186626267083 -0.0570505390746731 -0.918541311150202 0.903003250298344 0.216450493833197 0.371125581345421 0.309316315129427 0.416305188809732 -0.0992110335676841 0.485664035692127 -0.0497473048953289 -0.0940133624801467
6.77501488832251 4.16472175132352 11.8353980991223 0.206371030433492 0.715475880922599 -0.667461720330018 0.916593248136222 0.0973770647649839 0.387781402631829 0.230299556438145 -0.395114899636856 -0.365467929192408 0.520824375094677 -0.187293090887761 0.33949026625299
7.21844746450516 4.10905527973564 11.9766144081066 -0.179542742123829 0.869223300925923 -0.460668142854803 0.911779515564358 0.322851791814276 0.253820257961109 0.0512365323720726 -0.11696750767324 0.287912351898971 0.582502905989156 0.0375790171038808 0.0354939782037993
7.67415116788812 4.24097805410989 11.8203481628737 -0.448336976191957 0.885242263812356 0.123854638211637 0.880637450064226 0.413693257940655 0.230944708848081 0.112114241312845 0.106437706410498 -0.116004257340705 0.902455975336853 -0.12954440433594 -0.183153092935043
8.05035512857435 4.51117698922088 11.6952247405827 -0.527667707678584 0.628791740833301 0.571128372513638 0.790421925286513 0.609714767283573 0.0589999011447138 0.169558189618935 0.198673642691727 0.646799681566029 0.862407282783788 -0.106749718574886 0.279543279526353
8.31209964671226 4.89952547036844 11.7136974578196 -0.427605193066993 0.154177813532418 0.890720428700868 0.754403931700501 0.603725270393305 0.257663338294881 0.0703082523003531 0.140533751722907 0.359834794262131 0.643659233082754 -0.0250702451288393 0.00505998301975913
8.61591311409425 5.29462716105903 11.9264155824327 -0.335919069006237 -0.438562073205738 0.833559577529092 0.671342157028396 0.509252739350345 0.538480492930251 0.747646896772798 -0.237242357368204 0.256654681888309 0.515309627760475 0.159634165281435 -0.0375995952504462
8.64419929118897 5.51809598088769 12.335750828324 0.166242354912635 -0.859262269656006 0.483768242250461 0.569116810814515 0.484245792852675 0.664538908126828 0.791802240400517 -0.138338355071702 0.368751189376571 0.529024448175142 -0.736694508498235 -0.149633437104706
8.76799410595876 5.71255308038914 12.760731678495 0.51636061390111 -0.8540071492429 0.0635876296059337 0.660297386535633 0.444319049615435 0.60546496769934 -0.19142877376647 -0.576496532661415 -0.203443687691457 0.424985562925313 0.459436065783683 0.0840000118785284
8.95729346245015 5.78517961604255 13.1948555748488 0.690153010962058 -0.482675596579579 -0.539178051532403 0.722633065512431 0.419924859976868 0.549057779689326 0.105939031894203 -0.482260441980683 -0.00904467163243062 0.344239475538095 -0.393912165072378 -0.258724679603156
9.32969453392505 5.68064864493156 13.5041258698988 0.582416981629853 0.070838148561233 -0.809797689419372 0.764077828925924 0.292301526976222 0.575104138636602 -0.196142613871146 0.242886777424965 -0.237455923849012 0.219171706334246 0.234958115327736 0.706182106247351
9.74055665065181 5.58567890665559 13.6800582861 0.212579149297862 0.649775436020725 -0.729795774121367 0.806474894546452 0.305039060591296 0.506506956494358 -0.261364523781005 -0.118737832886678 -0.148641470279343 0.250024984179915 -0.205045441917153 -0.135714585823833
10.2030972020067 5.62755122836358 13.5955900904187 -0.111104296732397 0.923843330219077 -0.366291166299164 0.799565294622996 0.301987260688404 0.519132848918088 0.270337600437804 0.542026326164025 0.16984339407079 0.368012551445059 -0.166146445957976 0.423202980029337
10.6923916949855 5.75344178194116 13.6098530670268 -0.444965827580275 0.89528480820883 0.0216888286401953 0.817236682896126 0.396032627985037 0.418667222200377 0.512892061299753 0.616731108312481 0.0977305292030401 0.205669074044072 -0.0949528590585771 -0.0593631031370958
11.0268680618092 6.09147447146154 13.5533030536726 -0.534435222033487 0.562521469791263 0.630831570896507 0.841281792883065 0.282167130495199 0.461114450568293 -0.156137175707963 0.30818431629094 0.459018929956927 0.40949953928983 -0.15544594681958 0.32525966057459
11.3157081748821 6.36680233587083 13.6891304752624 -0.571200328890635 0.103104646093341 0.814309214957751 0.735837071619835 0.503904957925545 0.452353269999477 -0.31098093044242 -0.204950283350763 0.49439968560421 0.168546899272082 0.158472240080707 -0.15352595463736
11.4932310649994 6.75922635942564 13.8359699946955 -0.197094270060792 -0.516348517222861 0.833389427862921 0.738804558310936 0.480561894604039 0.472470075903851 -0.6064072160168 -0.208325179632908 0.208553288551528 0.567297596129537 0.0885295797142026 -0.00223007407700332
11.6335262699773 7.10379985492889 14.1956988874648 0.225913055232687 -0.835607315146811 0.500723064622405 0.670685153134258 0.506205081990848 0.542160238985504 0.0797626359417713 -0.0419595812188473 0.247632022594826 0.44154383330752 -0.129767242019354 0.244699192188234
11.8031076525233 7.32169263775505 14.5771597887361 0.470168848369243 -0.881964932701232 -0.0328480188489884 0.709639368560098 0.355650989863946 0.608213962196147 -0.0699798361270189 -0.0956296683554979 0.235837647115309 0.575335857278836 -0.312414360328807 -0.0917115540804577
11.9205226325065 7.27840631668297 14.9991144282618 0.812624058246468 -0.26290239322951 -0.520119562370795 0.582786205306368 0.368885179148114 0.724074477272808 -0.263638355707952 -0.460304013223318 -0.351499829372446 0.368521821390853 -0.457204040040329 0.80299163132106
