
#id1 id2 FENE BEXC STCK NEXC HB CRSTCK CXSTCK total, t = 100
0 1 5.0167e-05 0 -1.10325 0 0 0 0 -1.1032
1 2 0.187602 0 -1.16408 0 0 0 0 -0.976476
2 3 0.061741 0 -1.40665 0 0 0 0 -1.34491
3 4 0.0468267 0 -1.21902 0 0 0 0 -1.17219
4 5 0.0160496 0 -1.33554 0 0 0 0 -1.31949
5 6 0.0599898 0 -1.20593 0 0 0 0 -1.14594
6 7 0.032836 0 -1.20396 0 0 0 0 -1.17112
7 8 0.0558749 0 -1.3824 0 0 0 0 -1.32653
8 9 0.281064 0 -1.18726 0 0 0 0 -0.906199
9 10 0.011395 0 -1.22696 0 0 0 0 -1.21556
10 11 0.245385 0 -1.3343 0 0 0 0 -1.08891
11 12 0.0311563 0 -1.34107 0 0 0 0 -1.30992
12 13 0.0512122 0 -1.02267 0 0 0 0 -0.971458
13 14 0.234869 0 -1.22128 0 0 0 0 -0.986412
14 15 0.0792655 0 -0.899747 0 0 0 0 -0.820482
15 16 0.0885546 0 -1.30562 0 0 0 0 -1.21707
16 17 0.0496073 0 -1.07546 0 0 0 0 -1.02586
17 18 0.316928 0 -0.976857 0 0 0 0 -0.65993
18 19 0.00284505 0 -1.1101 0 0 0 0 -1.10726
19 20 0.196182 0 -1.07999 0 0 0 0 -0.883813
20 21 0.500787 0 -1.23873 0 0 0 0 -0.737947
21 22 0.0351414 0.110074 -0.839058 0 0 0 0 -0.693843
22 23 0.0152507 0 -1.39404 0 0 0 0 -1.37879
23 24 0.0634861 0 -1.14432 0 0 0 0 -1.08083
24 25 0.0654309 0 -1.07402 0 0 0 0 -1.00859
25 26 1.92265e-05 0 -1.26208 0 0 0 0 -1.26206
#Total energy per particle is  -1.03388 and should be -1.0338810

