t = 100
b = 30 30 30
E = -0.703020955338798 -0.893991450329177 0.190970494990379
14.2541279647963 14.8637520972799 2.31047239429311 0.879530691743074 -0.472866430092691 0.0531317459475095 0.29514437461126 0.629708351892116 0.718579899165327 1.95897880490952 2.939655847708 1.38470732732972 0.29048143076397 0.421361418116277 0.0164459792084602
14.0329505262864 14.1790330020141 2.57940001576575 0.961343083872375 0.215386292901072 -0.171546205778451 -0.0177875230297216 0.670280167529014 0.741894859287374 0.861543340886777 0.0610404676105893 -0.16642782007066 0.487363164429478 -0.266033901015513 -0.35419566730111
14.2431195672543 14.2588077024488 3.08228861090887 0.548737773601234 0.578102295538476 -0.603891110581048 0.23171538708998 0.588884078138835 0.774288967717602 0.187058683595576 0.123570532754206 -0.182663643704569 0.202492214785431 -0.191524887760613 0.328901016058523
14.5930504509464 14.5299877699976 3.42148012735602 -0.0747973480727969 0.65535576895827 -0.751607646884828 0.263493379090881 0.739919675572111 0.61894264210255 0.603237381184443 0.244051926613304 0.0140157355477153 0.467986746463472 -0.110711263333441 0.103501493133401
14.9355177088024 14.9122344379475 3.44322751441401 -0.688580203207116 0.523137060341087 -0.502180051150995 0.357632724434923 0.847418538477011 0.392403549564306 -0.0236938900086523 1.0578467362698 -0.0439318621357789 0.636981903407996 -0.29849858080773 0.222268335712741
15.218479228323 15.3220139444505 3.42525296966577 -0.935126336022546 0.348813826162339 0.0621895026501786 0.336307415958118 0.818578954854234 0.465645469487784 -0.10263915436624 0.771414753371852 -0.554413302074034 0.685969666429694 -0.131422570427101 0.400851493608521
15.4892485173788 15.8268573783914 3.48878972705143 -0.914406001633005 -0.129120723124598 0.383652688121042 0.177857164677409 0.723226948605646 0.667315135942348 -0.119092976329541 0.0509048598984141 0.122633021200919 0.364250959662761 0.288280710265605 0.0577474160119848
15.3186178560456 16.2330350013617 3.63924345944894 -0.482324750113136 -0.555467637070195 0.677361368523911 0.0234581469885932 0.76478277660391 0.643860934695123 0.498142394371184 -0.107783476826187 0.531402178548211 0.474228712192211 0.240736382455717 0.250598628195464
15.0103083713237 16.5129482196234 3.9294400037757 0.0204387910468719 -0.62609860780903 0.779475894565124 -0.0263914495317865 0.779029221428797 0.626431840126793 0.158598401250791 -0.261025655063234 0.207130953191275 0.859819798695077 0.107787920455284 0.171470539543007
14.7753371880678 16.814439900873 4.1568779767114 0.456482915977859 -0.594851448934639 0.661645663192507 -0.00301382630130187 0.742607827639722 0.669719654616576 0.550958318743147 0.0203812560547385 -0.432766606272699 0.523421296400497 -0.135098485663664 0.0339395882974122
14.6908518739864 16.9992878484851 4.55357801218224 0.810124123741938 -0.499702449533278 0.30658808438245 0.104238668314995 0.6374006490161 0.763449145310361 0.421352357360799 0.0329805726403945 0.559826060950788 0.261783974819265 -0.225590887037668 -0.552217085584492
14.6942120141029 17.1037023654567 5.0159238639534 0.972624487208218 -0.031194947201121 -0.230278884350969 0.182567812048036 0.71566571857169 0.674159813565092 0.18790625770256 0.611598936638714 -0.121821811161461 0.291354068460968 -0.217939712003875 -0.0199943526172487
14.9128377552833 17.3073890796663 5.35678900837645 0.662201367110902 0.391349794224297 -0.639010617492678 0.235356201095079 0.700996582467194 0.673209574533348 -0.0470604182853453 0.132703466855724 -0.2159205915732 0.268122331718923 0.176997300789717 -0.204082777312358
15.2340876842833 17.5582045956334 5.58282730777042 0.119770403319896 0.71225040116747 -0.691631619921784 0.279979413732684 0.644138934377518 0.711826132494803 -0.0741639161851401 0.413248164103691 -0.397924698415321 0.383407314045993 -0.29306739675633 -0.210418325324138
15.6002448426101 17.6584384598858 5.90297770268929 -0.483355253676183 0.709712755238349 -0.512518667715326 0.264754557171233 0.676546070890876 0.687161057713369 -0.0667816145243595 0.0591173678855117 -0.798110457070117 0.219490268768922 0.385351099586495 0.152103824003349
15.8661070031202 18.0445848868767 5.96823702482042 -0.918507711666286 0.377193652167872 -0.118610341939595 0.288219491481998 0.844050483152404 0.452225821587203 -0.0994269316165798 -0.31000016995549 -0.0887156200841596 0.151898653333512 -0.238279391410753 -0.0668479790253274
15.9369563775817 18.469037676941 6.12007692914432 -0.970151776303201 0.00503198832481985 0.242446059191063 0.136927192245117 0.836518329765064 0.530554343715703 -0.248337702189294 0.26837646935407 0.438988711130678 0.587241572635643 -0.0958202485993567 -0.167123206784035
15.8651649193671 18.9518185461358 6.10267692940705 -0.559559448827317 -0.379902541799923 0.736591584983406 0.0348495707858741 0.877183979834706 0.478887942532637 -0.464703893345985 -0.311197390736008 0.137262936776617 0.551955934528729 -0.485029843615042 -0.208447246001215
15.6842538329697 19.3944194893573 6.24871981318876 -0.0722523479048213 -0.593205603328065 0.801802089863858 0.101464099721523 0.79536094915602 0.597583365734459 0.0698852684564229 -0.125373519201414 0.0519896813569103 0.458164565970687 -0.383662004361971 0.0651097370212602
15.5687227566905 19.7476624542386 6.57603386111715 0.491475689748161 -0.656359137146927 0.572402140514039 0.213664168895666 0.728048067435944 0.651378166064746 0.584350666157929 0.0601557015656466 0.354531539402828 0.352132739697568 -0.235339209745844 -0.00321126035018338
15.5784159890789 19.9752595372734 7.02780304244215 0.924190551967067 -0.366298013753166 0.108154841812412 0.118125263189011 0.543431382685771 0.831100863188512 0.553646603045745 -0.0142488182049052 0.0922501378922514 0.282970751890145 0.305880759675254 0.0809597356841768
15.5821078255613 20.1777399479863 7.53512011222037 0.948083407730943 -0.0576550754883792 -0.312751699258882 0.285990656177919 0.584693572517444 0.759172349953817 0.15528295485453 0.478172472627705 0.278789086777153 0.45734331254084 -0.0248757745678511 -0.0761778398994652
15.8655265920761 20.2694422150616 7.86227052785908 0.624525912533117 0.432149297814858 -0.650549190889839 0.318178818838523 0.619923756130693 0.717256342422397 0.336947859672635 0.225313238910117 -0.202888329827629 0.542432218449475 -0.360832102861449 -0.15605562046887
16.1197966208767 20.5109227484305 8.32338529579835 0.136154637693829 0.627259343676392 -0.766816478618861 0.460053111479191 0.645472351236812 0.609685548800355 -0.0829224728977025 0.411590168558776 -0.0694989603603151 0.395121101837026 0.239001004608626 -0.0529665935629003
16.4523370954436 20.8097315228912 8.5921025086448 -0.523615046903936 0.62032709605715 -0.583970425061002 0.359916389647173 0.782342230556401 0.508331302269651 0.40735797143175 0.588371153423146 -0.305631824160583 0.35032777743155 0.135870330722332 -0.0212281211125357
16.0804510243851 17.152652515155 1.80542404545195 0.342896312036378 -0.221193311108583 0.912959758505131 0.0334781054374729 0.974141917868862 0.223442662658803 0.164409482666419 -0.278251168056145 0.166658176708893 0.406880400743728 -0.689016316812765 -0.296511177238745
16.0535648385395 17.5789366354381 2.08453001024652 0.803759618046245 -0.336363220194126 0.490744477840538 0.0567134603145487 0.86440469944934 0.49958781567701 0.0913431360396604 -0.0128757911932031 -0.0187530512413368 0.166007779137447 0.0252493359107172 0.0086770554434987
16.1397919652481 17.9002717611947 2.44601613718149 0.959580215724795 -0.174956887004454 -0.220444501400597 0.271070351784403 0.785178542473343 0.556790272288559 0.428610120730073 -0.33684939765071 0.483641691433179 0.361848893493581 0.123934702125808 -0.179311354558241
16.3992282963556 18.1785700986403 2.80575868036408 0.71641615175883 -0.0269588957890542 -0.697152061191736 0.504622655314589 0.71004769247557 0.491109094558195 -0.26417286996545 0.162278871575286 -0.351821204347005 0.671530200452823 -0.034515739738549 -0.130434818247467
16.7415885852494 18.3244984728238 3.05117602646488 0.156922924662308 0.446758347139584 -0.880784909343701 0.408072774746613 0.782812363387526 0.469767281669604 0.1400757549656 -0.463724331929431 -0.458515763112845 0.478845242816434 0.313145568467955 0.383434250332333
17.1073643777756 18.6654567695892 3.23207421587575 -0.520452987038977 0.380710964599153 -0.764321746763618 0.352288207312691 0.911110253943179 0.213941598327934 -0.581939004886286 -0.0157334394295324 -0.13400957353765 0.250086856765636 -0.362201580963828 0.0226994472218479
17.3368773983533 19.0600946039921 3.21675099609377 -0.859633420138473 0.351328226300547 -0.370943043204645 0.336101049979873 0.935690979550425 0.107323641326507 -0.19091533182287 -0.114923279415281 0.0560727219657982 0.563950247985412 0.164904403399133 -0.0693367616240006
17.5777089793582 19.4260023339044 3.04051025949133 -0.949187474675914 0.209620800994138 0.234738447436745 0.241524048661301 0.963398812645613 0.11631315647607 0.0887355152866285 0.162069341806587 0.203412121132053 0.821793080223783 -0.280852068378347 0.0127728829580827
17.5191912891352 19.8774508922762 2.84811083225113 -0.59741432300598 0.0550369104821754 0.800041840808777 0.183511736782227 0.980551944907691 0.0695788449756199 -0.529284396728942 -0.169618427814474 -0.0664396021549753 0.3053566320726 0.0102430208381348 0.418965330709707
17.4310407479131 20.3812585972984 2.92996542308369 -0.169685146630458 -0.332120580963042 0.9278484530035 0.201025093880374 0.910041332083494 0.362510092038505 -0.261217110635007 -0.0498413337642924 0.146683547206959 0.329593004663715 -0.106501154810912 -0.102175641560573
17.3344113730452 20.7445661917181 3.23678059300679 0.375872966984208 -0.521641981600393 0.765904064861368 0.16565269839924 0.851021558402882 0.498318546669853 0.226104577415074 -0.121309622441439 0.0764738044294864 0.547376944503749 0.401367868275005 0.1183346179107
17.3055524197426 20.9833446267487 3.67423034880254 0.852426700348336 -0.393707544817666 0.344039199511397 0.147860992648623 0.812675630039852 0.563644688569652 0.583401546477648 -0.164275809639048 0.684039566470792 0.529248968309375 -0.160231637243091 0.0711933288386555
17.1807669735048 21.1610819531189 4.04243112559665 0.950958339217612 0.0469642988640406 -0.305732690620973 0.0827171754366196 0.913798301895119 0.397656149376898 0.232921736937894 -0.348695774198184 0.539104502704553 0.139921948937279 -0.762780066933388 0.526754376459935
17.3943012242382 21.5536400974104 4.23150384030496 0.611310268184588 -0.0173509682549435 -0.79120072173252 0.296177481600622 0.932121158776732 0.20839608118587 0.165072395804486 0.104706406055992 -0.00669526495090506 0.147011170104699 0.20014069222887 0.157817626043791
17.781597920939 21.9366582861885 4.41266437230137 0.116553721907031 0.211495472625189 -0.970404439564019 0.60973457991151 0.756026655812107 0.238007003110029 -0.207957897294328 -0.182630802057128 -0.410718510659583 0.456560344114209 0.332378957652325 -0.147982047203074
18.184730799581 22.1463476519471 4.52504936805248 -0.379723785543845 0.476488655906075 -0.792949108276705 0.480860073417272 0.833919298894223 0.270835891932641 0.116053119422572 -0.363997834593196 -0.38662879227702 0.423955676629186 0.124959324316916 0.208744539353423
18.4694801466325 22.5264226920804 4.57307893468565 -0.826524362060722 0.304819060678702 -0.473225844799872 0.167652582873009 0.935842320787663 0.309986520472244 -0.106924257566061 -0.516012912759601 0.0219558706562362 0.272093725504376 -0.0335955949694432 -0.207586034004926
18.6740718527036 22.9126906866205 4.51308863781728 -0.960689555564273 0.132300052387399 0.244074078687129 0.185836456472376 0.959587798537452 0.211319551148698 0.073517127911408 0.0581383956488622 -0.381625401186297 0.325177085012037 0.108382128314324 -0.0338256772617449
18.5921620430995 23.3702977866201 4.43601900811144 -0.66526424231691 -0.154615969352193 0.73042266696671 0.0455006685339208 0.96810693951183 0.246370718333909 -0.45808966005922 -0.0354000504769624 0.576173384383896 0.708465097431601 0.0559439347741355 0.0933792744955683
18.3246995136912 23.6734752815964 4.46111150328069 -0.0393794020702807 -0.119696001797248 0.992029239703341 0.04506746651623 0.991576263915027 0.121430332320973 -0.83700398511953 -0.754833773554457 0.01525940063583 0.707737344462589 -0.610893710736945 0.632126021234337
18.2247754621731 24.1458413697809 4.51893572043639 0.352552720117089 -0.43534074968256 0.828362778029992 0.0907702313283785 0.896934445473121 0.432746173310114 -0.360406790299639 -0.670228451812265 -0.200038102324411 0.265167680882064 0.0244730577982549 -0.0988216568001182
18.2054642689178 24.5228442240224 4.86180521427094 0.753479506776727 -0.540695545894726 0.37405459554657 0.26571561131938 0.770826652114466 0.578983049811505 -0.114653950560104 -0.241550854287382 0.706211825630576 0.540349767565216 -0.115460979330446 -0.356144293064201
18.1182761862812 24.7680299626864 5.28931785779173 0.96453211251696 -0.207630061505915 -0.162995221627388 0.263909812669861 0.771184491165668 0.57933235649652 0.120913215426159 -1.01800723175579 -0.578601397828369 0.609504182485305 0.026707319930909 -0.0430949001653925
18.1971539199095 24.9751052012814 5.67427901088903 0.727102496258515 0.132893958106742 -0.673543641386858 0.283789606318206 0.835160170649577 0.471137804521914 -0.286275458112343 -0.413117102348013 -0.0775815755386753 0.554754880780332 -0.366516118814314 -0.208979287423438
18.469426562911 25.0133559600401 6.09064057329246 0.353029373315783 0.248718825494846 -0.901947387752774 0.362137613309928 0.852553056367277 0.376841501488981 -0.655020083917888 -0.629649067877838 0.31502536402565 0.734057173901163 -0.114425314024985 -0.142315629934808
18.8888640849282 24.8986444077779 6.25981071195857 -0.285546398270156 0.745039165450904 -0.602809901683578 0.481435006342944 0.655386871366085 0.581969299903653 -1.04522866480371 -2.08348281906036 -0.354029148194112 0.303049974317971 -1.17904910292255 0.417134960105985
