
#id1 id2 FENE BEXC STCK NEXC HB CRSTCK CXSTCK total, t = 100
0 1 0.821943 0 -0 0 0 0 0 0.821943
1 2 0.00868784 0 -1.19092 0 0 0 0 -1.18223
2 3 0.000608442 0 -1.26078 0 0 0 0 -1.26018
3 4 0.00456436 0 -1.10453 0 0 0 0 -1.09997
4 5 0.148966 0 -1.33429 0 0 0 0 -1.18533
5 6 0.000537539 0 -0.794937 0 0 0 0 -0.794399
6 7 0.109309 0 -1.22204 0 0 0 0 -1.11274
7 8 0.202422 0 -1.0446 0 0 0 0 -0.842182
8 9 0.509585 0 -1.21764 0 0 0 0 -0.708052
9 10 0.396694 0 -1.18589 0 0 0 0 -0.789196
10 11 0.0758367 0 -1.39547 0 0 0 0 -1.31963
11 12 0.361778 0 -1.29122 0 0 0 0 -0.929441
12 13 0.386947 0 -1.19699 0 0 0 0 -0.810041
13 14 0.133761 0 -0.877155 0 0 0 0 -0.743393
14 15 0.0717635 0 -1.12648 0 0 0 0 -1.05471
15 16 0.478089 0 -1.24908 0 0 0 0 -0.770995
16 17 0.0261554 0 -1.34867 0 0 0 0 -1.32251
17 18 0.150515 0 -1.30711 0 0 0 0 -1.1566
18 19 0.148306 0 -1.37421 0 0 0 0 -1.22591
19 20 0.12295 0 -1.02127 0 0 0 0 -0.898322
20 21 0.0870641 0 -1.07831 0 0 0 0 -0.991246
21 22 0.281659 0 -1.2524 0 0 0 0 -0.97074
22 23 0.049555 0 -0.812667 0 0 0 0 -0.763112
23 24 0.0516942 0 -1.09473 0 0 0 0 -1.04304
25 26 0.0770495 0 -1.04944 0 0 0 0 -0.972393
26 27 0.0533153 0 -1.08652 0 0 0 0 -1.0332
27 28 0.0613267 0 -1.25899 0 0 0 0 -1.19766
28 29 0.179205 0 -1.39194 0 0 0 0 -1.21274
29 30 0.000436202 0 -1.13174 0 0 0 0 -1.13131
30 31 0.504248 0 -1.35515 0 0 0 0 -0.850899
31 32 0.161512 0 -1.20213 0 0 0 0 -1.04061
32 33 0.061176 0 -1.40558 0 0 0 0 -1.3444
33 34 0.0314394 0 -1.1993 0 0 0 0 -1.16786
34 35 0.162168 0 -1.24872 0 0 0 0 -1.08655
35 36 0.11106 0 -1.20808 0 0 0 0 -1.09702
36 37 0.187141 0 -0.982803 0 0 0 0 -0.795663
37 38 0.12664 0 -1.09086 0 0 0 0 -0.964217
38 39 0.0434282 0 -0.784405 0 0 0 0 -0.740976
39 40 0.357056 0 -1.30032 0 0 0 0 -0.94326
40 41 0.183886 0 -1.12951 0 0 0 0 -0.945621
41 42 0.28425 0 -1.17014 0 0 0 0 -0.885889
42 43 0.132631 0 -1.33482 0 0 0 0 -1.20219
43 44 0.412235 0 -0.978733 0 0 0 0 -0.566497
44 45 0.137462 0 -0.95923 0 0 0 0 -0.821768
45 46 0.0541544 0 -1.24997 0 0 0 0 -1.19582
46 47 0.103183 0 -1.17134 0 0 0 0 -1.06815
47 48 0.328799 0 -1.20605 0 0 0 0 -0.877252
48 49 0.146578 0 -0.20719 0 0 0 0 -0.0606116
49 50 0.000747585 0 -0.239726 0 0 0 0 -0.238979
#Total energy per particle is  -0.893991 and should be -0.89399110

