
#id1 id2 FENE BEXC STCK NEXC HB CRSTCK CXSTCK total, t = 100
0 1 0.0418015 0 -0.996894 0 0 0 0 -0.955093
1 2 0.222452 0 -1.15152 0 0 0 0 -0.929066
2 3 0.255168 0 -1.23895 0 0 0 0 -0.983786
3 4 0.0579299 0 -1.27051 0 0 0 0 -1.21258
4 5 0.00843553 0 -1.05926 0 0 0 0 -1.05082
5 6 1.38425 0 0 0 0 0 0 1.38425
6 7 0.994337 0 -0 0 0 0 0 0.994337
7 8 0.2908 0 -6.51614e-07 0 0 0 0 0.290799
8 9 0.000154602 0 -0.940935 0 0 0 0 -0.940781
9 10 0.0259551 0 -0.832816 0 0 0 0 -0.80686
10 11 0.0422659 0 -1.25679 0 0 0 0 -1.21452
11 12 0.112351 0 -1.10518 0 0 0 0 -0.992826
12 13 0.072631 0 -1.40707 0 0 0 0 -1.33444
13 14 0.411742 0 -1.07505 0 0 0 0 -0.663307
14 15 0.373046 0 -1.32233 0 0 0 0 -0.949284
15 16 0.243059 0 -1.30993 0 0 0 0 -1.06687
16 17 0.0963877 0 -1.397 0 0 0 0 -1.30061
17 18 0.170025 0 -1.37226 0 0 0 0 -1.20224
18 19 0.296157 0 -1.24101 0 0 0 0 -0.944852
19 20 0.221484 0 -1.27764 0 0 0 0 -1.05615
20 21 0.223274 0 -1.41202 0 0 0 0 -1.18874
21 22 0.0943201 0 -1.26886 0 0 0 0 -1.17454
22 23 0.114733 0 -1.0329 0 0 0 0 -0.918169
23 24 1.86165e-05 0 -1.29223 0 0 0 0 -1.29221
25 26 0.116026 0 -1.20731 0 0 0 0 -1.09128
26 27 0.143988 0 -1.33333 0 0 0 0 -1.18934
27 28 0.0490491 0 -1.18138 0 0 0 0 -1.13233
28 29 0.0294513 0 -1.42175 0 0 0 0 -1.3923
29 30 3.94081e-05 0 -0.534522 0 0 0 0 -0.534482
30 31 1.65915 0 0 0 0 0 0 1.65915
31 32 1.49098 0 0 0 0 0 0 1.49098
32 33 0.134649 0 -1.26323 0 0 0 0 -1.12858
33 34 0.258733 0 -1.31054 0 0 0 0 -1.0518
34 35 0.450349 0 -1.31696 0 0 0 0 -0.866609
35 36 0.184714 0 -1.08702 0 0 0 0 -0.902303
36 37 0.0424307 0 -1.22227 0 0 0 0 -1.17984
37 38 0.0284551 0 -1.01469 0 0 0 0 -0.986238
38 39 0.105106 0 -1.41992 0 0 0 0 -1.31482
39 40 0.00910526 0 -1.22298 0 0 0 0 -1.21387
40 41 0.0169736 0 -1.13664 0 0 0 0 -1.11966
41 42 0.013128 0 -1.31729 0 0 0 0 -1.30417
42 43 0.278628 0 -1.29586 0 0 0 0 -1.01723
43 44 0.689952 0 -1.26578 0 0 0 0 -0.575827
44 45 0.006679 0 -1.29968 0 0 0 0 -1.293
45 46 0.063738 0 -1.37203 0 0 0 0 -1.30829
46 47 0.143261 0 -1.33248 0 0 0 0 -1.18922
47 48 0.0117447 0 -1.31064 0 0 0 0 -1.2989
48 49 0.104207 0 -0.715369 0 0 0 0 -0.611162
49 50 0.0440351 0 -0.941399 0 0 0 0 -0.897364
#Total energy per particle is  -0.803076 and should be -0.80307610

