t = 0
b =  30.0 30.0 30.0
E = 0. 0. 0.
13.2586576554 2.18824462192 11.949666402 0.981380725492 0.156547742017 -0.111286459652 0.059212722984 0.304592066961 0.950640587279 0.0 0.0 0.0 0.0 0.0 0.0
13.4578737924 1.99425720166 12.4094129775 0.687818697082 0.677724565237 -0.259990102923 0.059212722984 0.304592066961 0.950640587279 0.0 0.0 0.0 0.0 0.0 0.0
13.8138782231 1.95475711736 12.8098948008 0.132942845935 0.941422495174 -0.309919159291 0.059212722984 0.304592066961 0.950640587279 0.0 0.0 0.0 0.0 0.0 0.0
14.2001869797 2.12985432047 13.139730542 -0.472440215068 0.847458279449 -0.242104745473 0.059212722984 0.304592066961 0.950640587279 0.0 0.0 0.0 0.0 0.0 0.0
14.4788029744 2.49812966504 13.4143784989 -0.898335339588 0.431530494614 -0.0823106910736 0.059212722984 0.304592066961 0.950640587279 0.0 0.0 0.0 0.0 0.0 0.0
14.5526434001 2.96477239943 13.6702637311 -0.982937849233 -0.148342939929 0.108754571026 0.059212722984 0.304592066961 0.950640587279 0.0 0.0 0.0 0.0 0.0 0.0
14.4024231122 3.397600356 13.9509395713 -0.694105836109 -0.671858411432 0.258502153313 0.059212722984 0.304592066961 0.950640587279 0.0 0.0 0.0 0.0 0.0 0.0
14.0939813771 3.67727816655 14.2905409854 -0.141571411017 -0.940123639558 0.310040445631 0.059212722984 0.304592066961 0.950640587279 0.0 0.0 0.0 0.0 0.0 0.0
13.7532684344 3.74265476387 14.7008161288 0.464748360068 -0.851220178987 0.243789189054 0.059212722984 0.304592066961 0.950640587279 0.0 0.0 0.0 0.0 0.0 0.0
13.5184948951 3.61399569461 15.1666630256 0.894502458985 -0.438923940776 0.0849183436176 0.059212722984 0.304592066961 0.950640587279 0.0 0.0 0.0 0.0 0.0 0.0
13.4876232194 3.38528389925 15.6518670614 0.98442011845 0.140126840952 -0.106214400318 0.059212722984 0.304592066961 0.950640587279 0.0 0.0 0.0 0.0 0.0 0.0
13.6811501406 3.18851402168 16.1128595214 0.70034011629 0.665941093007 -0.256994517763 0.059212722984 0.304592066961 0.950640587279 0.0 0.0 0.0 0.0 0.0 0.0
14.0343196134 3.14354543722 16.515270073 0.150189194888 0.938753189887 -0.310138121191 0.059212722984 0.304592066961 0.950640587279 0.0 0.0 0.0 0.0 0.0 0.0
14.4217247179 3.31256567194 16.84698463 -0.457021112681 0.854917254813 -0.245455067145 0.059212722984 0.304592066961 0.950640587279 0.0 0.0 0.0 0.0 0.0 0.0
14.7049518454 3.67646432178 17.1227476968 -0.890601458557 0.446283961181 -0.087519529301 0.059212722984 0.304592066961 0.950640587279 0.0 0.0 0.0 0.0 0.0 0.0
14.7851663424 4.14209341462 17.3785606842 -0.985827420265 -0.131900070774 0.103666140973 0.059212722984 0.304592066961 0.950640587279 0.0 0.0 0.0 0.0 0.0 0.0
14.640661448 4.57765588218 17.6580043716 -0.706521062858 -0.65997306059 0.255467311086 0.059212722984 0.304592066961 0.950640587279 0.0 0.0 0.0 0.0 0.0 0.0
14.335105055 4.86277746981 17.9956818406 -0.15879554127 -0.937311250527 0.310212178531 0.059212722984 0.304592066961 0.950640587279 0.0 0.0 0.0 0.0 0.0 0.0
13.9933512134 4.93423892839 18.4040721855 0.449259061367 -0.85854922538 0.247102252882 0.059212722984 0.304592066961 0.950640587279 0.0 0.0 0.0 0.0 0.0 0.0
13.7540059889 4.80999406404 18.8687894967 0.886632635379 -0.453609995334 0.0901140500333 0.059212722984 0.304592066961 0.950640587279 0.0 0.0 0.0 0.0 0.0 0.0
13.7167687016 4.58234878697 19.3540483085 0.987159647504 0.123663255894 -0.10110998705 0.059212722984 0.304592066961 0.950640587279 0.0 0.0 0.0 0.0 0.0 0.0
13.904554487 4.38289255297 19.8162590955 0.712648205113 0.653954768669 -0.253920649583 0.059212722984 0.304592066961 0.950640587279 0.0 0.0 0.0 0.0 0.0 0.0
14.2547884532 4.33250532907 20.2205886625 0.167389794757 0.935797931285 -0.310262612014 0.059212722984 0.304592066961 0.950640587279 0.0 0.0 0.0 0.0 0.0 0.0
14.6431789284 4.49543327305 20.5541938572 -0.441462797236 0.8621158141 -0.248730620826 0.059212722984 0.304592066961 0.950640587279 0.0 0.0 0.0 0.0 0.0 0.0
14.930937945 4.85488054398 20.8311008992 -0.882596291694 0.46090148533 -0.0927017082318 0.059212722984 0.304592066961 0.950640587279 0.0 0.0 0.0 0.0 0.0 0.0
17.5512648126 29.8139532318 24.8897407419 0.997480643022 -0.0709296910113 0.00116005548082 0.0446148303502 0.639962183762 0.767110109611 0.0 0.0 0.0 0.0 0.0 0.0
17.6629376748 29.7861133606 25.4145637745 0.840341212046 0.391192574075 -0.375226621292 0.0446148303502 0.639962183762 0.767110109611 0.0 0.0 0.0 0.0 0.0 0.0
17.9661663428 29.8474458491 25.8538538869 0.363942104857 0.704694239879 -0.609058431182 0.0446148303502 0.639962183762 0.767110109611 0.0 0.0 0.0 0.0 0.0 0.0
18.352355625 30.0694134117 26.1543091108 -0.250724692755 0.750470782094 -0.611498760151 0.0446148303502 0.639962183762 0.767110109611 0.0 0.0 0.0 0.0 0.0 0.0
18.6813922056 30.4624508126 26.3153731731 -0.770136987695 0.511130926989 -0.381620486425 0.0446148303502 0.639962183762 0.767110109611 0.0 0.0 0.0 0.0 0.0 0.0
18.8348760357 30.9720005245 26.3894468335 -0.996961365007 0.0776038870671 -0.00675820955225 0.0446148303502 0.639962183762 0.767110109611 0.0 0.0 0.0 0.0 0.0 0.0
18.7611024912 31.4992400449 26.4619799598 -0.845023451447 -0.385406167019 0.370671624121 0.0446148303502 0.639962183762 0.767110109611 0.0 0.0 0.0 0.0 0.0 0.0
18.4947058244 31.9386262174 26.6190076945 -0.372047000644 -0.701993974607 0.607277110492 0.0446148303502 0.639962183762 0.767110109611 0.0 0.0 0.0 0.0 0.0 0.0
18.1435010321 32.2179928412 26.9144642657 0.242276325998 -0.751882534529 0.613167869455 0.0446148303502 0.639962183762 0.767110109611 0.0 0.0 0.0 0.0 0.0 0.0
17.8475231359 32.3259678177 27.349692472 0.764554825749 -0.516118348777 0.386105903192 0.0446148303502 0.639962183762 0.767110109611 0.0 0.0 0.0 0.0 0.0 0.0
17.7258255363 32.3162936003 27.872933531 0.996366164523 -0.0842721732865 0.0123558489599 0.0446148303502 0.639962183762 0.767110109611 0.0 0.0 0.0 0.0 0.0 0.0
17.8312496352 32.2874095384 28.3989911062 0.849641339041 0.379590409791 -0.366088398871 0.0446148303502 0.639962183762 0.767110109611 0.0 0.0 0.0 0.0 0.0 0.0
18.1303495041 32.3450531223 28.8415988194 0.380123563611 0.699240249776 -0.605449543299 0.0446148303502 0.639962183762 0.767110109611 0.0 0.0 0.0 0.0 0.0 0.0
18.5160985513 32.5620885432 29.1461942902 -0.233809508961 0.753237028197 -0.614790283651 0.0446148303502 0.639962183762 0.767110109611 0.0 0.0 0.0 0.0 0.0 0.0
18.8485507136 32.9508243683 29.3106482964 -0.758914439993 0.521066466155 -0.390561916499 0.0446148303502 0.639962183762 0.767110109611 0.0 0.0 0.0 0.0 0.0 0.0
19.0080083054 33.4583373108 29.3860737015 -0.995695086898 0.0909340418537 -0.0179525474217 0.0446148303502 0.639962183762 0.767110109611 0.0 0.0 0.0 0.0 0.0 0.0
18.9404971708 33.986578671 29.4574068228 -0.854194523157 -0.373745745284 0.361477294571 0.0446148303502 0.639962183762 0.767110109611 0.0 0.0 0.0 0.0 0.0 0.0
18.6782723678 34.4296246768 29.6111387048 -0.388171178698 -0.696433275093 0.603575868779 0.0446148303502 0.639962183762 0.767110109611 0.0 0.0 0.0 0.0 0.0 0.0
18.3275639324 34.7139186957 29.9024557251 0.225324886425 -0.75453415995 0.616365879187 0.0446148303502 0.639962183762 0.767110109611 0.0 0.0 0.0 0.0 0.0 0.0
18.0282183119 34.826216629 30.3342733669 0.753216259964 -0.525974902304 0.394988187004 0.0446148303502 0.639962183762 0.767110109611 0.0 0.0 0.0 0.0 0.0 0.0
17.9005683616 34.8186185668 30.8561285784 0.994948183238 -0.0975889854415 0.0235478787276 0.0446148303502 0.639962183762 0.767110109611 0.0 0.0 0.0 0.0 0.0 0.0
17.999716881 34.7887750923 31.3833515296 0.858682657053 0.367872618591 -0.356838662377 0.0446148303502 0.639962183762 0.767110109611 0.0 0.0 0.0 0.0 0.0 0.0
18.2946021391 34.8427881928 31.8292330964 0.396189233046 0.693573264319 -0.60165622962 0.0446148303502 0.639962183762 0.767110109611 0.0 0.0 0.0 0.0 0.0 0.0
18.6797987453 35.0549013407 32.1379671068 -0.216823104526 0.755773831005 -0.617894536075 0.0446148303502 0.639962183762 0.767110109611 0.0 0.0 0.0 0.0 0.0 0.0
19.015570518 35.4392931571 32.3058520383 -0.7474607196 0.530843283428 -0.399384377629 0.0446148303502 0.639962183762 0.767110109611 0.0 0.0 0.0 0.0 0.0 0.0
19.1809585961 35.9446907168 32.3826972883 -0.994125510421 0.10423649725 -0.0291414167714 0.0446148303502 0.639962183762 0.767110109611 0.0 0.0 0.0 0.0 0.0 0.0
