t = 0
b =  30.0 30.0 30.0
E = 0. 0. 0.
2.04860361841 3.87932058471 8.44917909827 0.934467733175 0.321355082717 -0.153300249401 0.0455987107638 0.318999951087 0.946657165389 0.0 0.0 0.0 0.0 0.0 0.0
2.29711670543 3.72659178705 8.90039995557 0.549900394297 0.783126965015 -0.290382012215 0.0455987107638 0.318999951087 0.946657165389 0.0 0.0 0.0 0.0 0.0 0.0
2.67097960464 3.75237680571 9.28542822405 -0.0435832982182 0.947375820119 -0.31714279366 0.0455987107638 0.318999951087 0.946657165389 0.0 0.0 0.0 0.0 0.0 0.0
3.03490768965 3.99411617238 9.59816378274 -0.620508967067 0.751700761881 -0.223415725449 0.0455987107638 0.318999951087 0.946657165389 0.0 0.0 0.0 0.0 0.0 0.0
3.25739073609 4.40720575136 9.85997171978 -0.96169290497 0.270442016437 -0.0448092878278 0.0455987107638 0.318999951087 0.946657165389 0.0 0.0 0.0 0.0 0.0 0.0
3.26065585458 4.88194259651 10.1115653782 -0.937513629627 -0.3135621726 0.15082094741 0.0455987107638 0.318999951087 0.946657165389 0.0 0.0 0.0 0.0 0.0 0.0
3.0502147117 5.28520293454 10.3975386764 -0.557157251997 -0.778438849786 0.289151783135 0.0455987107638 0.318999951087 0.946657165389 0.0 0.0 0.0 0.0 0.0 0.0
2.71276955569 5.51101811227 10.7494241327 0.0348724808393 -0.947573593136 0.317629022087 0.0455987107638 0.318999951087 0.946657165389 0.0 0.0 0.0 0.0 0.0 0.0
2.38327358279 5.52083385964 11.1737131345 0.613653575168 -0.756709285867 0.225433685074 0.0455987107638 0.318999951087 0.946657165389 0.0 0.0 0.0 0.0 0.0 0.0
2.19365996166 5.35815770147 11.6493897519 0.95929741655 -0.278358469393 0.0475923220513 0.0455987107638 0.318999951087 0.946657165389 0.0 0.0 0.0 0.0 0.0 0.0
2.22271821682 5.13202972145 12.1359150406 0.940488130787 0.305745383509 -0.14833015982 0.0455987107638 0.318999951087 0.946657165389 0.0 0.0 0.0 0.0 0.0 0.0
2.46616077098 4.97559641123 12.5886284648 0.564371680015 0.773691453426 -0.287899534028 0.0455987107638 0.318999951087 0.946657165389 0.0 0.0 0.0 0.0 0.0 0.0
2.83825186736 4.99552609215 12.9757151811 -0.0261590077861 0.947699204755 -0.318091061835 0.0455987107638 0.318999951087 0.946657165389 0.0 0.0 0.0 0.0 0.0 0.0
3.20438001709 5.23148383662 13.2902930298 -0.606751451174 0.761660183512 -0.227434477052 0.0455987107638 0.318999951087 0.946657165389 0.0 0.0 0.0 0.0 0.0 0.0
3.43219915443 5.64106204388 13.5530271824 -0.956828873917 0.286253724273 -0.0503717319352 0.0455987107638 0.318999951087 0.946657165389 0.0 0.0 0.0 0.0 0.0 0.0
3.44190911986 6.1158917966 13.804279097 -0.943391010134 -0.297905310723 0.145828076314 0.0455987107638 0.318999951087 0.946657165389 0.0 0.0 0.0 0.0 0.0 0.0
3.23657307484 6.52281402437 14.0887725263 -0.571543128944 -0.768885137465 0.286625360256 0.0455987107638 0.318999951087 0.946657165389 0.0 0.0 0.0 0.0 0.0 0.0
2.9009537556 6.75446886086 14.4386022154 0.0174435426231 -0.94775264541 0.318528877717 0.0455987107638 0.318999951087 0.946657165389 0.0 0.0 0.0 0.0 0.0 0.0
2.56931069245 6.77008345201 14.8610405722 0.599803120707 -0.766553077784 0.229417949014 0.0455987107638 0.318999951087 0.946657165389 0.0 0.0 0.0 0.0 0.0 0.0
2.37439276953 6.61096224495 15.3357747578 0.954287465061 -0.294127179824 0.0531473058167 0.0455987107638 0.318999951087 0.946657165389 0.0 0.0 0.0 0.0 0.0 0.0
2.3970047043 6.384794738 15.8226238733 0.946222046603 0.290042551295 -0.143314887435 0.0455987107638 0.318999951087 0.946657165389 0.0 0.0 0.0 0.0 0.0 0.0
2.63530798437 6.22474243975 16.2768043558 0.578671052651 0.764020267925 -0.285329358854 0.0455987107638 0.318999951087 0.946657165389 0.0 0.0 0.0 0.0 0.0 0.0
3.0055193491 6.23884858561 16.6659440019 -0.00872674906675 0.947733911032 -0.318942436391 0.0455987107638 0.318999951087 0.946657165389 0.0 0.0 0.0 0.0 0.0 0.0
3.3737414511 6.4689907063 16.9823807096 -0.592809112911 0.771387596072 -0.23138394991 0.0455987107638 0.318999951087 0.946657165389 0.0 0.0 0.0 0.0 0.0 0.0
3.60683269717 6.8749706538 17.2460734387 -0.95167338352 0.301978236452 -0.0559188323251 0.0455987107638 0.318999951087 0.946657165389 0.0 0.0 0.0 0.0 0.0 0.0
23.9202933507 25.565721738 16.2148543308 -0.643526366554 0.229213416426 0.730297901736 0.61678825392 0.720283531322 0.317433275403 0.0 0.0 0.0 0.0 0.0 0.0
23.9278805351 26.102930472 16.2089966113 -0.255503089211 -0.198234864101 0.946266933829 0.61678825392 0.720283531322 0.317433275403 0.0 0.0 0.0 0.0 0.0 0.0
23.8772257824 26.5949515624 16.4188404691 0.229590083507 -0.550370405446 0.802733337021 0.61678825392 0.720283531322 0.317433275403 0.0 0.0 0.0 0.0 0.0 0.0
23.8789060964 26.9615157017 16.8116674164 0.627458144959 -0.693411028059 0.354227924493 0.61678825392 0.720283531322 0.317433275403 0.0 0.0 0.0 0.0 0.0 0.0
24.0236155142 27.1700167753 17.2852406301 0.7869443666 -0.573013207899 -0.228854598925 0.61678825392 0.720283531322 0.317433275403 0.0 0.0 0.0 0.0 0.0 0.0
24.3477089252 27.2478994701 17.7066464309 0.647457266362 -0.234918089788 -0.724991433967 0.61678825392 0.720283531322 0.317433275403 0.0 0.0 0.0 0.0 0.0 0.0
24.8193902405 27.2722325789 17.9627904115 0.261990325725 0.192426338254 -0.945691902034 0.61678825392 0.720283531322 0.317433275403 0.0 0.0 0.0 0.0 0.0 0.0
25.3507922587 27.3404292776 18.0033638932 -0.2230111199 0.546664783197 -0.807108205393 0.61678825392 0.720283531322 0.317433275403 0.0 0.0 0.0 0.0 0.0 0.0
25.8313588851 27.5332382308 17.8599570342 -0.623286912528 0.693216137256 -0.361890607394 0.61678825392 0.720283531322 0.317433275403 0.0 0.0 0.0 0.0 0.0 0.0
26.1698472403 27.8840658244 17.6340571998 -0.786765586285 0.576403090815 0.220815282843 0.61678825392 0.720283531322 0.317433275403 0.0 0.0 0.0 0.0 0.0 0.0
26.3289923552 28.3662845206 17.458492216 -0.651338859793 0.240604873228 0.719629755293 0.61678825392 0.720283531322 0.317433275403 0.0 0.0 0.0 0.0 0.0 0.0
26.3396647566 28.9033491053 17.4469668577 -0.268457610661 -0.186603158397 0.945044852139 0.61678825392 0.720283531322 0.317433275403 0.0 0.0 0.0 0.0 0.0 0.0
26.2891422372 29.3978774941 17.6508645031 0.216415173133 -0.542917530309 0.81142160935 0.61678825392 0.720283531322 0.317433275403 0.0 0.0 0.0 0.0 0.0 0.0
26.2879515633 29.7686478148 18.0397257298 0.619068214385 -0.692968455359 0.369525730924 0.61678825392 0.720283531322 0.317433275403 0.0 0.0 0.0 0.0 0.0 0.0
26.4278775083 29.9814559543 18.5128203586 0.786526890724 -0.579749078404 -0.212759150822 0.61678825392 0.720283531322 0.317433275403 0.0 0.0 0.0 0.0 0.0 0.0
26.7470922829 30.0621102731 18.9374165323 0.655170851248 -0.246273333675 -0.714213274027 0.61678825392 0.720283531322 0.317433275403 0.0 0.0 0.0 0.0 0.0 0.0
27.2156532736 30.0866265778 19.1992077677 0.27490445151 0.180765767987 -0.94432583342 0.61678825392 0.720283531322 0.317433275403 0.0 0.0 0.0 0.0 0.0 0.0
27.7468787427 30.152348445 19.2457398996 -0.209802745513 0.539128932149 -0.815673220411 0.61678825392 0.720283531322 0.317433275403 0.0 0.0 0.0 0.0 0.0 0.0
28.2302796693 30.3409647692 19.1063392953 -0.614802371801 0.692668001232 -0.377132713639 0.61678825392 0.720283531322 0.317433275403 0.0 0.0 0.0 0.0 0.0 0.0
28.5735363759 30.6874747861 18.880971277 -0.786228298095 0.583050915856 0.204686816368 0.61678825392 0.720283531322 0.317433275403 0.0 0.0 0.0 0.0 0.0 0.0
28.7375723173 31.1668912776 18.702261625 -0.658952948906 0.251923039454 0.708742402654 0.61678825392 0.720283531322 0.317433275403 0.0 0.0 0.0 0.0 0.0 0.0
28.7513999132 31.7037336339 18.6851098259 -0.281330357322 -0.174914611565 0.943534900632 0.61678825392 0.720283531322 0.317433275403 0.0 0.0 0.0 0.0 0.0 0.0
28.7010982453 32.2007041989 18.8830368371 0.203174340601 -0.535299277234 0.819862714797 0.61678825392 0.720283531322 0.317433275403 0.0 0.0 0.0 0.0 0.0 0.0
28.6971101747 32.5756532769 19.26785158 0.610489709636 -0.692314797755 0.384710976237 0.61678825392 0.720283531322 0.317433275403 0.0 0.0 0.0 0.0 0.0 0.0
28.8322832527 32.792789175 19.740361202 0.785869831137 -0.586308351723 -0.19659889422 0.61678825392 0.720283531322 0.317433275403 0.0 0.0 0.0 0.0 0.0 0.0
29.1465953834 32.8762760658 20.1680560999 0.662684864746 -0.257553560319 -0.703217557804 0.61678825392 0.720283531322 0.317433275403 0.0 0.0 0.0 0.0 0.0 0.0
