
#id1 id2 FENE BEXC STCK NEXC HB CRSTCK CXSTCK total, t = 100
0 1 1.72809 0 0 0 0 0 0 1.72809
1 2 0.127211 0 -0.29838 0 0 0 0 -0.171169
2 3 0.570732 0 -1.07594 0 0 0 0 -0.505204
3 4 0.113929 0 -1.20514 0 0 0 0 -1.09121
4 5 0.385583 0 -1.19109 0 0 0 0 -0.80551
5 6 1.72573 0 0 0 0 0 0 1.72573
6 7 1.69493 0 0 0 0 0 0 1.69493
7 8 0.0384364 0 -1.18316 0 0 0 0 -1.14473
8 9 0.0175491 0 -1.34243 0 0 0 0 -1.32488
9 10 0.116439 0 -1.29269 0 0 0 0 -1.17625
10 11 0.105441 0 -1.39058 0 0 0 0 -1.28514
11 12 0.0712377 0 -1.38005 0 0 0 0 -1.30881
12 13 0.371386 0 -1.31917 0 0 0 0 -0.94778
13 14 0.0848786 0 -1.4052 0 0 0 0 -1.32032
14 15 0.0618621 0 -1.2016 0 0 0 0 -1.13974
15 16 0.257308 0 -1.13209 0 0 0 0 -0.874787
16 17 0.210856 0 -1.18608 0 0 0 0 -0.975221
17 18 0.761031 0 -1.21626 0 0 0 0 -0.455228
18 19 1.24271 0 0 0 0 0 0 1.24271
19 20 1.62061 0 0 0 0 0 0 1.62061
20 21 0.000867846 0 -1.38337 0 0 0 0 -1.38251
21 22 0.12194 0 -1.02007 0 0 0 0 -0.898129
22 23 0.133771 0 -1.16733 0 0 0 0 -1.03356
23 24 0.175904 0 -1.03292 0 0 0 0 -0.857012
25 26 0.156739 0 -1.22025 0 0 0 0 -1.06351
26 27 0.0575648 0 -1.21376 0 0 0 0 -1.15619
27 28 0.00845323 0 -1.26259 0 0 0 0 -1.25413
28 29 0.240535 0 -1.02144 0 0 0 0 -0.78091
29 30 0.159732 0 -0.956468 0 0 0 0 -0.796736
30 31 6.61844e-05 0 -1.35464 0 0 0 0 -1.35458
31 32 0.455692 0 -0.806088 0 0 0 0 -0.350396
32 33 0.0629738 0 -1.21758 0 0 0 0 -1.15461
33 34 0.0906087 0 -1.10172 0 0 0 0 -1.01111
34 35 0.0552288 0 -1.22103 0 0 0 0 -1.1658
35 36 0.0981243 0 -1.41302 0 0 0 0 -1.3149
36 37 1.80373 0 0 0 0 0 0 1.80373
37 38 1.81554 0 0 0 0 0 0 1.81554
38 39 0.00426439 0 -0.0399642 0 0 0 0 -0.0356999
39 40 0.0635204 0 -1.39393 0 0 0 0 -1.33041
40 41 0.00774473 0 -1.0921 0 0 0 0 -1.08436
41 42 0.000126075 0 -0.94593 0 0 0 0 -0.945804
42 43 0.0577903 0 -1.03378 0 0 0 0 -0.975993
43 44 1.54519 0 0 0 0 0 0 1.54519
44 45 1.17832 0 0 0 0 0 0 1.17832
45 46 0.141292 0 -1.19799 0 0 0 0 -1.0567
46 47 0.309504 0 -1.34002 0 0 0 0 -1.03052
47 48 0.123964 0 -1.21525 0 0 0 0 -1.09129
48 49 0.00931943 0 -0.709215 0 0 0 0 -0.699895
49 50 1.51336 0 0 0 0 0 0 1.51336
#Total energy per particle is  -0.440834 and should be -0.44083410

