t = 100
b = 30 30 30
E = -0.285496703347867 -0.561983901158021 0.276487197810154
27.2006345981336 23.7464258648274 17.2467228816796 0.799845204519413 0.235545298818796 -0.5520561057155 0.403594777241279 0.469716466198143 0.785160864553081 0.189996741845446 -0.105568082205364 -0.444795849696802 0.196757851261782 0.110040938223039 -0.203892321888932
27.6034815125226 24.002236101796 17.541024333182 0.14535866554049 0.613989392267662 -0.775814259729581 0.400406373982725 0.680550076142604 0.613617316853223 0.0593470078320933 -0.419574113896297 -0.442478588864061 0.190501105925842 0.353100167149723 -0.0360988032625207
27.842836741927 24.3105219487279 17.7107810610926 -0.431831033266634 0.611078863605496 -0.663403694602607 0.29688332202953 0.790832009554021 0.535205482269035 -0.139241808770342 -0.222542382789921 -0.136197860232855 0.540048541653694 0.506455449969896 0.0496444459624484
28.1256013980793 24.6594488460397 17.6487451857139 -0.877666310573184 0.470467015140823 0.0914468335664914 0.427372918727245 0.681889665833809 0.593614990711827 -0.483718003282957 -0.123603427565866 -0.257527124398806 0.556025682762978 -0.215145727096171 0.579530035348213
28.3333616460663 25.1359423850642 17.9105185213125 -0.983016091894824 0.0719063175006861 0.168845270534221 0.165257551937792 0.746937929807861 0.644029156177475 -0.401728228460547 0.314459256683081 0.0238305861993388 0.26186276796229 0.134839729667078 -0.0612679788124314
28.2338841709802 25.5898061714042 18.0224562494551 -0.578129905383526 -0.460173617484099 0.673799629401213 0.252100296475597 0.684647681601788 0.68388805660832 -0.822633970883094 0.262301943243633 0.118568986836222 0.380198066762874 0.000265931449663484 0.814948756135744
26.579319016481 25.0618542597174 17.6952698014871 -0.220505430038152 -0.447797330059453 0.866518775343473 0.429916674484928 0.75281440872575 0.498439566180679 -6.74605818162788 -4.29592738251638 -2.66832181125361 -0.167778537431461 -0.603241184219299 -0.295863197113469
28.0216464919556 26.0703671720157 18.4685172685187 0.153928765700739 -0.824651936232878 0.544293123402904 0.349971107229674 0.560650214739521 0.75046081967136 -0.251819769773105 -1.31819174380657 -1.32125738485378 -0.0989401383650746 0.0369491642616613 -0.663788093694235
27.9280002910445 26.3048824764889 18.8683833771829 0.7168464886963 -0.691038844902848 0.0927162755158513 0.394687109477772 0.511807720370855 0.763069344072215 -0.481635131272471 -0.254109386637125 -0.605355059780513 0.304160271150163 0.380650392156313 -0.0326479828580733
27.9891945293084 26.3561362196457 19.3317243191461 0.945180683855461 -0.112192021888826 -0.306669702265243 0.322043495607317 0.475698961040375 0.81853428152153 -0.65417776037455 -0.994365326421498 -1.43525110259829 0.277722253782652 0.12357658849086 -0.0760688660582388
27.8574794968146 26.3286644137436 19.8461235266793 0.632472043209618 0.23218999753242 -0.738963328426871 0.432718576388549 0.685350375820832 0.585704171747008 -0.884703054566781 -1.63898735043343 -1.84591836650516 0.246284750546251 0.776375928963771 -0.11355539886703
28.0828650279726 26.4325999647428 20.2366192514747 0.118030432372264 0.439538038637471 -0.890435292692989 0.535680080162819 0.726856357450434 0.429798294048753 -2.00091923272914 -0.455279010731844 0.0788631054021626 0.518507616601616 0.767757771654664 0.278837222215014
28.5853860166675 26.63058688587 20.2512532987064 -0.337723193226683 0.654140928150905 -0.676788424861385 0.41403078538238 0.748978320715665 0.517310226674392 -2.26535446853835 -0.0405442741210998 -1.97414901554608 0.815753208706887 0.920601834393002 0.191338787417446
28.6089401001981 26.9024686417236 20.1425899519898 -0.564883204535577 0.821430820553825 0.0784745438899145 0.673099606160861 0.403679853890221 0.61966069706462 -1.45054140836017 -0.810666897308686 -0.757453775969352 0.460841223945836 -1.40058148751275 0.145440351322915
29.3561696555733 27.3941322788517 20.8072065209653 -0.976377954939433 0.20955911444218 0.0526398232441035 0.195679051853329 0.754282172797713 0.626712052248894 -0.810723871870159 -0.539381578875941 -0.115086439281232 0.481040270618742 -0.290801056108981 -0.592465735823095
29.3133496025578 27.8722055698055 20.783792408145 -0.573512178138732 -0.283495546324686 0.768579169697655 0.214331849656495 0.853601568073703 0.474790598183477 -0.987059558019464 -0.339925801731374 -0.514323283465579 0.531582712474362 -0.0635042972240886 0.20460079263499
29.4582854111679 28.3375333781626 21.166733636454 -0.533092428783728 -0.605406861829474 0.591011746390493 0.0988314587242485 0.649205898316334 0.754164391079179 0.166721557697375 -0.751774154759514 0.0559993821070113 0.394196099663503 0.161372365338263 -0.462858584725755
29.3064529867382 28.7183342302002 21.4803310474 0.223108157171025 -0.811985535677427 0.539353429746888 0.20467750892268 0.579987716866144 0.788493023143714 -0.00264756329199623 -0.538246753513997 0.0588829155367556 0.577921020609328 0.0287083307877241 -0.501620497632997
29.1497645850787 28.813683691544 21.8960485492198 0.862731281248563 -0.459194107477859 0.211743688172876 0.073594181121367 0.52830971077748 0.845856154284143 0.526605110363979 -0.303191118898909 -0.495528761565621 0.60043860835003 -0.134036636332138 0.150047541355909
29.1208665860577 28.9040712675345 22.3916795025608 0.968512314826008 -0.132084863292339 -0.211038777740729 0.248129980369777 0.442721354337061 0.861643314998342 -0.14099103876808 -0.0191781949842235 0.0215993840676533 0.545081623723895 -0.144805009409966 0.0230637953433906
29.2493898199794 28.8820672754355 22.8447285308414 0.700671438935794 0.500584967169957 -0.508403489556693 0.274654205252007 0.468414452923769 0.839733797995752 0.279462950760755 -0.116548022702788 0.125735232045016 0.333804455037078 -0.342994165126888 0.268828090137947
29.5780154124569 29.0772591499584 23.1818043132146 0.230077509951411 0.651548101824559 -0.722875709413777 0.435698207343925 0.595234637673351 0.675176037833813 0.233365473734114 0.265025486137296 -0.214022597027792 0.462522465111242 -0.401361256011375 -0.370556373017012
29.9844709788644 29.1794473456546 23.4364376903904 -0.249806839199714 0.785316309002754 -0.566458047431504 0.456414550335846 0.611438065047563 0.646397042134671 0.0992734098304136 0.06011896056155 -0.159933517967116 0.560473605317259 0.0214693804086979 0.0501339650037672
30.3721044633946 29.4217736028362 23.5678707381771 -0.756701404063767 0.652310363595695 -0.0435207489046672 0.4183199439839 0.534272342306268 0.734548411985618 -0.261253236230561 -0.371171554031731 -0.171680141853638 0.366837142443453 -0.561504204847543 -0.0219179528515981
30.6560246117156 29.8182034493578 23.8712170266801 -0.962506623560951 0.160466285662467 0.218704027329233 0.261839805020461 0.760224117846499 0.594557896285839 -0.31156683829003 0.37346330962189 0.680789912788734 0.149910459181469 0.0490730839177635 0.0961353882230526
8.82845313350878 9.47322943293778 2.61512434911985 0.27146359688038 0.699461359771814 -0.661106046980796 0.232019134237912 0.619081264883503 0.750270211918836 0.258731220351111 -0.220085722522831 0.117266556260602 -0.287718477123405 -0.271182368311297 -0.569911849246583
9.09458959769768 9.7616638578731 2.97574697636551 -0.375338883293997 0.690148388792055 -0.618721105716404 0.108003847099361 0.695543268399463 0.710320077199332 0.0729355397961442 0.14251443297484 0.0171436290528103 0.159921784439965 0.414527671614591 -0.340470350019269
9.37035043269065 10.119037259255 3.10907767209072 -0.905144843908431 0.42397634984627 -0.0309313496110394 0.293939246363523 0.676771739238457 0.674966383778811 0.407648522068299 0.354934208463551 -0.43650862170692 0.377903988467664 0.201220235332715 -0.0330170605850607
9.51639548174863 10.5495706218686 3.21184924031966 -0.882491586858522 -0.0310890604171762 0.469299427264497 0.385138070892705 0.524954521584546 0.759006783931331 -0.267602194513621 0.273753091709777 -0.934778800449855 0.373304903859523 0.0201973403332347 0.370051887093177
9.55047213622921 10.8945344573839 3.55904392527213 -0.709423037796429 -0.530964669211248 0.463460197109281 0.317280282210628 0.346584728725795 0.882729930633628 -0.143064663890657 -0.119414040856115 0.225585546455994 0.170570993406941 0.0605907297967857 0.0593072121588062
9.53729466022373 11.2047935566002 3.94397724712753 -0.219206393089257 -0.902801951268893 0.36999604705909 0.0954021586487046 0.357568920785007 0.929000957852696 -0.311413301769687 -0.4094033180692 0.237027078298539 0.540116326797015 0.343899690382053 -0.31454060450173
9.2667778707456 11.3963042747733 4.24970047088677 0.38719913905009 -0.816146695582306 0.428930389514364 0.0680124704579304 0.489235095427791 0.869495952735482 0.667962343020791 -0.590494124814627 0.260408688531463 0.643152449956408 -0.101229797932437 0.230800283105313
9.09672556539496 11.5226627247945 4.70757688723054 0.771952991507939 -0.635246194841302 0.0234676928503076 0.209363142618284 0.288929680140331 0.934176964696717 0.341739897008015 -0.545117227250978 0.187093264233225 0.477920209306193 -0.103629105066283 -0.360741928765785
9.22426435552606 11.3505006062132 5.19031548024551 0.940700036594233 -0.0437544239712579 -0.336405814961136 0.326084694960726 0.390093208169743 0.861101586514737 0.422939420821618 0.233329840343938 0.152737039399729 0.402805953208227 0.0998135487012084 0.316819774251983
9.50752501313214 11.4464959250393 5.68555881861062 0.692406821073408 0.271027412410368 -0.668667943347577 0.50170415812212 0.485175205355879 0.716168862498259 0.821547749763378 0.137839544945623 0.173699417784531 0.519007520853531 -0.0260290936699674 -0.445742117194451
9.9327234481267 11.4539437548721 5.98445815922662 0.271654351315453 0.811322683653428 -0.517647851243357 0.486580873522061 0.348276308260953 0.801213175540992 0.551177954858736 0.964019448050315 -0.075400815428984 0.518550756636492 0.0294194683483362 0.00166204396013375
10.3073360837126 11.5768774167052 6.40680244637993 -0.148710970771727 0.769878116058277 -0.620622773117974 0.423439504841316 0.616728641465852 0.663584700288645 -0.180137568348043 0.384312851107852 0.0950906908047657 0.518999362845943 0.423698423433944 -0.465230876644457
11.8781534221353 12.450876665623 7.32447741637267 -0.903709272621836 0.290124419185941 -0.314860688386386 -0.0776593609344831 0.612128814281279 0.786935333809745 5.80421361109565 4.02125891779165 4.09726370581969 -0.01534552562949 1.06938336132431 0.312369992512757
11.0034430428021 12.5702075241074 6.49180670686999 -0.90887170498252 0.291380490785961 0.298411661408269 0.417069297626143 0.631001076585734 0.65413357088707 0.114157429165709 -0.372924636265747 0.0356014440030371 0.603811564795091 0.0541609831916592 -0.781738705851894
10.972666370258 12.9968687722489 6.79204576925426 -0.785077607751808 -0.306480040663213 0.538259248677143 0.147747659280673 0.75125912744595 0.643257528441946 0.664871986708912 0.438512951743535 0.0642968329779884 0.484644613648065 0.16494438564091 -0.25534232898942
10.7739418766651 13.2732543724369 7.11758298107083 -0.296247327381856 -0.763727699871393 0.573548083298345 0.183847249248404 0.543676519148979 0.818911420457632 0.730556743193691 0.678067682123581 0.466273659292291 0.577688077685239 0.00215943771422096 0.000538337639769346
10.5426935531793 13.4214751756042 7.48592267550351 0.536060692397098 -0.69060502472705 0.48549306477599 0.0195106131275204 0.585088371704611 0.8107347406466 0.273754090666833 0.485134652547009 -0.0593849735239442 0.544862277844921 -0.342765788253205 0.219775779642561
10.5928670625634 13.5063504357618 8.01164103253208 0.81079406014508 -0.574876637126332 0.110135032432988 0.110894893694906 0.335617278333813 0.935448156153955 1.03962554473969 0.983016336059802 0.645830149850865 0.327651996342472 -0.359589373764609 0.116353847625991
10.6483832874789 13.4243899708352 8.43779829697745 0.945456220382658 0.184861978248922 -0.268213478056661 0.180702312773193 0.387436722742059 0.904012910223952 0.99414983880597 0.068564741034534 0.432678656930914 0.294770593763154 0.0829546610577546 0.492945264769384
11.3754445805617 14.1998059460965 9.20390664166333 0.927921544545033 0.123447021006253 -0.351741869309185 0.310361996004396 0.266825476053177 0.912403135093199 2.93001871229961 3.7864042382904 1.99915356485634 0.47311473641132 -0.40913061092809 -0.981229801445
11.5804408529091 13.3812560373058 9.06805119540337 0.673472219251195 0.616317194591549 -0.408152170110331 0.191748142642841 0.387593309805213 0.901667321016572 1.99058276587496 0.802494946231203 -1.51284262140145 -0.00826734624562393 -0.48229781151516 -1.92755861799873
11.534741778443 13.4098560482842 9.60500955045916 -0.309224074141107 0.881214637734549 -0.357548759730995 0.374464638629997 0.458428685638441 0.805989612787395 0.143020695811251 0.112114134298703 0.406973290839182 -0.0808806762427096 0.289766693260333 -0.0662225478096249
11.6635395925104 13.7834528706705 9.84995904472758 -0.791749610143876 0.580364334072945 -0.190550982260218 0.301356354580348 0.642454474975847 0.704582486282014 0.157801379251114 0.267443726029955 0.942880169380754 0.301739224882394 0.394561223059155 -0.276853694048066
11.7033549902566 14.2578040667313 10.0384731426855 -0.984862489878886 0.146468630318182 0.0926968209366111 0.169180347529758 0.695831855679337 0.697994218021072 -0.249550068470699 0.760383618759636 0.831961705920169 0.542994681157794 0.411609433373129 -0.102538039770775
11.6385013073479 14.7298567008206 10.1403973194826 -0.577194631313098 -0.438545528245837 0.688857067417828 0.403546549449835 0.58017882183834 0.707490352015674 -0.13657286709413 -0.407960776819117 0.0620737328834902 0.148104020262528 -0.348337119950232 0.325175414464397
11.686285561829 14.9225356274635 10.6234885984196 -0.146031469913505 -0.887145338099725 0.437776016879516 0.34094600200557 0.37027634366666 0.864089772096444 -0.366972458383589 0.841604210995865 1.66938880243509 -0.179441365292206 0.204557593211044 0.309520627420504
