t = 100
b = 30 30 30
E = -0.190374182909365 -0.434371395135454 0.24399721222609
22.1617483239943 1.51551574971124 28.4952918676562 0.35650154564628 -0.598924847580747 0.717074318253284 0.502408034680551 0.769981780188836 0.393337148220772 -0.114922100718233 -0.19416340323983 0.222650640481922 -0.519708021523008 0.168158208023943 -0.896013121269624
22.2128057793134 1.77365979811972 28.9206696251073 0.857040533700417 -0.51205331167063 -0.0572958283953251 0.480206261057068 0.753489834763266 0.449060014568067 -0.238970701205281 0.178928520379851 -0.0243576841336638 0.0871339389451151 0.347879321759483 -0.435720488335412
22.4734875679497 1.83514713307654 29.2915344914934 0.766352083362206 0.19420188808233 -0.612364266298327 0.282633000679691 0.754085683622254 0.592851795334316 -0.131131949196176 -0.45806208254489 0.141489226611522 0.34531221109613 0.0233337572191133 0.309648716994913
22.7488241625665 2.19924775856474 29.5818925378635 0.432350177642786 0.255968523421517 -0.864611658690428 0.297518256591042 0.864668858440519 0.40475984613497 0.336181838320465 0.340980163782449 -0.404401685495912 0.273422033601492 0.299292695386835 -0.11153793724163
23.1262940998666 2.50389160893056 29.7506268312237 -0.270255297695602 0.422764393583432 -0.865004174908843 0.209675421101958 0.902715845457869 0.375686306559272 -0.0619526070844357 0.654881065137409 -0.746262320551395 0.364868483790905 0.17012923774048 0.0812866507886035
23.4855317846956 2.94196211922916 29.8008722792382 -0.599325049496122 0.446891975336192 -0.66415128736462 0.201424744151127 0.887158428158318 0.415184148163368 -0.979521483922386 0.871076038264092 -0.247808173863095 0.302097390732181 0.367990884601216 -0.0370927082619585
23.196084551378 4.49086568412735 28.1167967952397 -0.88206258040885 0.463185276634008 -0.0861677982440444 0.335350459468059 0.745722088072518 0.575706972782088 -2.60190220028067 5.68977649682918 -6.74335335813892 -0.134630520248512 -0.958131515966275 -0.653293208666239
23.763710769492 3.75781151692915 29.7259405969709 -0.832746587836011 0.074245679158181 0.548653425033199 0.342833232369998 0.847275501273887 0.405696291108626 -0.633926020903306 0.784510972845901 -0.213033740244091 0.204707474603058 0.341218139663099 -0.203201060896935
23.7241401067819 4.33596151164346 29.873436223042 -0.448656647437698 -0.695295764361529 0.561489887386451 -0.187158490078004 0.687439369518804 0.701711267150435 0.336304761195223 0.492634559845268 0.044391027230223 0.206299107236649 1.49545906686642 -0.0482627393061956
23.6723104806419 4.58150228945731 30.0605899984159 0.396732696616584 -0.390729576109995 0.830622327192086 -0.107049758272679 0.879013707282061 0.46462365972866 -0.134543909948653 0.316790535487008 0.127808983432624 0.624314991009539 -0.326196653046043 0.310367744005879
23.5105257599845 4.8754085926092 30.463183134994 0.662792030404027 -0.577750276588606 0.476351995153947 0.0707314676938888 0.68161172784829 0.728287308732216 0.307208869763123 0.627232869441432 0.413489950528211 0.672697634332664 -0.0617634487606212 0.0545871985955354
23.5023351904389 4.91202395728371 30.9343339191274 0.998265136419723 -0.0141646890911369 -0.0571486041182926 0.049045842957837 0.737064333572614 0.674040473405669 0.314306262386224 -0.553645052598514 0.480178267679295 0.626621762336522 -0.439256119877784 0.122110773626088
23.6291320748063 5.24286085889014 31.2171986471658 0.882584344522646 -0.0790159592632176 -0.463466542475406 0.387090483919241 0.68161883076313 0.620932052568417 0.515094001693531 1.09600962032335 -0.105490811111733 0.436573811411566 -0.377644847100819 -0.26795020155709
23.903986222467 5.26178252093503 31.5557439329799 0.420302146379329 0.505319851475457 -0.753656310490774 0.189881591678515 0.763210662091924 0.617619905130147 0.725584410971286 -0.0866192933417997 -0.0762062364641645 0.389095161410313 -0.236951969966514 0.100977637843146
24.1585178841117 5.59833293177956 31.8116930011579 -0.0370998213693663 0.460192087253088 -0.887043815178232 0.29696260530163 0.852632547234062 0.429919564368992 -0.100410340089931 0.511058650573703 0.292283313118578 0.154525597376505 -0.150953641205761 -0.371382491730803
24.4216446403457 5.95758003272539 31.9122966252563 -0.634196744791571 0.51679967929169 -0.575076049257847 0.236548009546515 0.837815204331115 0.492047358866113 -0.235218473863147 0.294837498870174 -0.335156081519773 0.43395897696914 0.426311028925664 -0.0880661417555967
24.7157715630413 6.41161327946524 31.9170576004404 -0.966229727734006 0.236126574687723 -0.103170904365546 0.211117363781482 0.954973656785812 0.208457827811517 -0.565228615988292 0.145200267957071 0.68349985147026 0.566862184207479 -0.13885780933033 -0.358257338229951
24.6939775590821 6.86934599656309 31.6971520541224 -0.772608905441071 0.125799284576811 0.622294062344974 0.332132913550512 0.915435481285592 0.227300446162869 -0.242062180145291 0.125656048240971 -0.268067420156552 0.717119244676343 -0.10872451096234 0.246530319229295
24.6878142665301 7.38993593110048 31.7377323395218 -0.412674977895408 -0.277073123879865 0.867715234097812 0.201274005432417 0.901328736959085 0.383529874430272 -0.179269773519303 0.341886389546392 0.201314921569694 0.216043839717567 -0.201440908797839 0.25946415922049
23.616394533547 9.6095080282827 30.0648262233806 0.25923382232517 -0.58592652759727 0.767781096221157 0.417750762270366 0.784770410461201 0.457842318228033 -3.29895315621385 7.18082592876712 -7.16638777091173 -0.351325028402084 0.0854532042209849 0.179651691712426
24.5062573075511 8.10425168411662 32.3019670790031 0.617205016790579 -0.568083517677377 0.544370247236063 0.219694118935422 0.788789100446115 0.574061086091534 0.52413869412124 0.0428233977918268 -0.0791732129541979 0.53781086358141 -0.119573988263902 -0.763062073277044
24.4467580510405 8.28359864078163 32.7623690878704 0.965428598348187 -0.231331683183159 0.120138068319012 0.0613876349376249 0.649696267107622 0.757711167036738 0.515128526927562 0.198757274727804 -0.341121586462563 0.45426905435086 0.173285329533687 0.169960264754225
24.5756389548491 8.53415448913016 33.2166384626783 0.94696167685317 -0.13342847759812 -0.292335963072157 0.296112526501992 0.715689997496881 0.632538602508581 0.483161207858149 0.370943091189279 -0.495951661442986 0.462002030783911 -0.409593220579859 -0.803329336827074
24.7216346983461 8.62378202624143 33.6544637466672 0.55254445537817 0.474056974582269 -0.685539562438951 0.106797256622851 0.775451051419158 0.622310126954199 -0.212881205406521 0.196424009672563 0.357852762087173 0.42575166509326 -0.0220058105639296 0.136803379450605
25.0563096964364 8.91068534036376 33.8877034581019 -0.258221751254444 0.691668920852043 -0.674474250481073 0.341205195671774 0.718452979091937 0.606138773583705 0.138190840472843 0.440609418309543 0.0660300683552346 -0.12220364926317 -0.156753186016719 0.372148551006391
13.5287150488173 22.0678057032564 11.6050549775725 -0.718093734549057 0.198895084547704 0.666919796870163 0.563693573823163 0.728239835945387 0.3897642581995 -0.529731645634576 0.200272724604704 0.174436059806756 0.0452025375915687 -0.0905884557962046 -0.308952229182559
13.6042687799192 22.5894579830735 11.8107460501525 -0.322225549432875 -0.372792860187439 0.870170132516348 0.476771250246886 0.730203828086672 0.489378611822803 -0.306161311017576 0.420108311322804 -0.29045167773678 0.113451580730235 0.460219538387504 0.0936444492606732
13.7726482244825 23.0093489760186 12.070231659351 -0.0124325938273646 -0.722250427207148 0.691519799647697 0.480443847394493 0.602198499687841 0.637597490381166 0.601614521949062 0.447591135772796 -0.0498580685249631 0.374030414313512 0.269376509749363 -0.159414387222913
13.8044915253367 23.1916718776364 12.4921021069136 0.624622532198973 -0.733849734250804 0.267041458824765 0.474693747087882 0.628321292773008 0.616342507946055 0.139459852519496 -0.575518671351813 -0.106411630941023 0.715123644902416 0.0222836013184086 -0.29191093050857
13.8395215020308 23.3369164265973 12.8952723806414 0.92113560846015 -0.352524792973304 -0.165031336330693 0.375484490729899 0.693036710515698 0.615395321108487 0.257277642211689 -0.0229247759850472 -0.0557542742118685 0.66006773103175 -0.216319682578331 0.331603250850019
14.1021325831088 23.578392968895 13.3004208479282 0.780560055977913 -0.231361091789428 -0.580687462285721 0.577789701656193 0.621512408519578 0.529038061235777 0.126382642542029 -0.0344610994037064 0.0769201245178388 0.129826175789835 0.497884242928065 -0.205182258617542
14.5074869318907 23.7600353717813 13.538241180061 0.352207793687485 0.106464630353987 -0.929846673587137 0.654509044320794 0.682150373010818 0.326019418663211 -0.447720518772361 0.550234077692427 -0.133980479864502 0.240961766580663 0.0478422639914874 -0.234265462070664
14.9068276520186 23.9316038539233 13.5983531112317 -0.283842519189649 0.594150583304295 -0.752607726404013 0.609189952875411 0.717869490752584 0.336973110105691 -0.431370370941547 0.471542658365096 -0.0730763441011292 0.351084255571164 -0.0800821091536991 -0.302382667205109
15.3521544456397 23.8546074593612 13.3532796305772 -0.554611918611093 0.615153571751557 -0.56034952516324 0.463582970040252 0.787643958806605 0.405841970678281 -0.387390387657465 -0.66894512543317 -0.963575157745398 0.071846501427516 0.51568194568017 -0.204576466320865
15.7338723218524 24.2655680525581 13.4392528810143 -0.885133795521809 0.45724895985783 -0.0863796339537223 0.384549120619318 0.82327944205167 0.417531813129366 -0.249861089890192 -0.334271138255833 0.105426102245684 0.148865804717351 0.326294808158681 -0.672434705887739
15.8748545429474 24.7024538463774 13.3734516071684 -0.790651637982088 0.178051484686332 0.58580503512436 0.480047783106298 0.77414580264126 0.412616387766971 0.302487560196566 -0.00276705910324639 0.13776716024689 0.174523064550743 0.187497408173659 0.0844221004020978
15.9659545071785 24.9040773043984 13.8098137494027 -0.167177283980199 -0.446555695820448 0.878999233218436 0.462601518601045 0.751786932547332 0.469910762604749 0.225801172843217 -0.354599846193474 1.98534164704574 0.162979316452273 0.544227513897033 0.596817485567556
16.9620012856024 24.3532569619494 14.8420660700646 -0.102716125946334 -0.584101795515472 0.805154879222718 0.541162034899855 0.646351020144573 0.537934839859061 4.12234208722611 -5.55170391385168 4.60690337584066 0.17771311856474 0.414319141067295 -0.767551819467416
15.8386891258653 25.6711263213381 14.624538362527 0.487252707306252 -0.485518731088387 0.725848648434102 0.326815324659555 0.87217483463704 0.364009179853763 0.000512649304195861 -1.20247831378891 1.82949928866727 0.135235042913725 -1.021176439562 -1.30661075517103
16.0280560420324 26.051864463137 14.5671559470713 0.777579993813923 -0.616839312352776 -0.121977452770159 0.610457289539894 0.694081919239556 0.381565286451016 -0.267906890403043 -0.494436018104841 0.116287299825095 -0.0360745630360031 -0.000585266336517245 -0.575200183690835
16.2872585629853 26.2370286746008 14.9116625676522 0.650918365897452 -0.225272526848128 -0.724953412574929 0.605920948388609 0.729479560393743 0.317362972299155 0.0190960968995138 -0.19367591028611 0.468303194530524 0.244419817388743 0.153560498050699 -0.0736802609815858
16.7310473465425 26.252094732936 15.0405546844911 0.263138370257191 0.284109469523459 -0.921976077992804 0.589650539824822 0.709023894311107 0.386778022997951 0.314829125011101 -0.258139762988891 0.0345556973135892 0.218959839313549 -0.0310690053098157 0.118488354569885
17.0673259917564 26.4614235497886 15.18376599199 -0.123568067282892 0.49732685677443 -0.858718122188757 0.592516607764749 0.731136769676558 0.338175952198881 0.173985299776865 0.0816943028466668 0.0729485997110034 0.34071175838408 -0.171381767919941 -0.288649131088743
17.5214568235945 26.4108075468727 15.1662616654196 -0.473441754019616 0.880771187588957 -0.00974195721449681 0.643080639141453 0.353191352836138 0.679487340774419 -0.0277400094112938 -0.299726833191805 -0.0883972363653307 -0.248456927698694 -0.976668925775358 0.418487598821833
18.5741664729956 25.1241055298376 16.6226042143731 -0.871858638472487 0.4184004093824 0.254565303183081 0.488812893926883 0.711126580641691 0.505332388761395 2.42607439964406 -8.13354120854391 6.38330396581697 -0.229482635250731 0.0155926104835536 0.32157760480484
18.0672189553588 27.4628715943332 15.0437998782853 -0.860275654739834 0.280794955242591 0.425534820625245 0.444267314239813 0.822334391327971 0.355517349225496 -0.462591396956613 -0.368060603843543 0.300000163659707 0.256863648976559 0.0690394818017216 -0.779306490473546
18.0628581893414 27.9426450551794 15.0916815999743 -0.239968209966753 -0.285993880021085 0.927697493859115 0.561877182606325 0.738368908668391 0.372968185217954 -0.411354820991544 -0.388600622598219 0.514859687955936 0.511291782564501 -0.18702649749795 -0.249773046336532
18.088780858318 28.3799639278566 15.2765223180848 0.323799427937569 -0.602045949771747 0.729859224516223 0.424021024140932 0.781951473298216 0.456900370241164 0.232716371716315 -0.538112728705696 0.330126769665045 0.485556154497161 -0.156148119682891 0.133433254015015
18.1079140155081 28.7203536808663 15.5950876475989 0.767375584868937 -0.570619347630477 0.292451969886096 0.375336534598823 0.769545901061647 0.516644439982058 0.298300292955978 -0.344523507697485 0.046086908692766 0.493830015588585 -0.363895329357383 0.297428485609967
18.202914549297 29.0244860821566 15.9659794741066 0.864776655501751 -0.440946109735861 -0.240265989634073 0.497921654887438 0.690951732277214 0.524079776444271 0.156264727438281 0.0235047625446711 -0.0148062156612341 0.210686814670841 -0.138355396238604 0.202846680352408
18.4749333780185 29.1560761211588 16.3441633276768 0.607935880480145 0.00658808942093134 -0.793958719793227 0.527236051167894 0.744324373725842 0.409881999941943 0.39546885396481 0.0807761309115313 0.158891140054909 0.0523142267303748 0.0083507083243274 0.710937121017085
