
#id1 id2 FENE BEXC STCK NEXC HB CRSTCK CXSTCK total, t = 100
0 1 0.372818 0 -1.41366 0 0 0 0 -1.04084
1 2 0.400059 0 -0.857704 0 0 0 0 -0.457645
2 3 0.20143 0 -1.23154 0 0 0 0 -1.03011
3 4 0.111706 0 -1.20478 0 0 0 0 -1.09307
4 5 0.00280682 0 -1.056 0 0 0 0 -1.0532
5 6 0.212794 0 -1.29875 0 0 0 0 -1.08595
6 7 0.146369 0 -1.34207 0 0 0 0 -1.1957
7 8 0.617118 0 -1.25161 0 0 0 0 -0.634494
8 9 0.113614 0 -1.23063 0 0 0 0 -1.11702
9 10 0.115145 0 -1.2504 0 0 0 0 -1.13526
10 11 0.107557 0 -1.39224 0 0 0 0 -1.28468
11 12 0.15065 0 -1.33706 0 0 0 0 -1.18641
12 13 0.115014 0 -1.10892 0 0 0 0 -0.993906
13 14 0.325714 0 -1.23267 0 0 0 0 -0.906951
14 15 0.244721 0 -1.28328 0 0 0 0 -1.03856
15 16 0.334155 0 -1.40605 0 0 0 0 -1.0719
16 17 0.158703 0 -1.11182 0 0 0 0 -0.953121
17 18 0.320155 0 -0.990805 0 0 0 0 -0.670649
18 19 0.0971989 0 -1.32147 0 0 0 0 -1.22428
19 20 0.0500379 0 -1.09454 0 0 0 0 -1.0445
20 21 0.0685183 0 -1.17183 0 0 0 0 -1.10331
21 22 0.307678 0 -1.10324 0 0 0 0 -0.795557
22 23 0.0052328 0 -1.2228 0 0 0 0 -1.21756
23 24 0.170737 0 -1.16317 0 0 0 0 -0.992438
#Total energy per particle is  -0.973085 and should be -0.97308510

