
#id1 id2 FENE BEXC STCK NEXC HB CRSTCK CXSTCK total, t = 100
0 1 1.91395 0 0 0 0 0 0 1.91395
1 2 0.166599 0 -1.23223 0 0 0 0 -1.06563
2 3 0.0250992 0 -1.37098 0 0 0 0 -1.34588
3 4 0.472115 0 -1.30875 0 0 0 0 -0.836634
4 5 0.0606363 0 -0.896811 0 0 0 0 -0.836175
5 6 0.653298 0 -0 0 0 0 0 0.653298
6 7 1.36291 0 0 0 0 0 0 1.36291
7 8 1.98721 0 0 0 0 0 0 1.98721
8 9 0.258169 0 -1.20471 0 0 0 0 -0.946538
9 10 0.0504277 0 -1.27268 0 0 0 0 -1.22226
10 11 0.0357091 0 -0.942408 0 0 0 0 -0.906699
11 12 0.000470048 0 -1.1822 0 0 0 0 -1.18173
12 13 2.09369 0 0 0 0 0 0 2.09369
12 14 0 0 0 0 0 -0 -0.270864 -0.270864
13 14 1.90088 0 0 0 0 0 0 1.90088
14 15 0.0185986 0 -1.21063 0 0 0 0 -1.19204
15 16 0.742964 0 -1.27591 0 0 0 0 -0.53295
16 17 0.732422 0 -0.581826 0 0 0 0 0.150596
17 18 0.359615 0 -0.447524 0 0 0 0 -0.0879094
18 19 1.21568 0 -0 0 0 0 0 1.21568
19 20 1.35911 0 0 0 0 0 0 1.35911
20 21 1.47084 0 0 0 0 0 0 1.47084
21 22 5.61944e-05 0 -1.1417 0 0 0 0 -1.14164
22 23 0.266124 0 -0.904783 0 0 0 0 -0.638659
23 24 0.138831 0 -1.23242 0 0 0 0 -1.09359
24 25 0.0175426 0 -1.22525 0 0 0 0 -1.20771
26 27 0.0305093 0 -1.18678 0 0 0 0 -1.15627
27 28 0.12435 0 -1.2885 0 0 0 0 -1.16415
28 29 0.182764 0 -1.15093 0 0 0 0 -0.968165
29 30 0.0158897 0 -1.26513 0 0 0 0 -1.24924
30 31 1.88884 0 0 0 0 0 0 1.88884
31 32 2.01687 0 0 0 0 0 0 2.01687
32 33 0.562822 0 -0.782113 0 0 0 0 -0.219292
33 34 0.495348 0 -1.1155 0 0 0 0 -0.620152
34 35 0.283513 0 -1.20469 0 0 0 0 -0.921181
35 36 0.016642 0 -1.15337 0 0 0 0 -1.13673
36 37 0.128088 0 -1.21562 0 0 0 0 -1.08753
37 38 1.9858 0 0 0 0 0 0 1.9858
38 39 2.13667 0 0 0 0 0 0 2.13667
39 40 0.00338103 0 -1.3465 0 0 0 0 -1.34312
40 41 0.0180459 0 -1.34708 0 0 0 0 -1.32904
41 42 0.0722863 0 -1.17873 0 0 0 0 -1.10645
42 43 0.0424776 0 -1.01008 0 0 0 0 -0.967604
43 44 1.97339 0 0 0 0 0 0 1.97339
44 45 1.65927 0 0 0 0 0 0 1.65927
45 46 0.0424208 0 -1.06987 0 0 0 0 -1.02745
46 47 0.101075 0 -1.16904 0 0 0 0 -1.06797
47 48 0.0827141 0 -1.28661 0 0 0 0 -1.2039
48 49 0.238133 0 -1.40866 0 0 0 0 -1.17053
49 50 0.0985248 0 -1.01778 0 0 0 0 -0.919253
51 52 0.0454305 0 -1.11617 0 0 0 0 -1.07074
52 53 0.0969772 0 -1.30535 0 0 0 0 -1.20838
53 54 0.146277 0 -1.21364 0 0 0 0 -1.06736
54 55 0.100131 0 -1.26651 0 0 0 0 -1.16638
55 56 0.0986092 0 -1.39552 0 0 0 0 -1.29691
56 57 0.0815181 0 -1.22913 0 0 0 0 -1.14761
57 58 0.170314 0 -1.37139 0 0 0 0 -1.20108
58 59 0.420304 0 -1.18733 0 0 0 0 -0.767026
59 60 0.345272 0 -1.09652 0 0 0 0 -0.75125
60 61 0.713303 0 -0.697054 0 0 0 0 0.0162484
61 62 0.56025 0 -0.134588 0 0 0 0 0.425662
62 63 1.66108 0 0 0 0 0 0 1.66108
63 64 1.92994 0 0 0 0 0 0 1.92994
64 65 0.0200218 0 -1.19101 0 0 0 0 -1.17099
65 66 0.127655 0 -0.0216392 0 0 0 0 0.106016
66 67 0.00233497 0 -0.807044 0 0 0 0 -0.804709
67 68 0.00307421 0 -1.24367 0 0 0 0 -1.24059
68 69 0.00881891 0 -1.28075 0 0 0 0 -1.27193
69 70 7.71472e-05 0 -1.10172 0 0 0 0 -1.10164
70 71 0.0310005 0 -1.37873 0 0 0 0 -1.34773
71 72 0.740962 0 -1.13955 0 0 0 0 -0.39859
72 73 0.10028 0 -1.31182 0 0 0 0 -1.21154
73 74 0.119103 0 -1.20088 0 0 0 0 -1.08178
74 75 0.0243212 0 -1.25179 0 0 0 0 -1.22747
#Total energy per particle is  -0.313035 and should be -0.31303510

