t = 0
b =  30.0 30.0 30.0
E = 0. 0. 0.
3.31502120011 28.2077084335 12.0388139274 0.479109737433 0.472583316754 -0.739674839522 0.148875135661 0.786728942776 0.599077427868 0.0 0.0 0.0 0.0 0.0 0.0
3.73199422044 28.4284846298 12.2958673723 -0.119135299891 0.61568585448 -0.778933699947 0.148875135661 0.786728942776 0.599077427868 0.0 0.0 0.0 0.0 0.0 0.0
4.12181034541 28.789606436 12.3753628559 -0.67211884495 0.524879042371 -0.522262624684 0.148875135661 0.786728942776 0.599077427868 0.0 0.0 0.0 0.0 0.0 0.0
4.35841695852 29.2703744364 12.3358085578 -0.969753203585 0.234661906556 -0.0671752465388 0.148875135661 0.786728942776 0.599077427868 0.0 0.0 0.0 0.0 0.0 0.0
4.37396829837 29.8046336258 12.28094166 -0.898962106769 -0.144707210898 0.413433130877 0.148875135661 0.786728942776 0.599077427868 0.0 0.0 0.0 0.0 0.0 0.0
4.18460119769 30.305906802 12.3203168575 -0.486640275747 -0.469099639556 0.736971349639 0.148875135661 0.786728942776 0.599077427868 0.0 0.0 0.0 0.0 0.0 0.0
3.88430443084 30.7002487005 12.5276846973 0.110564332224 -0.615273272219 0.78052183117 0.148875135661 0.786728942776 0.599077427868 0.0 0.0 0.0 0.0 0.0 0.0
3.609210807 30.9543390373 12.9129725131 0.665763701845 -0.527694301946 0.52753901941 0.148875135661 0.786728942776 0.599077427868 0.0 0.0 0.0 0.0 0.0 0.0
3.48587803994 31.0881414414 13.418512865 0.96802831016 -0.239635443784 0.0741353141939 0.148875135661 0.786728942776 0.599077427868 0.0 0.0 0.0 0.0 0.0 0.0
3.58320735665 31.1673189385 13.940952364 0.902522778875 0.139464925961 -0.407433636361 0.148875135661 0.786728942776 0.599077427868 0.0 0.0 0.0 0.0 0.0 0.0
3.88626676919 31.2782874698 14.3705173529 0.494133754519 0.465580238605 -0.734211736534 0.148875135661 0.786728942776 0.599077427868 0.0 0.0 0.0 0.0 0.0 0.0
4.30196398663 31.4953850312 14.6327187533 -0.101984944654 0.614813834516 -0.782050522633 0.148875135661 0.786728942776 0.599077427868 0.0 0.0 0.0 0.0 0.0 0.0
4.69441373272 31.8526294256 14.7166517124 -0.659357858256 0.530469375556 -0.532775239996 0.148875135661 0.786728942776 0.599077427868 0.0 0.0 0.0 0.0 0.0 0.0
4.93656283428 32.3307943307 14.6791385388 -0.966229697631 0.244590731846 -0.0810897361577 0.148875135661 0.786728942776 0.599077427868 0.0 0.0 0.0 0.0 0.0 0.0
4.95845984586 32.8647137009 14.6231409574 -0.906014720377 -0.13421202023 0.401403114195 0.148875135661 0.786728942776 0.599077427868 0.0 0.0 0.0 0.0 0.0 0.0
4.77383077343 33.3680394369 14.6586432284 -0.501589603093 -0.462025381916 0.731396210363 0.148875135661 0.786728942776 0.599077427868 0.0 0.0 0.0 0.0 0.0 0.0
4.47486433518 33.7660464725 14.8608672886 0.0933977905366 -0.61430757636 0.783519657922 0.148875135661 0.786728942776 0.599077427868 0.0 0.0 0.0 0.0 0.0 0.0
4.19718792623 34.0240220768 15.2416946794 0.652901802014 -0.533204051869 0.537970887686 0.148875135661 0.786728942776 0.599077427868 0.0 0.0 0.0 0.0 0.0 0.0
4.06834050359 34.1604538006 15.7451525511 0.96435750297 -0.249527393377 0.0880379828242 0.148875135661 0.786728942776 0.599077427868 0.0 0.0 0.0 0.0 0.0 0.0
4.15931840409 34.2400057473 16.2686786837 0.90943766535 0.128948893734 -0.395342023629 0.148875135661 0.786728942776 0.599077427868 0.0 0.0 0.0 0.0 0.0 0.0
4.45760264903 34.3489515984 16.7020865896 0.509007253677 0.458435340206 -0.728524985539 0.148875135661 0.786728942776 0.599077427868 0.0 0.0 0.0 0.0 0.0 0.0
4.87191511346 34.5623977997 16.9694272021 -0.0848035238156 0.613754536303 -0.784929125155 0.148875135661 0.786728942776 0.599077427868 0.0 0.0 0.0 0.0 0.0 0.0
5.26689661196 34.9157493668 17.0578431958 -0.646396024771 0.53589812263 -0.543125566809 0.148875135661 0.786728942776 0.599077427868 0.0 0.0 0.0 0.0 0.0 0.0
5.51453211628 35.3912589279 17.0224536995 -0.962411868751 0.254445052431 -0.0949795250574 0.148875135661 0.786728942776 0.599077427868 0.0 0.0 0.0 0.0 0.0 0.0
5.54278580484 35.9247692467 16.9654136174 -0.912791353124 -0.123675947281 0.389250826237 0.148875135661 0.786728942776 0.599077427868 0.0 0.0 0.0 0.0 0.0 0.0
5.36296867573 36.4300876294 16.9971032735 -0.516386141388 -0.454810386869 0.725598280717 0.148875135661 0.786728942776 0.599077427868 0.0 0.0 0.0 0.0 0.0 0.0
5.06544130945 36.8317319701 17.1941930804 0.076202798978 -0.613154756462 0.786278816996 0.148875135661 0.786728942776 0.599077427868 0.0 0.0 0.0 0.0 0.0 0.0
