t = 0
b =  30.0 30.0 30.0
E = 0. 0. 0.
6.69953562847 11.3366893008 17.149311516 0.766770661743 0.0995807201625 -0.634150165546 0.343590581909 0.770798134121 0.536484620897 0.0 0.0 0.0 0.0 0.0 0.0
7.11161472535 11.4270830733 17.4820349536 0.303170243939 0.449638568523 -0.84018626559 0.343590581909 0.770798134121 0.536484620897 0.0 0.0 0.0 0.0 0.0 0.0
7.59280148888 11.6199719716 17.6232379055 -0.275609618274 0.628871207145 -0.727021556172 0.343590581909 0.770798134121 0.536484620897 0.0 0.0 0.0 0.0 0.0 0.0
8.01116303125 11.9562120814 17.5987162708 -0.749680778557 0.569185160007 -0.337649202412 0.343590581909 0.770798134121 0.536484620897 0.0 0.0 0.0 0.0 0.0 0.0
8.25863481656 12.4221979663 17.4972274898 -0.938935677073 0.293256154314 0.180001728539 0.343590581909 0.770798134121 0.536484620897 0.0 0.0 0.0 0.0 0.0 0.0
8.29207618474 12.9550316008 17.4367701085 -0.771473213701 -0.0940857673842 0.629266993348 0.343590581909 0.770798134121 0.536484620897 0.0 0.0 0.0 0.0 0.0 0.0
8.14966020958 13.4664183817 17.5197541581 -0.3109151781 -0.445682933023 0.839463206602 0.343590581909 0.770798134121 0.536484620897 0.0 0.0 0.0 0.0 0.0 0.0
7.93637110979 13.8762117239 17.7940938721 0.267764731886 -0.627957700986 0.730733312592 0.343590581909 0.770798134121 0.536484620897 0.0 0.0 0.0 0.0 0.0 0.0
7.78411898905 14.1428620885 18.2350042677 0.744716343441 -0.57166083945 0.344385615918 0.343590581909 0.770798134121 0.536484620897 0.0 0.0 0.0 0.0 0.0 0.0
7.80162498224 14.2792023467 18.7544173752 0.938737765129 -0.298180467349 -0.172799934064 0.343590581909 0.770798134121 0.536484620897 0.0 0.0 0.0 0.0 0.0 0.0
8.03311627853 14.347572358 19.2344407324 0.776117014986 0.0885836496104 -0.624335900033 0.343590581909 0.770798134121 0.536484620897 0.0 0.0 0.0 0.0 0.0 0.0
8.4415234728 14.436135015 19.5721467015 0.318636434866 0.441693357043 -0.838676219241 0.343590581909 0.770798134121 0.536484620897 0.0 0.0 0.0 0.0 0.0 0.0
8.92256385243 14.6253816867 19.7186764 -0.259899454177 0.626996373416 -0.73438942084 0.343590581909 0.770798134121 0.536484620897 0.0 0.0 0.0 0.0 0.0 0.0
9.3443601433 14.9575522014 19.697802007 -0.739695195291 0.574092984707 -0.351095803126 0.343590581909 0.770798134121 0.536484620897 0.0 0.0 0.0 0.0 0.0 0.0
9.59754289112 15.42058723 19.5968953146 -0.93846836467 0.303082072786 0.165584980205 0.343590581909 0.770798134121 0.536484620897 0.0 0.0 0.0 0.0 0.0 0.0
9.6368017457 15.9527098267 19.5337337236 -0.780701711956 -0.0830747858488 0.619357261122 0.343590581909 0.770798134121 0.536484620897 0.0 0.0 0.0 0.0 0.0 0.0
9.49809962046 16.4658955233 19.6117546398 -0.326333426234 -0.437670144403 0.837825363438 0.343590581909 0.770798134121 0.536484620897 0.0 0.0 0.0 0.0 0.0 0.0
9.28500978045 16.8793142967 19.8807578739 0.252014384119 -0.625987297645 0.737989602491 0.343590581909 0.770798134121 0.536484620897 0.0 0.0 0.0 0.0 0.0 0.0
9.12936662723 17.150039246 20.3179858612 0.734617716489 -0.576481410561 0.357779253029 0.343590581909 0.770798134121 0.536484620897 0.0 0.0 0.0 0.0 0.0 0.0
9.1411796056 17.2893552395 20.8367696404 0.938127496212 -0.30796059735 -0.158357416408 0.343590581909 0.770798134121 0.536484620897 0.0 0.0 0.0 0.0 0.0 0.0
9.36683877625 17.3584716052 21.3194558416 0.785226955468 0.0775595956206 -0.614331455758 0.343590581909 0.770798134121 0.536484620897 0.0 0.0 0.0 0.0 0.0 0.0
9.7714904561 17.4452676832 21.6621051681 0.334005566048 0.433613601488 -0.836910703991 0.343590581909 0.770798134121 0.536484620897 0.0 0.0 0.0 0.0 0.0 0.0
10.2522787152 17.6309059953 21.8139806733 -0.244110122189 0.624930550517 -0.741533583376 0.343590581909 0.770798134121 0.536484620897 0.0 0.0 0.0 0.0 0.0 0.0
10.6774220644 17.958997246 21.7968235748 -0.729484293703 0.578825935123 -0.364435456657 0.343590581909 0.770798134121 0.536484620897 0.0 0.0 0.0 0.0 0.0 0.0
10.9362794458 18.4190318868 21.6965934026 -0.937715185712 0.312815669522 0.151117793082 0.343590581909 0.770798134121 0.536484620897 0.0 0.0 0.0 0.0 0.0 0.0
10.9813846211 18.9503728694 21.630810536 -0.789692400907 -0.0720384989289 0.609258866674 0.343590581909 0.770798134121 0.536484620897 0.0 0.0 0.0 0.0 0.0 0.0
10.8464793888 19.4652926738 21.7039082472 -0.341652270045 -0.429524037218 0.835932310552 0.343590581909 0.770798134121 0.536484620897 0.0 0.0 0.0 0.0 0.0 0.0
10.6336945107 19.8823024605 21.967556755 0.236187270329 -0.623826212509 0.745021093609 0.343590581909 0.770798134121 0.536484620897 0.0 0.0 0.0 0.0 0.0 0.0
