t = 0
b =  30.0 30.0 30.0
E = 0. 0. 0.
0.278861647742 27.7107020838 18.7244379833 0.389476523725 -0.741892246239 0.545805764387 0.268652380083 0.658338093618 0.703147817437 0.0 0.0 0.0 0.0 0.0 0.0
0.118011935552 27.8379790074 19.2210394905 0.832077241874 -0.52636089388 0.174904753936 0.268652380083 0.658338093618 0.703147817437 0.0 0.0 0.0 0.0 0.0 0.0
0.146834256828 27.8452719487 19.7575105419 0.958557904245 -0.110856237652 -0.262445496786 0.268652380083 0.658338093618 0.703147817437 0.0 0.0 0.0 0.0 0.0 0.0
0.394159882538 27.8272952071 20.2341571339 0.72086639256 0.346764556678 -0.600088315425 0.268652380083 0.658338093618 0.703147817437 0.0 0.0 0.0 0.0 0.0 0.0
0.805807025113 27.8883634571 20.5740135756 0.209305686098 0.672643698331 -0.709747550092 0.268652380083 0.658338093618 0.703147817437 0.0 0.0 0.0 0.0 0.0 0.0
1.26516540542 28.1027608593 20.752083041 -0.381773749917 0.742974252986 -0.549761824133 0.268652380083 0.658338093618 0.703147817437 0.0 0.0 0.0 0.0 0.0 0.0
1.63749844742 28.4865192659 20.8048342812 -0.827810955422 0.531036467064 -0.180912389658 0.268652380083 0.658338093618 0.703147817437 0.0 0.0 0.0 0.0 0.0 0.0
1.82113195609 28.9913274518 20.8163465365 -0.959348938701 0.117349048848 0.256668686342 0.268652380083 0.658338093618 0.703147817437 0.0 0.0 0.0 0.0 0.0 0.0
1.78608184399 29.5228853571 20.8863664269 -0.726414220708 -0.340921234996 0.596737037129 0.268652380083 0.658338093618 0.703147817437 0.0 0.0 0.0 0.0 0.0 0.0
1.58544558743 29.9767302562 21.0924125437 -0.217502595271 -0.669669841767 0.710095010599 0.268652380083 0.658338093618 0.703147817437 0.0 0.0 0.0 0.0 0.0 0.0
1.33522960743 30.2779238938 21.4603248406 0.374041902559 -0.743999679368 0.553676017388 0.268652380083 0.658338093618 0.703147817437 0.0 0.0 0.0 0.0 0.0 0.0
1.17027649089 30.409522781 21.954447603 0.82348162796 -0.535671599765 0.186906248201 0.268652380083 0.658338093618 0.703147817437 0.0 0.0 0.0 0.0 0.0 0.0
1.19303603735 30.4190153102 22.4911756506 0.960066915021 -0.12383292346 -0.250872329583 0.268652380083 0.658338093618 0.703147817437 0.0 0.0 0.0 0.0 0.0 0.0
1.4346428673 30.4002801207 22.9707173427 0.731906729602 0.335051950843 -0.593340314997 0.268652380083 0.658338093618 0.703147817437 0.0 0.0 0.0 0.0 0.0 0.0
1.84308785929 30.4579200338 23.3150070914 0.225682940779 0.666644987251 -0.710388394622 0.268652380083 0.658338093618 0.703147817437 0.0 0.0 0.0 0.0 0.0 0.0
2.30297728474 30.6675216928 23.4973637832 -0.366281570463 0.744968447293 -0.55754804607 0.268652380083 0.658338093618 0.703147817437 0.0 0.0 0.0 0.0 0.0 0.0
2.67937281467 31.0469389328 23.5526273803 -0.819089589185 0.540265939 -0.19288587311 0.268652380083 0.658338093618 0.703147817437 0.0 0.0 0.0 0.0 0.0 0.0
2.86905684697 31.5495098106 23.5639226366 -0.960711778528 0.130307367716 0.245056867925 0.268652380083 0.658338093618 0.703147817437 0.0 0.0 0.0 0.0 0.0 0.0
2.83974659913 32.0817842569 23.6310786136 -0.737343500964 -0.329157151186 0.589898407702 0.268652380083 0.658338093618 0.703147817437 0.0 0.0 0.0 0.0 0.0 0.0
2.64235887705 32.5390273203 23.8327019512 -0.233846099657 -0.663569365139 0.710627679819 0.268652380083 0.658338093618 0.703147817437 0.0 0.0 0.0 0.0 0.0 0.0
2.39166592919 32.845009726 24.1963128909 0.358493344607 -0.745880482987 0.56137761531 0.268652380083 0.658338093618 0.703147817437 0.0 0.0 0.0 0.0 0.0 0.0
2.22269155051 32.9809686522 24.6878898755 0.814635173566 -0.544819134892 0.198850809013 0.268652380083 0.658338093618 0.703147817437 0.0 0.0 0.0 0.0 0.0 0.0
2.23941328528 32.9927360394 25.2247949084 0.961283480114 -0.136771888561 -0.239222744237 0.268652380083 0.658338093618 0.703147817437 0.0 0.0 0.0 0.0 0.0 0.0
2.47525961959 32.9733262703 25.7071691092 0.742724120763 0.323237284938 -0.58641157736 0.268652380083 0.658338093618 0.703147817437 0.0 0.0 0.0 0.0 0.0 0.0
2.8804099406 33.0275984505 26.0558707724 0.24199145025 0.66044320965 -0.710812847966 0.268652380083 0.658338093618 0.703147817437 0.0 0.0 0.0 0.0 0.0 0.0
3.34072222031 33.2324186811 26.2425426246 -0.350677818095 0.746735716994 -0.565164433472 0.268652380083 0.658338093618 0.703147817437 0.0 0.0 0.0 0.0 0.0 0.0
21.6891227815 21.6630398671 23.4021064171 0.840557467149 0.357484529718 -0.407023286106 0.434258521071 0.0045258965697 0.90077691641 0.0 0.0 0.0 0.0 0.0 0.0
22.0681232817 21.3769774645 23.6535264337 0.490986368455 0.8371952447 -0.240907675767 0.434258521071 0.0045258965697 0.90077691641 0.0 0.0 0.0 0.0 0.0 0.0
22.5590441401 21.2817537442 23.850031538 -0.0451186604693 0.998841489062 0.0167327883569 0.434258521071 0.0045258965697 0.90077691641 0.0 0.0 0.0 0.0 0.0 0.0
23.0396801984 21.4142159728 24.0503508819 -0.564082355937 0.78101115199 0.268016186427 0.434258521071 0.0045258965697 0.90077691641 0.0 0.0 0.0 0.0 0.0 0.0
23.391733666 21.7247097181 24.311764524 -0.868741733431 0.266461620467 0.417475754282 0.434258521071 0.0045258965697 0.90077691641 0.0 0.0 0.0 0.0 0.0 0.0
23.545757428 22.0959433982 24.6683417774 -0.843351601807 -0.349321135672 0.408329303263 0.434258521071 0.0045258965697 0.90077691641 0.0 0.0 0.0 0.0 0.0 0.0
23.5075391659 22.3875493144 25.1179977083 -0.497558096569 -0.832390952031 0.244051723032 0.434258521071 0.0045258965697 0.90077691641 0.0 0.0 0.0 0.0 0.0 0.0
23.3559025201 22.4894116868 25.6232852372 0.0372660482825 -0.999221528879 -0.0129451871056 0.434258521071 0.0045258965697 0.90077691641 0.0 0.0 0.0 0.0 0.0 0.0
23.2127606711 22.3635014804 26.1256219102 0.557932198337 -0.786431140813 -0.26502400423 0.434258521071 0.0045258965697 0.90077691641 0.0 0.0 0.0 0.0 0.0 0.0
23.1967994842 22.0583242706 26.5675463532 0.866630578114 -0.274862413925 -0.416415771182 0.434258521071 0.0045258965697 0.90077691641 0.0 0.0 0.0 0.0 0.0 0.0
23.378386765 21.6904921649 26.914548808 0.846081511975 0.341131139468 -0.409604224562 0.434258521071 0.0045258965697 0.90077691641 0.0 0.0 0.0 0.0 0.0 0.0
23.752838353 21.4004209133 27.1681819669 0.504091933708 0.827523269569 -0.247177184813 0.434258521071 0.0045258965697 0.90077691641 0.0 0.0 0.0 0.0 0.0 0.0
24.2421977131 21.2989836169 27.3654710788 -0.0294105981418 0.999525474109 0.00915660002829 0.434258521071 0.0045258965697 0.90077691641 0.0 0.0 0.0 0.0 0.0 0.0
24.7248529265 21.4253881838 27.5648474379 -0.551739552039 0.79179123986 0.262011639429 0.434258521071 0.0045258965697 0.90077691641 0.0 0.0 0.0 0.0 0.0 0.0
25.0817390916 21.7322815888 27.8239493585 -0.864453425523 0.283242275545 0.41532407641 0.434258521071 0.0045258965697 0.90077691641 0.0 0.0 0.0 0.0 0.0 0.0
25.2415730712 22.1037400794 28.1777244153 -0.84874698976 -0.332915164808 0.410847952914 0.434258521071 0.0045258965697 0.90077691641 0.0 0.0 0.0 0.0 0.0 0.0
25.2079351477 22.3993105476 28.625152276 -0.510587382295 -0.822592568006 0.250283823095 0.434258521071 0.0045258965697 0.90077691641 0.0 0.0 0.0 0.0 0.0 0.0
25.0579088144 22.5073710142 29.129632342 0.0215529082703 -0.999753301604 -0.00536731564039 0.434258521071 0.0045258965697 0.90077691641 0.0 0.0 0.0 0.0 0.0 0.0
24.9127954673 22.3875376841 29.6328889283 0.545504888638 -0.797091040939 -0.258979321427 0.434258521071 0.0045258965697 0.90077691641 0.0 0.0 0.0 0.0 0.0 0.0
24.8920299766 22.0860074262 30.0771111701 0.862210441457 -0.29160056717 -0.4142007531 0.434258521071 0.0045258965697 0.90077691641 0.0 0.0 0.0 0.0 0.0 0.0
25.0678053832 21.7180068099 30.4269163371 0.851347832177 0.324673837369 -0.412060393603 0.434258521071 0.0045258965697 0.90077691641 0.0 0.0 0.0 0.0 0.0 0.0
25.4376455549 21.424015605 30.6827923245 0.517043947675 0.817599222834 -0.253371401294 0.434258521071 0.0045258965697 0.90077691641 0.0 0.0 0.0 0.0 0.0 0.0
25.9253459108 21.3163961686 30.880912293 -0.0136935770613 0.999904994014 0.00157762251062 0.434258521071 0.0045258965697 0.90077691641 0.0 0.0 0.0 0.0 0.0 0.0
26.4099248154 21.4367051072 31.0793918806 -0.539228682928 0.802330140449 0.255927281147 0.434258521071 0.0045258965697 0.90077691641 0.0 0.0 0.0 0.0 0.0 0.0
26.7715865247 21.7399052264 31.3362101 -0.859901796728 0.299936652282 0.4130458868 0.434258521071 0.0045258965697 0.90077691641 0.0 0.0 0.0 0.0 0.0 0.0
26.9372335924 22.111475915 31.6871821423 -0.853883841159 -0.31640778476 0.413241454298 0.434258521071 0.0045258965697 0.90077691641 0.0 0.0 0.0 0.0 0.0 0.0
19.9996364402 22.3735406299 1.5306486317 0.902570007977 -0.379512015354 -0.203317512531 0.369589915938 0.440730736378 0.818021828589 0.0 0.0 0.0 0.0 0.0 0.0
20.1688623152 22.2158698019 2.01561008933 0.860614251204 0.169573481527 -0.480195736119 0.369589915938 0.440730736378 0.818021828589 0.0 0.0 0.0 0.0 0.0 0.0
20.5342652357 22.0968532544 2.39111091379 0.491696751696 0.654235177658 -0.574639571111 0.369589915938 0.440730736378 0.818021828589 0.0 0.0 0.0 0.0 0.0 0.0
21.0117504463 22.1269696362 2.63562262994 -0.0640245645133 0.890341991568 -0.450768225577 0.369589915938 0.440730736378 0.818021828589 0.0 0.0 0.0 0.0 0.0 0.0
21.4746412554 22.360039503 2.77738171489 -0.59542187823 0.788192997157 -0.155642494703 0.369589915938 0.440730736378 0.818021828589 0.0 0.0 0.0 0.0 0.0 0.0
21.8018056286 22.7727779883 2.88366208827 -0.900608465484 0.386596305242 0.198614422113 0.369589915938 0.440730736378 0.818021828589 0.0 0.0 0.0 0.0 0.0 0.0
21.9236762738 23.2736411135 3.03521662542 -0.86363883933 -0.16187478658 0.477414399311 0.369589915938 0.440730736378 0.818021828589 0.0 0.0 0.0 0.0 0.0 0.0
21.8486804184 23.7376048761 3.29559778991 -0.498558378844 -0.648846940578 0.574836664268 0.369589915938 0.440730736378 0.818021828589 0.0 0.0 0.0 0.0 0.0 0.0
21.6600381648 24.0536639581 3.68701299012 0.0559327452175 -0.889311293708 0.453868869714 0.369589915938 0.440730736378 0.818021828589 0.0 0.0 0.0 0.0 0.0 0.0
21.4841457822 24.1670045028 4.18188761345 0.589174084225 -0.791911417867 0.160468703272 0.369589915938 0.440730736378 0.818021828589 0.0 0.0 0.0 0.0 0.0 0.0
21.4425556507 24.0998288148 4.71334108275 0.89857833817 -0.393651154325 -0.193896206437 0.369589915938 0.440730736378 0.818021828589 0.0 0.0 0.0 0.0 0.0 0.0
21.6057964797 23.9429203338 5.20059590568 0.866597658015 0.154163764241 -0.474596705548 0.369589915938 0.440730736378 0.818021828589 0.0 0.0 0.0 0.0 0.0 0.0
21.9665782721 23.8211534877 5.57966639466 0.505382038841 0.643409291292 -0.574989981388 0.369589915938 0.440730736378 0.818021828589 0.0 0.0 0.0 0.0 0.0 0.0
22.4425619161 23.8460518098 5.82766789928 -0.0478366664266 0.888212871351 -0.456934949979 0.369589915938 0.440730736378 0.818021828589 0.0 0.0 0.0 0.0 0.0 0.0
22.9076411905 24.0734182839 5.97151106768 -0.582881422332 0.795569531456 -0.165282691528 0.369589915938 0.440730736378 0.818021828589 0.0 0.0 0.0 0.0 0.0 0.0
23.2398526263 24.4821348578 6.07767804134 -0.896479780636 0.400676025348 0.189163224814 0.369589915938 0.440730736378 0.818021828589 0.0 0.0 0.0 0.0 0.0 0.0
23.367711468 24.9821855442 6.22696477806 -0.869490481933 -0.146441001735 0.471742869409 0.369589915938 0.440730736378 0.818021828589 0.0 0.0 0.0 0.0 0.0 0.0
23.2973699269 25.4488549996 6.4837853167 -0.512167212039 -0.637922643897 0.575099510795 0.369589915938 0.440730736378 0.818021828589 0.0 0.0 0.0 0.0 0.0 0.0
23.1102798537 25.7701099683 6.87169980691 0.0397369446883 -0.887046808144 0.459966232879 0.369589915938 0.440730736378 0.818021828589 0.0 0.0 0.0 0.0 0.0 0.0
22.9322478184 25.8891625892 7.36446361439 0.576544371762 -0.799167059346 0.170084092867 0.369589915938 0.440730736378 0.818021828589 0.0 0.0 0.0 0.0 0.0 0.0
22.8856390907 25.8260450537 7.89599809619 0.894312952696 -0.407670383341 -0.18441583768 0.369589915938 0.440730736378 0.818021828589 0.0 0.0 0.0 0.0 0.0 0.0
23.0428890287 25.6699990416 8.38549498199 0.872317090785 0.13870708718 -0.468853108223 0.369589915938 0.440730736378 0.818021828589 0.0 0.0 0.0 0.0 0.0 0.0
23.398983675 25.5455713143 8.76811678701 0.518913381721 0.632387416223 -0.575165244147 0.369589915938 0.440730736378 0.818021828589 0.0 0.0 0.0 0.0 0.0 0.0
23.873364643 25.5652963185 9.01962965653 -0.0316341968279 0.885813192888 -0.462962487569 0.369589915938 0.440730736378 0.818021828589 0.0 0.0 0.0 0.0 0.0 0.0
24.3405345948 25.7869424678 9.16561021245 -0.570163415106 0.802703727569 -0.174872541644 0.369589915938 0.440730736378 0.818021828589 0.0 0.0 0.0 0.0 0.0 0.0
24.6777357782 26.1915649571 9.27172856699 -0.892078019362 0.414633695656 0.179654406565 0.369589915938 0.440730736378 0.818021828589 0.0 0.0 0.0 0.0 0.0 0.0
24.811587749 26.6907032104 9.41879914917 -0.875077269313 -0.130962609543 0.465927642058 0.369589915938 0.440730736378 0.818021828589 0.0 0.0 0.0 0.0 0.0 0.0
