t = 100
b = 30 30 30
E = -0.401346415842032 -0.606058973423969 0.204712557581936
22.9163085751821 14.9545580782458 21.0329497571791 0.65675895939252 0.507772634675507 -0.557525347341604 0.577908818682399 0.136051415295188 0.804680862824253 0.308306738036259 -0.0533271076320247 -0.372400251121497 -0.102072035768801 0.103331417164617 -0.544923133427839
23.3417670108217 14.9585003394851 21.3370147464429 -0.068053831720077 0.908455011838683 -0.412405200347365 0.624391070600121 0.361184686673979 0.692590279294824 0.337664527857481 -0.294733352788707 -0.0329873154717792 0.114537838042178 0.150779310590672 -0.324839277064429
23.6839946948112 15.3279525236097 21.4264251803538 -0.650060894686381 0.735621734137825 0.190476721234211 0.604678956829022 0.348964676898527 0.715951741675594 0.364405133477099 0.123872671085371 -0.180187104621076 0.583302455235861 0.347457985484616 0.157165991659681
24.0042525795118 15.6857346797724 21.652118931565 -0.870047527029477 0.313473865592238 0.380461978906721 0.484071786975775 0.397314261696093 0.779625400909133 -0.102997607768021 0.0438814209322287 0.493989272307041 0.525111749419393 0.272798338639782 0.151840259474647
24.0894145132498 16.0855371422603 21.9450612787336 -0.822393555913656 -0.22528767671384 0.522411889899506 0.4319925325482 0.350239609999797 0.831092384204639 0.0291136517819821 -0.0952084308183475 0.496811888139979 0.669678313252951 -0.145699449411788 -0.111567898514136
24.2482316003202 16.5643638859204 22.1874577070444 -0.373863883820432 -0.724525342208969 0.579041195225565 0.49720759925453 0.370460437810861 0.784565835499886 0.205889931240329 0.446910845169521 0.664670443489054 0.420404464273038 -0.024013093520062 0.440432500059162
24.892717483054 17.4348721013219 22.5157889081298 0.052722503171378 -0.957749533187594 0.282729641490992 0.626395661275426 0.252215460966443 0.737574212124643 2.90152422805106 2.558220910656 0.0762538556971655 -0.104980802357912 -0.00481189083534903 0.0498976196235328
24.4684723391498 16.5856730632357 22.9249651424487 0.710937926631891 -0.700932503753862 0.0571031626757704 0.287672354246255 0.363949175464141 0.885881198694428 0.977597170903854 -0.577072093452234 -0.770629457706329 0.374641078880169 -0.27138305631377 -0.117750711183383
24.5329008749247 16.4666137281429 23.4213624690462 0.925529108479354 -0.136965417318935 -0.353038567594901 0.378523669445748 0.308155380324251 0.872788619334093 0.514830986509681 -0.00622514266580499 -0.695937410902588 0.375881844476773 -0.671215272739871 0.188236404759742
24.7801040825415 16.4046826457623 23.877230418097 0.780713678361633 0.0204870657425878 -0.624552893640101 0.613424198609014 0.165445648780832 0.772229480960933 0.989736335811112 0.80245969085414 0.119823329858877 0.308870769731048 -0.201064214685847 -0.308310957884169
25.0826036313887 16.2324403941275 24.2199243876983 0.503051143139155 0.643089001329626 -0.577387188834174 0.585857305284252 0.237412598227761 0.774858927074915 0.703082874945764 0.901770282078529 -0.0118614202856477 0.2542420462197 -0.0345051237828978 0.057750171194008
25.5532066819139 16.2494045594676 24.4192179182733 -0.117508847581718 0.970868178077422 -0.208821773712768 0.582701421899732 0.237683035391538 0.777152307128218 0.869620625041959 0.786318917325358 -0.341138911639297 0.228589430405 0.526669221479892 0.123329198375882
25.9928743251306 16.5764936413337 24.6025983193172 -0.63714684479596 0.770360607053769 -0.0242551877689224 0.554125743439507 0.479723777442886 0.680301141184221 0.66009601967119 0.985483832513605 -0.282667347277907 0.549254480210244 0.691631814565259 0.275702749903326
26.3017794494869 17.1660363032902 24.474212431154 -0.768354637102927 0.492053387522402 0.409285349705195 0.608966060380058 0.365259974934313 0.70409187772827 0.354512027056437 1.66758183330858 -0.391123702571339 0.529737426031448 -0.0500627847972418 -0.14931983590334
26.3858224313245 17.2256841946405 24.8653830368149 -0.702575656196281 -0.0770100103097846 0.707429704810626 0.612041884283461 0.441765975139399 0.655932497045016 0.144358478471516 0.785829701660288 0.300380693322203 0.292329404662716 0.099194014456771 -0.0657752718190876
26.3790271971127 17.5240702263919 25.2917490990529 -0.321429856754887 -0.710185818745384 0.626353599220128 0.565174805152833 0.38684074447993 0.728650505840666 0.287073595982945 0.0760578194933121 -0.360928057396766 0.42262461534762 0.0875791266719048 0.191229463521951
26.3144484918964 17.5831670343005 25.7340658051697 0.211446068792804 -0.93294903236735 0.291370117769472 0.376258594982912 0.352833518078638 0.85670173565341 0.0356869477061036 0.380552655719817 -0.189816070771393 0.281715801659392 0.377865311618104 0.618587939456171
26.3830797653194 17.5467690593947 26.1752550489145 0.646987391722849 -0.743772767434279 -0.16795615349462 0.462969326454025 0.208164378130218 0.861583934817064 -0.0441756119609715 0.23546611402737 -0.281298233587274 0.248565038674716 -0.405884248880604 0.122144145766338
26.5973726907693 17.5716462527712 26.5339508055398 0.784482859743445 -0.31883796580934 -0.531910590867849 0.58386484407554 0.0906409757680104 0.806775024314704 0.909537551623815 0.770227771557666 -1.40400772473111 0.222633211970707 0.37311593064653 0.652122867883744
27.1845881189703 17.6081383363694 26.7107337269511 0.761680868209262 0.391185630621309 -0.516542295211484 0.512533289149216 0.123989216861531 0.849668278401962 1.94684693231581 1.74583816885549 -0.332874981348844 0.355864613186589 0.42217918614779 0.44879297671348
27.1373240785561 17.1628575721337 27.3089584534394 0.570364205555809 0.558399692747026 -0.602390522454602 0.696968331488395 0.0590648125858362 0.714665222170312 -0.029607997161291 0.750101529949047 -0.405912099161634 0.445238133194201 -0.0691930636907613 -0.360086905469139
27.5568795105053 16.9556364554369 27.5009655800446 -0.0262588087066792 0.983575249495318 -0.178577950969761 0.681695305282668 0.148278646328708 0.716452955424677 0.125174333987959 0.337858337487508 -0.222585938199707 0.219754866862913 -0.244904580373 -0.106727377848356
27.9080395316684 17.2574360274345 27.6729840213363 -0.567088930969823 0.820078407722969 0.0766904849556866 0.613794492442489 0.358674032656234 0.703284539028553 -0.0962432673629824 0.245285792467189 0.242564949201811 0.381284035752428 0.0824078700642652 -0.0149076321991411
28.240031751809 17.5674106398978 27.7649741048884 -0.681382124152823 0.342591395835821 0.646799365384065 0.714808752203422 0.12146707609475 0.688690117547774 0.316645045900644 0.869746923348398 -0.00718227016267102 0.503690517813948 -0.36339753943051 0.238629333016715
28.5615486696776 17.829826988667 28.0759117376116 -0.784094452206949 -0.16485515690804 0.598346511704564 0.567058870233716 0.201574182907843 0.798631308766298 0.225664515942897 -0.382829130260641 0.386818318491895 -0.197700061218766 -0.0537418501186302 0.256253654007774
28.7434814238235 18.0439358949818 28.5001031595265 -0.570361602470641 -0.772429567793254 0.279356557670838 0.443770004496224 -0.00358428341994098 0.896133481715506 -0.117463005362414 -0.369443586494278 0.819062158918288 -0.115850875758529 0.310982390116309 0.0667067470678349
8.00558958305156 20.5752176096473 5.19969135874199 -0.474640296546036 0.876436709709684 0.0810873949724021 0.872101769366 0.455831500724024 0.177921416464744 0.0274813888590011 0.0982967770431426 0.00798380250320551 -0.0685089137920405 -0.00330743132465226 -0.157355720303588
8.36661981589827 20.9359202388939 5.15927510476084 -0.629063307439548 0.385805824189903 0.674857838571489 0.771405670915323 0.417011569785117 0.480660506704744 -0.164573802890415 0.149361895198251 -0.502612116895062 0.22832065478054 -0.176821720119925 -0.496436959817902
8.67235827931815 21.3841077381232 5.31102409313815 -0.443365963682607 -0.0506483508239923 0.894908513696815 0.798726486073241 0.430763292958165 0.420093879187769 -0.268425998663986 -0.0722246787133657 -0.113225395217821 0.553725452576023 0.767502931121759 0.147015411235083
8.8259167401393 21.7924058193572 5.53031592135638 0.034338549911708 -0.61257330608692 0.789667455325655 0.720071076317053 0.563089687041996 0.405496656063204 0.00684180405710563 0.0099190434121927 0.1635185323239 0.436905364562408 0.126864385127869 0.283788817780623
9.07128762169785 22.0525816727906 5.81850222346229 0.29798832521861 -0.919271472813366 0.257182425240277 0.758652415252685 0.391590727651064 0.520675620829036 -0.155137501362239 -0.164659164437669 -0.237508238305202 0.397112572178061 -0.0368134119493626 0.221364741163694
9.34318278716756 22.2054513489776 6.15678344570239 0.46148522974826 -0.803493873889681 -0.376070288152633 0.803156482875895 0.19835456552531 0.56177844549046 0.112024123050317 -0.361510502520742 0.248347047807254 0.552624673521235 -0.486306469121064 -0.216477225432563
9.60206068573655 22.1249231540093 6.57139517520235 0.516548946615601 -0.464045181284789 -0.71961040597647 0.850925002971893 0.184550262176653 0.491800496624372 0.0266718608681649 -0.385573701305053 0.0689718416549206 0.962179126404683 -0.0708610904271654 0.140307952060253
9.94369293113078 21.9494754655148 6.89132069856353 0.386590203868179 0.102619864450357 -0.916524445168411 0.893076718904065 0.206330365380013 0.399801999269477 0.0636199961059864 0.17163676508846 -0.144264060879282 0.34821623372065 0.112706253785133 0.607763549334636
10.4450011803262 21.9365566758857 6.91573672900008 -0.043175695880406 0.686839701831279 -0.725525304420811 0.924010453650339 0.303610053827398 0.232433859632008 0.204188979484607 0.0189747684078498 -0.544167900409876 0.271827606907347 -0.33758314564699 -0.10293455887054
10.9311818394182 22.0817826938479 6.83393757072205 -0.317113008841968 0.909821033256407 -0.267703025321648 0.935458626276179 0.346520374933144 0.0695749688708672 0.0532054207072862 0.563356219857077 -0.172991909145197 0.584263082866927 -0.141170498698223 0.0784875187385696
11.3727943728073 22.1927502738291 6.63463691469915 -0.385698811597147 0.89357983193221 0.22967671080857 0.90001968097502 0.309637189521917 0.306739735802347 0.159971086274117 0.589481012930359 0.682175533417561 0.426546958542303 -0.247193278336835 0.418921384281388
11.7647412836546 22.482685080927 6.63027564342354 -0.509846355958998 0.45251054509755 0.731635688770507 0.843561109481494 0.429763053909525 0.322037657853229 0.188476500828249 0.845372858046828 0.414966294995047 0.0755111040871404 0.0861792747851167 0.123665328934469
12.2962761859085 22.8962762629062 6.81965163658583 -0.301483440585688 -0.00635490560193932 0.953450172295809 0.848343894819035 0.454664968286112 0.271278979075769 0.501275820842412 -0.0453956814593494 0.994118883749359 0.203151859539528 0.360534627703484 0.130567946286921
13.5837961355012 23.0734334877529 7.35252162738611 -0.324282808365013 -0.536310360096209 0.779237923198011 0.759874997898101 0.342938876355522 0.552252476729921 5.26438619782482 -0.102553123483445 2.49247886681271 0.314979800254597 0.395116446371154 -0.386047602375973
12.8540083778007 23.64882062815 7.24748656590416 0.3167011073559 -0.89986146930358 0.299916032840262 0.725942765815712 0.433458090721492 0.533967296521879 1.02831990802355 -0.412019906157696 0.428848591278601 0.589198107375385 -0.0136090651782576 0.170531218068276
12.6261250566432 23.7133585471923 7.84016791945843 0.358606656327278 -0.930965365876323 -0.0685903588687553 0.828356968851433 0.283483043925872 0.48317903639089 -0.223287178352243 -0.166017030843662 0.546369492838725 0.340842640005314 0.168975968281061 -0.582674917864599
12.9792077381408 23.5834011365938 8.00705211257453 0.512379581461023 -0.342036143082147 -0.787704466327972 0.858279001417277 0.173297569653291 0.48303726231492 -0.270354528710704 -0.14290255540214 0.52462889815832 0.500009376555121 0.294837172394435 0.347124654303641
13.4298289994432 23.4167830353756 8.08335271852599 0.266982347990821 0.0790013271366158 -0.960457754195843 0.93977881135883 0.199341068499851 0.277630705787924 -0.144193008338462 -0.100645799184801 0.130021036914952 0.461112063548792 -0.0153995904535823 0.0696863535404536
13.9887848194549 23.3516943559711 8.06839830081523 0.105730251197476 0.449684015469663 -0.886907708461844 0.83488980939157 0.444350317582709 0.324825619267962 -0.228403030298289 0.372599995153191 0.152363456221281 0.418352913739819 0.342781725107457 0.0619480150893705
14.3971675476006 23.428740296148 7.9363058033882 -0.229465827865493 0.93019326256962 -0.286506212838575 0.963883055670634 0.258057553048936 0.0658456126285237 -0.163880556425751 0.090724780918892 -0.439793795236762 0.432346414694145 0.382447123149595 0.104456643709425
14.7906620583331 23.6137239788719 7.75249617374796 -0.386384702211514 0.88781653750875 0.249977076129856 0.921015334293999 0.385897455457992 0.0530452310308313 0.619460805558788 0.610598677699061 -0.0968351572460225 0.532843554782171 -0.385980074600285 0.197801767823039
15.0981497030373 23.9174249329698 7.62507677263258 -0.43056773897486 0.530238528551876 0.730382369615758 0.890179518163259 0.383048249104898 0.246686735340786 0.212556729611235 0.415485434954786 -0.261145112475773 0.406838233207587 -0.248029657349629 0.104022153525107
15.4481075373049 24.2555944392228 7.7185592171192 -0.481028253495588 0.0294220592404123 0.876211186793617 0.808961452624135 0.400127194425919 0.430673283824311 -0.0386224750049125 0.050486911056093 0.0613233363789694 0.243064371259308 0.276909031863749 -0.150720032001178
15.6758820167539 24.6330369758753 7.93017218132202 -0.227466572761716 -0.566221173726169 0.792245177904244 0.776638957650743 0.385307843089902 0.498367012069571 0.233775161753325 -0.0856072795196195 -0.0524562949051345 0.533732979675369 0.0147405790218162 -0.265384032403979
15.8332302838105 24.9591396967526 8.19835278037598 0.257554743145506 -0.897009683515054 0.35922007598559 0.785956363394203 0.410736541233029 0.462134150420711 0.32669662648515 0.238245193339783 0.238428513208477 0.316579027775036 -0.117134806551889 0.26253018726419
16.1660545386869 25.1253701912517 8.55962507115012 0.385911031935348 -0.853905942601104 -0.3491664360742 0.905410060736511 0.277981449487338 0.320871962841808 0.249266579451556 -0.541265284350955 -0.137190322950907 0.0808878632429936 0.162382914509526 0.320939260914812
28.4636371148667 23.6487853644682 16.0014561317945 -0.584965302295059 0.809669577885527 0.0474410385274589 0.68678552928163 0.463372011980649 0.560010624086185 -0.454418139076804 0.368183156949859 0.0856126718375071 0.36694205311893 0.306552242281195 -0.201535154672532
28.6955392856261 24.0794751801099 16.0004110559478 -0.701346184581843 0.202223101224559 0.683534366902319 0.626644078181148 0.631959855472637 0.456008592368038 -0.642851101051518 0.0987337360366235 -0.696673403268937 0.317710854942607 -0.213174635241462 0.165789107775156
28.927560569801 24.316786882331 16.205373579823 -0.633419871651103 -0.172848370654492 0.754256314762088 0.653714502944008 0.402029134959772 0.64111606159887 -0.23305127686034 0.0989766562817405 -0.602303660597491 0.390176723542148 -0.0386001548763638 -0.177161828960972
29.141838814328 24.7003890699381 16.4981275895902 -0.296199947186644 -0.754007485646156 0.586291892889775 0.631759676082179 0.305711349380065 0.712334305882131 -0.0526942659667783 0.0545614619425464 -0.186767455122079 0.251656973292424 0.0246269394233075 -0.0610283587438258
29.1629400649498 24.942718414807 16.9794062672685 0.316228775929442 -0.926552148360729 0.203716372772634 0.398314163563309 0.324566568415193 0.85790574199024 -0.413825002583459 0.0420790738671188 0.170245098082853 0.624906681794754 -0.0715640281196056 0.0163923544222249
29.1638317571655 25.0042913467961 17.4906771117676 0.646601134199367 -0.751610769569465 -0.130338425366432 0.372757100483264 0.162242734982412 0.913635232796885 0.032917952761133 -0.451034367576415 0.0412052852856621 0.928683029571272 -0.0430866466362817 0.462011788665283
28.1226843918701 24.8028553179984 17.4824994159653 0.874620897373581 -0.324780502032932 -0.359938596142268 0.449121468651536 0.263221295520574 0.853817509742376 -4.98257752505871 -0.631241975214327 -3.23961699503075 0.417836204832966 -0.583016134458238 -0.124247782318058
29.6359407364727 24.734757540069 18.261363415187 0.62682834874753 0.281969042818798 -0.726346722341774 0.70086047828778 0.203238212428733 0.683731454841083 0.140586681738457 0.136891296932285 -0.582922381152356 0.286253940105211 -0.317268899425976 -0.206409580482782
30.0561174527366 24.7183703792193 18.599244009984 0.275838060733582 0.642662158655175 -0.714771708880841 0.703350222909932 0.371889818985418 0.605802201616463 -0.27282651626171 0.33407359327118 -0.233310430172928 0.51320455516149 -0.0344331150089978 -0.319874680980604
30.5931083971883 24.712152403002 18.7459719323164 -0.171389572338398 0.956785775330452 -0.23491801855104 0.742288745615172 0.282189717251094 0.607763328857007 -0.7494273938232 0.45773183087757 0.283661266189262 0.443055171168825 0.0772794385072038 0.219609052902222
31.0693789672496 24.8821130733428 18.8425019787275 -0.560640087906147 0.800307018194153 0.212582335285052 0.777188577295005 0.419967024490016 0.468620850580785 -0.440327925031442 -0.154650915799595 -0.180117608614719 0.260453963573252 -0.101505026126185 -0.189771776040516
31.4562630321293 25.1083476183013 18.9854333083907 -0.749031479779784 0.363918553149189 0.553637977212754 0.660120019419872 0.48120413583742 0.576787676502805 0.0670104978900334 -0.826163574288136 0.343586495552972 0.416850818678061 0.379475729116251 0.316265571921169
31.5450241700318 25.3804976814757 19.2672333975148 -0.523659726315808 -0.412924972696977 0.745166655150678 0.454580139156088 0.60432400211374 0.654331178093065 -0.820026643597864 -1.43374400686748 0.914979313471942 0.269431905319261 0.728586518672857 0.73922107750109
31.3674197124543 25.5040039092806 19.8571899934567 -0.10007486814689 -0.84032213426651 0.532769761330638 0.657187710816199 0.346208620485554 0.669510107947196 -1.53036863501677 -0.510450753661917 1.83921306440701 0.148145130888576 0.124371625709448 0.680222490140002
31.893511168489 26.0890146634293 19.8423841181093 0.0103138128628429 -0.971217158704087 0.237972136503454 0.807265411553569 0.148529115729524 0.571193086737603 -0.126095320945074 -1.35580981888024 -0.126264182259803 0.0509415391151078 0.273294990671153 -0.646017129526913
31.7687963626817 26.2432930174966 20.2745424206565 0.675288600874207 -0.726981141274201 -0.124433142125988 0.51077427546256 0.339243905051549 0.789951325116401 -0.171252954639284 -0.162304493949007 -0.0352891327866457 0.380143666989162 0.0787485770656473 0.413648623742395
32.0204459652998 26.3270184509779 20.7058121864144 0.649970508822367 -0.513426319971394 -0.560296024307022 0.675703860565749 0.0530205304531672 0.735263902567089 0.215146490283231 0.0691365099824131 0.228237298575045 0.355275900130929 -0.117863403419803 -0.552717741234117
32.2805294331471 26.0012059308311 21.0279549721347 0.678666082059922 0.172430684606567 -0.713918685418416 0.700657616271452 0.139442431898763 0.699738950467734 0.473502633408448 -0.295910914542593 0.400373983580259 0.895399699631019 -0.529790607018815 -0.335535804232232
32.5382245182083 25.756168344377 21.3202108369599 0.387489648571908 0.670459297027733 -0.632721095999094 0.761342020815446 0.15426891215683 0.629729557765317 -0.517533282005287 -1.2987233661796 0.723015623084743 0.559808231093409 -0.475124452566979 0.0199014804338836
32.9328305601142 25.4953779086585 21.5588960802453 -0.234699676250408 0.912652438536779 -0.334636323793447 0.654184889028752 0.402923376539409 0.640074030432609 -0.177431856443151 -0.768267258985529 0.527505666067123 0.10763265843715 -0.407639214174669 -0.205971972315494
33.5730050744843 26.1309114794235 21.2890759932412 -0.484833154121111 0.860468047536823 -0.156625168735024 0.668108631219918 0.479942850191463 0.568582096897123 -0.559576123639765 0.193864004940618 -0.0556117955069007 0.364916357041873 -0.0628117777485973 -0.972375545422171
33.9301885747438 26.5188528352695 21.3588041865639 -0.798951391068043 0.415367553606815 0.434909590819227 0.598722718239447 0.481257562236397 0.640251628947609 -0.635438905617002 0.0564146533127967 0.276473771463666 0.670200732675663 -0.0405795261386513 -0.371322559168624
34.1679802194743 26.9826271900769 21.5106511337255 -0.655802390408234 -0.0794734060982682 0.750737694069766 0.607628301334062 0.534576333946502 0.587380520768948 -0.667244375561507 -0.339316993292435 -0.100098900595678 0.468675685888159 0.646752940353103 0.00474699820615123
34.326579953811 27.3926231622049 21.8199428261787 -0.48401835395076 -0.635287149706022 0.601777662225124 0.495896036231518 0.367476940766859 0.786795846069494 0.417379764708517 -0.443362925303019 -0.590419858157101 0.43125816044309 0.00990709655810565 -0.344923998865346
34.2894665075897 27.5960580792465 22.2258313190019 0.161021541721902 -0.953640723488546 0.254246562317336 0.466219082871735 0.300550743449198 0.832051023154203 -0.353055609507266 -0.0699605427919341 0.0958358410154665 0.549589249903183 0.632850688775469 0.109057749350059
34.3348117518087 27.6420452515215 22.8101478557737 0.544064073794001 -0.772573580659871 -0.327298378895706 0.558302409001085 0.042149984445013 0.828566044934967 0.368874545502192 -0.4986201365234 -0.0114428061650625 0.713711285864589 -0.197636824096673 0.398106126629455
33.637891441443 26.7929570666116 23.2478956303841 0.964735465425638 -0.0692441818218895 -0.253950010172025 0.258950174197964 0.0765784581093558 0.962850168367738 -3.29878734378045 -3.38814415038252 -0.421507405154777 0.781535828703345 -1.04468448755609 0.348231453375732
