t = 100
b = 30 30 30
E = -0.0552779944567341 -0.288761250050357 0.233483255593623
11.1672587671816 7.9025272196024 20.8414178710119 0.240651674282014 -0.439492570968716 0.865409115445622 0.3131068200453 0.879097773738871 0.359375992858799 0.369521968967923 -0.103619984139141 -0.403901894948274 -0.113329564744591 -0.280996482419888 -0.479782832028611
11.187373790306 8.29102131198246 21.2075750144473 0.760645457345829 -0.553500772363521 0.339197972391858 0.382962883346791 0.804504009050846 0.453996267478101 -0.100913863571596 -0.200260224690968 0.2164391225268 0.138911229613368 0.137474568625851 -0.387317519305926
11.2702435188188 8.51025842567857 21.5143561435942 0.964147467552148 -0.17604188964127 -0.198566852068116 0.251503572284914 0.844883671098633 0.472141311762981 0.131277465027878 0.0709762816586427 -0.0303892266154037 0.677414880113227 0.311165382968903 0.093703078015239
11.5507078156941 8.72807509910753 21.8452705623302 0.699064229679734 0.152105333444339 -0.69869381789513 0.441987396562642 0.676183024991295 0.589426460797194 0.615643142235405 -0.102943117948669 0.0655077618997296 0.155323740993449 0.245009614853315 0.134173311594494
11.8788366495891 9.08591532957805 22.115824964897 0.222619822068467 0.213424285770306 -0.951257257877524 0.356501587338512 0.890343053409726 0.283188535434165 -0.295153043708617 0.0273407767214932 -0.593105430588634 0.380382578344275 -0.411188782542205 -0.421394340876402
12.2185505847443 9.43986850567494 22.1184128362014 -0.440947400948336 0.361744845931878 -0.82140485561617 0.311818158779414 0.919918112820802 0.23773931694202 -0.0103936549497081 0.719950682346276 -0.874302488287589 0.473306532217058 0.215472001750436 -0.0780487947410146
12.5181232922243 9.77496803321952 22.0169283610416 -0.88606777106445 0.399439993240949 -0.235226442882945 0.345088663587296 0.90720160057937 0.240622011633685 -0.464057046100876 0.811847612407193 -0.403880911233366 0.45081823413431 0.274843407707051 0.774395856442519
12.1684823249833 11.0305663711434 20.4061665226721 -0.78660974274657 0.524914558481292 0.325130281136209 0.59524531187514 0.784617791272062 0.173371917398468 -2.23526655200552 4.79604184061359 -6.1918103551279 0.123274737939864 -0.830728200712284 -0.0935390000941402
12.5751234777642 10.6885245026623 21.6915939722415 -0.682929379797294 -0.143707668640566 0.716209082072725 0.209886198533745 0.900512340879001 0.380821728037819 -0.666806242616618 -0.359706404385413 -0.438929510353472 0.0223673003203493 0.474471194123821 -0.0544331016958823
12.5716640361895 11.101435615975 21.9300228348269 -0.335726060985136 -0.423541457882437 0.841368247458865 0.131310086737542 0.863445863473023 0.487051111242817 0.205130694586298 0.262224681348262 -0.53174249455733 0.284133394319101 0.46138915071557 -0.393812087229253
12.3741317549257 11.437335503367 22.1657441145956 0.362817275234913 -0.49105156658707 0.791979712275543 0.243966339571044 0.870301876692236 0.427849214388951 -0.228131296643238 -0.104546732387502 -0.0297267282807749 0.475419816653424 0.25995198402154 0.0151226132012478
12.3426896910611 11.7035057203999 22.5671148671629 0.831771646967477 -0.454211510706559 0.319135882803798 0.256573637147079 0.824366448722767 0.504568936087894 0.125732868946713 -0.114787235507201 0.388879502363231 0.474212308238842 0.10666758706074 0.0919085604398728
12.3179975103617 11.9775010923614 22.7273063881377 0.984455961267646 -0.167743878463738 0.0520417012059802 0.12723138040172 0.885399880773318 0.44707841425594 -0.0917136637658321 1.01060866967422 -0.336580511426216 0.203269469819983 -0.705901921018267 -0.324727998316056
12.4935404691884 12.3032858905011 23.1419792819304 0.832719273920944 -0.0395109128762637 -0.552283790615602 0.225814801151764 0.934963262180626 0.27358957602611 0.312258231134927 0.53689109401736 -0.316457898746056 -0.111238885100851 0.10262691292771 -0.309898222836175
12.3604058441134 13.614796876739 21.6727194037558 0.122998462125467 0.184329195153699 -0.975137942533009 0.450344458905605 0.86523519976728 0.220358346075005 -2.31457853405294 4.60815962587419 -7.36457958868328 0.278010991377216 0.349824345947414 0.12977887473749
13.3860583416238 12.6224180912069 23.6310962181782 -0.34126848685717 0.293996031702612 -0.892805709817852 0.269985872310809 0.940462540732683 0.206489029237227 -0.074281646150243 -0.173484106343242 0.20426933574264 0.173727640536553 -0.10749832106804 -0.559002041754614
13.6600549252774 13.0377126608278 23.6667416560186 -0.822304546745066 0.196258860190297 -0.534132543981726 0.193435003402434 0.979153399099522 0.0619790813750967 -0.396322866175758 0.106659774091932 0.137133287646801 0.341167531561853 0.176503033494829 -0.302951891531251
13.8241283796373 13.4079259347347 23.4613728100023 -0.917426110536474 0.171337664351056 0.359127582268705 0.227503099037813 0.96633712568781 0.120144858658321 -0.654818615338432 0.260600709797216 -0.366182858675045 0.654513093604029 -0.13168660587463 0.0398383784604994
13.7575516406869 13.9771365165822 23.217963897838 -0.562276414777869 0.315774235973271 0.764285121021099 0.493112812475313 0.869958883551739 0.00334312774656952 -0.472722182016927 0.0461764503558747 0.239162675199982 0.395629975071499 -0.394597210955911 0.243064803227087
13.7886225122427 14.4719160803245 23.1510005427915 0.0834015648289192 -0.16232814576145 0.983205796558592 0.349186314048885 0.928848112797379 0.123733513102665 -0.302806835213589 -0.139095799506008 -0.0648739616622697 -0.197925884257657 -0.426464083111785 0.562920974728385
12.7607840670492 15.5884044599234 21.6352568047923 0.473479360873425 -0.542779891306776 0.69369097396846 0.0770618570290294 0.810072135686186 0.581243921719951 -2.91262106683797 2.70330414654071 -7.19380804093243 0.647906518992158 0.219793832999246 0.193591161459077
13.3867735455174 15.1662913679034 23.8144583345145 0.659370976552479 -0.552673495111961 0.509687953386072 0.192659416124123 0.779515349233533 0.596018506744587 0.167739324645458 0.0417870111313715 0.141710740484102 0.399261829541493 0.0571513438313973 -0.626793205090387
13.4688884233155 15.4739366571906 24.236834477705 0.911299940838481 -0.390618033008761 -0.130191600177955 0.405559431998378 0.796967248488461 0.447621084451183 0.0235137889679027 -0.217452072636496 -0.410413159921621 0.711481539591544 0.00782395186408608 -0.4174505187902
13.7591246591866 15.5875399869418 24.5961427736595 0.736633751523573 0.0935287377469273 -0.669793230886052 0.379422079882393 0.76268438248483 0.523785552315353 0.0780343637315423 -0.293867728405968 -0.252250654838704 0.436346709636472 -0.151461425485308 -0.0461498470610816
14.0255739629829 15.9014207628357 25.0132404019093 0.326319045793153 0.296592212781276 -0.897523716787839 0.254468354343604 0.886883466062821 0.385594936671083 -0.387794361824685 0.204165459479245 0.25708724315908 0.43527735439782 -0.198846681015817 -0.188854568114354
14.3686102170695 16.2376989335948 25.1795901012058 -0.343272353700357 0.466354875159142 -0.815277316347484 0.378114030593497 0.863192023519457 0.33455820407192 -0.29958333406551 0.220638939303394 0.528139817238062 -0.045764249359642 -0.0161579899879357 0.16805419686108
14.6991079758548 16.560769384373 25.1526158586457 -0.934769563286745 0.348134874136982 -0.0707662822722523 0.29760795461457 0.876171244060555 0.379148173359627 -0.655867047148175 0.190557933317045 -0.0145387069217875 -0.0608132336463172 -0.0483221475385459 0.534552118919451
2.95138709868402 21.7857373976432 2.93872483773361 0.511231595600461 -0.837741515375594 0.191914800016183 0.74538784249707 0.543350657917068 0.386221319514977 0.0173443699680131 -0.288017895869505 0.043625132504389 -0.160678959050012 -0.237438110070651 -0.254110307211975
3.28510442157892 22.0106036666611 3.27832974654396 0.539449819620089 -0.71457501820307 -0.44539456276456 0.840617411326919 0.426547455472477 0.333795621573909 -0.152433713141671 -0.0853125361253231 0.576783934631568 0.211213130722822 0.291473438969638 -0.305735578461404
3.69189249592322 22.0821074338804 3.57082118584496 0.420773450167034 -0.251549633385897 -0.871591857682863 0.876718629860855 0.359589886095594 0.319467438799872 0.109681713742562 0.212021727692415 -0.015662720977738 0.336542909335385 0.191850501910073 -0.00637574734975078
4.14341745407332 22.0529720690282 3.76508823827087 0.119474884782751 0.372172799765937 -0.92044176369054 0.832002180204754 0.468343576498904 0.29736602249753 0.123632228646619 -0.499668430589 -0.296985601418555 0.554446537826703 -0.00649705924541752 -0.164142568279372
4.62088831697061 22.1573604803653 3.79345532370066 -0.304662498112962 0.752796557199527 -0.583504916883712 0.802532303533427 0.532828243250643 0.268394949942099 -0.21150160440222 -0.0837687072607217 -0.127540076189492 0.486752293942873 -0.00697606642966153 0.414031794172079
5.05861196874661 22.3691676423852 4.05784030275189 -0.535594167195707 0.78477439495651 -0.311878054235057 0.781045221671989 0.600772779054775 0.17041219806613 0.170918461664968 0.527752807331759 0.716270760618263 0.316734666819911 0.113430303388984 -0.31373189906876
6.2530224126654 22.0771415018423 5.3902947118235 -0.707019143434813 0.520933950503939 0.478279867778985 0.70493676355758 0.573138373853669 0.417823461114652 3.02659573598018 -2.26451503554978 7.24558043624425 -0.0146763730595326 0.110135758109343 0.336315610128679
5.54122235104526 23.03835729056 3.57437559828812 -0.505535146911894 0.405065647872546 0.761810948997275 0.766293815572785 0.616563373034592 0.180674505849674 -0.218601684682629 -0.120059514005478 0.656697723198782 0.199255300973217 -0.508532725978258 -0.584190068690512
5.70647519370093 23.4961265646063 3.69692742450929 -0.111106376091963 -0.296804538204254 0.948452592461358 0.716238752758118 0.637692792893986 0.283460458899624 -0.0182264450067063 -0.262402302843268 0.560935116886614 0.332319940413241 -0.317616455392904 -0.136157087774342
5.79975722183164 23.9193003892137 3.97461156944183 0.370639675763591 -0.61891944200695 0.692506199324146 0.533471780996283 0.752213152337387 0.386759766039909 -0.103866506482801 -0.170046508104851 0.40459849362903 0.325334138347268 -0.0496872555341498 0.113679193314714
6.01554799297009 24.2366627718956 4.34363588564799 0.501302062792304 -0.776558930492875 0.381644279370793 0.636648148471477 0.629732007278757 0.445102926708501 0.531099091900979 -0.255211806468753 -0.150779863362095 0.335372831218881 -0.100122839931603 -0.256917650690376
6.16836200254672 24.4466050164292 4.75320445535776 0.739838261132317 -0.518034702764048 -0.429277620434272 0.661092487384598 0.678203165505219 0.320931568734239 0.576819601915468 -0.175835198807521 -0.249023730948886 0.0144957299340398 -0.0566592416927868 0.363713381658018
6.59988254499117 23.058651184643 6.37137777349361 0.591367122570783 -0.218805463868898 -0.776150099434587 0.758727414767436 0.477006078559873 0.443618973752663 1.40827970242279 -5.13170346609746 4.77695412811335 0.229416389148306 0.475565336648595 -0.235188925967991
7.13953666096444 24.3152491793784 5.78092904637849 0.0343484476204703 0.224835775239247 -0.973791014130693 0.96336375004948 0.251875466324966 0.0921354430691261 0.606067299637542 0.0933974347485041 1.54965807025674 0.902830706701035 0.759830442839954 -0.33592923717109
7.49874801268422 24.4039306679294 5.21785751231496 -0.26075605550635 0.593056906851089 -0.761767462009237 0.759261556639407 0.613330044208452 0.217596021548159 0.0476937033461561 0.133973889318797 -0.478525066839219 0.594698174779957 0.551919527626724 0.173384433813614
7.78819205612235 24.626669097983 4.95387948405165 -0.546322543273344 0.81773522500072 0.181219956451138 0.836254749602941 0.520398551224385 0.172809808714098 -0.236268882699931 0.106988133248251 -0.562355336924839 0.311981890941226 0.112693185391078 0.582828626928347
8.17183093463542 24.9203263307849 5.16536035912361 -0.8379772335227 0.543427609711839 0.0498043933058609 0.507753850042282 0.743005238822282 0.436037984576978 -0.325160741692544 -0.748141784946994 -0.276372374308299 0.279020785571971 0.00639820492624171 -0.760566145242193
8.32701975573327 25.2550817161157 5.12444040164022 -0.629931611093689 0.140423066812953 0.763850383610819 0.698120457957528 0.533339328736481 0.477678624241197 0.333402847021629 -0.00962933204704473 0.465938464869862 0.06470484507878 -0.0651662923353137 0.29712547448757
8.48476594215322 25.1919448414511 5.3630877464925 -0.0814855589392404 -0.751648403443347 0.654511026397943 0.701615049886145 0.423153133557919 0.573304133313142 -0.0733985824167118 -1.90349167944703 1.32025499507584 -0.102691237858992 0.989459473013881 1.33737207612715
8.69171483859066 25.2842577684871 6.61450814026463 0.365379187527639 -0.758852586925293 0.539111015186386 0.685330605237809 0.611226540136501 0.395883769564876 0.766539419300697 -3.46521337749267 4.53455234832104 0.0954004032053103 0.16556873790343 0.506477959921748
8.89913702949343 26.3413358380938 6.28871218422595 0.48157299712329 -0.655150910446763 0.582120804597262 0.623224340748557 0.722991699733262 0.298117937345022 0.0335107854035147 -0.927644697982472 0.54240395884109 0.0339369878737754 -1.36873267575981 -1.17041302433272
8.90178864646049 26.671895057433 6.4383326630701 0.823286635008551 -0.391695532526062 -0.410820653688121 0.545757383424735 0.7451861792186 0.383205321827124 1.08158911921237 -0.283812882904207 0.916193422359412 -0.132078231805107 -0.466549001822149 -0.113538634538871
9.24500760664335 26.7895643326843 6.66663569213151 0.509671478510542 0.0361619540672699 -0.859608738455084 0.750048340008994 0.470798192638382 0.464517419024246 0.605806908799427 0.153994680553091 0.64325028752979 0.222856831247708 -0.113788793145008 0.280599790883104
9.58505293123297 26.8116249614027 6.8201858045836 0.266234807406405 0.503715475967802 -0.821820922608056 0.808372870717414 0.347715586237272 0.475002168898737 0.428594033073297 0.427724380638311 0.13185986513655 0.660228891150821 -0.318350150764291 0.320665182930458
10.0836452824934 26.8108779068579 7.02437804790923 -0.128284307663565 0.804417289821651 -0.580048137088103 0.924960503430031 0.308036941202608 0.222623464455958 -0.0162517370395189 0.500843462026036 0.106216091164419 0.418066286709972 -0.266334584072807 0.266114792646265
10.6032006515163 27.0149998977637 7.0584082083292 -0.566783330292874 0.813928426920454 -0.127581556362509 0.800409655750201 0.580692839120901 0.14879549292758 -0.228286436980359 0.494055808096174 -0.13351537374858 0.450975719587442 -0.0656346081670917 0.0830159700868203
