t = 0
b =  30.0 30.0 30.0
E = 0. 0. 0.
2.21949763503 17.3400390529 25.6619259503 -0.453626334221 0.0549569890329 0.889495856234 0.668861573683 0.680579655157 0.299057733954 0.0 0.0 0.0 0.0 0.0 0.0
2.22129097157 17.8686131724 25.7583172687 -0.0221195673781 -0.383892094218 0.923112985899 0.668861573683 0.680579655157 0.299057733954 0.0 0.0 0.0 0.0 0.0 0.0
2.21804215203 18.3096790769 26.0651322213 0.417790792931 -0.676894152542 0.606024058595 0.668861573683 0.680579655157 0.299057733954 0.0 0.0 0.0 0.0 0.0 0.0
2.31002875689 18.5964469381 26.5100903772 0.698975445916 -0.712732805249 0.0586964592487 0.668861573683 0.680579655157 0.299057733954 0.0 0.0 0.0 0.0 0.0 0.0
2.56134683663 18.7207473339 26.9684283928 0.714607640751 -0.477792348984 -0.510930906319 0.668861573683 0.680579655157 0.299057733954 0.0 0.0 0.0 0.0 0.0 0.0
2.97555975057 18.7361349487 27.3102996922 0.458748445263 -0.0613305910785 -0.886447078266 0.668861573683 0.680579655157 0.299057733954 0.0 0.0 0.0 0.0 0.0 0.0
3.49434438704 18.7375422533 27.4501053522 0.0286030455536 0.378431683771 -0.925187184576 0.668861573683 0.680579655157 0.299057733954 0.0 0.0 0.0 0.0 0.0 0.0
4.01964908865 18.8252130721 27.3790145644 -0.412409129379 0.674421434915 -0.61243321116 0.668861573683 0.680579655157 0.299057733954 0.0 0.0 0.0 0.0 0.0 0.0
4.45094511623 19.0666182783 27.1683196068 -0.696740180947 0.71418720721 -0.0670056214874 0.668861573683 0.680579655157 0.299057733954 0.0 0.0 0.0 0.0 0.0 0.0
4.72341919765 19.4708224808 26.9423507157 -0.716367988899 0.482621318913 0.503878524063 0.668861573683 0.680579655157 0.299057733954 0.0 0.0 0.0 0.0 0.0 0.0
4.83259717346 19.9850402282 26.83124095 -0.463835620834 0.0676995225622 0.883330793922 0.668861573683 0.680579655157 0.299057733954 0.0 0.0 0.0 0.0 0.0 0.0
4.8360438049 20.5146900838 26.9214864666 -0.0350843454964 -0.372942454285 0.927190926666 0.668861573683 0.680579655157 0.299057733954 0.0 0.0 0.0 0.0 0.0 0.0
4.83149295868 20.9593276953 27.2230851841 0.406996059274 -0.671897357485 0.618795724565 0.668861573683 0.680579655157 0.299057733954 0.0 0.0 0.0 0.0 0.0 0.0
4.91971687698 21.2508062829 27.6657384065 0.694451856516 -0.715587221051 0.0753096809887 0.668861573683 0.680579655157 0.299057733954 0.0 0.0 0.0 0.0 0.0 0.0
5.16624111783 21.3791667411 28.125558473 0.718073782851 -0.487413535359 -0.496787769506 0.668861573683 0.680579655157 0.299057733954 0.0 0.0 0.0 0.0 0.0 0.0
5.57645030007 21.3964212685 28.4721357519 0.468887473527 -0.0740632984652 -0.880147240517 0.668861573683 0.680579655157 0.299057733954 0.0 0.0 0.0 0.0 0.0 0.0
6.09354239665 21.3967930646 28.6180834395 0.0415629736305 0.367424823788 -0.929124059578 0.668861573683 0.680579655157 0.299057733954 0.0 0.0 0.0 0.0 0.0 0.0
6.62010877438 21.480919361 28.5522372686 -0.401551994845 0.669322112469 -0.62511111428 0.668861573683 0.680579655157 0.299057733954 0.0 0.0 0.0 0.0 0.0 0.0
7.05514136225 21.7176176539 28.3438969995 -0.692110646887 0.716932740154 -0.0836080053662 0.668861573683 0.680579655157 0.299057733954 0.0 0.0 0.0 0.0 0.0 0.0
7.33240730639 22.1177407875 28.1164982829 -0.719724892704 0.492168633378 0.489659182638 0.668861573683 0.680579655157 0.299057733954 0.0 0.0 0.0 0.0 0.0 0.0
7.44561193859 22.6300537766 28.0007173924 -0.473903618624 0.0804214341612 0.876896660492 0.668861573683 0.680579655157 0.299057733954 0.0 0.0 0.0 0.0 0.0 0.0
7.45079022601 23.1606988341 28.0848251233 -0.0480384365832 -0.361879212468 0.930986436096 0.668861573683 0.680579655157 0.299057733954 0.0 0.0 0.0 0.0 0.0 0.0
7.4450181503 23.6088535137 28.3811512416 0.396077350676 -0.666695895983 0.631378899363 0.668861573683 0.680579655157 0.299057733954 0.0 0.0 0.0 0.0 0.0 0.0
7.52953191914 23.9050348429 28.8214001998 0.689716730352 -0.718223662053 0.0918999626703 0.668861573683 0.680579655157 0.299057733954 0.0 0.0 0.0 0.0 0.0 0.0
7.77126663836 24.0374970657 29.2825977575 0.72132119272 -0.49688625085 -0.482493306326 0.668861573683 0.680579655157 0.299057733954 0.0 0.0 0.0 0.0 0.0 0.0
8.17742654616 24.056694052 29.6338109507 0.478883674126 -0.0867734454537 -0.873579301392 0.668861573683 0.680579655157 0.299057733954 0.0 0.0 0.0 0.0 0.0 0.0
8.69274800255 24.0561110287 29.7858917148 0.054510241223 0.356306042645 -0.932777914391 0.668861573683 0.680579655157 0.299057733954 0.0 0.0 0.0 0.0 0.0 0.0
22.1531761292 14.2716268426 27.9724572671 0.941999507956 -0.132611034038 -0.308303812273 0.331689645807 0.227784895194 0.915475843693 0.0 0.0 0.0 0.0 0.0 0.0
22.3718161913 14.0059120109 28.3851039121 0.793066576739 0.458217170554 -0.401350756158 0.331689645807 0.227784895194 0.915475843693 0.0 0.0 0.0 0.0 0.0 0.0
22.7712358045 13.8446477977 28.7062626396 0.342834393653 0.87496101107 -0.341917837552 0.331689645807 0.227784895194 0.915475843693 0.0 0.0 0.0 0.0 0.0 0.0
23.2488045285 13.8828309745 28.9494811852 -0.237646307467 0.959292534912 -0.152584615899 0.331689645807 0.227784895194 0.915475843693 0.0 0.0 0.0 0.0 0.0 0.0
23.6722017693 14.1396849149 29.1579180629 -0.727841203146 0.679172786226 0.0947180524133 0.331689645807 0.227784895194 0.915475843693 0.0 0.0 0.0 0.0 0.0 0.0
23.9296875849 14.5513563132 29.3879459236 -0.941517056894 0.141023940889 0.306035749012 0.331689645807 0.227784895194 0.915475843693 0.0 0.0 0.0 0.0 0.0 0.0
23.9725545578 14.9951741232 29.6877346429 -0.797494839403 -0.450702257387 0.401085347916 0.331689645807 0.227784895194 0.915475843693 0.0 0.0 0.0 0.0 0.0 0.0
23.8336325569 15.3362543396 30.0789507799 -0.350490999019 -0.871199132741 0.343755917358 0.331689645807 0.227784895194 0.915475843693 0.0 0.0 0.0 0.0 0.0 0.0
23.6148161218 15.4787446862 30.548526089 0.229670231789 -0.960712891894 0.155827866502 0.331689645807 0.227784895194 0.915475843693 0.0 0.0 0.0 0.0 0.0 0.0
23.4483530233 15.4022404988 31.0536223652 0.722575901659 -0.685235761154 -0.09130179614 0.331689645807 0.227784895194 0.915475843693 0.0 0.0 0.0 0.0 0.0 0.0
23.4466011242 15.1695367982 31.5379063942 0.940962905663 -0.14942610822 -0.303744379944 0.331689645807 0.227784895194 0.915475843693 0.0 0.0 0.0 0.0 0.0 0.0
23.6593417491 14.9027714114 31.9529518821 0.801862369746 0.443153021497 -0.400789395472 0.331689645807 0.227784895194 0.915475843693 0.0 0.0 0.0 0.0 0.0 0.0
24.0548669265 14.7370227699 32.2766374148 0.358120913138 0.867370909225 -0.345567818819 0.331689645807 0.227784895194 0.915475843693 0.0 0.0 0.0 0.0 0.0 0.0
24.5320257772 14.7689913544 32.5215507522 -0.221676665833 0.96206008687 -0.159059250211 0.331689645807 0.227784895194 0.915475843693 0.0 0.0 0.0 0.0 0.0 0.0
24.958653425 15.020261566 32.7302065286 -0.717255573218 0.691246552726 0.0878785868815 0.331689645807 0.227784895194 0.915475843693 0.0 0.0 0.0 0.0 0.0 0.0
25.2217826423 15.4291014511 32.9588942317 -0.940337096464 0.157816896175 0.301429879566 0.331689645807 0.227784895194 0.915475843693 0.0 0.0 0.0 0.0 0.0 0.0
25.2705619889 15.8739157025 33.2562928852 -0.806168835165 -0.43557003779 0.400462921365 0.331689645807 0.227784895194 0.915475843693 0.0 0.0 0.0 0.0 0.0 0.0
25.1355751242 16.2194417502 33.6449770743 -0.365723554963 -0.863476632056 0.347353403954 0.331689645807 0.227784895194 0.915475843693 0.0 0.0 0.0 0.0 0.0 0.0
24.9172215635 16.3681382724 34.1128404827 0.213666218341 -0.963334017245 0.162278520942 0.331689645807 0.227784895194 0.915475843693 0.0 0.0 0.0 0.0 0.0 0.0
24.7475732241 16.2972427751 34.6176952852 0.711880622989 -0.697204703196 -0.0844486853283 0.331689645807 0.227784895194 0.915475843693 0.0 0.0 0.0 0.0 0.0 0.0
24.7401980951 16.0674194438 35.1033000071 0.939639676954 -0.166195665762 -0.299092424135 0.331689645807 0.227784895194 0.915475843693 0.0 0.0 0.0 0.0 0.0 0.0
24.94701386 15.7997118052 35.5207266015 0.810413907707 0.427953883738 -0.400105950455 0.331689645807 0.227784895194 0.915475843693 0.0 0.0 0.0 0.0 0.0 0.0
25.3385635007 15.6295562678 35.8469490319 0.373298345523 0.859516597799 -0.349112536782 0.331689645807 0.227784895194 0.915475843693 0.0 0.0 0.0 0.0 0.0 0.0
25.815206511 15.655327566 36.0935912486 -0.20563949934 0.964534586005 -0.165485433535 0.331689645807 0.227784895194 0.915475843693 0.0 0.0 0.0 0.0 0.0 0.0
26.2449739909 15.9009645534 36.3025110556 -0.706451460295 0.703109758829 0.0810123526808 0.331689645807 0.227784895194 0.915475843693 0.0 0.0 0.0 0.0 0.0 0.0
26.5137058383 16.3068754325 36.5298976308 -0.938870700245 0.174561778906 0.296732191659 0.331689645807 0.227784895194 0.915475843693 0.0 0.0 0.0 0.0 0.0 0.0
