t = 100
b = 30 30 30
E = -0.339693310738224 -0.589915279913726 0.250221969175502
20.0719742569348 24.3402847477799 23.2318205991774 0.176959492623175 0.759221127832549 -0.626313427260296 0.258814302293473 0.578063967746173 0.77385857488269 1.33074630260381 -4.5946962706886 1.8821734670453 -0.311875313301069 1.10478421513057 1.25318102716611
20.6076158948383 24.9184994905085 23.6051043609008 -0.252016669996631 0.876509404713873 -0.410144788580002 0.438457452862175 0.481248137681048 0.759048862280461 -0.12135683191022 -2.16778109652102 1.87317715473659 0.418372856868899 1.02427329564056 0.773907891998823
20.8989547443444 25.7493155993863 23.1965378748198 -0.565110386360424 0.818994078488855 0.0994928758563934 0.477219898075396 0.226122781997808 0.849193464324608 0.352056883327524 -0.403394593193615 -0.218940230503635 0.432205172164681 -0.0463189842801505 0.138645821814283
21.1586032345446 26.044841144238 23.5293849914991 -0.906516424254686 0.33483668535698 0.257123021714089 0.354803799918949 0.274198025293412 0.893828611969136 0.354199713742643 -0.12049990050754 0.379376432439244 0.262489365625463 -0.164319742325496 0.252819912756018
21.2975463239205 26.4066574537107 23.855283179546 -0.879030495520512 -0.31291307765563 0.359709155222242 0.244874878318716 0.351036072086924 0.903775333028111 -0.117851916242471 -0.170344533316898 0.213534462921648 0.267464828007199 -0.399798054830518 -0.0490390599968807
21.3262257779144 26.6415195000621 24.161835311876 -0.426915437261329 -0.788430519583993 0.442854839803288 0.249895254942519 0.367795292479079 0.895700210440071 0.544730915354065 -0.428032392305314 0.767771976665807 0.266770783216806 -0.297362862395841 0.567690125446465
21.2795566196615 26.8427203202974 24.5987283943764 0.180854913528957 -0.959616931375931 0.215468632741018 0.198996074963189 0.250253923821678 0.94750905962404 -0.0483970332001167 -0.422780138530716 0.621578013471278 0.0960467046920382 0.32994390603861 0.521080149643996
22.2509314897754 26.3153603164005 25.215116327024 0.467165745933726 -0.864198996433684 0.186858616933396 0.156044709412856 0.288607101529043 0.944645897584847 5.10414196405969 -2.85277075837091 1.28016582088235 0.321172609043485 -0.29453070516221 -0.237112074557982
21.1441640647224 26.5923673965816 25.5402674299518 0.685950744013294 -0.722132831909803 0.0894184201522942 0.14497775943253 0.256057169624296 0.955728024239198 1.47749265590399 -1.02658846784343 -0.58417947683774 0.12888654382539 -0.638921354547494 -1.46903161515069
21.062784082135 26.6796510807669 26.0344254253644 0.956802241697332 0.139244095472342 -0.255226239962745 0.227414328678446 0.188499552439208 0.955379779358375 0.253938004941079 -0.760844414498028 0.531167141352005 -0.0467455359773762 0.130406606761724 -0.24611362908603
21.3213056702865 26.7019412586218 26.4160861106162 0.66975080466269 0.585008066121403 -0.457383105904518 0.358924316960385 0.284180416862943 0.889052701575105 0.353448869546999 0.00290383781399191 0.751002161267147 0.440595521817389 0.156018810744628 -0.323209410432607
21.7191295378381 26.65323743784 26.6040639763112 0.0305429630767323 0.99306958550655 -0.113489237127515 0.419149606649105 0.0903514428766486 0.903410264924022 0.111751855586498 0.649720473926353 0.656141627927364 0.298850693795803 -0.54370154175895 0.260762022248447
21.9798622730702 26.6719764055483 27.010302551399 -0.378510476230704 0.905209184267839 -0.193199475992356 0.432639223282741 0.357549758692507 0.827636005439901 0.152930922363079 0.145701792014133 0.642674349222563 0.258484650900145 -0.494961657043503 -0.802095333150443
22.404822934642 26.7623364752555 27.3034799945885 -0.805353447465528 0.590233385600995 0.0550478170032929 0.265770056994814 0.276501401725046 0.923532962301352 0.445205800089461 -0.140658720391245 0.746547864355138 0.281076512649606 0.255097787920106 -0.0606729035116941
23.2149481051288 26.6591609717865 27.7173741884538 -0.875373763212562 -0.299460334431274 0.379531508071262 0.250933711424466 0.389573188527136 0.886151729125317 2.69391386570241 -3.01348849901168 1.28854328573639 0.275789933562445 0.109436898193205 0.368582716110477
22.428916592658 27.4799184341835 27.5986318408933 -0.500098737516183 -0.59199131004015 0.63201853011531 0.357924593735766 0.523275816935245 0.773351335237709 -0.0765674688846852 -0.761324409753719 0.301192122414626 0.46117641961759 -0.482735510536447 -0.396242126829589
22.3515667389016 27.8420349706471 28.0220538900342 -0.0771088090996708 -0.94364051999127 0.321864383865335 0.199299192453387 0.301721749725766 0.932332397801742 0.453621289964926 -1.03438220499399 0.0574270593546423 0.0876421659021222 -0.50216908554392 -0.0797802054483194
22.3144809161675 27.8726276185872 28.5718002323451 0.405350745479676 -0.913944492543948 -0.0199027486274337 0.448583367599859 0.179890297335917 0.875449784513117 0.480495051786618 -0.686298571706543 -0.191761469334884 0.418351514436469 0.162777953229935 -0.375465483189002
22.2200579455445 27.7055547188047 28.9965857842785 0.894141514635256 -0.446784302897752 -0.0299101973585199 0.146878869392193 0.229534193597454 0.962154110999786 0.834549637883481 -0.718950118747997 0.108798806630313 0.373498334431434 0.406218003696572 0.363152029244709
22.332975581844 27.4997415258363 29.4443274276656 0.875298438216858 0.371144980703121 -0.310006343046287 0.292770951071814 0.10351370428875 0.950562973312148 0.850724512265284 -0.343924203755703 0.0376621572887951 0.199546465576836 -0.206348656837001 0.566798202861856
23.0621948492135 26.5644586644716 29.6301869261054 0.629561956011146 0.744965274786174 -0.220631737896574 0.178104239413365 0.138033145022668 0.974282100656954 2.50256866509184 -3.18521384839797 -0.446937131715719 -0.00621243008888055 -0.329356259825616 -0.0937167220903174
22.9804922738204 27.2707865918725 30.2077437971583 0.0896999140833464 0.87940891824484 -0.467540117869544 0.489944150134549 0.3697432587273 0.789458382402837 0.0228210919295626 -0.389393712859541 -0.0488286401541104 0.119208488668182 0.228383012584804 -0.366039457443317
23.34955687514 27.5455255584935 30.3605879670792 -0.597203281572437 0.801355581868803 -0.0343125920769863 0.30745607606626 0.268221013047715 0.912977617610581 0.44309455289479 -0.0604261748350213 0.210219087806317 0.575941617225533 0.254935047833181 0.367462233544306
23.4988722709093 27.8987708104838 30.7245077754542 -0.901335612066238 0.432794632387545 -0.0168167148231361 0.243662533432228 0.538785159306082 0.806435993460449 0.182560779481586 -0.409854387272111 0.430415665536668 0.46972823342366 0.249040981546904 -0.221990566825269
23.6501076382794 28.2666840185541 30.9444507830056 -0.904103376147698 -0.119961138153587 0.410129603216683 0.284082549924122 0.548234923199328 0.786597398149752 0.122692252860097 -0.171187679561474 0.129636682948388 0.714063201562176 -0.138364816992614 0.0807109606537391
23.6620705148645 28.6374184077043 31.221220007021 -0.43818474763301 -0.687307509499052 0.579312002787813 0.238886594228002 0.532261359112446 0.812176660792241 -0.0953638672633158 -0.164032960568903 0.132843949369873 0.311181968377003 -0.59712039957889 0.200337780153582
23.643807116799 28.9211628793062 31.6539289381243 0.020706331222849 -0.957794701421065 0.28670618988169 0.252495088013102 0.282481559761486 0.925445989860232 -0.0843140452057676 -0.0573312707834928 0.145259490210482 0.140082549243842 0.253567726146171 0.397017471502557
29.5209720891468 14.9663509570435 28.7591490489409 -0.295010924699681 0.65980468093163 0.691105070249833 0.943263722583417 0.0857532920482203 0.320779992841266 -0.413586882415952 0.0471041879904986 0.0496317862645972 -0.0685485381997736 -0.0922225171622503 -0.134347409699881
29.9661600546989 15.2631345138382 28.7916347679002 -0.397811410010137 -0.0479122258701783 0.916215249376275 0.89410177275696 0.203693712041667 0.398861846285137 0.0292888029996664 -0.215243239218105 -0.278693050336971 0.223418281926933 0.186292828030453 0.0568391847804955
30.2221222131264 15.4954826357586 29.1581160492805 -0.383736665942133 -0.515297957115544 0.766298941311277 0.737155384916223 0.328871754044054 0.590292468210687 -0.0951536833995922 -0.773376140384117 -0.0175180160390962 0.77305366902194 0.576864958018118 -0.154427475490291
30.2641889555947 15.8434061812915 29.4384428293498 0.252944374889922 -0.848391412813124 0.465027993589391 0.687522663273123 0.495798588697837 0.530562195609869 -0.289745624017624 -0.446528548170028 0.120656321688546 0.967383405482951 -0.5960535036979 0.0802404282779458
30.516061980803 16.1497455767762 29.7981060039197 0.397804186392272 -0.917074944826233 0.026930595928518 0.745543913526885 0.340226955697205 0.573070483307826 -0.143186342811664 0.252219513978936 -0.258085940875456 0.598483514387675 -0.552570811245585 -0.086826155885576
30.5796327768625 16.3863893208917 30.257721848938 0.637558400685001 -0.540848818996253 -0.548636237945294 0.755025940683331 0.297086148941332 0.584530179682291 -0.924087523642027 0.886296999314222 0.0115795946208312 0.052246565934686 -1.05045318020194 0.0753962139736484
30.8094119837549 16.6906539811001 30.575112245796 0.380477322855375 0.115124145974734 -0.917596492601883 0.869745420205595 0.292663951293236 0.397354498587626 -1.43648692025446 2.75588292133619 0.194199619647608 -0.33525612361043 0.0531217895239417 0.46564436610616
31.676283977959 15.7672242242733 30.3815857588109 0.498285881170801 0.154362800576833 -0.853160715025676 0.85507027399078 0.0752694866212361 0.513019699151029 -0.366115785594986 0.415642280661974 -0.820510870332762 0.105973246570554 -0.0515257049867627 -0.95849152452561
32.2116274185556 15.6540499793455 30.4390365025301 -0.00223089287857581 0.816370830756852 -0.577523656367825 0.937629916336193 0.202471907958836 0.282586531222016 0.00391389431308631 0.639575376150046 -0.214784084133959 0.373177787223206 -0.299336165272633 -0.481315860312014
32.6861405829 15.6348849067195 30.2629766347374 -0.194658859554582 0.952153445701857 0.235609052742977 0.980867584794238 0.189588274544774 0.0442149132554242 -0.364953375898304 0.772876305538451 -0.32187945513919 0.44632279842632 -0.120762999169743 -0.0140812983297871
33.1554400749703 15.899596605651 30.1637117177892 -0.363796894829403 0.585908556231227 0.724129038839628 0.931006067581093 0.253465073202129 0.262646227441761 -0.132290338924381 0.618902890807751 0.199748448521072 0.369146025717249 -0.19100540507006 0.179193088482139
33.5571204362517 16.2026843282186 30.2382653731372 -0.458783177299604 -0.130729368016839 0.878878668696764 0.864228037055368 0.164181610280629 0.475556705142439 0.285824685182552 0.43576527153468 0.440339295750978 0.156664440160903 0.13121569029428 0.815162320249043
32.7971121410292 17.3930214486558 30.0442382223359 -0.230782865726322 -0.563752597096189 0.793046127047351 0.853314394232974 0.274374215726631 0.443365782620203 -3.86307304077304 3.30098891023316 -0.727776559935616 0.29616554854926 0.0530313452498376 -0.0614257167412758
33.7885957757638 16.8510803819479 30.566727416522 -0.0655043532240736 -0.918845943603693 0.389141609779817 0.826908813844213 0.168290380107508 0.536563180296521 -0.603460730933448 -0.749498097786937 -0.244623579303943 0.305434890117278 0.216691097774723 0.0128154311782797
34.1271528902534 16.8518581491118 31.0301831336172 0.167830673937237 -0.965219750994157 -0.200458420075723 0.9072654196289 0.0716897674176044 0.414403085680422 -0.38937010396 -0.0160599947745947 -0.490518954424273 0.584271282362167 0.411804152831895 0.102341787072946
34.4788886835128 16.6949882654333 31.3652507420986 0.242953252722895 -0.747899532712926 -0.617753905641138 0.861416675092542 -0.126473198863263 0.491900128349802 -0.430483316577077 0.0542580092039157 -0.435486190269029 0.699202320134664 0.454399112454333 -0.176257129442664
34.7132589634109 16.4090814260635 31.6859888577261 0.480389108460541 -0.0567647810029696 -0.875216513200222 0.874335878867018 -0.0475282171107157 0.482988330961363 -0.421147741143937 -0.0709142265468714 -0.699182720550448 0.401275662403237 -0.466278773833431 0.129209379313365
35.1772442115041 16.3303564758142 31.8830490315255 0.138322895348802 0.520895662305701 -0.842338629536442 0.949920753166574 0.170856618027587 0.261645676503567 -0.538894452153128 0.201379160543605 0.0291561668194451 0.186403857278516 0.0345240645946646 0.207264760192046
35.6150384406433 16.4792328833012 31.9349396735145 -0.191839639573051 0.957709454891097 -0.214452893187283 0.977799352152655 0.205280206250068 0.0420517913515192 0.125621882819671 0.738458282196154 -0.0665143356974561 0.389177333821093 0.57378482909915 0.918160565847843
35.0619300981743 17.347146763688 30.8476480944721 -0.113843233054515 0.922610826226747 0.368549680681775 0.986348334305228 0.0605331088729825 0.153142386373423 -4.79155534952036 3.77493093986088 -3.22093301324897 0.410629483298157 -0.240353249340264 0.490610057406761
36.5121840061379 16.7219164619038 31.5754265813629 -0.189218558204934 0.834003867274805 0.518298922949953 0.975995187285515 0.101770911998172 0.192551179920401 -0.409245224780782 0.804259233119299 0.345814402151834 0.169536944491597 -0.426719305197192 -0.426647178248939
36.9564874162452 16.962642403615 31.5817361981398 -0.404311829946042 0.203816809920271 0.891622416746964 0.881993861023346 0.344941403183798 0.321095221438081 -0.640048468714121 -0.0225508219599159 0.265359512995112 0.221409878538233 -0.0999328087163449 -0.341785109193775
37.3189284388934 17.2543349573565 31.8020953794951 -0.25848350191244 -0.383133673931886 0.886789010602063 0.808192451846461 0.417082498747305 0.415772820993882 -0.463116870949386 0.230098095130976 0.13177053800728 0.523617539256528 -0.0397308488389713 -0.459990342892786
37.6195667340601 17.5585572579959 32.0641031137052 0.00458366809747559 -0.752621559183198 0.658437290515935 0.883732825772737 0.311183593442404 0.349543910191994 0.652904663914005 -0.150807257114559 0.028134423988313 0.376604829107685 -0.144158431890676 -0.111207661020993
38.0250550934076 17.8592169923195 32.3606519185202 0.156596005332843 -0.981692568393975 0.108430990253028 0.934457291995201 0.182811695679237 0.30556396111329 0.357389482660131 0.132544291652715 -0.298180484426938 0.170866840496285 0.00053679651961955 -0.405201100129582
38.2691721348058 17.8168395244478 32.7791435830937 0.501829146675087 -0.46251217129365 -0.730923994635157 0.86482107506379 0.283796774860641 0.414178439212048 0.0998700860635052 0.363636357718668 -0.449749594212829 0.0261299377342349 0.0632276962261121 0.547065848739223
20.8258097044823 5.69182871364753 26.0098396372732 0.492052818993671 0.455870588348191 -0.741664287658888 0.738293800994334 0.232922316176546 0.632984470838321 0.111105506114278 0.309003336547726 -0.305949492034854 0.344021564934856 -0.18393980407958 -0.67753870632591
21.2908683795484 5.63537464014266 26.1883493651877 0.0252805722270081 0.88452508775611 -0.465806981856741 0.832572082499329 0.239284914312251 0.499566158582834 -0.198413181619378 -0.238683717886508 -0.0737426335565373 0.236351924886093 0.406345191701245 0.0253871831702262
21.7068779779083 5.83483116170312 26.2484937948756 -0.443965273271376 0.887667826354015 0.122231530323589 0.734814154125971 0.282612139846204 0.616586100651497 0.0732920497034482 -0.364337880508677 -0.230188803289555 0.430759524376992 0.0320568806438913 0.0550049674899873
22.0334770849547 6.17205903219405 26.3870617673278 -0.71424614117929 0.425305274259807 0.55584868023809 0.699426486056086 0.462775522094719 0.544647862740219 -0.0760846962750531 0.0987637043688476 -0.392818793985711 0.385404638338014 0.202492235992427 0.149929572650759
22.2570069660225 6.56829873710619 26.6427400903788 -0.755964903491022 -0.0270384341045306 0.654053414623523 0.581325304557652 0.431634146354464 0.689748314848468 -0.443686171695811 0.197318095564304 -0.0306864667749982 0.673482466423975 0.154517930948563 -0.304868150258773
22.3967098132429 6.90892903833845 27.0235462633687 -0.807299586776364 -0.339554593883293 0.482669612416393 0.366115013764649 0.353296860010121 0.860895472855607 0.108656190103741 -0.478892114800228 0.698324244595086 0.559989186776643 0.678795077966938 -0.561848162551409
22.4065552803346 7.23399939767226 27.3222840462445 -0.188238101153921 -0.878248060104908 0.439598281199884 0.530988392789832 0.285533699407952 0.797823111175148 0.184206155153901 -0.5769842044057 -0.256329391546583 0.606847612959306 0.0361185024518965 -0.485039209891205
22.5084456099124 7.31079297487876 27.7811312449098 0.43951149503357 -0.893019097866799 -0.0966768709156681 0.536613680088839 0.174730116117457 0.825539236078573 0.183733136301274 -0.299673348603118 0.0273181240762084 0.308977703040951 0.118972347386438 -0.0138450854950119
22.6412218775705 7.28072620671625 28.2583918013557 0.644383465815649 -0.549716990390906 -0.531583540324413 0.672863619756772 0.0772881545605135 0.735717999754862 0.365411306724567 -0.0564410814501215 0.0793089383944844 0.616610350357389 0.023918151138197 -0.282632107886161
22.9210510360096 6.98506201389364 28.5457533772834 0.726472232776577 0.0462913256192216 -0.685634807382865 0.68404336209576 0.046744310652322 0.727941986573779 0.60617589608867 -0.0801591284701062 0.150536780633613 0.585183194489469 0.0566877675826601 0.231786485418541
23.3153958481069 6.82003263072061 28.8202145388419 0.472264003158521 0.60172708602561 -0.6441204128257 0.735770990411702 0.133294475590678 0.663983069677657 0.0134205329181311 0.0537856864090723 -0.516287882595354 0.525917987259813 -0.114710344731542 -0.0789201618573123
23.7838002032286 6.84783735456489 28.9940800755402 -0.0109952030815807 0.947548987635313 -0.319421199075832 0.767464589764107 0.212769575324211 0.604753747606211 0.543731448873832 0.246783079276358 -0.435576674214491 0.399928462723306 0.266026405691538 0.131372381188383
24.2800583855434 7.02055486448839 29.1749901450821 -0.488869284212846 0.870380892413998 -0.0586839528370833 0.698396689230459 0.430805017864736 0.571532138586419 -0.360185799639894 0.170025408388602 0.113846784860082 0.546681193330912 0.0698230754924778 -0.249887350782497
24.5663037438836 7.38316219528929 29.200290433885 -0.687602252767901 0.517862806342545 0.508941191679382 0.722362826943488 0.416992318868495 0.551642309841337 -0.0859031898760489 0.427712492886684 0.301630841549022 0.685573324712034 0.0824388157045098 0.150688294042794
24.846616547946 7.74798441196408 29.3042016117489 -0.628317299433439 -0.131694441045123 0.766729305095157 0.654623648646708 0.443012861868597 0.612541726652199 -0.618080314174716 -0.407014263391872 -0.183397355371603 0.518510982822473 0.0519472736483206 0.193284479172869
25.043075609375 8.08018307657832 29.6071993669734 -0.515452201475217 -0.605217350490376 0.606647234942737 0.477138987077258 0.385338937576784 0.789843133839278 -0.178327757295231 -0.465476304508114 -0.0912442975654787 0.569881726101137 0.203099529840999 -0.0192634393953096
24.9579694873701 8.324177613493 29.9728930955725 0.228096078333114 -0.91358988055169 0.336638669710665 0.484315185212736 0.406406426963874 0.77477254923503 0.280475860580617 -0.482809939864413 -0.367631190379224 0.583361521522279 -0.1885603391776 0.40985343438207
25.1628168277718 8.5297555163473 30.4025011684684 0.428436887583425 -0.902155039806786 -0.050576658319709 0.493798889143954 0.186896065777062 0.849254028590355 0.552937329584419 0.334117079330845 -1.36309498580825 0.488492898694028 -0.466326736189115 -0.392228660893041
25.228638041207 8.43216705172089 30.9461985120909 0.725038682388416 -0.489255309846564 -0.484714381605188 0.552019420517704 -0.00800382703482959 0.833792775201811 0.434795057121826 0.0574553239079953 -0.175177596989212 0.528948777485184 -0.0973331403945337 0.368185407935245
25.2197974357104 9.25895403440386 30.9051067348079 0.760567571199598 0.297214339431542 -0.57723521338525 0.543553186119227 0.194757949545454 0.816467486483893 -0.956592077102624 5.16597624214009 -0.882190452108674 0.198857600505186 0.351198234534045 0.34064467978699
25.7259645287407 8.19095711822021 31.4575487038636 0.559130164102924 0.677452460524243 -0.47794508492471 0.699078721103532 -0.075319183539077 0.711066701031152 0.0051075862955937 0.828916120719748 -0.59985499564326 0.491480601336527 -0.386157961661849 -0.0165752909411929
26.1397000850924 8.066015249911 31.7661575998512 0.0434940592492295 0.880678452538963 -0.47171348523293 0.808251240710657 0.246510778929958 0.534754387361019 -0.329843872918914 0.467392646616076 -0.7327365616838 0.569030286885731 -0.314148830990985 -0.565277883195324
26.611952751444 8.19188082303871 31.761609450782 -0.416040344437714 0.907933229727502 0.0506711260950113 0.761971092193322 0.317660392501607 0.564350790027104 -0.823067915250035 0.151866201022666 0.0975280536822292 0.784781625040577 0.105651300770809 0.227669180900621
27.0353919152059 8.499825712557 31.8208825082991 -0.619354908128264 0.412273571028348 0.66815408772365 0.782622953354059 0.39190137937633 0.483647091535143 -0.194451697566575 0.606707220401204 0.393106544425575 0.413906570226247 -0.285416389478555 0.481672478088754
27.3543934383641 8.83147845036679 32.0945581760896 -0.527215320176235 -0.161929893513655 0.834159816969542 0.707007668598534 0.46096132661575 0.536334500806007 -0.410687242654167 -0.200373010844621 0.0333104145024771 0.364516869035203 -0.165912927333434 0.287073997774905
27.5874184659573 9.17597022373681 32.4027536189524 -0.331050734795966 -0.715994887104744 0.614619082681652 0.602232360826201 0.341124490374122 0.721768762936549 0.388688786791569 -0.263984883827659 0.126293010476014 0.188099665574471 0.0121019377910808 0.607241463279813
