t = 0
b =  30.0 30.0 30.0
E = 0. 0. 0.
17.3811659498 17.6007774431 10.8661439029 0.8601501368 -0.509957157244 -0.00924337267775 0.509816294358 0.859092314379 0.0452519765581 0.0 0.0 0.0 0.0 0.0 0.0
17.6725839504 17.8621452045 11.2341758911 0.705632559822 -0.387499637406 -0.593234120334 0.509816294358 0.859092314379 0.0452519765581 0.0 0.0 0.0 0.0 0.0 0.0
18.1248509153 18.0351824113 11.4669801429 0.283033375821 -0.117824526669 -0.95184530733 0.509816294358 0.859092314379 0.0452519765581 0.0 0.0 0.0 0.0 0.0 0.0
18.6416353471 18.1813615136 11.4828112269 -0.24709491972 0.196614091671 -0.948834548067 0.509816294358 0.859092314379 0.0452519765581 0.0 0.0 0.0 0.0 0.0 0.0
19.1020944842 18.3723588043 11.2823554459 -0.683347724053 0.436355729373 -0.585345680325 0.509816294358 0.859092314379 0.0452519765581 0.0 0.0 0.0 0.0 0.0 0.0
19.4067844861 18.6628233972 10.9484700986 -0.859985303054 0.510318530007 0.000525797830353 0.509816294358 0.859092314379 0.0452519765581 0.0 0.0 0.0 0.0 0.0 0.0
19.5154408111 19.069615115 10.6147046069 -0.709900087236 0.390402789021 0.586197516599 0.509816294358 0.859092314379 0.0452519765581 0.0 0.0 0.0 0.0 0.0 0.0
19.4622753889 19.5653991609 10.4145628576 -0.290111959382 0.122166501299 0.949162998112 0.509816294358 0.859092314379 0.0452519765581 0.0 0.0 0.0 0.0 0.0 0.0
19.3429789364 20.0890310647 10.4307828435 0.239894552256 -0.192482882781 0.951525587483 0.509816294358 0.859092314379 0.0452519765581 0.0 0.0 0.0 0.0 0.0 0.0
19.2783664546 20.5687864892 10.6639031171 0.678761112668 -0.434004801551 0.59238769751 0.509816294358 0.859092314379 0.0452519765581 0.0 0.0 0.0 0.0 0.0 0.0
19.3684775898 20.9496105056 11.0320581849 0.859754978097 -0.510641040037 0.00819181705859 0.509816294358 0.859092314379 0.0452519765581 0.0 0.0 0.0 0.0 0.0 0.0
19.6545698993 21.2140338808 11.4020805778 0.71411355301 -0.393276209951 -0.579116271653 0.509816294358 0.859092314379 0.0452519765581 0.0 0.0 0.0 0.0 0.0 0.0
20.1034444158 21.3888099316 11.6400933982 0.297168449793 -0.126499172477 -0.946408406456 0.509816294358 0.859092314379 0.0452519765581 0.0 0.0 0.0 0.0 0.0 0.0
20.6200584896 21.534750492 11.6623723927 -0.232675915892 0.188337015575 -0.954144164541 0.509816294358 0.859092314379 0.0452519765581 0.0 0.0 0.0 0.0 0.0 0.0
21.0836340812 21.7236224811 11.4671541948 -0.674122810996 0.431620822583 -0.599384602078 0.509816294358 0.859092314379 0.0452519765581 0.0 0.0 0.0 0.0 0.0 0.0
21.3935433568 22.0108824502 11.135306258 -0.85945917947 0.510924662776 -0.0169088081089 0.509816294358 0.859092314379 0.0452519765581 0.0 0.0 0.0 0.0 0.0 0.0
21.5075388853 22.4146077123 10.7996039578 -0.718272636273 0.396119681376 0.571990924761 0.509816294358 0.859092314379 0.0452519765581 0.0 0.0 0.0 0.0 0.0 0.0
21.4578041438 22.9086284683 10.594287007 -0.304202309677 0.130822210253 0.943581742136 0.509816294358 0.859092314379 0.0452519765581 0.0 0.0 0.0 0.0 0.0 0.0
21.3387264763 23.4324701512 10.6040595439 0.225439560356 -0.184176805775 0.956690079828 0.509816294358 0.859092314379 0.0452519765581 0.0 0.0 0.0 0.0 0.0 0.0
21.2710377636 23.9143287254 10.8319096147 0.669433172262 -0.429203974018 0.606335861188 0.509816294358 0.859092314379 0.0452519765581 0.0 0.0 0.0 0.0 0.0 0.0
21.3559463637 24.2983502402 11.1979739641 0.859097929699 -0.511169376623 0.0256245114881 0.509816294358 0.859092314379 0.0452519765581 0.0 0.0 0.0 0.0 0.0 0.0
21.6366863638 24.5658506796 11.5698794217 0.722377020292 -0.398932986753 -0.564822018545 0.509816294358 0.859092314379 0.0452519765581 0.0 0.0 0.0 0.0 0.0 0.0
22.0820922284 24.7424143321 11.8130336824 0.311213003377 -0.135135285412 -0.940683220413 0.509816294358 0.859092314379 0.0452519765581 0.0 0.0 0.0 0.0 0.0 0.0
22.598439107 24.888173892 11.8417591734 -0.218186036726 0.180002570199 -0.959163139461 0.509816294358 0.859092314379 0.0452519765581 0.0 0.0 0.0 0.0 0.0 0.0
23.0650504716 25.0749650434 11.6518433966 -0.6646925536 0.426754439909 -0.613240945475 0.509816294358 0.859092314379 0.0452519765581 0.0 0.0 0.0 0.0 0.0 0.0
23.3801451477 25.3590348829 11.322139327 -0.858671256295 0.511375162943 -0.0343382634615 0.509816294358 0.859092314379 0.0452519765581 0.0 0.0 0.0 0.0 0.0 0.0
23.4995056839 25.7596727068 10.9846078491 -0.726426392505 0.401715911839 0.557610098946 0.509816294358 0.859092314379 0.0452519765581 0.0 0.0 0.0 0.0 0.0 0.0
19.9849272076 10.9251604835 22.9302062039 0.910825813822 -0.347277095003 -0.223147834767 0.410809249105 0.709684497384 0.57234925965 0.0 0.0 0.0 0.0 0.0 0.0
20.2346433851 10.9465269216 23.4054644581 0.76149582766 0.0781266014757 -0.643444122359 0.410809249105 0.709684497384 0.57234925965 0.0 0.0 0.0 0.0 0.0 0.0
20.6579425605 10.9857023209 23.7340496043 0.322860845039 0.473848695847 -0.819285230054 0.410809249105 0.709684497384 0.57234925965 0.0 0.0 0.0 0.0 0.0 0.0
21.1548378758 11.1328915454 23.8758786565 -0.238434370558 0.689547748338 -0.683866181134 0.410809249105 0.709684497384 0.57234925965 0.0 0.0 0.0 0.0 0.0 0.0
21.5973820687 11.4372632007 23.8618203912 -0.70914438237 0.643276082612 -0.288634936368 0.410809249105 0.709684497384 0.57234925965 0.0 0.0 0.0 0.0 0.0 0.0
21.8782767773 11.8882696594 23.7819677831 -0.910438587058 0.352613078099 0.216253546443 0.410809249105 0.709684497384 0.57234925965 0.0 0.0 0.0 0.0 0.0 0.0
21.9516369814 12.4196542803 23.7514101777 -0.765841950801 -0.0720135301598 0.638983691394 0.410809249105 0.709684497384 0.57234925965 0.0 0.0 0.0 0.0 0.0 0.0
21.8504234887 12.9346234147 23.8665089249 -0.33028915324 -0.469280994309 0.818953248746 0.410809249105 0.709684497384 0.57234925965 0.0 0.0 0.0 0.0 0.0 0.0
21.6739205732 13.3426199317 24.1682880908 0.230746015777 -0.688260762761 0.687788774732 0.410809249105 0.709684497384 0.57234925965 0.0 0.0 0.0 0.0 0.0 0.0
21.5500162192 13.5937273862 24.6268487297 0.704116915533 -0.645758760333 0.295321845982 0.410809249105 0.709684497384 0.57234925965 0.0 0.0 0.0 0.0 0.0 0.0
21.5866153382 13.697634111 25.1527279926 0.90998202687 -0.357922208344 -0.209342789575 0.410809249105 0.709684497384 0.57234925965 0.0 0.0 0.0 0.0 0.0 0.0
21.8306448889 13.7199524571 25.63088756 0.770129752112 0.0658949747348 -0.634474599347 0.410809249105 0.709684497384 0.57234925965 0.0 0.0 0.0 0.0 0.0 0.0
22.2502255408 13.7572915647 25.9644186226 0.337692308643 0.464677555207 -0.818558900978 0.410809249105 0.709684497384 0.57234925965 0.0 0.0 0.0 0.0 0.0 0.0
22.7467831651 13.9005539357 26.1113591579 -0.223040088793 0.686921363461 -0.691658990552 0.410809249105 0.709684497384 0.57234925965 0.0 0.0 0.0 0.0 0.0 0.0
23.1924987942 14.2004000531 26.1006360045 -0.699035827466 0.648192261024 -0.301986265694 0.410809249105 0.709684497384 0.57234925965 0.0 0.0 0.0 0.0 0.0 0.0
23.4788691844 14.6480016168 26.0210750724 -0.909456168028 0.363204081427 0.202416090442 0.410809249105 0.709684497384 0.57234925965 0.0 0.0 0.0 0.0 0.0 0.0
23.5579290124 15.1783955623 25.9876548945 -0.774358905061 -0.0597714011523 0.629917189603 0.410809249105 0.709684497384 0.57234925965 0.0 0.0 0.0 0.0 0.0 0.0
23.4604737037 15.695164615 26.0978243598 -0.34506974747 -0.46003872911 0.81810221678 0.410809249105 0.709684497384 0.57234925965 0.0 0.0 0.0 0.0 0.0 0.0
23.2843597352 16.107067825 26.3944802511 0.215317176443 -0.685529652441 0.695476533862 0.410809249105 0.709684497384 0.57234925965 0.0 0.0 0.0 0.0 0.0 0.0
23.1573273239 16.3627045291 26.8496700402 0.693901505114 -0.650576399365 0.308627687983 0.410809249105 0.709684497384 0.57234925965 0.0 0.0 0.0 0.0 0.0 0.0
23.1884697824 16.4700423224 27.3752115205 0.908861050578 -0.368458295113 -0.195473976541 0.410809249105 0.709684497384 0.57234925965 0.0 0.0 0.0 0.0 0.0 0.0
23.4267871461 16.4933900359 27.8561947017 0.778529087581 0.0536432757463 -0.625311809226 0.410809249105 0.709684497384 0.57234925965 0.0 0.0 0.0 0.0 0.0 0.0
23.8425702397 16.5289657357 28.1946380363 0.352420907899 0.455364869282 -0.817583230931 0.410809249105 0.709684497384 0.57234925965 0.0 0.0 0.0 0.0 0.0 0.0
24.3386876904 16.6683418718 28.3467132476 -0.207577866856 0.684085735683 -0.699241113942 0.410809249105 0.709684497384 0.57234925965 0.0 0.0 0.0 0.0 0.0 0.0
24.7874877598 16.9636553729 28.3393964251 -0.688714339476 0.652910993794 -0.315245607078 0.410809249105 0.709684497384 0.57234925965 0.0 0.0 0.0 0.0 0.0 0.0
25.0792953739 17.4077999555 28.2602193565 -0.90819671984 0.373684449274 0.18851697654 0.410809249105 0.709684497384 0.57234925965 0.0 0.0 0.0 0.0 0.0 0.0
13.2373693905 12.4796550441 24.8004736997 -0.720021230382 0.168200106136 0.673259349802 0.686366734048 0.0295572965695 0.726654713472 0.0 0.0 0.0 0.0 0.0 0.0
13.4588250815 12.8570009923 25.1123270538 -0.643246952288 -0.441509246966 0.625542119458 0.686366734048 0.0295572965695 0.726654713472 0.0 0.0 0.0 0.0 0.0 0.0
13.5336526096 13.1337048937 25.5667727536 -0.322092402505 -0.883481855504 0.340170979425 0.686366734048 0.0295572965695 0.726654713472 0.0 0.0 0.0 0.0 0.0 0.0
13.5350591644 13.2090190783 26.0987604389 0.121430436088 -0.989804936108 -0.0744368030463 0.686366734048 0.0295572965695 0.726654713472 0.0 0.0 0.0 0.0 0.0 0.0
13.5641457909 13.0587071967 26.6137802526 0.518819821802 -0.720084572828 -0.460764799524 0.686366734048 0.0295572965695 0.726654713472 0.0 0.0 0.0 0.0 0.0 0.0
13.7114974121 12.744252014 27.0237687157 0.719100883009 -0.176792041159 -0.672040545085 0.686366734048 0.0295572965695 0.726654713472 0.0 0.0 0.0 0.0 0.0 0.0
14.0227681022 12.3894970799 27.2805655155 0.646183496035 0.433666742752 -0.62799685165 0.686366734048 0.0295572965695 0.726654713472 0.0 0.0 0.0 0.0 0.0 0.0
14.4813363405 12.1335964935 27.3942104132 0.327770195305 0.87936828057 -0.345366654726 0.686366734048 0.0295572965695 0.726654713472 0.0 0.0 0.0 0.0 0.0 0.0
15.0146198052 12.0781479344 27.429128971 -0.115168482646 0.990983106346 0.0684741085514 0.686366734048 0.0295572965695 0.726654713472 0.0 0.0 0.0 0.0 0.0 0.0
15.5216506107 12.2485940055 27.4796562041 -0.514352728526 0.726106881667 0.456300413164 0.686366734048 0.0295572965695 0.726654713472 0.0 0.0 0.0 0.0 0.0 0.0
15.9114346955 12.5845561631 27.6341971306 -0.71812577332 0.185370512783 0.67077056188 0.686366734048 0.0295572965695 0.726654713472 0.0 0.0 0.0 0.0 0.0 0.0
16.1375219877 12.962773535 27.9416402279 -0.649070830407 -0.425791213137 0.630403759451 0.686366734048 0.0295572965695 0.726654713472 0.0 0.0 0.0 0.0 0.0 0.0
16.2156535637 13.2439317864 28.392783882 -0.333423027137 -0.875187738337 0.350536029019 0.686366734048 0.0295572965695 0.726654713472 0.0 0.0 0.0 0.0 0.0 0.0
16.2177813501 13.3255909653 28.9238322349 0.108897758679 -0.992085809384 -0.0625061994879 0.686366734048 0.0295572965695 0.726654713472 0.0 0.0 0.0 0.0 0.0 0.0
16.2447323841 13.1811041528 29.4406322977 0.509846465298 -0.732073894656 -0.451801277761 0.686366734048 0.0295572965695 0.726654713472 0.0 0.0 0.0 0.0 0.0 0.0
16.3879029358 12.8697410729 29.854444245 0.717095975573 -0.193934867725 -0.669449496898 0.686366734048 0.0295572965695 0.726654713472 0.0 0.0 0.0 0.0 0.0 0.0
16.6945355378 12.5141705339 30.1156551584 0.651908735522 0.417883257872 -0.632762659565 0.686366734048 0.0295572965695 0.726654713472 0.0 0.0 0.0 0.0 0.0 0.0
17.1497707565 12.2538564966 30.2326278037 0.339050467513 0.870940547168 -0.355678708636 0.686366734048 0.0295572965695 0.726654713472 0.0 0.0 0.0 0.0 0.0 0.0
17.68229254 12.1920733844 30.2685234761 -0.102618741725 0.993112961246 0.0565335303354 0.686366734048 0.0295572965695 0.726654713472 0.0 0.0 0.0 0.0 0.0 0.0
18.1914223781 12.3566704031 30.3173059686 -0.505301375288 0.737985157383 0.447267735942 0.686366734048 0.0295572965695 0.726654713472 0.0 0.0 0.0 0.0 0.0 0.0
18.5853687517 12.6894911615 30.4680431555 -0.716011568191 0.202484453776 0.668077450746 0.686366734048 0.0295572965695 0.726654713472 0.0 0.0 0.0 0.0 0.0 0.0
18.8161002659 13.0684682576 30.7710686184 -0.654696995263 -0.40994347918 0.635073372353 0.686366734048 0.0295572965695 0.726654713472 0.0 0.0 0.0 0.0 0.0 0.0
18.8975935794 13.3539987247 31.2188590764 -0.344652087885 -0.866627030506 0.360794301942 0.686366734048 0.0295572965695 0.726654713472 0.0 0.0 0.0 0.0 0.0 0.0
18.9005234386 13.4419815329 31.748892607 0.0963319099569 -0.994064483711 -0.0505565559356 0.686366734048 0.0295572965695 0.726654713472 0.0 0.0 0.0 0.0 0.0 0.0
18.9254121597 13.3033673108 32.267401769 0.500717804622 -0.743840219683 -0.442700132953 0.686366734048 0.0295572965695 0.726654713472 0.0 0.0 0.0 0.0 0.0 0.0
19.0644395202 12.9951946872 32.6849974218 0.714872633756 -0.211018619852 -0.66665452791 0.686366734048 0.0295572965695 0.726654713472 0.0 0.0 0.0 0.0 0.0 0.0
