t = 100
b = 30 30 30
E = -0.593288511512582 -0.806079222111871 0.21279071059929
19.598814605596 11.0890537921929 8.74901984231219 0.655822570045951 -0.491628864108807 0.572885414367254 0.115643203599465 0.815342807957041 0.567311768563538 1.78725715681892 -0.14426772160008 -0.0414919053570873 0.635689376560068 0.208391496706779 -0.306420224552029
19.3135130605004 11.2967415662854 9.1684236639412 0.959611206961403 -0.27903919755006 -0.0358237157387492 0.237180526457946 0.733951833336069 0.636443235691772 1.24105324961236 -0.602914727287398 -0.416616444622011 0.698433081264032 -0.520778034600038 -0.28761333415302
19.4829209336979 11.4897555043678 9.60542232899622 0.832742618021883 -0.152464087006748 -0.532253995631168 0.503002522335784 0.6100545530241 0.612226918456352 0.583032108190782 0.0817129988161556 -0.18162654503532 0.744419744160797 0.231425860240678 0.0644900024251794
19.7819792599524 11.5208414032944 9.96793807832391 0.354377393561768 0.475255353496049 -0.8053253344099 0.32519726831702 0.744824391825818 0.582651906202509 0.112320993515348 -0.349512119912212 -0.0607263877107089 0.590307620012908 0.0418398156089359 0.266600753801796
20.1354238752206 11.8541231364274 10.0715238427344 -0.176759369920273 0.401246280832366 -0.898753263225372 0.436545607486072 0.850363076195064 0.293786409949385 0.240223886245987 0.385159321939681 -0.0505106618311068 0.150877665652887 -0.343124869158238 -0.293878923830956
20.5200135167129 12.1874708799139 10.0572443337003 -0.68624795367648 0.313226157020423 -0.656470107646151 0.0667956101441321 0.925853066312209 0.371933231123951 0.0860322596991945 0.58751258260241 0.348967191545888 0.304608080901325 0.249254368827341 0.218139202356657
20.7123296006802 12.5955510053451 9.95307245591044 -0.983959192578796 0.0960779539817506 0.15031041448551 0.140884467967102 0.935382894566053 0.324361356122663 -0.393048804014049 -0.29389213592096 -0.292535691372541 0.368589800985482 0.137545518363436 0.0800104645741403
21.0253308478344 12.9910418142262 9.66504701157089 -0.76995168639236 -0.0635651493272991 0.634928150033408 0.165563604047667 0.94104877785047 0.294984367207543 0.455201445443309 -0.390981297087986 -0.104527208768167 0.42777478538786 -0.14627159353399 0.279583373441171
20.8943657780991 13.492789014839 9.82312904354834 -0.392395457517266 -0.43305576024857 0.811472978510853 0.0885562697285942 0.8603454350087 0.501959564420728 0.658973181810869 -0.757208630728281 -0.38046721059715 0.690438452448126 0.440372254224885 0.102341282802003
20.6272818730741 13.8811207593004 10.0434415621813 0.198813111937039 -0.542068409959232 0.816477229667134 -0.00600913393908024 0.832418308857438 0.554115099800986 0.191069427097202 -0.387037745737959 0.000352006360620387 0.746278033733348 -0.17402051456931 -0.101968335324923
20.386388237408 14.1840261442654 10.3520996962054 0.756509910041833 -0.377486125770315 0.534038258942116 0.0911841602137866 0.869502074990138 0.485439466545901 -0.161286553811562 -0.641241973385224 -0.208423571652629 0.609937323286308 -0.316237354272312 0.29528556656838
20.4261084182506 14.5809306120299 10.6497798281083 0.887376952396335 -0.4561043167982 0.0673118061100672 0.358380985661785 0.77423605500872 0.521652645446167 -0.00847523901245007 -0.286314035033378 0.126640547953684 0.280862594517547 0.584250365757436 -0.17683633479337
20.5704274094229 14.7581583340452 11.0987259942153 0.799033434121444 -0.0947378835921143 -0.593776208218137 0.472605688878492 0.709468088478783 0.52277985842703 0.25838624142685 -0.197300229679005 -0.393160129752178 0.357704659930047 0.0946410855029271 -0.0944004818441812
21.0087607015746 14.9119363739489 11.3071902897781 0.250651587200424 0.249911630313628 -0.935263514948872 0.509869940394346 0.787168380885315 0.346984824146788 0.721138321036696 -0.34609731736959 -0.784707720724741 0.731991758663698 0.256608743210084 0.313806390060676
21.5860296697915 14.8542657059329 11.1816313002245 -0.277906018707814 0.608825429950921 -0.743034134380901 0.572691865685024 0.726017473474743 0.380686938322075 0.84809019638489 -1.05600618006054 -1.9332097946197 0.664983080698218 -0.860354780247583 0.57608126175753
21.6943133392365 15.4910728674487 11.6180566283856 -0.656743006443206 0.513172174606285 -0.55257834160719 0.398283762153514 0.858252804362994 0.323685111474995 -0.537426677521021 -0.230082428310575 -0.271631844894493 0.426873403327037 -0.0134057081694162 -0.365970147822805
21.8854330444654 15.9155955963028 11.5439455177043 -0.926679649103367 0.369571391880193 0.0684229148803334 0.375790162876304 0.907743096896436 0.186504991060912 -0.356567132564066 -0.0803891453489969 -0.54864865964563 0.308822779847052 0.370667620216404 0.137769204146086
21.9977850243735 16.4040773972304 11.4832044993772 -0.761407741950459 0.052398500419166 0.646152095062613 0.374038200934694 0.849597335616655 0.371859748261654 -0.742560227215332 -0.0924882731111229 -0.247484921421031 0.490419138569642 -0.252993848008412 -0.00440298181874498
21.9960114146697 16.9350816790242 11.6487192646826 -0.544497021252983 -0.308883140793675 0.779816697223688 0.162132511634268 0.873428024552599 0.459169268973631 -0.0241114026799592 -0.237531720900778 0.797928400520699 0.331758190462134 0.340610510842228 0.126872141105837
21.7732643309162 17.346068143486 11.8283796385651 0.319185303976328 -0.503791536844601 0.802692166223203 0.260773798197857 0.860989381845718 0.436685460883978 0.0136140250062792 0.305183034152603 0.993871032889683 0.345562981305571 -0.129193093822517 0.605826592916882
21.4707340907276 16.3004614064916 12.9084361156244 0.6676374264891 -0.480501657177437 0.568663613274919 0.253267280454796 0.864864492785592 0.433433933640088 -0.875815257089768 -5.37631786015534 3.55523888868166 0.121440787041434 -0.106761583105069 -0.165558152115252
21.6560921654587 17.7318597260743 12.5389855506785 0.805077545629266 -0.574240190817605 0.148654756190195 0.448641775782016 0.753428276646995 0.480693530543982 0.201429352855669 -0.736362181696894 -0.0983228371119558 0.121372713884008 0.0548375340692409 -0.637435055357013
21.9087389533472 18.0360009036352 12.9295141912014 0.829072801288315 -0.207475300381626 -0.519222660815433 0.497710520068209 0.697002326771256 0.516209144984498 0.238056446153328 -0.340573871998121 0.177427071878926 0.405151510226919 0.174294572831584 -0.34241430744608
22.1689699354365 18.3249577827145 13.2040217367331 0.557101561772106 0.151462667522758 -0.81651503010264 0.477683623301633 0.745835365125818 0.464271310017055 0.013025724663941 0.147958355733471 -0.154782243822284 0.27172201824553 0.140227001865441 -0.23686679060291
22.5301743725785 18.6026913123359 13.4259159597369 -0.0231730368478858 0.352534811116222 -0.935511678780493 0.273740231909837 0.902238119582222 0.33321545866806 -0.405645234750703 0.53702774801747 0.157168782416973 0.460895368366131 0.093372346000593 -0.222089872503973
22.9250773947412 18.8830761163328 13.4219571911073 -0.663818912734511 0.57590328615031 -0.477157979139774 0.463101172959228 0.817493305533348 0.342406020187745 0.0877228790666756 -0.0250818229744736 0.276147001860693 0.275832074102603 -0.303781240409434 -0.0455835832466022
23.1739524910994 19.247909208428 13.3906637542527 -0.883824846299299 0.4538512243412 0.113457430354843 0.454784369051055 0.776701926348798 0.435781110296729 -0.52822575310446 0.0530557745137005 -0.113170705518149 0.0789430280752257 0.162613648634726 0.436718183024961
16.896170316561 0.333597123219798 20.194793161528 -0.48244286191063 0.211810421191839 0.849932415757061 0.682579855317196 0.699005383149371 0.213251254504156 -0.390575571821607 -0.352838549404251 0.163189344835241 0.00976102875712252 -0.135054512559436 -0.326871156438137
16.9764726758597 0.846013285467956 20.2346737824378 -0.0419940587545481 -0.328897704965548 0.94343133284303 0.452967472315069 0.835377847438715 0.311390758717163 0.214608396698862 0.072264829286376 -0.148196505047139 0.274178580480681 0.0935470660852924 0.051396287764458
17.0124024575178 1.26415271737405 20.436092269645 0.398651313756716 -0.531138337385197 0.747642346102572 0.374450268438917 0.838441743505458 0.395982738810741 -0.225531299098881 -0.136251814781404 -0.205187899599979 0.327525628409509 0.134904811066294 -0.15226894590942
17.0974493604719 1.61154483453424 20.7848601160045 0.831722127413292 -0.522286244774128 0.188295677655034 0.470942792634378 0.843308565319339 0.25892746297 0.141130420854024 -0.0907488879644581 0.0891384222192876 0.596627437615241 -0.365978397262994 -0.210281408595966
17.3089301566559 1.84567733127065 21.1109898314345 0.839845931911108 -0.221548645899547 -0.495555135793143 0.435603185364735 0.819794340395809 0.371735101981825 0.193522127972573 0.484997511455228 -0.269758844221461 0.15438981332543 0.0763667718699512 1.05528883229926
17.6256972465249 2.29448009539894 21.1609806209099 0.466528311218544 -0.283115789832217 -0.837971757035435 0.718761042516574 0.673488077589679 0.172615919597463 0.442629406631512 1.03848602716058 -0.652131714514654 0.115923212008941 0.103297782637389 -0.23545950920018
18.0852640021301 3.02720764236665 20.8002702890737 0.0176883677010451 0.163267618788711 -0.986423178536043 0.779283853758576 0.615858724180457 0.115907704278539 -0.408284697649663 4.3460305883912 -2.30190872671881 0.6143069403731 0.126919306881982 -0.377059585092156
18.6881246857225 2.23210867154467 21.0269403098378 -0.0868848185389769 0.635728928703033 -0.767006939142162 0.713044543318534 0.577361369383842 0.397770297181717 0.56633880718964 0.0619182510895407 -2.22619863431318 0.0968010233288435 -1.06063929164547 -1.11925162324146
19.0070313828129 2.48596055647122 21.3277474596706 -0.680862128467726 0.621490730852815 -0.387525378333112 0.511991315434185 0.782226131777508 0.354946552641277 -0.0722772941891652 0.319960778352528 -0.0247750345412043 -0.134245679998797 -0.138430885976808 -0.445344140241696
19.2566507353338 2.87161627322326 21.255064332267 -0.790145015222971 0.444820039662311 0.421670331176073 0.550149045832436 0.817994222449519 0.167992144978704 0.00537521299289505 0.154948058279837 -0.0100620393994245 0.346238859184066 0.51418112474355 -0.0187794432277929
19.1969572739513 3.34909799380827 21.1600798709926 -0.331231032438526 0.257190434774528 0.907820998345233 0.425907608190843 0.899292507609972 -0.099375997814831 -0.433302050610941 0.168527772458632 0.214528024174419 0.4833291639499 -0.129289506934708 0.344425847906486
19.2861601737787 3.77911356983995 21.1840860844398 -0.126847692191116 -0.0508305472395539 0.990618898764404 0.57494400170538 0.810044128129077 0.115185876839525 0.393275643856325 0.216438641794951 0.26522950406073 0.405193804883713 -0.0234221644103663 -0.091045876583832
19.3671002731979 4.20911538569862 21.3536282621204 0.27512086484386 -0.523811416511891 0.80618235741003 0.536647597785741 0.779420467938867 0.323284660960702 0.215546358076255 -0.306378302102625 0.199697083743375 0.310226389067974 0.12577162136407 -0.331308365693889
19.3672366686207 4.5257194660275 21.6612875872189 0.843415176484779 -0.515822262414015 0.150260159287243 0.433225496810961 0.818363576997745 0.377619663342891 -0.0555024330835692 -0.365763123045068 -0.164231502091085 0.341218381597815 -0.15226144228547 0.174598458700965
19.6000320393042 4.83175160062684 21.9722662212754 0.780505264612893 -0.482770377966786 -0.397170208946347 0.61075877069695 0.724400120139755 0.31971561167821 0.124537916920386 -0.381074547410519 -0.0334643388270216 0.606083663196705 0.0567498698671254 -0.126580168736619
19.9492136955407 4.92173360354223 22.2823009235544 0.523559210905155 -0.0221147130910229 -0.851702162649485 0.706097570902969 0.570673172719252 0.419235305911634 -0.115877180717173 0.291936714320047 -0.452843134718988 0.534836880218114 -0.13392474396432 0.392018160695663
20.3709466803781 5.04293038499735 22.4958084889251 0.064454766108873 0.373549308247171 -0.925368239731201 0.747284825577019 0.596496928948276 0.292842432371893 0.344952652378592 -0.370285903722021 -0.0412087493155109 0.395446286954232 -0.129738403986315 0.133560294702419
20.7818162936921 5.28079173602991 22.5258168881137 -0.430117076932044 0.477965808152772 -0.765864131082983 0.688798834890271 0.722136131595498 0.0638393098496945 -0.414164359842229 0.237958026510841 -0.0132172053594904 0.388584921621389 -0.0152162846238379 -0.0681508201739515
21.1199464562344 5.56147052848351 22.265095274053 -0.76539384924895 0.608522168021051 -0.209458605418988 0.619126189338795 0.785075151743639 0.0184296871772827 -0.106137451954413 0.0942631371437049 -0.217617370217974 0.816747128528929 0.0290138726066196 -0.0929556479911151
21.4194456952227 5.89161849218281 22.0982744937769 -0.805679662661388 0.565160308740415 0.177409111648357 0.531471453543099 0.821944250012254 -0.204806359020822 0.127417761309465 0.301702007050886 0.081989879941567 0.684625824964029 0.27388575383145 -0.0618139229846452
21.4952799736847 6.27584857247466 21.8321340332058 -0.383627610672728 0.298255890600559 0.873998375814851 0.538400156172076 0.84116100873427 -0.0507278527963057 -0.624926123391718 -0.225112662930259 0.0704803765782261 0.382533138806547 -0.575188257161567 -0.163495700379371
21.6410465664144 6.77352508673879 21.8812982129843 -0.0675387268262613 -0.246600097862187 0.966760980246503 0.448257853624947 0.858170392430604 0.250216622460385 0.0231452473041581 -0.253078812625584 0.0477175536885205 0.134617723226256 -0.175904635988044 -0.0285055502603859
21.705328725676 7.2225069774517 22.0440048372093 0.396993552256979 -0.613145090924224 0.68297078859252 0.588476751998622 0.74108337734803 0.323249781600488 0.0543909100851105 -0.275706005192637 -0.0345756222750621 0.612026730024931 0.0547834781552535 -0.21180972258235
21.7929537245486 7.53189253995064 22.4326758967704 0.823032732293056 -0.543833614194939 0.163896318989095 0.464373586189367 0.810421383471526 0.357175360104474 0.516027469076325 -0.107860347670148 -0.14942131135082 0.399990906024555 -0.151234924559604 0.483367381975259
21.9269823805272 7.93498275721931 22.7187434034852 0.761687079672272 -0.530292014694095 -0.372321168631871 0.634323238518098 0.727480895264977 0.261544369880723 0.716961881747921 0.583135417645922 -0.0432093703298309 0.0483091591720845 -0.260800145096081 0.154067566858519
22.3308777133175 8.10682133388022 22.9518014065382 0.212745039349865 0.0344533165487449 -0.976500085209971 0.521600473797385 0.841067251764639 0.14331331475609 0.303875940321149 -0.272713266578294 -0.895113928502003 -0.0687770614505607 0.125247525019635 0.729607878745792
23.5386254856133 4.74227249245065 4.71123899304899 0.843644210089492 -0.389978679750121 -0.369027056344046 0.475186651518256 0.862287201873017 0.175095142674352 -0.240916257166225 -0.0195427808942456 -0.694999476557464 -0.184448645816086 0.0202901495493664 -0.771244067046325
23.9027275932427 4.99470337986305 4.95703703601357 0.315915419768426 -0.0837768489324323 -0.945081355565275 0.529772052850358 0.841928900930373 0.10245574019799 0.0286976644419413 0.223348155979264 0.0115285201748808 -0.0291581373200682 0.63863212063862 -0.115403415908084
24.3213761906881 5.28324537517429 4.86794705975453 -0.234246531195248 0.208726571136022 -0.949506009633773 0.558198829686827 0.828517218386292 0.0444203794826974 0.00342561535324876 0.503110675521462 -0.0109752569762487 0.331193025652048 0.235958791231206 -0.186343903991983
24.6856922718433 5.65655179369108 4.79827471926467 -0.673955370115457 0.50764356894299 -0.536732751776182 0.417858553545437 0.861078260461167 0.289721140967401 -0.410178814361809 0.741285602522766 0.118111354834468 0.356421509524264 0.233169684868754 0.393312876756837
24.8721729958938 6.11158946259973 4.76863965795614 -0.952320049315207 0.304818434322472 -0.0131197034127503 0.301108552426701 0.945923502415804 0.120674152187135 -0.677383355936025 1.05935540148615 0.177125325908375 0.0495988895413813 0.322831282595855 -0.0155240907578564
24.7804381171047 6.74631192573905 4.95176853153399 -0.895742012373776 0.0783830053460972 0.437609682668971 0.198916156499541 0.950970771598014 0.236826601735974 -0.275215693854389 1.3330550103048 1.56635844137122 0.617498905210035 0.446920993756757 -0.796732064121654
24.7754213799449 6.95267545662881 4.45603327759337 -0.399801449901189 0.0835863509855947 0.912782562225274 0.53566662700777 0.829387559480023 0.158673948809178 -2.07947532070352 0.762443757034072 0.369707365964641 0.144272618272018 -0.291788917868614 -0.616413597569817
24.9291232513372 7.34235572152568 4.58943633606204 0.121087266031691 -0.388450295760375 0.913479131215033 0.403523419879749 0.860044275581476 0.312238009914974 -0.447040089209548 0.356259160826363 0.257283182835803 0.00728408413690359 0.547258051176636 -0.0640700770078308
24.9694958563016 7.65128704331308 4.99177248656603 0.674292965921083 -0.531453926575603 0.512723708098229 0.414456429021805 0.847002692012656 0.332884649019624 0.158772083778583 0.173695003329092 0.374680969799777 0.464582956577665 0.305550969025479 0.102672069514165
25.0446321223694 7.81463966842749 5.38122133111556 0.941065931840378 -0.33279772448245 -0.0603362874754494 0.332181676336938 0.875864587385607 0.350023484950114 0.0970939469559051 0.256534779413506 0.0852332294144181 0.541849990324781 -0.184507819155479 0.201893997568057
25.2769927836649 8.13043663947225 5.70765016375159 0.789309765014288 -0.352361225391728 -0.502823572583099 0.532507499032102 0.800533988511343 0.274919948364558 0.404522879056967 0.788828761042532 0.0107707434495475 0.323543149569785 -0.199903109267029 -0.188620465941556
25.6145241197197 8.29189270458525 6.06148986421289 0.350151993190141 0.155611454679851 -0.923676641326189 0.501840509718886 0.801473170441133 0.325264110324751 -0.608795851334984 0.122509306329068 -0.108603947777652 0.355050195843663 -0.291900816617528 0.0575106661989323
25.8490149628203 8.65943405741796 6.20060584367897 -0.0329941558623152 0.262125545934633 -0.96446952755486 0.579095215511704 0.791519161939395 0.195310090562196 -0.418483617406691 0.986992937375126 0.199133280375415 0.396791075890919 0.789701598730465 -0.517414305109788
26.3778314815283 8.83000058155468 6.18405175421841 -0.552456393118573 0.357931769256989 -0.75277929749404 0.536494481100343 0.843870289139501 0.00751637527039767 -0.95717751595121 0.676067137088248 0.459464050450906 0.604845821145575 -0.143539842534668 -0.493683880373665
26.7066117638558 9.10148903001754 5.91662211882032 -0.87943322745003 0.47597188612129 -0.00691687520472503 0.47518690988384 0.878657881144428 0.0464501389528287 -0.761779970869821 -0.0613098672247049 0.409216609499572 0.674214489229833 -0.340299798173614 -0.386349768215312
26.8300476262312 9.54204231636106 5.72110919493814 -0.749214392160907 0.268588243519866 0.605423843943642 0.402353494680823 0.910654524291735 0.0939142561082433 -0.324167179647895 0.17085565552979 0.618148212513005 0.493042179666476 -0.409550920515428 0.0126209261165291
26.9589482561191 9.98531505297384 5.68212146542213 -0.507334466490934 -0.0617229250067749 0.859535865050747 0.331430764790948 0.906735819715904 0.260736810077137 -0.174763809484276 -0.0531357517420233 0.376152565190173 0.489627204689183 0.265290241014587 -0.394811895522018
26.8485501970524 10.4335787145374 5.73105318157731 0.118958692058213 -0.298986509462163 0.946813486780517 0.282859225891453 0.924275462960803 0.256330667343771 0.155157785718711 -0.113772354289358 0.535782291797474 0.376019895965135 -0.00957563475189928 -0.14101719977362
26.8706684290839 10.8435768417822 6.0103226079932 0.526565998640676 -0.562578595181886 0.637364461680745 0.438110887207003 0.82207446966985 0.36366509093868 0.400060349309898 -0.264977439451363 -0.0288676394564433 0.375493569103822 0.0357889287582745 -0.178311448209819
26.8596104468556 11.0929842863479 6.33697547407248 0.935310173532618 -0.320255730886543 -0.150436131963823 0.348638876228825 0.906699429404651 0.23737514538523 0.161619902206655 -0.506304296241031 0.137237798561325 0.421864921442703 0.0788655388552715 0.150075909101728
27.1472120501355 11.4421999376765 6.62808489311495 0.707385723514894 -0.34189966592605 -0.618635544888075 0.61784163743952 0.724222819130345 0.306223616328419 0.287164779979585 0.279520879595501 -0.336796887505056 0.318810698201454 0.198578230218985 -0.041193163604096
27.4603077349214 11.5623795143692 6.96608992738742 0.301758569467233 -0.0231371217389102 -0.953103520160595 0.701394663207979 0.682507219286399 0.205497717196185 -0.277980291527903 -0.277396210203223 -0.258746126836576 0.717676996277211 0.0590033309283321 -0.158948335716664
27.9173931732839 11.7035706946573 7.01311837915742 -0.153394969264368 0.269390162653961 -0.950735928170926 0.681463807184534 0.725575416834708 0.0956414440828852 0.0873450119100447 -0.100555407001138 -0.368127869495168 0.601679774274901 -0.235764876616907 -0.272357736778874
28.314092581156 11.8553020677181 7.06399641161932 -0.602272860633478 0.466319477528021 -0.647930110916047 0.470098131169372 0.863167263652069 0.184254996093961 -0.0803012505926546 -0.343475274613514 -0.156333387205115 0.419411322972366 -0.109071432801494 -0.20696698380494
28.482988865063 12.2011027856965 6.93582742512055 -0.891516942920364 0.438504286896298 0.11362839749545 0.446001574595275 0.805821633153169 0.389530452838415 -1.24490215864896 -0.43922244343624 0.476161306400418 0.0147666271476138 0.50635679157838 0.699994001538097
28.2770141544324 12.7997203331218 7.13408804758074 -0.804185322997611 0.0765310724004583 0.589430948081511 0.325655127251919 0.886317421894644 0.329226436681208 -1.16929070548779 0.977540130086894 1.16236736727571 0.0886788625620287 0.670551660804123 0.445101722787922
