
#id1 id2 FENE BEXC STCK NEXC HB CRSTCK CXSTCK total, t = 100
0 1 0.019655 0 -0.50991 0 0 0 0 -0.490255
1 2 0.0699358 0 -1.19053 0 0 0 0 -1.1206
2 3 0.0225728 0 -1.28258 0 0 0 0 -1.26001
3 4 0.0713962 0 -0.949376 0 0 0 0 -0.87798
4 5 0.0397763 0 -0.805008 0 0 0 0 -0.765231
5 6 0.013088 0 -1.34523 0 0 0 0 -1.33214
6 7 0.0391739 0 -0.0979287 0 0 0 0 -0.0587548
7 8 0.0246447 0 -1.1949 0 0 0 0 -1.17025
8 9 0.0479004 0 -1.30207 0 0 0 0 -1.25417
9 10 0.114529 0 -1.32583 0 0 0 0 -1.2113
10 11 0.197228 0 -1.17117 0 0 0 0 -0.973937
11 12 0.00416565 0 -1.35946 0 0 0 0 -1.3553
12 13 0.00148191 0 -1.1754 0 0 0 0 -1.17392
13 14 0.126756 0 -0.0630601 0 0 0 0 0.0636955
14 15 0.050695 0 -0.0499854 0 0 0 0 0.000709682
15 16 0.174344 0 -1.32133 0 0 0 0 -1.14699
16 17 0.0813677 0 -1.29432 0 0 0 0 -1.21295
17 18 0.0635888 0 -1.1365 0 0 0 0 -1.07291
18 19 0.0042486 0 -1.42344 0 0 0 0 -1.4192
19 20 1.48422 0 0 0 0 0 0 1.48422
19 21 0 0 0 0 0 -0 -0.00763824 -0.00763824
20 21 1.36735 0 0 0 0 0 0 1.36735
21 22 0.018547 0 -0.904032 0 0 0 0 -0.885485
22 23 0.550651 0 -1.10611 0 0 0 0 -0.555462
23 24 0.085672 0 -1.22072 0 0 0 0 -1.13505
24 25 0.0383948 0 -1.30722 0 0 0 0 -1.26882
25 26 0.418516 0 -1.42205 0 0 0 0 -1.00353
27 28 0.00492107 0 -1.2297 0 0 0 0 -1.22478
28 29 0.447787 0 -1.39891 0 0 0 0 -0.951124
29 30 0.104844 0 -1.25189 0 0 0 0 -1.14704
30 31 0.204777 0 -1.38037 0 0 0 0 -1.17559
31 32 0.0641798 0 -0.587825 0 0 0 0 -0.523645
32 33 0.377639 0 0 0 0 0 0 0.377639
33 34 1.03795 0 -0 0 0 0 0 1.03795
34 35 0.265029 0 -0.351618 0 0 0 0 -0.0865888
35 36 0.109903 0 -1.18798 0 0 0 0 -1.07808
36 37 0.116749 0 -0.980585 0 0 0 0 -0.863835
37 38 0.566952 0 -1.13938 0 0 0 0 -0.572428
38 39 0.115122 0 -1.21975 0 0 0 0 -1.10462
39 40 0.0666166 0 -1.35093 0 0 0 0 -1.28432
40 41 0.153739 0 -1.33985 0 0 0 0 -1.18611
41 42 0.102167 0 -1.34033 0 0 0 0 -1.23816
42 43 0.171068 0 -1.35136 0 0 0 0 -1.1803
43 44 0.224484 0 -1.21194 0 0 0 0 -0.98746
44 45 0.0249205 0 -1.27372 0 0 0 0 -1.2488
45 46 0.517524 0 -1.2436 0 0 0 0 -0.726074
46 47 0.00281008 0 -1.3045 0 0 0 0 -1.30169
47 48 0.0215685 0 -1.13296 0 0 0 0 -1.11139
48 49 0.122267 0 -1.31672 0 0 0 0 -1.19445
49 50 0.131792 0 -1.22479 0 0 0 0 -1.09299
50 51 0.151839 0 -1.02067 0 0 0 0 -0.868835
51 52 0.0175761 0 -1.25671 0 0 0 0 -1.23913
53 54 0.000479022 0 -1.42265 0 0 0 0 -1.42217
54 55 0.124118 0 -1.12402 0 0 0 0 -0.999906
55 56 0.220262 0 -0.84538 0 0 0 0 -0.625119
56 57 0.153187 0 -1.20717 0 0 0 0 -1.05398
57 58 0.00533533 0 -0.259474 0 0 0 0 -0.254138
58 59 0.00117659 0 -0 0 0 0 0 0.00117659
59 60 0.42113 0 -0.885043 0 0 0 0 -0.463913
60 61 0.0539066 0 -1.0098 0 0 0 0 -0.955895
61 62 0.297689 0 -0.983733 0 0 0 0 -0.686044
62 63 0.126341 0 -1.27479 0 0 0 0 -1.14845
63 64 0.00589288 0 -1.27714 0 0 0 0 -1.27124
64 65 0.636029 0 -1.08592 0 0 0 0 -0.449887
65 66 0.000116112 0 -0.903085 0 0 0 0 -0.902969
66 67 0.00164322 0 -1.38677 0 0 0 0 -1.38512
67 68 0.0692024 0 -1.42371 0 0 0 0 -1.3545
68 69 0.432272 0 -1.28028 0 0 0 0 -0.848008
69 70 0.175134 0 -1.4253 0 0 0 0 -1.25016
70 71 0.117341 0 -1.28246 0 0 0 0 -1.16512
71 72 0.082026 0 -1.21187 0 0 0 0 -1.12985
72 73 0.033104 0 -1.15725 0 0 0 0 -1.12415
73 74 0.115972 0 -0.944774 0 0 0 0 -0.828801
74 75 0.220625 0 -1.37197 0 0 0 0 -1.15135
75 76 0.462237 0 -0.920399 0 0 0 0 -0.458162
76 77 0.27893 0 -1.08646 0 0 0 0 -0.80753
77 78 0.0135539 0 -0.150721 0 0 0 0 -0.137167
#Total energy per particle is  -0.806079 and should be -0.80607910

