t = 0
b =  30.0 30.0 30.0
E = 0. 0. 0.
12.0384652777 10.3772713085 8.06412519092 0.84503059148 -0.521882913151 0.116453958389 0.377319191965 0.7362919524 0.56169777301 0.0 0.0 0.0 0.0 0.0 0.0
12.1485421909 10.4532345627 8.58450751125 0.906677412106 -0.170189580869 -0.385968362615 0.377319191965 0.7362919524 0.56169777301 0.0 0.0 0.0 0.0 0.0 0.0
12.4652962487 10.4904030966 9.01690833118 0.623862325036 0.246161618604 -0.741754849615 0.377319191965 0.7362919524 0.56169777301 0.0 0.0 0.0 0.0 0.0 0.0
12.9242597431 10.5836841792 9.2802261098 0.104031510263 0.568991903566 -0.815736267766 0.377319191965 0.7362919524 0.56169777301 0.0 0.0 0.0 0.0 0.0 0.0
13.4069372235 10.8066669842 9.35759678052 -0.455322614574 0.675652651326 -0.57980583941 0.377319191965 0.7362919524 0.56169777301 0.0 0.0 0.0 0.0 0.0 0.0
13.7858238997 11.1836648322 9.3028006919 -0.841692065545 0.525621660538 -0.123597478825 0.377319191965 0.7362919524 0.56169777301 0.0 0.0 0.0 0.0 0.0 0.0
13.972846843 11.6804781543 9.21983055409 -0.908288628475 0.175898212985 0.379567630405 0.377319191965 0.7362919524 0.56169777301 0.0 0.0 0.0 0.0 0.0 0.0
13.9528253649 12.2173874796 9.22338286957 -0.629811155672 -0.240651906541 0.738528650811 0.377319191965 0.7362919524 0.56169777301 0.0 0.0 0.0 0.0 0.0 0.0
13.789238414 12.6994401952 9.39528281425 -0.112057894947 -0.565774343288 0.816910289235 0.377319191965 0.7362919524 0.56169777301 0.0 0.0 0.0 0.0 0.0 0.0
13.6001078624 13.0525246315 9.75339748506 0.448268033576 -0.675949647776 0.584934050766 0.377319191965 0.7362919524 0.56169777301 0.0 0.0 0.0 0.0 0.0 0.0
13.5131600232 13.2515263243 10.2448478911 0.838289441501 -0.529320379799 0.130731586835 0.377319191965 0.7362919524 0.56169777301 0.0 0.0 0.0 0.0 0.0 0.0
13.6173002886 13.3298694199 10.7660985666 0.909830675149 -0.181593449772 -0.37313799265 0.377319191965 0.7362919524 0.56169777301 0.0 0.0 0.0 0.0 0.0 0.0
13.928836485 13.3668182828 11.2022924248 0.635712023749 0.235123867905 -0.735246210192 0.377319191965 0.7362919524 0.56169777301 0.0 0.0 0.0 0.0 0.0 0.0
14.3852832572 13.4573636389 11.4708868863 0.120075745989 0.562513697103 -0.818022099822 0.377319191965 0.7362919524 0.56169777301 0.0 0.0 0.0 0.0 0.0 0.0
14.8691012995 13.6761340099 11.5530131844 -0.441179315231 0.676195168044 -0.590017717129 0.377319191965 0.7362919524 0.56169777301 0.0 0.0 0.0 0.0 0.0 0.0
15.252352503 14.0490430907 11.5006449254 -0.834822978471 0.532978789265 -0.137855739129 0.377319191965 0.7362919524 0.56169777301 0.0 0.0 0.0 0.0 0.0 0.0
15.4453057823 14.5434447034 11.4168524462 -0.911303434693 0.187274857514 0.366679938992 0.377319191965 0.7362919524 0.56169777301 0.0 0.0 0.0 0.0 0.0 0.0
15.430527415 15.0805356257 11.4166446707 -0.641564479895 -0.229577923675 0.731907777728 0.377319191965 0.7362919524 0.56169777301 0.0 0.0 0.0 0.0 0.0 0.0
15.2695044043 15.565294253 11.5832752962 -0.128084452798 -0.559210213322 0.819071614859 0.377319191965 0.7362919524 0.56169777301 0.0 0.0 0.0 0.0 0.0 0.0
15.0792845385 15.9225808947 11.936613322 0.434056999374 -0.676389193432 0.595056451359 0.377319191965 0.7362919524 0.56169777301 0.0 0.0 0.0 0.0 0.0 0.0
14.9880079794 16.1256845984 12.4255944846 0.831292940438 -0.536596610332 0.144969393174 0.377319191965 0.7362919524 0.56169777301 0.0 0.0 0.0 0.0 0.0 0.0
15.0862246723 16.2064710879 12.947621425 0.912706794953 -0.192942003551 -0.360193961237 0.377319191965 0.7362919524 0.56169777301 0.0 0.0 0.0 0.0 0.0 0.0
15.3924929078 16.2432764416 13.3875421406 0.647368078422 0.224014496198 -0.728513607652 0.377319191965 0.7362919524 0.56169777301 0.0 0.0 0.0 0.0 0.0 0.0
15.8463287171 16.3311459068 13.6613981564 0.136083405481 0.555864143518 -0.820058754422 0.377319191965 0.7362919524 0.56169777301 0.0 0.0 0.0 0.0 0.0 0.0
16.331184743 16.545724621 13.7483217533 -0.426901628396 0.676531709163 -0.600049869735 0.377319191965 0.7362919524 0.56169777301 0.0 0.0 0.0 0.0 0.0 0.0
16.7187285292 16.9145187596 13.6984639635 -0.82769959623 0.54017356749 -0.152072007238 0.377319191965 0.7362919524 0.56169777301 0.0 0.0 0.0 0.0 0.0 0.0
16.9175981665 17.4064454799 13.6139413549 -0.914040649057 0.198594456307 0.353680553318 0.377319191965 0.7362919524 0.56169777301 0.0 0.0 0.0 0.0 0.0 0.0
25.8264898199 22.1077973713 7.22296241969 0.00694141207509 0.552430518988 -0.833530046543 0.674677705531 0.612654069143 0.411661250571 0.0 0.0 0.0 0.0 0.0 0.0
26.349919036 22.2106922371 7.15877827426 -0.427166766623 0.778922074627 -0.459139363539 0.674677705531 0.612654069143 0.411661250571 0.0 0.0 0.0 0.0 0.0 0.0
26.7759755741 22.4911424144 6.98993329646 -0.698987148834 0.709488111233 0.0896860400733 0.674677705531 0.612654069143 0.411661250571 0.0 0.0 0.0 0.0 0.0 0.0
27.0426979696 22.9333204289 6.84153225432 -0.705250626761 0.370507752373 0.604438217592 0.674677705531 0.612654069143 0.411661250571 0.0 0.0 0.0 0.0 0.0 0.0
27.1486584626 23.4599556972 6.8309129229 -0.443577600419 -0.109234696173 0.889554210579 0.674677705531 0.612654069143 0.411661250571 0.0 0.0 0.0 0.0 0.0 0.0
27.1535054277 23.9616909131 7.02306750177 -0.0133820274568 -0.547477057336 0.836713686414 0.674677705531 0.612654069143 0.411661250571 0.0 0.0 0.0 0.0 0.0 0.0
27.1553019591 24.3386287165 7.40595099178 0.421897601472 -0.777723731089 0.465991643673 0.674677705531 0.612654069143 0.411661250571 0.0 0.0 0.0 0.0 0.0 0.0
27.2532700621 24.538284371 7.89505729163 0.69689127785 -0.712500156554 -0.0817684154634 0.674677705531 0.612654069143 0.411661250571 0.0 0.0 0.0 0.0 0.0 0.0
27.5100945538 24.5755255924 8.3655244786 0.707124306372 -0.376585860177 -0.598463286471 0.674677705531 0.612654069143 0.411661250571 0.0 0.0 0.0 0.0 0.0 0.0
27.9281080533 24.5269240551 8.69957194059 0.448708988415 0.102399700661 -0.887791949175 0.674677705531 0.612654069143 0.411661250571 0.0 0.0 0.0 0.0 0.0 0.0
28.4484047809 24.5016645328 8.83124719984 0.0198216237452 0.542481903187 -0.839833607298 0.674677705531 0.612654069143 0.411661250571 0.0 0.0 0.0 0.0 0.0 0.0
28.9732198483 24.6000637773 8.77148236187 -0.416596307185 0.776466160877 -0.472808436739 0.674677705531 0.612654069143 0.411661250571 0.0 0.0 0.0 0.0 0.0 0.0
29.4030717743 24.8754585077 8.60394082587 -0.694742335897 0.715457942229 0.073844563872 0.674677705531 0.612654069143 0.411661250571 0.0 0.0 0.0 0.0 0.0 0.0
29.674557163 25.3139418986 8.45323216053 -0.70894413573 0.382635289509 0.592442780053 0.674677705531 0.612654069143 0.411661250571 0.0 0.0 0.0 0.0 0.0 0.0
29.7844387137 25.8396470157 8.43757084555 -0.453806205484 -0.0955569070166 0.885962078977 0.674677705531 0.612654069143 0.411661250571 0.0 0.0 0.0 0.0 0.0 0.0
29.7908751255 26.3435699328 8.62386461434 -0.0262597105403 -0.53744543694 0.842889571602 0.674677705531 0.612654069143 0.411661250571 0.0 0.0 0.0 0.0 0.0 0.0
29.7913256355 26.7249821457 9.00229508751 0.411263287477 -0.775149459761 0.479589223612 0.674677705531 0.612654069143 0.411661250571 0.0 0.0 0.0 0.0 0.0 0.0
29.8855236248 26.9296990149 9.49004793928 0.692540486626 -0.718361243012 -0.0659150887312 0.674677705531 0.612654069143 0.411661250571 0.0 0.0 0.0 0.0 0.0 0.0
30.1375862398 26.9706654161 9.96277544451 0.710709976247 -0.388655579682 -0.586377156824 0.674677705531 0.612654069143 0.411661250571 0.0 0.0 0.0 0.0 0.0 0.0
30.5516552163 26.9230377656 10.3018382584 0.458868863454 0.0887068363433 -0.884064739337 0.674677705531 0.612654069143 0.411661250571 0.0 0.0 0.0 0.0 0.0 0.0
31.0703233647 26.8956308414 10.4393784871 0.0326957975567 0.532368042143 -0.845881346601 0.674677705531 0.612654069143 0.411661250571 0.0 0.0 0.0 0.0 0.0 0.0
31.5964445211 26.989577229 10.3841000363 -0.405898948477 0.773773728013 -0.486333487909 0.674677705531 0.612654069143 0.411661250571 0.0 0.0 0.0 0.0 0.0 0.0
32.0300409994 27.2599053623 10.2179618515 -0.690285897715 0.721209837805 0.0579805939013 0.674677705531 0.612654069143 0.411661250571 0.0 0.0 0.0 0.0 0.0 0.0
32.3062867857 27.6946333009 10.065040345 -0.712421693447 0.394646272229 0.580266878705 0.674677705531 0.612654069143 0.411661250571 0.0 0.0 0.0 0.0 0.0 0.0
32.4201360245 28.2193208696 10.0443906918 -0.463896576783 -0.0818500103009 0.882100074744 0.674677705531 0.612654069143 0.411661250571 0.0 0.0 0.0 0.0 0.0 0.0
32.428240024 28.7253507259 10.2248157783 -0.0391293946616 -0.527250105458 0.848808704461 0.674677705531 0.612654069143 0.411661250571 0.0 0.0 0.0 0.0 0.0 0.0
11.0319391473 17.6068619704 25.0189496891 0.367907572135 -0.700233789321 0.611814235417 0.64727580571 0.665237772542 0.372146123621 0.0 0.0 0.0 0.0 0.0 0.0
11.0912812592 17.8774942397 25.4792993288 0.689477495844 -0.719145948733 0.0863127287583 0.64727580571 0.665237772542 0.372146123621 0.0 0.0 0.0 0.0 0.0 0.0
11.3077897879 17.9841971672 25.9593239577 0.749103391433 -0.464842538742 -0.471980426627 0.64727580571 0.665237772542 0.372146123621 0.0 0.0 0.0 0.0 0.0 0.0
11.6950564583 17.9849392235 26.3317606335 0.524132384276 -0.0339376765298 -0.850960326845 0.64727580571 0.665237772542 0.372146123621 0.0 0.0 0.0 0.0 0.0 0.0
12.2017991222 17.9779451853 26.510220876 0.100034721307 0.409860676404 -0.906646171597 0.64727580571 0.665237772542 0.372146123621 0.0 0.0 0.0 0.0 0.0 0.0
12.7313447039 18.0643789012 26.4820110952 -0.362067804779 0.697946105866 -0.617881977443 0.64727580571 0.665237772542 0.372146123621 0.0 0.0 0.0 0.0 0.0 0.0
13.1783569182 18.3099094538 26.3129550981 -0.686614718378 0.720870140673 -0.094374089623 0.64727580571 0.665237772542 0.372146123621 0.0 0.0 0.0 0.0 0.0 0.0
13.4688552858 18.7197623778 26.1223865244 -0.750305220879 0.469923556733 0.464988092696 0.64727580571 0.665237772542 0.372146123621 0.0 0.0 0.0 0.0 0.0 0.0
13.5883215547 19.2367343913 26.0378120011 -0.528942225534 0.0404451568868 0.847693524413 0.64727580571 0.665237772542 0.372146123621 0.0 0.0 0.0 0.0 0.0 0.0
13.5872154266 19.7629258795 26.1464692433 -0.106625235266 -0.404399034268 0.908346013526 0.64727580571 0.665237772542 0.372146123621 0.0 0.0 0.0 0.0 0.0 0.0
13.5618040728 20.1969345952 26.4621839878 0.356200464558 -0.695605271113 0.623902665365 0.64727580571 0.665237772542 0.372146123621 0.0 0.0 0.0 0.0 0.0 0.0
13.6175886261 20.4723800674 26.9201173646 0.683699652543 -0.722539435562 0.102428263535 0.64727580571 0.665237772542 0.372146123621 0.0 0.0 0.0 0.0 0.0 0.0
13.8292225367 20.5831226526 27.4013992673 0.751449911678 -0.474968788226 -0.45796034812 0.64727580571 0.665237772542 0.372146123621 0.0 0.0 0.0 0.0 0.0 0.0
14.2121494783 20.5855960875 27.7782890941 0.533711785794 -0.0469495571885 -0.844362166836 0.64727580571 0.665237772542 0.372146123621 0.0 0.0 0.0 0.0 0.0 0.0
14.7167360383 20.5773673694 27.9627065385 0.113207629302 0.39890659558 -0.909976681389 0.64727580571 0.665237772542 0.372146123621 0.0 0.0 0.0 0.0 0.0 0.0
15.2471282809 20.6600694224 27.9396947698 -0.350305998293 0.693211463325 -0.629875840682 0.64727580571 0.665237772542 0.372146123621 0.0 0.0 0.0 0.0 0.0 0.0
15.6976682603 20.9007890502 27.7731027833 -0.680732520332 0.724153706275 -0.110474637139 0.64727580571 0.665237772542 0.372146123621 0.0 0.0 0.0 0.0 0.0 0.0
15.9930352401 21.3065795381 27.5813280999 -0.752537376656 0.479977849007 0.450897728091 0.64727580571 0.665237772542 0.372146123621 0.0 0.0 0.0 0.0 0.0 0.0
16.1168613013 21.8217809918 27.4923355677 -0.538440701835 0.0534503820996 0.840966507812 0.64727580571 0.665237772542 0.372146123621 0.0 0.0 0.0 0.0 0.0 0.0
16.1179497876 22.3491664618 27.5950413775 -0.119781402138 -0.39338377861 0.911538051004 0.64727580571 0.665237772542 0.372146123621 0.0 0.0 0.0 0.0 0.0 0.0
16.0917340995 22.7868800871 27.9055323146 0.34438485487 -0.6907648648 0.635801048517 0.64727580571 0.665237772542 0.372146123621 0.0 0.0 0.0 0.0 0.0 0.0
16.1440209499 23.0671338397 28.3609541208 0.677713547704 -0.725712829879 0.118512597671 0.64727580571 0.665237772542 0.372146123621 0.0 0.0 0.0 0.0 0.0 0.0
16.3507926248 23.1819613299 28.8433908773 0.753567533 -0.484950357616 -0.443800770455 0.64727580571 0.665237772542 0.372146123621 0.0 0.0 0.0 0.0 0.0 0.0
16.7293400426 23.1862443708 29.2246632343 0.543128613531 -0.0599471365572 -0.837506805932 0.64727580571 0.665237772542 0.372146123621 0.0 0.0 0.0 0.0 0.0 0.0
17.2316936449 23.1768624601 29.4150258885 0.126346053156 0.387831003943 -0.913030003468 0.64727580571 0.665237772542 0.372146123621 0.0 0.0 0.0 0.0 0.0 0.0
17.762847834 23.2558866389 29.3972633247 -0.338437485206 0.688265661856 -0.641677837639 0.64727580571 0.665237772542 0.372146123621 0.0 0.0 0.0 0.0 0.0 0.0
