t = 100
b = 30 30 30
E = -0.336446189626124 -0.614478277729632 0.278032088103508
12.129052671118 10.8180032478297 9.14733339092661 0.395716922984222 -0.864290804951452 -0.310498634864461 0.873340479372732 0.249580241028926 0.418313270480317 -0.863380179111794 0.736236831793983 4.01093795103557 -0.130849977871221 3.11108364464683 -0.0123958257083511
12.3055334183844 10.7269066760263 9.11553280040613 0.838520195475861 -0.363692515725419 -0.405723449843175 0.530561414946506 0.714528055543502 0.456019872088617 1.08799306309451 1.76834978630967 1.19847125206193 0.0346439363937807 0.881674037716349 0.29345015086067
12.8669197846819 10.6748837896269 9.20633463503261 0.495838146292899 0.180123843907724 -0.849529172659267 0.520794324121045 0.721140160527906 0.456869808807054 1.88767059468494 1.34394784418207 1.86965374780565 0.232107133272302 0.526132811957386 0.108098807695704
13.1031236951802 10.8712192995547 9.07380763582861 0.309741475300862 0.544363262445705 -0.779569587800842 0.391283155832056 0.674272537383744 0.62630177883034 0.0831652438126487 0.857133502291989 0.210057913310709 0.45955633886329 -0.261284695880698 -0.406354772571259
13.5359038908094 11.0199720174548 9.21901190807637 -0.398097246844896 0.824523263090014 -0.402094331975207 0.443210696230858 0.556648432455349 0.702642641989066 0.388362112137545 0.600440432769899 0.272453553388237 0.0122428340157313 -0.352472460704328 0.383693176975289
13.8026173884047 11.3513793288537 9.39352316251206 -0.82973855052905 0.549060126575311 -0.100333423962965 0.409435826917556 0.720914994152441 0.559145558543813 0.507527754669011 0.949645815035208 0.567598297868948 -0.0562779690396641 -0.15932033273819 0.0179743184412024
13.7901233041931 11.8420524852423 9.48525437928545 -0.80025071364677 0.0464983836306309 0.597860004315757 0.413027473642981 0.765542653045822 0.493307848756826 -0.428481215004316 0.51872460756268 0.72670734249921 0.0913265202092392 0.515518703600536 0.822599021236718
13.881970274318 12.2926611789857 10.5284858421663 -0.786496666647598 -0.458213462821095 0.414081269309128 0.0282276484323042 0.643103108812702 0.765259089023518 -0.322175143686774 1.28995002018712 5.06378522980355 0.280621999424384 0.934289318399652 -0.0879630227433547
13.7733757126808 12.6075293644851 9.72576982424291 -0.236162625670139 -0.517460937823826 0.822472659092938 -0.0688777870207246 0.853200096521181 0.517015812559736 0.109093882186098 -0.624243877310921 0.593407648289179 0.867616717974253 -0.298253823205288 -0.661380087617876
13.5080341560351 12.9924949847941 9.97117189229354 0.419945161858825 -0.609721015957824 0.672224832283777 0.152636498725133 0.777602799186465 0.609947433761137 0.0472747108454693 -0.636347530585042 0.787405069505918 0.631262717164667 -0.224516749450239 -0.118019123975823
13.5999021400074 13.2624348750731 10.4367298205951 0.642693230502238 -0.734436315035609 0.21805641009719 0.4452889024231 0.589708466524105 0.673766725646419 0.0764752552954547 0.435892087470968 0.729779385389951 0.627750823544538 0.428321765264946 -0.35171036888266
13.6887289218426 13.2321728052226 10.8940324536449 0.965436798610354 -0.11756449640518 -0.232616118266518 0.25262417303996 0.64168691340006 0.724167671338508 0.339131282052565 0.454095657592953 0.540376604404859 0.395224694708596 -0.118733451217018 0.207767918719068
13.9311630035949 13.4131070663553 11.3146272464817 0.584772976692314 0.360414716492781 -0.726733568863682 0.352922056694036 0.69361266015494 0.627970843681124 0.0492085724253821 -0.241941690287499 0.27950918404067 0.113330942613608 -0.229475064549768 -0.010580277069049
14.2928796656653 13.7937052697947 11.690168729057 0.0192073590494203 0.417917150244966 -0.908282012245052 0.515337388433018 0.774339696980831 0.367185638027445 0.26127565872158 1.46660802986141 1.03804551153554 0.236210962359181 0.141076542155118 0.250205911817562
14.4717793575477 14.1482516957159 12.6335848424234 -0.629433653538015 0.415886605574445 -0.65639278609936 0.373101167436755 0.902728952608804 0.214186467003578 -1.38487302972228 1.61893898465643 4.16069669640622 0.448103664026894 0.599466717768559 0.285335407871008
14.9531076441056 14.1904288253042 11.5802412250793 -0.669908142801582 0.562018308331565 -0.485137503888848 0.359892902524672 0.817347295886587 0.449911523600297 -1.18804918877147 0.0238540636097278 0.398504885303196 0.391248841896178 0.302724321492935 -0.949840578277469
15.206643255972 14.6184016351836 11.4358582756462 -0.875567696250576 0.270143752908797 0.400503986121746 0.431623303457158 0.809811851232887 0.397373845873448 -0.441257834361308 0.222295999868136 0.127133569914826 0.377911422504984 -0.0882182534445826 -0.0364238221723597
15.2779788379031 15.1242062212648 11.4391329097315 -0.502844926879614 -0.210388623733753 0.838381469896597 0.423672712839563 0.785435214650678 0.451212629467435 -0.107698513508316 0.171177508414691 -0.0321915844494914 0.43181911561008 -0.207804903689718 0.199654122684951
15.3370213062703 15.6042411251303 11.6927269617618 -0.162475921280746 -0.564473350802725 0.809302966832752 0.169966099568336 0.791930528681892 0.586478856397649 0.702541995793031 0.221997810157419 0.0147625413710238 0.182239182577888 -0.403409919022804 -0.0326741751022226
15.3679258280016 16.0413823359789 11.9984502697385 0.316928213558393 -0.77654756967148 0.544545921702354 0.320771474140578 0.628070126971215 0.708966473030957 0.557843571923467 0.342496329046723 0.624103369991368 0.278199099904292 0.392467905295 -0.0539737437755885
16.4410229879364 16.8645726011021 12.3333865478353 0.787031970506325 -0.598025643176027 -0.151479018256259 0.561919791045878 0.593587698576076 0.576107345311704 5.50367012389127 3.32232598173072 -0.248322704285225 0.0839500140921016 0.591505578157082 0.593602260251487
15.4080860521804 16.328356290078 12.8583400550716 0.872014598123406 -0.41894629919041 -0.253129266602905 0.478792979316359 0.622591210565408 0.618980896603908 0.545624646419287 0.798788834865963 -0.527032660251025 0.411114711848737 0.0278385635893613 -0.697040540115451
15.6393036465983 16.3063633446667 13.2909962205979 0.601180539802594 0.341669481572445 -0.722387573251645 0.533769579192752 0.501059036692041 0.681197305957108 0.472697656168826 0.123224764603049 -0.569966782578732 0.452435820172314 -0.319705647531813 0.0158638727306752
16.0039592333576 16.4632913764139 13.5228063907792 0.190319375748098 0.634502502025622 -0.749122814326988 0.600405807483938 0.528496453900741 0.600170188122158 0.569661921621164 0.252424700404035 -0.141815193759712 0.38596981994074 -0.103814024539446 0.053839483767499
16.4017803902583 16.6629495741111 13.7054183289397 -0.361416291694316 0.741510333586073 -0.565279196696557 0.434067292444525 0.670362762654553 0.601829903650327 0.712929998341385 -0.0677747538053836 -0.090097869203583 0.579478445115999 -0.0811188756622868 -0.107861325018633
16.8006402781123 17.0009672460426 13.8786206826642 -0.726071930711511 0.646584015016863 -0.233984073195323 0.555810572400197 0.752211372033965 0.353910366629269 0.428263309511145 -0.146309132787328 0.33690053313417 0.467075576827613 -0.300194326773092 -0.264558557578897
17.0617343435784 17.4077923098294 13.7588340876785 -0.739990887146354 0.283481295675922 0.609960429771808 0.59708195762629 0.694385495894236 0.401648851841613 -0.271706588495673 0.452641838140368 0.422558243347449 0.116398930827784 -0.665729166592887 0.35067372621925
25.7486697591841 22.2363199649841 7.08082258711481 0.133902299193541 0.406441942438812 -0.903811378197254 0.78487477228612 0.513306200289139 0.347114131755586 -0.0987236716707742 0.677050226487695 -0.220313942607731 0.313705475027698 -0.211857278097357 -0.5558197987201
26.2398000376059 22.3332443918145 7.08681326687209 -0.408082799091223 0.758275561587799 -0.508415659583855 0.763491111279215 0.588794064870051 0.265335177619394 -0.220985569696816 0.190019918104429 0.267019097907765 0.268410727763333 -0.129774380155777 -0.0559479230005923
26.6394847306371 22.6341995207907 7.01811076144039 -0.703993070035044 0.702881755316123 0.101739255953348 0.67912352174637 0.624322176609315 0.386021946126133 -0.187283651550429 -0.22757296976348 -0.695643985618803 0.407458273255184 0.235002442107597 -0.219980992041752
26.9085763785165 23.0494227300138 6.98779473507401 -0.769878929261671 0.366312641763117 0.522591010341605 0.57537759675743 0.752662742687428 0.320061402940674 -0.369945451248196 0.178657335720677 0.123225145633317 0.263934560529644 0.119056982343253 -0.140070843928719
27.0591641758838 23.5030965774331 7.03488384002964 -0.565708758515249 -0.128510482495625 0.814529642084217 0.528032919206501 0.702246579043617 0.477525770722822 -0.549729104009768 0.130410910254444 0.323606329403461 0.402585023894342 0.0562788985072517 -0.31005769472001
27.1416935278271 23.9186511221089 7.17475725932141 0.0383843875598188 -0.588581366066301 0.807526157919071 0.633963577704975 0.639005257426701 0.43561719922313 -0.466977480252433 -0.0934779401940153 0.669544336878206 0.512046253684453 -0.243953541950259 -0.213316343665511
27.280151381155 24.2709628391091 7.50824392298472 0.27639952239611 -0.82477228963752 0.493309088014806 0.639131971076855 0.541093461235192 0.546560218257154 0.383935974511108 -0.340660344528189 0.295824594810101 0.60787795052978 0.242990040999468 -0.180083245520591
27.2657320621348 24.5126482120139 7.91306996440018 0.641231549301866 -0.767347113356652 -0.000624445568385108 0.656228134787782 0.547953119682632 0.518759960252654 0.208658503614493 0.305934857863326 -0.199970608023815 0.468820041325503 0.142114454064294 0.160632830622473
27.5198169412462 24.6197911738817 8.28055354026778 0.659336567095615 -0.484045951926582 -0.575303997272556 0.751627543872723 0.405839882807843 0.519951836380807 0.0305791046432746 0.502248037184751 0.0675826238417401 0.4468115647772 -0.133130596481882 -0.246440427157257
27.9001454053097 24.606622479605 8.57284062215031 0.406088160483094 0.166300494551707 -0.898574667420421 0.821353617069504 0.364618105550134 0.438670449616297 0.293536216967949 -0.125254787307083 -0.0819226978402077 0.245049259877073 0.152081657960732 0.216258491532957
28.3544091099465 24.7002161697271 8.70763984061974 -0.0778948998910022 0.436834536314043 -0.896162849740017 0.763060093423635 0.604626213375126 0.228399472146037 -0.323256624873019 0.0400002075662877 -0.244730633015047 0.655489052749289 0.128983352387073 -0.276903243731861
28.7751965830103 24.7686348176635 8.60779019266997 -0.42524651097476 0.846068860694215 -0.321454150354455 0.812312142132842 0.51340779212431 0.276697142131966 0.0603885404466157 0.453400418881546 -0.110222589753253 0.489320574979993 -0.11721268466956 0.522547900964624
29.1795804144062 25.0826499581911 8.5856065796218 -0.695691868711377 0.693735972074914 0.186395029667548 0.708517209368879 0.619910998189899 0.337214471629403 -0.716437204399787 0.263706743582862 -0.324890095649874 0.324607039712363 -0.391654253624277 -0.126610692708247
29.531472172125 25.3740784717333 8.60806589274096 -0.717096906898957 0.444869327784162 0.536528833273548 0.660519954610065 0.679470708843343 0.319425778073971 -0.786655509502066 -0.606497990450116 0.070580391455063 0.261919804856468 0.344116523540107 -0.112152332106755
29.7345285769245 25.8055079960215 8.59755893941981 -0.689042852170483 0.0245157863166332 0.724305745730204 0.563271106434936 0.646978526676836 0.513949732997459 -0.0572777601854153 0.00793483279029581 0.159074369990922 0.498870432422303 0.121023467226988 -0.630520022709413
29.6959895075954 26.2370189763466 8.67290805607945 -0.0560341871823895 -0.430136421092408 0.901023146875053 0.544978648527824 0.742971342750657 0.388576556762249 -0.0810803769171447 0.163315917609345 0.113432427883945 0.478657404897693 -0.34573894175024 -0.221577991255208
29.8278132380627 26.6311184716959 8.94802927427387 0.316805428642262 -0.733288629224381 0.60159952662275 0.59304501451272 0.648139718100864 0.477715813773498 -0.220845501172373 -0.164053343145794 0.166772936336456 0.375439719223085 0.162161031050073 -0.159682046618314
29.9002025294173 26.8765292746218 9.36115874554337 0.757563818719241 -0.643576830785573 -0.109113725109986 0.58650111456678 0.597708857930351 0.546589834555287 0.0444452181154436 -0.333071822065502 0.509157961937048 0.587131547106961 -0.0846005642277887 0.00740469538508451
30.1008200388542 26.9099583927173 9.84386391088618 0.655652309535806 -0.454652833607816 -0.602835575216241 0.754859886082516 0.376176329674054 0.537287456232173 0.463208038924406 0.0373967438461479 -0.0371199618909255 0.742118590944853 -0.177264984663619 0.293469043974162
29.736387992764 26.3097636680781 10.4308479522266 0.477206153825721 0.0971558052522253 -0.873404211721433 0.774494097489227 0.423131421568904 0.470232473963727 -3.85270304843346 -2.8567133990582 0.215947000899703 0.536790988267412 -0.15726520058794 -0.0317752544231425
30.9521203500025 26.9473004652221 10.2924483387251 0.20925330230706 0.400787261224854 -0.891954322494106 0.827470604955641 0.413471244513134 0.379912905203245 -0.689114356033573 0.114574588967696 -0.52791522790586 0.405001854709589 0.0984145796761139 -0.493163025711021
31.4460574439253 27.1100103558423 10.2770398529683 -0.421119737811607 0.710059779836591 -0.56433425974124 0.777979745791247 0.60263492702808 0.177703539205988 -0.516555811016059 0.230919797464614 -0.297830862940059 0.700335950604385 -0.0282654846914747 -0.234873459713357
31.8511731018204 27.3447557299913 10.1028734222648 -0.624414397594084 0.746986756904112 0.228292198448172 0.780506684503425 0.608025021099259 0.14530925139647 -0.794204203931113 -0.0878306448175293 -0.323128826246565 0.490487381632375 0.275567185568183 0.327743814241499
32.2451808919416 27.8013420477136 10.1276510999103 -0.799708773226546 0.389325294410034 0.457046578736969 0.570288868726648 0.730586621945763 0.375517878046586 -0.240925347239967 0.0453192110207853 0.244358006077144 0.641310770638801 -0.236675828542888 -0.525908118687888
32.3235772086213 28.2709081214731 10.087020689484 -0.464106009850627 -0.0157862686073719 0.885638914258136 0.599666303103297 0.730273240715192 0.327263200599681 0.201804553647956 0.180921502943488 0.0678270242999389 0.382385502761314 -0.372059660215819 -0.00494085195673943
32.5912950646716 28.7219225808207 10.2238632976912 -0.267125396652431 -0.493455303482705 0.827735326431775 0.729273652080168 0.457959452473043 0.508363022098189 0.475841784464538 0.114740513089826 0.351049535623614 0.078225419625759 0.357726760061635 0.0436258661199844
10.8874212303448 17.4390380763638 25.2211674484071 0.442380384403454 -0.550935941753191 0.707650383128742 0.431655135179387 0.822451585626298 0.370468781923007 0.0769669727187813 -0.599013962047171 0.432254832480022 0.234330915298589 -0.14181003553129 -0.083369692271766
11.1331200150103 17.8105415858995 25.5678631956829 0.64012183661144 -0.762369666363721 0.0950600179925947 0.648441504085257 0.602484880667317 0.465333714973154 -0.037093293727328 -0.338379793651419 -0.27279297309922 0.124888896506123 0.120447016546998 -0.0720739671830091
11.4510308289796 17.9011966392852 25.9106190526323 0.718504871709691 -0.418536500261605 -0.555497821072325 0.674957751833068 0.612358695904108 0.411641521359437 -0.137571332300871 -0.380702611281998 0.105953811369885 0.443473594169253 0.197404098823515 -0.0170032111825364
11.893391000046 17.9257995510613 26.1782675247366 0.455645140982137 0.00630568292415387 -0.890139104557491 0.694070933950449 0.623603981782638 0.359699171068776 0.868574405259628 0.139911568044793 -0.475826405331919 0.255562202805022 0.125867003221482 0.437003006194649
12.4692092677083 18.0489876039366 26.1870718515984 -0.107529185718044 0.369660547719572 -0.922923851918013 0.569366575876118 0.78389803452742 0.247639770483904 0.90981487192967 0.315373561661397 -0.952501544427568 0.160718761565158 0.406372386433538 0.806267263188534
12.6529868731064 17.9368616390969 25.2746051238712 -0.331243197458036 0.813367118617959 -0.478238179817864 0.776153306567294 0.523097257465956 0.352072701297647 -0.476317038325266 -0.845936801613225 -4.35162734208992 0.210980322618762 -0.751050690114747 0.0417675893847203
13.118912551747 18.3389506548664 25.8919966167532 -0.693870468106203 0.717619065761079 -0.0597204394045182 0.661410387842869 0.667917320625059 0.341207609219866 -0.164360660141008 -0.302567096096698 -0.909072633996593 0.0862074894030181 -0.00434506848905965 -0.16478403545939
13.3510379291866 18.7124227859405 25.9933416543065 -0.860158498591125 0.389033985384547 0.32981782396367 0.491966728153964 0.803432890308605 0.335356842757948 -0.281951731127291 -0.859124880952796 -0.632059095355115 0.35805142045324 0.888992947071479 -0.270665376119914
13.451670794242 19.1414821356962 25.9621186236005 -0.55480242558456 0.00198296070718501 0.831979697608014 0.395716486625243 0.880271279637206 0.261783939613202 -0.40859321042509 -0.283821327874289 -0.627800341494671 0.339363508433537 0.473848489806502 0.140489654750854
13.5659643060554 19.5717496746268 26.0931983880112 -0.312299491125303 -0.42596937684678 0.849128377013914 0.388987671883686 0.758127950729487 0.523383694552584 -0.0304435868386734 -0.180341769642766 -0.516492538849232 0.551342723205026 -0.00784151637670103 -0.506421386575967
13.5230611021025 19.9801192032689 26.3180869976576 0.442033688455989 -0.680011443540353 0.584970543263441 0.597203399962108 0.709700428511903 0.37372888822901 -0.275377585739579 0.0437360695939648 -0.32960746979163 0.275783513168711 -0.364441407067811 0.365575352998146
14.0214101433361 20.0326588416201 26.2438952344259 0.540569517304976 -0.841092335354516 -0.0186590825521319 0.787765773655366 0.498262293446102 0.362159707385307 1.6905356166408 -1.15453503996683 -2.58618747282904 -0.158626023268377 0.628494650493393 0.59455997151537
14.2269505183211 20.1421918981165 26.3495030882548 0.72095275306981 -0.321196401038439 -0.614052022456667 0.666146760591798 0.565426305597424 0.486355291778519 0.828845023697542 -1.48903587895471 -3.04188496674899 0.216841231354106 0.566671118860567 0.507667876553176
14.3587223452803 20.4677695991221 27.3713776051879 0.690411098085315 0.083947932809287 -0.718529847093778 0.454982235590337 0.721816717927394 0.521509034205668 0.334810213999296 -0.231131711303641 -0.945583966212 -0.0901792766360729 -0.88437512256091 -0.427900370647578
14.6735528899758 20.6690059294777 27.7969962450709 0.169973275973616 0.301999728717529 -0.938032585531904 0.587447333729053 0.733209921673377 0.342503609409104 0.0743074391722887 -0.215065501022394 -0.875005820703356 0.102575993185443 -0.159136272430769 -0.632141499187922
15.167343847449 20.8222819382697 27.8912214276851 -0.380392247744404 0.599608990627245 -0.704109847525412 0.676084772722697 0.699784795236614 0.230674018016642 -0.823094489560881 0.289291947036873 -0.503124638235297 0.454191154759418 0.407625511631132 -0.127357948513915
15.5853398622668 21.1266911805336 27.7765437852524 -0.714478984199613 0.678988317856047 -0.168803217625533 0.681066830821325 0.73019595158818 0.0544218425791604 -0.105324877884077 0.859726776568672 -0.500109957513347 0.581122280067767 0.316460470977753 -0.00156935196925685
15.8846491992958 21.4274872090569 27.6073982690149 -0.669503796255181 0.496308864709755 0.552668127566299 0.693015107938205 0.685166436576263 0.224225103496479 -0.123673287366017 0.310270026053474 0.16533156055373 0.556277159293066 -0.23448566022935 0.194473634194411
16.127399847399 21.9170064266881 27.5940757971127 -0.418453954619412 -0.0695789267403255 0.905568851907835 0.586763643130125 0.74034470104885 0.328021390854094 -0.0761042451906288 0.0617566053962564 0.332464800489991 0.232633342079522 -0.492944529271488 0.033643039302156
16.1790452069813 22.3420340111225 27.8251723153285 -0.123025222217984 -0.542710800289284 0.830860797058407 0.528313656991752 0.672907585543704 0.517764370788849 0.104578117368639 -0.109890718124379 0.978910429864188 0.537617384313264 0.107993569765948 0.00433876056675795
16.103792719367 22.7080840976355 28.1037156429243 0.332299914934658 -0.704873556641276 0.626681670766564 0.460857911486542 0.701065237168512 0.544166708914112 -0.105829021160226 -0.267692917824384 0.042990808792153 0.817418228656689 0.285876244205141 0.221523585150289
16.0931191784048 22.9386411622237 28.4594909303552 0.815343124650066 -0.564859023323335 0.127081683193085 0.442474846239183 0.749477614318717 0.492442078028341 -0.467023235635801 -0.550142446500548 0.330851278371919 0.469787721029086 -0.148079262727689 0.187326814026057
16.3519557157528 23.2215508150049 28.8243236258216 0.702046777272136 -0.601790346822491 -0.380760532715864 0.711860771508635 0.578322447195332 0.398493752244306 0.463998006713075 0.0485347524257498 -0.443095003412466 0.387807434329876 -0.258419172382248 -0.397001562810169
16.693992998624 23.2829413910816 29.140718712855 0.647609808096329 -0.182804635385216 -0.739718788914703 0.684268196281179 0.566624472709776 0.459035538086968 0.123165121362823 0.0230780729045977 -0.147785151362464 0.616116446696548 0.220279328385625 -0.334557535302217
17.1079177646463 23.1950477454269 29.3699503553666 0.272903860710286 0.547782589768564 -0.790858772452369 0.590779690678685 0.553378375706594 0.58715552554566 -0.0928914674004821 0.682591576950863 0.166995715394593 0.297461960603462 -0.437529211413947 0.590797030484625
17.2224056102545 21.8375184641213 27.1420622247964 -0.00149851551495824 0.796050662726202 -0.605228040695894 0.593825886864548 0.487671195029149 0.639958987478124 -2.36876965300248 -5.41696773952228 -8.9156217911432 -0.270038969307614 -0.632511749275291 -0.53401369484043
