t = 100
b = 30 30 30
E = -0.318815864013217 -0.601938923826735 0.283123059813518
20.762245762624 2.72256547492955 17.8448635263922 0.815738315697383 -0.575334706700734 0.059672911626312 0.308665132511846 0.520231415549899 0.796294537872594 7.53049869438315 9.38866734828414 4.95674391759509 0.0237320744461278 0.720203046929902 0.180429370440928
18.9453300607306 0.457583187972901 17.1938379424771 0.917933444396385 -0.391615777147627 -0.0635229819924892 0.28501468264031 0.539557001147618 0.792240340265016 0.121517050992578 0.103032034218242 -0.316643219327501 0.534556180740547 0.577314504338162 -0.920696987546876
19.1137917711225 0.349577967188927 17.6711368933318 0.72355596678984 0.531708501404491 -0.440173503763998 0.277740773853389 0.359527974392008 0.890842072663831 0.303158972294132 0.117264997618747 -1.03455378312448 0.450254521137469 -0.0453099256185948 -0.161953594687819
19.4140390329912 0.545009652315298 18.1487191955063 0.180937133321337 0.759500552472951 -0.624836415032099 0.111158809792765 0.615458947165301 0.780290897630188 0.14004573705736 0.275397104268182 0.139569044021025 0.426055350354337 0.211578777258232 0.408245476586857
19.5678623201262 0.987415488900213 18.3933051213117 -0.391026784531055 0.609412501094917 -0.689720478228448 0.105630872559511 0.774150396296139 0.624125920949884 0.190976259513273 0.199783312333446 0.221837348646129 0.503936914879939 0.272108063999703 -0.280678301147056
19.7868575153347 1.47411209484649 18.4484647037329 -0.865222345509054 0.366256258210083 -0.342412801979079 0.144698322838216 0.836272882196992 0.528876121806466 -0.379259754432984 0.685704075162041 0.184583573263003 0.451811929655025 -0.0886928710299043 0.137247843621861
19.8709279876257 1.98536083103283 18.5300905896322 -0.97393147330508 -0.186184052361486 0.129587294814845 -0.0318895792207126 0.677968829633304 0.734398530511726 -0.55027705137178 1.35992389569113 0.317697076707054 0.31610223942971 -0.0412261066998265 0.587614355476684
21.3388107020645 3.92541085156425 19.2191123496548 -0.828605064250323 -0.514750684152554 0.220102848130303 -0.116386778447459 0.542958579868381 0.83165496400501 5.20923859555362 7.23090771646198 2.6357483837776 -0.00786214889511928 0.426526172704145 -0.286593507609271
19.7369066968967 2.59634841100984 18.8555760416602 -0.308447536166107 -0.652684084090477 0.691999628289302 -0.0536790838455447 0.738253733855559 0.672383716943148 -0.0198245805097517 -0.863988993570864 0.0634899804034919 0.527337740974171 0.378736073016511 -0.401785300698398
19.4506627929375 2.82698414637604 19.2235754712554 0.315945985898538 -0.697455411933126 0.643221551158803 -0.189789961552706 0.617786138098193 0.763098909291543 0.71967340985181 0.0435366596291711 -0.0333237860540643 0.499128728754542 0.185017038652562 0.0384321266784867
19.1996922293009 2.90891722910027 19.6741389571216 0.89273629465248 -0.312577082194819 0.324526358571842 -0.1031128018769 0.559402921554206 0.822457297707585 0.497531534278686 -0.199735686623144 -0.0592055002199434 0.636701081807458 -0.168819091945068 -0.0290488124695062
19.1929219267457 2.98047764388996 20.1970681905177 0.987758355878493 -0.150361767046072 -0.0415289466186937 0.104045528162434 0.436698659552389 0.893570757560387 0.267167064731811 0.266273640157719 -0.402206780962966 0.593512435831227 0.148917063353963 -0.361880669136565
19.3381617457497 2.91515309296223 20.6927341329176 0.842465502893981 0.422774140129995 -0.333936799292945 0.0197979249605109 0.595123030039516 0.803390628811691 0.105166421180904 -0.0401702986081574 -0.0254262588406582 0.618726091075044 -0.10820624868336 -0.174146487934835
19.5677701309253 3.12636424154242 21.0245091917847 0.314167062660735 0.691496231423037 -0.650485895536273 0.202464856916054 0.620614129186853 0.757526216346197 0.0519331488997859 0.802845863488632 0.74786652004145 0.111135996341934 0.119632090232756 0.242215508913266
19.8435181762022 3.42570363997987 21.1910138209208 -0.515634872750338 0.705092432741493 -0.486790738458601 0.128114109689439 0.625205115116615 0.769873509185945 0.296433778365163 0.193931385730588 -0.473894698347547 0.317606229899194 -0.0601200283415408 0.0444502951306503
19.9104358231373 3.86857790833604 21.3698698027654 -0.821754499845416 0.408358320705083 -0.397445474267917 0.0434203862944563 0.740310196157841 0.670861658767318 -0.588566867597073 0.0319811375077962 0.368896608643052 0.321182340462371 0.151516644911042 0.0175310026449007
20.0085011077705 4.32860057313457 21.4193926341955 -0.98358105013337 -0.0382200380523318 0.176372979683807 0.107444407169197 0.661206536567639 0.742469862128789 -0.213181206063359 -0.176815158326198 -0.359459459924643 0.476082753464406 0.0261416263962766 0.101234921673759
20.0273477551608 4.82827799882588 21.5734441719857 -0.7689171932696 -0.493503501498022 0.406473276731014 -0.0814213976786414 0.706169937747313 0.703345190910763 -0.0607837295149221 0.0761018657801529 -0.189473047829979 0.0746926576337734 0.0195062523147624 -0.0439317071720482
19.8705854742926 5.24173905473464 21.8041055610187 -0.351088825897186 -0.811196400582364 0.467650423115128 -0.017964428973735 0.5051876459351 0.862822462901173 0.26041546951903 0.164231130778206 0.0383354320573097 0.573888567783571 0.0519752372195102 -0.561309749020048
19.5467496533948 5.57690610214459 21.8912126537667 0.395957725026542 -0.568081260744857 0.721457581596341 -0.234894273970992 0.696871490083926 0.677639058496735 -0.124947504478627 0.290686569114781 0.333190668016974 0.393531466723196 -0.249197247757149 0.337294734345913
20.6043377374967 6.97680056876886 21.4371362134603 0.889852470794011 -0.422139982230217 -0.173090462897598 0.273827339009316 0.190685391436758 0.942686353182747 5.66206879791411 5.1325829549649 -4.36724742516396 0.710672410815487 0.887686250735277 0.655154266890116
19.4484131055781 5.67617981041802 22.8715096694655 0.990438448757423 -0.0747750157979198 0.115932142196523 -0.0527476900033073 0.571243923307103 0.81908359994732 0.82690590215705 0.378614060126248 -0.408617615215524 0.509627015802079 -0.330245859694139 -0.758516665610119
19.4897098459295 5.7053568264518 23.3779354118017 0.796788007113908 0.487374056365642 -0.357204817855092 0.10374809724637 0.472025334244764 0.875458909789325 0.577867303635659 0.447361488347454 -0.315170094748052 0.517934808538751 0.075231995106763 0.0175540913920175
19.6842653858096 5.85156880819803 23.8157308363422 0.33405999328942 0.71321791537702 -0.616217500344785 0.341858368445442 0.517577228563579 0.784376543457882 -0.396587383692955 0.296321534779903 -0.486048309591976 0.36866618638292 -0.151023187846117 -0.123514561553044
19.9766670943998 6.10455982111126 24.1605640475877 -0.347243390589051 0.766602055142957 -0.540132574049653 0.246433370458403 0.630323920746123 0.736180842989664 0.214724819092791 0.364524033888053 0.0853455082908094 0.436341005943501 -0.382743005730709 -0.0868532455703886
20.2188778356971 6.49659300227496 24.4392903712124 -0.893497970761873 0.400362518016392 -0.203398901041232 0.123476355912622 0.654510508427344 0.745901779599586 -0.268688751421041 -0.0373184304234721 0.436487833425037 0.305861730771265 -0.113503665501025 0.343863321722666
20.2768438702411 6.92728688741772 24.5643202056095 -0.92589960886632 -0.197091313446477 0.322280655243658 0.0627736758129967 0.760983485773819 0.645727096292786 -0.229584849462229 0.278860872919153 -0.124208974504083 0.105279704677775 0.193803008619012 0.701909498694909
29.6132088907016 13.9459057821623 4.03686104002316 -0.267717966709786 0.912579564561183 -0.309072023339538 0.610657490231525 0.408836138539131 0.678196374964058 -0.930456089936504 0.319891172735215 -0.289500507231992 -0.185344368961331 -0.222969565835851 -0.488344745307823
30.0061968309247 14.2875967374772 4.13754448911772 -0.784227118856705 0.582047113429822 0.214962473080098 0.581994188662755 0.56992921702389 0.58005459462345 -0.310597635395472 -0.054638397994566 -0.425340574246642 -0.0183369489340897 -0.148982612518864 -0.374111695295101
30.2772672754453 14.7139180408871 4.39691366879921 -0.866106421644462 0.22879550036371 0.44442341699963 0.475731475723457 0.650193406593336 0.592391744589778 0.141269353959683 -0.159053821650326 0.307869916084992 0.340708043662857 0.282135414370462 -0.409601537751998
30.3679932752274 15.1592143452111 4.50106689243003 -0.511276059265173 -0.274673917579938 0.814340784887104 0.531732949750627 0.64330953017415 0.550829193459339 -0.320255416474527 -0.485919140050566 -0.0146604955878093 0.448752594997764 -0.112366026907395 -0.381642120243166
30.2993376770241 15.5656713043232 4.71970420850108 0.218026913122802 -0.658520691191119 0.720287890829826 0.51522891207964 0.704477405401758 0.488109244556317 -0.533222979329825 -0.352681615121635 0.41018242255694 0.363437723251452 0.0347461750155076 0.178138060859746
30.5100501673326 15.8770335105168 5.12309343409519 0.312698907011865 -0.884317351092992 0.346701748559994 0.441453651771694 0.458492629287964 0.771299598284942 0.41058181836113 -0.0322951157789119 -0.249038070049637 0.490227265053267 0.175424769736307 -0.450955769860178
30.5411927013896 15.9156250027816 5.51908329491079 0.900235365330685 -0.424260570378326 -0.0978730618297013 0.295274338640849 0.429683158200037 0.853337766243659 -0.103420211998208 -0.238155444657835 -0.403763311536928 0.724689593533741 -0.201728769707159 0.0965396719274742
30.6666221415062 15.9879653771293 5.95837009595757 0.840662290777235 0.0187573794207718 -0.541234657434114 0.50339306195055 0.341473361482636 0.793719885904915 0.322312665755493 -0.327707192205185 -0.51605965923129 0.514181238085336 -0.267722702967779 -0.0513297297186394
31.0860336571885 15.9136875288107 6.30417184128989 0.441732436646199 0.511451546417886 -0.73708184855621 0.644441669942095 0.390691379378371 0.657308956476422 -0.0716957713643727 0.334736579357343 -0.266362000540863 0.633665406967111 -0.0570947455923662 0.25705589589165
31.5698168036595 15.9712528876326 6.50168098580108 -0.0404866764071783 0.750874641651961 -0.659202535163633 0.791652625382895 0.426634541486228 0.437343091067343 0.00813406314435165 0.0360584296484379 0.0662331449400471 0.442604547962785 -0.0854152721969022 0.00713764538175136
32.0137787035937 16.1921770907975 6.50095076737537 -0.505614606418816 0.849127856630223 -0.15276005431907 0.706325027577345 0.509073353961878 0.49188327765459 -0.277871110413877 0.599972234280134 -0.0994912092901536 0.342549685446902 -0.370656397046612 0.0935335069094228
32.3833055861277 16.5629821968229 6.57872601939487 -0.84874560198302 0.464835854414975 0.252107939579416 0.51752301791026 0.632227416355106 0.576591970878504 -0.721516386660467 0.346477931705334 0.165249357146363 0.539906042289156 0.0346470166937519 0.0129503541989605
32.5099396995531 16.9730250171213 6.60835480823151 -0.704449679213154 0.3075387214656 0.639664339965821 0.619357964879049 0.706505150027356 0.342412136394449 -0.315559644080966 -0.216332833112882 0.238630689572663 0.496411091234029 -0.00596067322898216 -0.0821047432874746
32.6382609758626 17.4471638631129 6.69209881198732 -0.496037713638233 -0.215330543626698 0.841177286855738 0.589930267766752 0.627264282549035 0.508450272910508 -0.333766504282382 -0.17887550371324 0.403573941044751 0.383749823000856 0.0278387419139866 -0.179360998421132
32.6670336678718 17.8182718485853 6.98589180758513 -0.0490457469889453 -0.722708373084876 0.689410620864592 0.481369699222527 0.587684980102218 0.650314892477531 -0.228728854686869 -0.470309859542196 -0.36468520373738 0.235469903654722 0.276097802034 -0.24169263515202
32.7721081994816 18.0786347239063 7.38477015657062 0.348576079362382 -0.892518403458755 0.286191368196751 0.513611420509316 0.437306736157765 0.738218132967069 0.00372260852981028 -0.372364535610587 -0.11838992508926 0.555831810853122 0.527291332538491 -0.155268872189461
32.7559232062728 18.0991950493711 7.86877604257771 0.819246059131727 -0.522254277613671 -0.236825347245351 0.486057019618396 0.413280345352543 0.770031050165185 0.176408328414999 -0.342569137247987 -0.346392017180919 0.788695642838878 -0.361106673543191 -0.342628056411604
32.8988116764585 18.0103943460328 8.35693211512204 0.82259239556724 -0.0455316051421977 -0.566805526153375 0.533639876416514 0.406082617541171 0.741839116771734 -0.215983863441017 0.0571932728886573 0.187749049486584 0.791114375985944 -0.359906490415547 0.206711472940638
32.923708013166 17.8170551893825 8.83754222913247 0.585647172503854 0.528675904717422 -0.614425795275948 0.557034529107177 0.288164980844631 0.778892394474069 -1.3106921875983 -1.17313565676452 0.725025407419474 0.364708218604327 -1.03247873890631 0.126686806154624
33.1746645634724 17.3597951322165 10.1364234956667 0.179109413218187 0.720000325231333 -0.67046195628435 0.752328161547806 0.338907803764978 0.564928070553179 -3.01314456395355 -3.08387987524313 4.98065995842176 0.506363717750175 -0.733588169744477 -0.385603575214521
34.0828767425053 18.3476145504876 9.01729710437533 -0.487959662393167 0.782542044716513 -0.386682295973599 0.619144667245474 0.622569971111309 0.4786088114439 -0.86546240863067 0.179524802979508 0.294614120885879 0.37638908864082 0.0748966109608188 -0.332121522687262
34.3543895937332 18.746332557296 8.95230573783468 -0.783391367726971 0.499991311739899 0.369197151833425 0.61784497329849 0.69104433164834 0.375133587816678 -1.09522393976646 -0.182318499977761 0.207336476419616 0.551876755811134 -0.310942643701626 0.106537710675421
34.7232227809901 19.1281311649357 8.99700679612529 -0.812085055622104 0.145870651601123 0.565012828917147 0.467176337074401 0.742708215667856 0.479719359328684 -0.354217952749739 -0.0129411453182363 0.18539535624963 0.763637795461209 0.16967707179132 -0.124913177967342
34.7975846969562 19.6706082321098 9.02715110241211 -0.330252473102208 -0.278841681602167 0.901765214126247 0.458471330854988 0.787710935639935 0.411479536752243 -0.408893024096933 -0.246739181444078 0.361939129705282 0.686354024541947 -0.499862775708492 -0.0792998416396613
34.8886618979519 20.1241762080288 9.3126330036088 0.107866204285711 -0.720879475810649 0.684614887635308 0.29964041419977 0.680183943615066 0.669003226720211 0.0265695463345526 0.207734446147797 0.449865196103329 0.112595577598213 0.392503904763082 0.501762429409257
35.1255821997631 20.4526391855292 9.63947512186292 0.33275963002087 -0.933375139341726 0.134468430133251 0.585271380898572 0.31622150661475 0.746633278839057 0.0391222537911799 0.47434482792998 0.117326082327825 0.308996528092661 0.219306334261235 -0.150139830825731
28.9943999429723 21.424950123327 24.3933896235784 -0.296263699918509 0.945711536514653 0.133631614101461 0.898458146357215 0.228482730659969 0.374924636004933 -0.213238050274405 0.516604332080243 0.180234863568926 0.117643015018098 0.192068612937187 -0.826425011252249
29.3892948195879 21.6825889235818 24.3993779135195 -0.53604076513631 0.386421263238576 0.75055898372222 0.837089098733681 0.358394278817183 0.413322231250081 0.118307422225212 0.358800833279148 -0.0143042053898725 0.317079235280591 0.243611063739841 -0.333364151957852
29.6497346777542 22.0123913478033 24.6410384697314 -0.399885033266831 -0.362628116113639 0.841779478560779 0.786903056003112 0.335089389524974 0.518168474016238 -0.173831290276251 -0.352041789285548 0.119319064615573 0.646245990541389 0.218862131887252 0.036179691419543
29.8656680509067 22.2567733579235 24.9744516126304 -0.206344039843466 -0.83906831047078 0.503374997916757 0.670472831494262 0.253444257916559 0.69730343775843 -0.752051018951485 -0.634544607772539 -0.696448867701035 0.758413584025944 0.669470918141203 -0.066065049590198
29.9963062294387 22.4559461120655 25.4582270005402 0.0896607735436823 -0.989730958512694 0.111325903971915 0.68827050661602 0.142364270030697 0.71134802934177 -0.250838972054564 0.0247559208643956 0.413681146731243 0.753244041138954 0.0503984672299615 -0.137558741606511
30.102186894774 22.3143519534243 25.8584269445252 0.585032150410422 -0.649870708324724 -0.485185870193923 0.792458919112949 0.330844571290244 0.512396928147387 0.112569882372812 -0.327516156229878 0.377951699844072 0.42526662150289 -0.490282032317972 0.262957408571931
30.5403112363673 22.3633569102896 26.1458682302008 0.318543699836426 -0.377896427702405 -0.869323922667243 0.940115046748786 0.0085912607516072 0.340748839297559 0.332673768032915 0.0467483083534347 0.219196957234813 0.272811886153076 0.329960231891196 -0.0768726808650032
30.8767048152219 22.0031094221218 26.2974232096658 0.400209958352564 0.473273515066996 -0.784757321130189 0.908936870118272 -0.0957601136574863 0.405787697216519 -0.351526451541088 0.30441729591051 -0.34800389296231 0.710448662134757 -0.165004035584572 0.253991836078002
31.3098249693697 21.6116073546674 26.3741541636523 0.0779932492842063 0.590495918115999 -0.803263040307361 0.982159070647973 0.0927820903561307 0.163569351968535 -0.315139623321492 0.153310181912355 -0.43663948375449 0.782760222544892 0.342867175126321 -0.620735532529653
31.733880209898 21.5954035973256 26.1076902839377 -0.126857073546419 0.895469746241659 -0.426662759605376 0.966805777847262 0.207802426675195 0.148676259487867 -1.10902394165639 -0.505863888805861 0.315715838365376 0.619884645261467 0.363465887305918 -0.650251867549542
31.9415009361272 21.4372394259902 25.9572153475949 -0.228872840598579 0.813439736757212 0.534726938063569 0.954113290646256 0.0784908585550713 0.288975596290768 -1.78436624028439 -2.25311110100723 -0.627674018144146 0.111867783506274 -1.48112394402101 -0.630626889654527
32.6174849314582 21.8029869123881 26.1263364873934 -0.695524803066652 0.312651644969112 0.646911182973079 0.718245628193678 0.326595377720432 0.614376560931814 -0.594775843581862 -0.984283100598364 0.504181665780456 0.17150495856441 0.223373391564441 -0.051772070204359
32.7633372294051 21.2825949168076 25.9782647656274 -0.406710451571178 -0.288352785495327 0.86685590528724 0.863173985076723 0.189469350586863 0.468008458954706 -0.425368838953798 -4.64303572836764 -1.76149872615439 0.147715314515281 0.731954492675215 0.352129082818802
33.1484410242878 22.7016831799837 26.5593864290503 -0.1006951397778 -0.774803098848804 0.624131819154463 0.730491721650881 0.36831663989674 0.575086591737109 -0.035777417186416 -0.758167900540414 0.0722848860134111 0.330245410942834 -0.128091550601555 -0.0136457327895774
33.4251369263709 22.9944547987267 26.9576970709443 0.104757930913647 -0.994258248829914 -0.0218218219368092 0.844392733246781 0.0773328177032744 0.530113600575533 -0.380884580709845 -0.440108114802521 0.0170502432689688 0.488846876403048 -0.496137119681955 -0.391306416926724
33.6587619046492 22.9441144669255 27.4095935547844 0.409123778722509 -0.797661151173563 -0.443118835515241 0.812677261803969 0.0976968830073002 0.57446572688226 -0.942966651448111 -0.166787447929815 -1.02028196173629 0.45574698990627 0.26608073701665 0.147282519115866
34.0224203486943 22.8589689084349 27.7229172971257 0.243928651793081 -0.575200680221465 -0.780796311076845 0.918686842283051 -0.120858852640151 0.376041901335295 -0.581143029153964 -0.21151421416992 -0.686699462870071 0.345875076239396 0.675260026860442 -0.763669808203411
34.3882425607263 22.7321021282445 27.9099448222571 0.50121811078512 0.158176575014809 -0.850741124157114 0.858973842683953 0.0279116783094095 0.511258014952102 0.100570918176742 -0.191640308169351 -0.38083228101426 0.288973735166337 0.109480542392828 -0.208278881551502
34.8147412772571 22.5038161907768 28.0548185450521 0.154407864152793 0.722294733721503 -0.674127889287428 0.863137473122651 0.233409810057664 0.447787275762263 -1.30384512670012 -0.588837405308004 0.00202849985207613 0.242640996521444 0.505392849980735 -0.281022701004558
35.1542685635864 22.6434196894549 27.8738425999078 -0.142950551743923 0.986512331848738 -0.0797398247959644 0.957833573353565 0.158182769280575 0.239860257136458 -2.16317523305664 2.20912918598737 -2.59359370714044 0.597220116527336 -1.82154513193234 0.672612564683079
35.7316225787966 22.6568817653501 27.7401368936016 -0.202814358505688 0.83737750526839 0.507607260122061 0.978483605025625 0.193367950656799 0.0719622362043867 -0.157615456134545 0.924509856534756 0.305165621254476 0.573161388311543 -0.343459170378398 0.0719502805957413
36.1497037939955 22.9306476634022 27.6512067273504 -0.315987505941098 0.303167014285214 0.899022546174154 0.946676309515486 0.163564064510559 0.277579975810884 -0.278266634695074 0.0273287589216558 -0.640182451683277 0.446743157933563 -0.339398940246458 0.0293551743672832
36.5200129195258 23.1915511467631 27.8755448405828 -0.443078614207571 -0.20163848859974 0.873511959552911 0.849879398908293 0.215593166724785 0.480858061327225 0.19137735554954 -0.418891460443155 0.429077907744693 0.243428627398563 -0.0221570843798803 -0.0507818288384138
36.7515869291461 23.470069359948 28.1754340784671 -0.100246837460804 -0.811425068670891 0.575794937992499 0.842238489067731 0.238890733020852 0.483286071805432 0.366354990161258 -0.199438786022798 -0.00988549534745201 0.244705113922133 -0.137445911425151 0.147736168640329
36.9670729947462 23.550286276491 28.5705009679921 0.289998545425957 -0.946243227045294 -0.143263703781154 0.930272630247203 0.243566641531024 0.274350156385126 0.160557066506004 -0.530221655532506 -0.300476690798488 -0.00256385579876747 -0.165866629677992 0.809930167386763
35.9391797746352 21.2029112755377 28.2170024108867 0.460401715473228 -0.689615477828976 -0.558981786489317 0.887635130551285 0.365843356167752 0.279754179553264 -2.99278667610419 -10.5769485370434 -1.80249500098674 -0.459356903645376 1.01432533484264 1.24832483711744
