t = 100
b = 30 30 30
E = -0.836148498889518 -0.977822096252972 0.141673597363455
15.3514253653811 26.4854539615709 9.80585474601587 -0.506744120625256 0.255124466570576 0.823481501749921 0.626302520641784 0.765345784722661 0.148293172578806 -0.327204765431509 0.0242448092025819 0.450588397386761 0.262568514771803 -0.207921388985501 -0.231685379783864
15.5029011332294 26.9050288797137 9.75005268335853 -0.16709048456126 -0.177080589521059 0.969908818186276 0.64892264142244 0.72086975258052 0.243405189195131 0.115773667183156 0.164638246951536 -0.152582114657322 0.294475411409633 -0.203561746735227 -0.0158558647389882
15.5307429202931 27.2855886961497 9.96506556260705 0.436781488827986 -0.553089190980268 0.709446376246209 0.611607513844481 0.760914487601049 0.216668577644152 -0.290170525510193 -0.170824779194195 0.717365365002874 0.376933405942254 -0.0356928323559031 0.134945917029618
15.6860557259442 27.6679655131543 10.3578588125883 0.716413009719733 -0.657885053356034 0.232248870042166 0.511417948387355 0.721630746915956 0.466584006944825 0.0634212321423316 -0.740255545460999 0.185681433811316 0.352287123022464 0.0821346843511 0.188955714393476
15.9747647354897 27.8696611768931 10.6433324574962 0.72774298020361 -0.661951536521309 -0.179472006962082 0.676662507589582 0.650288199421351 0.345330262965866 0.31246938049616 -0.444763781533865 -0.0109527839427694 0.513082271366578 0.282777942548839 -0.0931846405959809
16.2529868797769 27.9801141531214 10.9867260544448 0.566219333499913 -0.170212004030016 -0.806488326843862 0.641865268582717 0.704899813846905 0.301869359542932 0.45647144790698 0.0899895297568809 -0.285203403279631 0.509734802431259 -0.115059526623646 0.0123606488411405
16.7185964937911 28.0624837711235 11.0904696086289 0.119191686401682 0.265991094698357 -0.956578256712623 0.828159648623568 0.504807043261665 0.243559713282491 -0.0333391920903442 -0.0397260063867436 -0.503281209570326 0.577412573751148 0.0230999778603143 0.134539008460852
17.1940974993559 28.1600110600975 11.1843709796116 -0.293151029260381 0.430777020732661 -0.853518315139266 0.851364597292013 0.523824747458328 -0.0280330809218717 0.118590484135477 0.320703860095899 -0.126026850503088 0.448125596128212 0.294585447129528 -0.0377154391618836
17.6521939961321 28.4194099209046 11.1334134340378 -0.695352738430782 0.471545273319966 -0.542337081929355 0.54418388683455 0.838384487728224 0.031228700978478 -0.561732459698944 0.306839897554141 0.399070334966235 0.451253577197829 0.000726291281821004 -0.49506847423262
17.860590020399 28.8089257007601 10.9140139809972 -0.861191970127046 0.461187524350826 0.213668759726612 0.489223449397059 0.866134307488399 0.102331150521215 -0.454315064608587 0.0866017825500797 -0.0425569858884476 0.697077420444145 0.348857719910824 -0.275652108143094
17.9445841275767 29.1447700213966 10.7459986723364 -0.47950172631249 0.408358349880938 0.776737686596906 0.696206459946137 0.715849556115116 0.0534402507295777 0.117258463119439 0.0586675412537636 0.328254220581247 0.354163024479656 -0.104498887442456 0.413643226841622
18.1336794006865 29.6086478803517 10.8131476485348 -0.262959338121488 -0.0947635494776527 0.960141728473972 0.681390781614672 0.686302587959462 0.254352592557542 -0.453091912947714 -0.772290809752092 0.051097175793491 0.116074545872564 0.045729846976847 -0.206336965553111
18.2225455030213 29.9950471040723 11.0209160323325 0.383369338062308 -0.574696756591325 0.723015539942215 0.511006486945263 0.784075073848225 0.352276218726289 0.0861971177197639 -0.314096281876419 0.0213702479373399 0.301384115222773 -0.0328380773852059 0.207707335061491
18.4198301500377 30.3357170548493 11.3220985382175 0.687683142452386 -0.677538065720122 0.26083317718465 0.554617240598839 0.722101519645457 0.413483973957407 -0.150692691809389 -0.409172604623547 0.264613386492009 0.289973861652551 0.112446825999668 0.129281259527901
18.5345714350158 30.6393833071792 11.6974689377988 0.788612791795143 -0.490026016864024 -0.371435391115056 0.593176078299016 0.765389893244488 0.249640406179498 0.123988894183891 -0.395026100771587 -0.168737326613771 0.410275922665502 -0.41086529473475 -0.0774289411797041
18.966549669472 30.7957803419126 11.9616665717756 0.549873739421192 -0.191473728184758 -0.813004651673739 0.702080653839717 0.633240192713738 0.325713825106731 0.363065272560793 0.176484482072417 -0.388136267475418 0.303360606541299 0.111274624888806 0.239152421981439
19.3693394162016 30.873769862777 12.1898612741269 0.220268327664106 0.286829098461004 -0.932314760789842 0.769667044781364 0.536066730714318 0.346763587387145 -0.0221910858208927 -0.200455979714223 -0.366627587724368 0.446646645065367 0.133047516080631 0.113513405481711
19.8169396353923 31.0531402452046 12.1715701401763 -0.218150752828755 0.540271220956603 -0.812722054582875 0.779502635079827 0.597526706472541 0.187982342332374 -0.0588550827979439 0.118710484575941 -0.119163993327879 0.539874224786646 0.32632267448453 -0.0262952388771414
20.2353094866044 31.2401345500188 12.1053992559385 -0.587313685756665 0.66834219708562 -0.456487924915989 0.737259241445517 0.674485597721305 0.0389599346082809 -0.00894186246186088 0.233603311064673 0.290067572871496 0.389148569738442 0.085903954520673 -0.132525353953945
20.4983488676612 31.5441050486761 12.0144282192559 -0.802729713454183 0.588409833016563 0.0969472006534795 0.592842844670749 0.804989955555999 0.0229874270881001 -0.219270407798393 0.315772445786666 0.263316161132659 0.620575991005711 0.285460310177222 -0.258164757379465
20.6061455379099 31.900177457642 11.7701811026493 -0.371238485509229 0.326667596741586 0.86917785894978 0.598735062565002 0.79969183756154 -0.0448238714394226 -0.202950930376646 0.21343640392856 0.546988424091994 0.517218569622098 -0.595577288604251 0.0859215158080432
20.7779463358959 32.3773386734493 11.7879511264908 -0.139260982337985 -0.0269638962809367 0.989888482781486 0.602966914515428 0.790643699685016 0.106364102811104 0.266721948967835 0.365831611852585 0.048216518204895 0.478304993759644 0.201123935186463 0.197399166894415
20.8058149966878 32.8615412614804 11.9599035634825 0.443088123377964 -0.485236298796022 0.753802714030932 0.523841773524038 0.822501385617319 0.221542659312488 0.551043792597941 -0.0512968649265289 -0.0329677265520042 0.210715379324164 -0.141420982026794 0.407955375141528
21.0612117288478 33.248776470134 12.267847594013 0.650774212210119 -0.731451394127635 0.203645930983442 0.602637905368047 0.66075179074371 0.447475710411007 0.262389762576166 0.00658228522672252 0.149680186498328 0.264633069184901 0.0533012505465865 0.284204249090827
