t = 100
b = 30 30 30
E = -0.813121370422158 -1.02413326265165 0.211011892229488
9.71405305128906 24.6617171758145 3.05797376911749 0.33439938559233 -0.31568559684437 0.887986228792937 0.413256762697134 0.89592828728433 0.162884110256638 0.119947264996412 -0.707176483524645 -0.124249147698395 0.0433359647971642 -0.325333603270873 -0.668405475696174
9.74755588837616 25.0502173629101 3.37273282521861 0.747833180254026 -0.551845651639728 0.369068822246223 0.377424407639 0.810742807879245 0.447489439252036 0.353052186868624 -0.286888146217512 -0.454369812003864 0.230996468517579 -0.29438269555763 -0.600763687359058
9.97158210579549 25.309763126197 3.73950898592067 0.877063614419913 -0.440856891244698 -0.190799642355768 0.456986835729715 0.643302996323126 0.61426718756082 0.0925986049284039 -0.112557335014729 -0.667707754502756 0.617194064357771 0.576575987968487 -0.201340961495254
10.248670351593 25.524761692087 4.07715793304676 0.770965838786698 -0.107656999863584 -0.627711346878027 0.591918451854883 0.484865006225337 0.643846543766291 0.377800171297103 0.10856954841859 -0.545196331141863 0.471985137116077 0.0675456011886271 -0.390167281445558
10.6502204839799 25.6246814402933 4.28582788261879 0.222409063112572 0.45921450067454 -0.860032634320577 0.538741637060903 0.677329228137245 0.500981484002357 -0.0638806203643981 0.405282144895193 -0.42768122034427 0.491332459752907 -0.179845120748347 0.040377759788901
11.0449310082048 25.8608928127334 4.42942547877912 -0.398284991303169 0.585539230106761 -0.706054358080674 0.629156078271053 0.734522750673345 0.2542417027166 0.0960740152276595 0.137747233625043 0.148865024291621 0.476899194877127 -0.102417127192483 -0.129580711085162
11.4412015736876 26.1891100996824 4.3283329201639 -0.793469746270596 0.567332161405605 -0.220317637058467 0.578310764048286 0.815628337787099 0.0175205764532858 -0.280237128217175 0.166938266373041 -0.258545301373354 0.467233944683388 0.281718865596378 -0.00295547053563098
11.6650032128866 26.5677513149221 4.09154718664282 -0.718820209473137 0.367509976871001 0.590113386807901 0.570672321005368 0.796709317837698 0.198965442868304 -0.376603260834148 -0.317108888789004 0.222548728225163 0.429660685063899 -0.600388158199322 0.241374744733915
11.7312804685938 26.9920216409008 4.14414136225269 -0.470833092277946 -0.052043009713872 0.880685873581629 0.425107024718546 0.861339006805903 0.278170837867172 -0.310288265419983 -0.0717640700639629 -0.332493260784083 0.40575111396762 0.156147350250677 0.104720607524956
11.5804025285691 27.4687706641225 4.2719994853295 0.0122284369872216 -0.316181988539883 0.948619679946013 0.442768831095602 0.852326628772842 0.278379167896175 -0.101483971970114 0.0015897019839606 0.25552125108432 0.548298030784581 -0.211478393126056 0.22620199933325
11.6747281558538 27.8742112636729 4.56512891519595 0.165885748147676 -0.602359847227265 0.780797297947659 0.398602943870775 0.765161742373022 0.505611594216255 0.467662837508672 0.0523767975833572 0.230901703258313 0.299096027322958 0.471650152555627 -0.0912497061492021
11.5232383819072 28.2190084080694 4.90966071814987 0.81517822784186 -0.536999438801344 0.217062065752478 0.417006072064134 0.804209680709767 0.423500421250024 0.369820930317863 0.0867359077715119 0.364070243252157 0.476536980905938 -0.36048050566128 -0.168575578165261
11.6784704428377 28.3345571148644 5.30960212289908 0.873701218879417 -0.139346811993295 -0.466077816931382 0.401807839054649 0.746798265379188 0.529945936042957 -0.156385643289369 -0.44101715216636 -0.663734699303038 0.292140785235719 -0.357150168296319 0.369140334849186
11.9818338098679 28.5995791088585 5.62512051213002 0.533434868771912 0.0130685434321165 -0.845740111101127 0.589496059002054 0.711304909832064 0.382804917338095 -0.254269219644008 -0.300175671750334 -0.141311249388616 0.334236693704988 0.18189369480605 0.148256236370298
12.3131660347375 28.7855819731665 5.85489066944659 0.025969399784652 0.431335795804465 -0.901817555897517 0.639182350986058 0.686455066048804 0.346735129649563 -0.235368572898142 0.0785526682365464 -0.0518539861517034 0.434145964545088 -0.0286824646302285 0.252755201468362
12.7324592611382 29.0052080475636 5.80748431930418 -0.538661939100026 0.661596454261308 -0.521664004958968 0.677977664888649 0.707968105941308 0.197806311155483 0.148784033937777 0.557258497580651 -0.627250212751924 0.60576195311525 -0.102861250948358 0.380146818603869
13.1659696821137 29.3695149730316 5.79396490010029 -0.843503479438872 0.46389396801047 -0.270747386708614 0.506654422413077 0.854537025421009 -0.114313926363652 -0.343988243189463 0.518837403973785 -0.286996918691984 0.693951563711195 0.197767066030849 0.00327836890223114
13.2937001583465 29.7622613032176 5.51219641510841 -0.741749225398456 0.449325324825166 0.497910354507241 0.545073513445809 0.83643521341277 0.0571916789539114 -0.901114950847131 -0.04691869536497 -0.531893437590846 0.705261150247447 -0.546015302310389 0.150617269577348
13.4694852750064 30.2884431509901 5.54094809974136 -0.699976479216959 -0.0391635321426551 0.713091177617198 0.281129348873179 0.902767994688719 0.325539740290709 -0.46220320770906 0.0388423537910282 0.370235349144975 0.331401196214058 0.0443194398043913 -0.0749241931076027
13.4650257623639 30.7580586566685 5.74425209791738 -0.223537120788079 -0.477681970925296 0.849618132516218 0.341449314931535 0.778061979124447 0.527287212337402 -0.36809242345874 0.252658317005692 0.573473806787586 0.564227358061737 0.0938358113477881 -0.181461935200598
13.4192960530565 31.1816356136667 5.97893007943029 0.318219491400982 -0.648834562501272 0.691194579525984 0.244806676739405 0.760607497560518 0.60128680187316 -0.18781549966523 -0.0481317193079368 0.512412530606831 0.762823032507882 0.134851062686996 -0.0989043027937901
13.2755146601264 31.4344334568036 6.37612645236846 0.912958422458284 -0.375467424055917 0.159784278785883 0.271290937267728 0.851006247335471 0.449654842968733 0.36792821416094 -0.125277727289707 -0.0700475187674995 0.485289791723684 -0.0400947962146225 0.496102439240791
13.4238940068618 31.894758690593 6.71766156291635 0.808029523048192 -0.535132527399401 -0.246417028153379 0.58873651304231 0.717935032329877 0.371427636092095 -0.264076011327776 0.344391641831239 -0.480108508585869 0.137828188177817 -0.467594622899309 -0.60694160453416
13.725480132191 32.0819912761926 7.0331673291397 0.543811079830454 -0.00095522630564853 -0.839207053447568 0.472947051917506 0.826420774421038 0.305531783456121 0.0647532152627436 0.505640990582885 -0.249866882376344 0.162286118477902 0.340995512352083 0.507019947447751
