t = 100
b = 30 30 30
E = -0.624944147016137 -0.811833903526766 0.186889756510629
28.9486159275393 12.9780703913748 11.1677855447898 0.534018958713 -0.523557741319005 0.663860621235648 0.523493763296543 0.821332507444214 0.226643054270267 0.696439327373343 -0.650211631982687 0.0828212404756722 0.194992449868916 -0.157366484432584 -0.385104313094996
29.0472561620996 13.3226515492248 11.4802339309076 0.81882026862322 -0.570552490487899 0.063270088389849 0.542665968866007 0.805282423108417 0.2388173960039 -0.224242537668209 -0.0441171419137456 0.390034874703724 0.372001672528702 0.14161974913713 -0.0150777943628314
29.2381342066239 13.5794145634153 11.7004074737808 0.806255216634704 -0.368705137516352 -0.462610990610891 0.480433130853619 0.864386198077302 0.148392682387483 -0.0768195916631445 -0.415677255116861 -0.0448983919130983 0.508115925789521 0.168603762857792 -0.0378976055103514
29.6381984244794 13.8201672517584 11.8948730762689 0.397863147621789 -0.211881153132208 -0.892642803374395 0.680441476820018 0.720779973536065 0.132194975781118 -0.0494675317997264 -0.180938676453717 -0.386532234981697 0.014412521511768 0.238787725135481 -0.148125446561744
30.0682174822268 14.0512635566046 11.9617883721971 -0.185362045001917 0.130046774449039 -0.974027016853262 0.605210611460112 0.796015627895456 -0.00889483748463922 -0.123219941551746 -0.207041600707704 -0.046372476254714 0.568494678501823 0.315401270755915 -0.0328501266561794
30.3937687786194 14.2872585740221 11.7685653134309 -0.614958126622402 0.506500897615257 -0.604386651229361 0.68369923894149 0.724364078560588 -0.0886110668745389 -0.0917684715447723 0.367692191559541 -0.234963983362483 0.633504412433403 0.00526965230414201 0.155975308481012
30.7693511155022 14.4658831564627 11.4764462691215 -0.71767812506032 0.686938354978692 0.114252742865646 0.675638742988308 0.726611610067125 -0.124690592861178 -0.399237048947761 0.15915150314087 -0.113033501457959 0.459724126683151 -0.352218537821451 0.396551786505743
30.9126386537955 14.9182858883708 11.2940941272544 -0.715816719063533 0.441708636703756 0.540832493276314 0.533230041581276 0.845838253962948 0.0149416257991594 0.164611751242711 0.132340571857826 -0.016658901454587 0.396116287646252 -0.339268258752088 -0.11435263198154
30.8915435754761 15.3551613429639 11.1619401703032 -0.254073015885481 0.173435798344045 0.951507649934444 0.527616835977015 0.849368129055473 -0.0139332975464645 -0.260258982359729 0.181881175765344 0.0329949337340618 0.357417411955864 -0.0691808631674483 0.301929342735517
31.0017338150314 15.7872269569111 11.2138791254249 0.123507505405484 -0.182585305048842 0.975401652361487 0.469960912666772 0.876472463547432 0.104559277930644 0.284801867005167 -0.214974732419955 0.273984595694384 0.189793592399713 0.0906566878080687 -0.00946184218895373
31.0625453070023 16.2619833818113 11.3784274549169 0.55652086415087 -0.511104325152119 0.655024257135355 0.463725858530231 0.845248569933316 0.265542967306485 0.014866728475736 -0.202760474379509 0.418861749927175 0.31629062629482 0.417358844087543 -0.0421112879817923
31.0813944741069 16.6130158396596 11.6736618107282 0.839816358794469 -0.541172660523441 -0.042901253148158 0.536691796894109 0.815772231437012 0.215586326499335 -0.577638912219889 -1.37805640325846 -0.42814362684307 0.596126583856462 0.31734864051408 0.0599987745257743
31.3289068070421 16.8472151596383 11.9456610164158 0.687773615543363 -0.388673323861035 -0.613107154910458 0.633014012261817 0.734529802289044 0.244456776893299 0.183366870675786 -0.175740369250972 -0.594170486436425 0.388578758356566 -0.36462922238187 0.150508659871062
31.7012576381873 17.0776670840773 12.1633120542988 0.239260840715449 -0.0813993634777295 -0.967537222595925 0.658517763786953 0.745879136495829 0.100092717091426 0.168101685760994 -0.262091397459194 -0.388837574568528 0.608059190796851 0.0809373481001554 0.286333604545692
32.1546684005592 17.1771482593632 12.2784036015906 -0.20917511984776 0.309064563159665 -0.927752524929793 0.691753111711978 0.717347542392065 0.0830061525297476 -0.0306727810486517 -0.403498606099571 0.0567784503172626 0.505458475487635 0.00694893182221986 0.440191279955295
32.5157449251201 17.4642964664612 12.215686552737 -0.620131561002127 0.405369002737985 -0.671649238451269 0.613956022461234 0.783742052631423 -0.0938417989976551 -0.0710061262974733 -0.444020365726349 -0.0045144541427003 0.520864521899045 0.0196822271936706 -0.203806828220856
32.899523069048 17.6264428011461 11.9746998985977 -0.867186983740584 0.49305124731009 -0.0699076791534199 0.497976856508429 0.859260952971993 -0.117002353781084 0.17216599667217 -0.0244828782934421 0.126489315064274 0.439810749064711 -0.233352641884313 0.283967744340171
32.9145702337275 18.1558301057484 12.2984826741371 -0.617997131849451 0.232660651083239 0.750965018810672 0.33312812462423 0.942711145191978 -0.0179230333830793 -0.514502185763721 0.785857909006828 2.0312192850771 0.445333991440666 0.561764678964245 1.25378204675523
31.5976923973425 18.782977072129 12.5370441691482 -0.252891155671428 -0.126763239867822 0.959154332051215 0.368230675896883 0.904156005044723 0.216582478544344 -5.8361458854147 0.464015985939751 4.14662098957285 0.346886624086818 0.573748639498797 0.53815371824152
33.14996772214 19.0246207641503 11.7156766806363 -0.127897243896042 -0.144890996970492 0.981146666992894 0.434908639860222 0.880890621705934 0.186778130655585 0.328756832693579 -0.834605752644751 0.741588409587789 0.258569139475178 0.253896219765356 -0.352153889681946
33.1006160495078 19.4839679293165 11.8601353739198 0.666018493268352 -0.455874914537581 0.59042129931845 0.269392639885708 0.885097031785309 0.379513831433129 0.0534792028834155 -0.476330282881255 0.170972384862276 0.477377552744576 -0.127512770910191 -0.0777318245289847
33.2785516752718 19.7810617975765 12.1234537720361 0.953426883359631 -0.299876164229022 0.0324244637102785 0.271927670175339 0.901089789655313 0.33777569934453 0.501376680287825 -0.187832729392135 0.306612971550331 0.643471822410314 -0.50146774018461 0.272300251620718
33.4423932833264 20.2077997253858 12.3913599744975 0.812345832815818 -0.363908435440209 -0.455702512114161 0.510982581649356 0.820752427147631 0.255464552774077 0.055517948147184 -0.218010873702692 -0.143600490341945 0.358094477187282 0.0959219490915235 -0.0243150478758073
33.804804966625 20.5029958663745 12.6941172821202 0.481982142320554 -0.194845030329303 -0.854241482971378 0.684663984560539 0.692137132168454 0.228432280315491 0.443880719398755 0.378613199120723 0.646362115335889 0.600969750830617 -0.215427998318033 -0.435979138807102
34.3304927229429 20.654951406192 12.7658056903512 0.0418964812068753 0.266950893234898 -0.962798934101585 0.854648643849517 0.489562219314488 0.172928979674193 0.285852638155256 0.0370631600116186 -0.448433630500313 0.799910210958586 -0.0767160984875178 0.0267583261940363
10.1308458583311 8.60397423257669 22.0541658422006 -0.822200770292654 0.0705516746151607 0.564808141607138 0.435446194449321 0.717006808641795 0.544323184988185 -0.559047880335286 -0.593581535361865 0.17835847073848 0.209277522439393 0.616153865466261 -0.303969216779976
10.0005227019414 8.99215251374912 22.2091532870495 -0.264910137564914 -0.397206945585747 0.87866327031325 0.243469320007699 0.854141944524345 0.459525980979559 0.0149172331519996 0.296323689647293 -0.139475750932363 0.606266671277706 0.219980259035945 0.204341942259488
9.99221146933471 9.33624030103121 22.5943008398424 0.296551896595352 -0.625654919643495 0.721535013300083 0.422464708024006 0.763519800082088 0.488427035539919 -0.179176835034217 -0.350171608662475 0.0557555443355922 0.486670251953046 -0.0966277852842517 0.21173762262859
10.0592957619568 9.6022689433912 23.0283134826466 0.711758829235518 -0.683678289703821 0.161193202914871 0.542692222137692 0.680925473025534 0.491757595799589 0.129878359811725 -0.325617751433932 0.44270351397719 0.359352405572248 -0.0311605541846718 0.226075215941408
10.2757935786526 9.80871777966149 23.5002337959459 0.763967073566209 -0.546527814449984 -0.343018278694133 0.636746469677586 0.552497805981993 0.537866144528915 0.407441282585383 0.595821707799461 -0.00466100098588529 0.213577911398558 0.0876157488796408 0.347918526602931
10.6463892849616 9.84523854255024 23.8538951370485 0.663338469072817 -0.0669835526020965 -0.745315477036124 0.632059193554457 0.583340367344147 0.510112804458516 -0.00963861014983321 -0.229263492610603 0.118559934886884 0.449380863044485 -0.179473159475722 -0.0948270568143181
11.0141551518258 10.0144192904498 24.2166535715472 0.303706388857386 0.123018713907929 -0.944790298761783 0.800647304691447 0.50456888125475 0.323069693231417 0.30999470798417 0.563929226460357 0.307292065001694 0.440466421952041 0.330155088836121 -0.510516428035419
11.429792262335 10.0062356977047 24.3682603359963 -0.102791508486431 0.629872352990798 -0.769866616275692 0.6846398658387 0.606266621329067 0.404609591201483 0.258026901265292 0.455062718944489 0.320783063894673 0.494015262884453 -0.327095074275502 -0.143579548945739
11.7593701497342 10.3339810227092 24.3939038019437 -0.604871703464173 0.706511408095612 -0.36738499426333 0.6625516427803 0.702439568992132 0.260007424162625 0.00955142606706441 0.720971966602678 0.173351087758897 0.367021720635468 0.423157158075524 -0.109155816048529
12.0960599844432 10.6480649292888 24.3102134256104 -0.799922195795785 0.560609394952994 0.214106207822071 0.599726886106032 0.759448618898192 0.252121689472603 0.101220956470143 0.441985401126522 -0.0296801822791612 0.660791704932661 -0.168691305713348 -0.308741491172851
12.2651767818526 11.0371642857296 24.206171143336 -0.629973159315979 0.269438101626956 0.728379577911958 0.65348419516797 0.69068253464044 0.309702962281843 -0.0540437993334945 -0.381699958591654 0.161474301071528 0.574460440407385 -0.338881512654516 0.0476907791830346
12.3977979865894 11.5122292650498 24.2357293196244 -0.170665401791582 -0.306587819686752 0.936417167258353 0.62856873244028 0.697992622634364 0.343085307382915 0.102166431181026 -0.0652832236748355 0.616170777696751 0.0885974573700269 -0.442803291428922 0.0424180226063166
12.4943958411045 11.9223113231676 24.5265523003416 0.275370225066083 -0.689583325786966 0.669810389727743 0.38259493041329 0.717804213347612 0.581702773900387 -0.225553600568859 -0.279183966873 0.524257361763742 0.374590474271751 0.0213672199604605 -0.141288100937399
12.4740603070679 12.1652343005554 24.8598232103326 0.700487942417931 -0.585297199321673 0.408342640297352 0.298612583693908 0.760061422744514 0.577180252990154 0.454307317201211 -0.214287135800051 -0.369193840324128 0.910952176062696 -0.0991625727336014 0.191015350411264
12.5404304707815 12.3399989718292 25.3137186945495 0.918633216744162 -0.380039561969204 -0.108087119257518 0.341735757607904 0.626919747824553 0.700134406855 0.414511505528595 -0.208309892505057 -0.343285255592463 0.334975066935259 -0.209824396657286 0.0387574506404887
12.778151059654 12.4665465742633 25.718766119196 0.779271179212427 -0.145367987005657 -0.609593684047916 0.576678400582182 0.547104581696215 0.606727683591849 -0.0645392101488115 -0.00578037929563294 -0.410686808463085 0.304434748216453 0.108247471149552 -0.132107085588662
13.1159529817438 12.5260222435645 26.0256783242306 0.315839483937484 0.447406778606225 -0.83670333834548 0.605705280595882 0.583695570852536 0.540759165396954 -0.00624367330597329 0.353669292901162 0.236739106759107 0.394600786057511 0.0682195557980655 0.276518925531908
13.5622762118695 12.6749457004021 26.1082047485898 -0.267377968191309 0.670484845292515 -0.692068621041817 0.770019976548675 0.580449840264172 0.264852996212025 -0.148086519048564 0.232827814748639 -0.481457872917491 0.554180479006377 -0.086214367612202 -0.161016623690508
13.9914667372008 12.7624760962383 25.8810027370742 -0.579891880612528 0.804718166368559 -0.127098237116328 0.75354130075813 0.58909807043335 0.291785640603688 -0.740492899945143 0.129814360180829 -0.725832736477358 0.693628418209129 -0.319079490358531 0.288607804997759
14.299955408616 13.1112479169244 25.9704809421923 -0.780797753272843 0.622732036554843 0.0505921492821813 0.558210247390373 0.658937517684238 0.504185033785383 -0.398993542804185 0.159663564926674 0.244728155075688 0.401522752479441 -0.305142054660894 -0.371447483534253
14.5442508546867 13.4950010569269 25.9724294746656 -0.759544305647604 0.150505817700255 0.632803546207839 0.545124527589421 0.678051367505154 0.49303698985462 -0.47055582978088 -0.267022680424038 0.135632407624021 0.25612159744477 0.346411782407628 -0.0384712235999832
14.5659450370235 13.9485107020158 26.1711119991442 -0.277783403970395 -0.354762063311514 0.892737441848407 0.501895234803753 0.73879606591893 0.44975707736802 -0.0647553563983584 -0.45884492563319 0.354997446798197 0.473336499809925 0.0151674345117982 0.0677269331604449
14.5839031061814 14.2578543073245 26.4364233801474 0.128754477546513 -0.561332719152142 0.81751314671395 0.368775292539489 0.792356646478961 0.485979026819531 0.403507974434233 -0.738519197153811 -0.10409135304507 0.631578168790902 0.175399692219654 0.00652888900080732
14.5184777670075 14.5749870300112 26.8405959767709 0.670729546120732 -0.594966644312836 0.442872949401424 0.34261182485429 0.778114795620805 0.5264545427061 0.00322388471761787 -0.0270267877742824 0.157097183604383 0.331504392204591 -0.17277581190387 0.186498141503108
14.6272155318734 14.8682512788201 27.2660028618696 0.874216103109192 -0.449583185742887 -0.183360423634192 0.476876780611546 0.724035402078286 0.498358458855938 0.107276195720283 0.0492824747489018 0.0955429459062428 0.094695898336502 -0.0611639812588114 0.0747441699067954
15.0451757595961 15.0057893348768 27.554534647553 0.625719885136388 -0.104517579440333 -0.773013960262241 0.665443624940793 0.58859589954014 0.459063754105441 0.261140962521831 -0.0177298400811501 -0.689751277070086 0.0472666679365186 0.343216982210616 0.336090056908114
17.1166571737465 15.5760256158054 26.0579246475115 0.236677005282987 0.227146356696801 -0.944663119113409 0.48812070379673 0.812878373940794 0.317752753522222 7.0094337870789 2.15081179110475 -7.23814257627035 -0.331143092849421 0.29905495151096 -0.0078013029736518
