t = 0
b =  30.0 30.0 30.0
E = 0. 0. 0.
16.3801259569 9.79933548534 6.71179508295 0.97092557638 0.0206194378654 -0.238491852928 0.169828437226 0.642807418794 0.746965142595 0.0 0.0 0.0 0.0 0.0 0.0
16.6163348696 9.78281917006 7.19409961642 0.687565416136 0.465717388067 -0.557100630932 0.169828437226 0.642807418794 0.746965142595 0.0 0.0 0.0 0.0 0.0 0.0
17.0092743406 9.87246314806 7.54941304353 0.142987658822 0.733881516163 -0.664057565019 0.169828437226 0.642807418794 0.746965142595 0.0 0.0 0.0 0.0 0.0 0.0
17.4348078529 10.1293954407 7.7533545278 -0.455913500705 0.723231786424 -0.518727927705 0.169828437226 0.642807418794 0.746965142595 0.0 0.0 0.0 0.0 0.0 0.0
17.7564158683 10.5511884419 7.83905196463 -0.881605498847 0.437814209232 -0.176324877987 0.169828437226 0.642807418794 0.746965142595 0.0 0.0 0.0 0.0 0.0 0.0
17.8770618826 11.0727812058 7.88455613998 -0.972360828319 -0.0139363059111 0.233066940873 0.169828437226 0.642807418794 0.746965142595 0.0 0.0 0.0 0.0 0.0 0.0
17.7760582154 11.5911971884 7.98318793183 -0.693700022107 -0.460392185436 0.553912732223 0.169828437226 0.642807418794 0.746965142595 0.0 0.0 0.0 0.0 0.0 0.0
17.5169256064 12.0046667578 8.20808414842 -0.15149097945 -0.731937376366 0.664317815675 0.169828437226 0.642807418794 0.746965142595 0.0 0.0 0.0 0.0 0.0 0.0
17.2232606239 12.2512911792 8.58441163199 0.448272019094 -0.725407320675 0.522337454151 0.169828437226 0.642807418794 0.746965142595 0.0 0.0 0.0 0.0 0.0 0.0
17.0317792622 12.3325589791 9.07980595468 0.877728982876 -0.443282895696 0.181912360778 0.169828437226 0.642807418794 0.746965142595 0.0 0.0 0.0 0.0 0.0 0.0
17.0403762497 12.3127804289 9.61666720573 0.973722031217 0.00725211265317 -0.227624279867 0.169828437226 0.642807418794 0.746965142595 0.0 0.0 0.0 0.0 0.0 0.0
17.270933205 12.2946549981 10.101641495 0.699781800134 0.455031922156 -0.550682650916 0.169828437226 0.642807418794 0.746965142595 0.0 0.0 0.0 0.0 0.0 0.0
17.6610054435 12.3802541082 10.4610876567 0.159982763453 0.729937496704 -0.664527475958 0.169828437226 0.642807418794 0.746965142595 0.0 0.0 0.0 0.0 0.0 0.0
18.0875457581 12.6322424937 10.6690547593 -0.440596399833 0.72752761235 -0.525907202577 0.169828437226 0.642807418794 0.746965142595 0.0 0.0 0.0 0.0 0.0 0.0
18.4136521094 13.0500708213 10.7571412986 -0.873785624444 0.448717824451 -0.187485990238 0.169828437226 0.642807418794 0.746965142595 0.0 0.0 0.0 0.0 0.0 0.0
18.5405790002 13.5701843911 10.8024904005 -0.975009081412 -0.000567367118785 0.222164284392 0.169828437226 0.642807418794 0.746965142595 0.0 0.0 0.0 0.0 0.0 0.0
18.4452525402 14.0901686295 10.898481858 -0.705810287069 -0.449637006434 0.547410632992 0.169828437226 0.642807418794 0.746965142595 0.0 0.0 0.0 0.0 0.0 0.0
18.189036603 14.5076580982 11.1192555865 -0.16846236415 -0.727882029476 0.664686529901 0.169828437226 0.642807418794 0.746965142595 0.0 0.0 0.0 0.0 0.0 0.0
17.8944196646 14.7592268353 11.4915446304 0.43288722745 -0.72959249998 0.529436901134 0.169828437226 0.642807418794 0.746965142595 0.0 0.0 0.0 0.0 0.0 0.0
17.6984793833 14.8444849391 11.9845188326 0.869775723853 -0.454118581607 0.193045341914 0.169828437226 0.642807418794 0.746965142595 0.0 0.0 0.0 0.0 0.0 0.0
17.7008045057 14.826226698 12.5214977266 0.97622188089 -0.0061174216228 -0.216687370246 0.169828437226 0.642807418794 0.746965142595 0.0 0.0 0.0 0.0 0.0 0.0
17.9256594365 14.8065739904 13.0090827277 0.711785023817 0.444207849113 -0.544096927629 0.169828437226 0.642807418794 0.746965142595 0.0 0.0 0.0 0.0 0.0 0.0
18.3127657859 14.888178476 13.372640817 0.176929135785 0.725771131212 -0.664794965391 0.169828437226 0.642807418794 0.746965142595 0.0 0.0 0.0 0.0 0.0 0.0
18.7402031374 15.1352225138 13.584658873 -0.425145089029 0.731601826317 -0.532926281022 0.169828437226 0.642807418794 0.746965142595 0.0 0.0 0.0 0.0 0.0 0.0
19.0707286524 15.5490352109 13.6751963665 -0.865699586474 0.459484755874 -0.19858999244 0.169828437226 0.642807418794 0.746965142595 0.0 0.0 0.0 0.0 0.0 0.0
19.2039179195 16.0675874726 13.720465265 -0.977360337293 0.012801744499 0.211193954517 0.169828437226 0.642807418794 0.746965142595 0.0 0.0 0.0 0.0 0.0 0.0
19.1143178669 16.5890578923 13.8138758321 -0.71770555538 -0.438744863645 0.540741787179 0.169828437226 0.642807418794 0.746965142595 0.0 0.0 0.0 0.0 0.0 0.0
