
#id1 id2 FENE BEXC STCK NEXC HB CRSTCK CXSTCK total, t = 100
0 1 0.00434768 0 -1.10476 0 0 0 0 -1.10041
1 2 0.165367 0 -1.07269 0 0 0 0 -0.907322
2 3 0.270603 0 -1.43952 0 0 0 0 -1.16892
3 4 0.26569 0 -1.1391 0 0 0 0 -0.873411
4 5 0.163345 0 -1.33907 0 0 0 0 -1.17572
5 6 0.0128246 0 -1.41013 0 0 0 0 -1.3973
6 7 0.0510501 0 -1.10864 0 0 0 0 -1.05759
7 8 0.362932 0 -1.27374 0 0 0 0 -0.910808
8 9 0.1329 0 -1.18239 0 0 0 0 -1.04949
9 10 0.491702 0 -1.12665 0 0 0 0 -0.63495
10 11 0.155282 0 -1.11093 0 0 0 0 -0.95565
11 12 0.0100625 0 -7.46271e-05 0 0 0 0 0.00998787
12 13 0.00416677 0 -1.00808 0 0 0 0 -1.00391
13 14 1.38689 0 0 0 0 0 0 1.38689
14 15 1.68345 0 0 0 0 0 0 1.68345
15 16 0.00501003 0 -0.189581 0 0 0 0 -0.184571
16 17 1.95459e-06 0 -1.09701 0 0 0 0 -1.097
17 18 0.0890868 0 -1.12712 0 0 0 0 -1.03803
18 19 0.124458 0 -1.38281 0 0 0 0 -1.25835
19 20 0.0688383 0 -1.3444 0 0 0 0 -1.27557
20 21 0.0435712 0 -1.30348 0 0 0 0 -1.25991
21 22 0.0935061 0 -1.17806 0 0 0 0 -1.08455
22 23 0.0184378 0 -1.29835 0 0 0 0 -1.27991
23 24 0.00492264 0 -1.03331 0 0 0 0 -1.02838
24 25 0.274186 0 -1.34467 0 0 0 0 -1.07049
25 26 0.001335 0 -1.4237 0 0 0 0 -1.42236
27 28 0.0214996 0 -1.01067 0 0 0 0 -0.989174
28 29 0.0426748 0 -1.32512 0 0 0 0 -1.28245
29 30 0.0903253 0 -1.26348 0 0 0 0 -1.17316
30 31 0.0876158 0 -1.33974 0 0 0 0 -1.25212
31 32 0.0849016 0 -1.14911 0 0 0 0 -1.06421
32 33 0.0407105 0 -1.33315 0 0 0 0 -1.29244
33 34 0.178332 0 -1.26843 0 0 0 0 -1.0901
34 35 0.0508479 0 -1.41492 0 0 0 0 -1.36407
35 36 0.0483037 0 -1.01681 0 0 0 0 -0.968511
36 37 0.037508 0 -1.21398 0 0 0 0 -1.17647
37 38 0.0368196 0 -1.27495 0 0 0 0 -1.23813
38 39 1.06005 0 0 0 0 0 0 1.06005
39 40 0.341944 0 -0 0 0 0 0 0.341944
40 41 0.0339661 0 -0 0 0 0 0 0.0339661
40 42 0 0 0 0.0124116 0 0 -0.0195637 -0.00715214
41 42 0.832769 0 -0.0780051 0 0 0 0 0.754764
40 43 0 0 0 0 -0 -8.39591e-05 0 -8.39591e-05
42 43 0.0705358 0.307727 -0.889443 0 0 0 0 -0.51118
43 44 0.17497 0 -1.21032 0 0 0 0 -1.03535
44 45 0.497229 0 -1.36707 0 0 0 0 -0.869837
45 46 0.486569 0 -1.31843 0 0 0 0 -0.831856
46 47 0.121263 0 -0.639393 0 0 0 0 -0.51813
47 48 0.280049 0.251948 -0.895379 0 0 0 0 -0.363383
48 49 0.247997 0 -1.31656 0 0 0 0 -1.06856
49 50 0.294267 0 -1.16468 0 0 0 0 -0.870414
50 51 0.172303 0 -0.953218 0 0 0 0 -0.780914
51 52 0.146576 0 -1.11246 0 0 0 0 -0.965888
52 53 0.0281813 0 -1.04911 0 0 0 0 -1.02092
#Total energy per particle is  -0.753668 and should be -0.75366810

