
#id1 id2 FENE BEXC STCK NEXC HB CRSTCK CXSTCK total, t = 100
0 1 0.0937721 0 -1.04151 0 0 0 0 -0.947741
1 2 0.138572 0 -1.16574 0 0 0 0 -1.02717
2 3 0.0163966 0 -1.0156 0 0 0 0 -0.9992
3 4 0.0299228 0 -1.23046 0 0 0 0 -1.20053
4 5 0.0591585 0 -1.27576 0 0 0 0 -1.21661
5 6 0.0182707 0 -0.893221 0 0 0 0 -0.87495
6 7 0.0467485 0 -1.21855 0 0 0 0 -1.1718
7 8 0.131071 0 -1.34468 0 0 0 0 -1.21361
8 9 0.077002 0 -1.15571 0 0 0 0 -1.0787
9 10 0.0768999 0 -1.11798 0 0 0 0 -1.04108
10 11 0.313024 0 -1.19708 0 0 0 0 -0.884058
11 12 0.0459382 0 -1.1451 0 0 0 0 -1.09916
12 13 0.0469937 0 -1.39034 0 0 0 0 -1.34335
13 14 0.105735 0 -1.33048 0 0 0 0 -1.22475
14 15 0.230423 0 -1.33774 0 0 0 0 -1.10732
15 16 0.0373168 0 -1.02411 0 0 0 0 -0.986792
16 17 0.0396076 0 -1.11226 0 0 0 0 -1.07265
17 18 0.00139161 0 -1.19455 0 0 0 0 -1.19315
18 19 0.00261007 0 -1.25318 0 0 0 0 -1.25057
19 20 0.0966383 0 -0.860299 0 0 0 0 -0.763661
20 21 0.0288753 0 -1.42098 0 0 0 0 -1.3921
21 22 0.0839875 0 -1.24674 0 0 0 0 -1.16275
22 23 0.0098017 0 -1.29707 0 0 0 0 -1.28726
23 24 0.0428211 0 -1.01911 0 0 0 0 -0.976288
24 25 0.163148 0 -1.23172 0 0 0 0 -1.06857
25 26 0.00591554 0 -1.27142 0 0 0 0 -1.26551
#Total energy per particle is  -1.06849 and should be -1.0684910

