t = 0
b =  30.0 30.0 30.0
E = 0. 0. 0.
17.4237596141 20.1166292626 3.30342731951 0.463212555815 -0.23680910667 0.854023170138 0.0883847323887 0.97117949907 0.221356092454 0.0 0.0 0.0 0.0 0.0 0.0
17.2007552922 20.4586509986 3.65267695325 0.892301568315 -0.175962509306 0.41573441823 0.0883847323887 0.97117949907 0.221356092454 0.0 0.0 0.0 0.0 0.0 0.0
17.1811511409 20.760562075 4.09669326071 0.982390296526 -0.0482648127207 -0.180498789873 0.0883847323887 0.97117949907 0.221356092454 0.0 0.0 0.0 0.0 0.0 0.0
17.3854828887 21.0514711859 4.49956486334 0.699252526396 0.0977694931623 -0.708157489924 0.0883847323887 0.97117949907 0.221356092454 0.0 0.0 0.0 0.0 0.0 0.0
17.7492092718 21.3646668558 4.74101194385 0.15045703061 0.206659533974 -0.966775319791 0.0883847323887 0.97117949907 0.221356092454 0.0 0.0 0.0 0.0 0.0 0.0
18.1472323398 21.724970573 4.7620825598 -0.455499606612 0.237036162666 -0.858099042049 0.0883847323887 0.97117949907 0.221356092454 0.0 0.0 0.0 0.0 0.0 0.0
18.4414242581 22.1393066909 4.58754947212 -0.888404327735 0.177358790128 -0.423416591581 0.0883847323887 0.97117949907 0.221356092454 0.0 0.0 0.0 0.0 0.0 0.0
18.5331043819 22.5940717506 4.31649855906 -0.983789391423 0.0502998479392 0.172128901177 0.0883847323887 0.97117949907 0.221356092454 0.0 0.0 0.0 0.0 0.0 0.0
18.4005296831 23.0603026623 4.08468443444 -0.705416417228 -0.0958688474502 0.702279746535 0.0883847323887 0.97117949907 0.221356092454 0.0 0.0 0.0 0.0 0.0 0.0
18.1071552897 23.5046802671 4.01295500014 -0.159043952195 -0.205615364852 0.965622774694 0.0883847323887 0.97117949907 0.221356092454 0.0 0.0 0.0 0.0 0.0 0.0
17.7775268224 23.9021878431 4.16133930771 0.447751969351 -0.23724516744 0.862109566394 0.0883847323887 0.97117949907 0.221356092454 0.0 0.0 0.0 0.0 0.0 0.0
17.5499634306 24.2456153756 4.50624151807 0.884439431726 -0.178741564391 0.431066520118 0.0883847323887 0.97117949907 0.221356092454 0.0 0.0 0.0 0.0 0.0 0.0
17.5240080351 24.548298763 4.94940535526 0.98511356695 -0.0523310526296 -0.163745904198 0.0883847323887 0.97117949907 0.221356092454 0.0 0.0 0.0 0.0 0.0 0.0
17.7226093082 24.8390532852 5.35524330843 0.711526587869 0.0939609009541 -0.696348521825 0.0883847323887 0.97117949907 0.221356092454 0.0 0.0 0.0 0.0 0.0 0.0
18.0834030894 25.1512261978 5.60234859414 0.167618761966 0.204555537323 -0.964396693683 0.0883847323887 0.97117949907 0.221356092454 0.0 0.0 0.0 0.0 0.0 0.0
18.4824055727 25.5100275516 5.62961962318 -0.439970234044 0.237436105076 -0.866054437759 0.0883847323887 0.97117949907 0.221356092454 0.0 0.0 0.0 0.0 0.0 0.0
18.7811168272 25.9229524729 5.45947351588 -0.88040718223 0.180110726792 -0.438683621272 0.0883847323887 0.97117949907 0.221356092454 0.0 0.0 0.0 0.0 0.0 0.0
18.8791392369 26.3769336402 5.18932946331 -0.986362722265 0.0543582721078 0.155350437336 0.0883847323887 0.97117949907 0.221356092454 0.0 0.0 0.0 0.0 0.0 0.0
18.752320233 26.8433057772 4.95459754782 -0.717582573005 -0.0920457989716 0.690364267478 0.0883847323887 0.97117949907 0.221356092454 0.0 0.0 0.0 0.0 0.0 0.0
18.461928259 27.2886960715 4.87723418883 -0.17618080692 -0.203480132098 0.963097170131 0.0883847323887 0.97117949907 0.221356092454 0.0 0.0 0.0 0.0 0.0 0.0
18.1313758645 27.6877030633 5.01940886007 0.432154993299 -0.237608961034 0.869933355725 0.0883847323887 0.97117949907 0.221356092454 0.0 0.0 0.0 0.0 0.0 0.0
17.8993332143 28.0325470849 5.35988486711 0.876307886319 -0.181466173063 0.446267314969 0.0883847323887 0.97117949907 0.221356092454 0.0 0.0 0.0 0.0 0.0 0.0
17.8670449744 28.3360258866 5.80208752265 0.987536762239 -0.056381351993 -0.146943139935 0.0883847323887 0.97117949907 0.221356092454 0.0 0.0 0.0 0.0 0.0 0.0
18.0598657705 28.6266525574 6.21079448482 0.72358391145 0.0901236873452 -0.68432743922 0.0883847323887 0.97117949907 0.221356092454 0.0 0.0 0.0 0.0 0.0 0.0
18.4176275421 28.9378229256 6.46350898568 0.184729435024 0.202389231073 -0.961724303 0.0883847323887 0.97117949907 0.221356092454 0.0 0.0 0.0 0.0 0.0 0.0
18.8174983941 29.2951279253 6.49699840142 -0.424306842279 0.237763722149 -0.873746024898 0.0883847323887 0.97117949907 0.221356092454 0.0 0.0 0.0 0.0 0.0 0.0
19.1206484881 29.706631173 6.33131738328 -0.872141856169 0.182807799983 -0.453817023682 0.0883847323887 0.97117949907 0.221356092454 0.0 0.0 0.0 0.0 0.0 0.0
27.5758925004 23.2173159044 27.8847927902 -0.783543059965 0.289935807148 0.549542992781 0.577595056083 0.665869175134 0.47223107987 0.0 0.0 0.0 0.0 0.0 0.0
27.6311432273 23.7517452223 27.8890074627 -0.500419107899 -0.168227937941 0.84928209527 0.577595056083 0.665869175134 0.47223107987 0.0 0.0 0.0 0.0 0.0 0.0
27.5723234029 24.2478269764 28.0868160155 -0.0271775701815 -0.562479076786 0.826364730526 0.577595056083 0.665869175134 0.47223107987 0.0 0.0 0.0 0.0 0.0 0.0
27.5073084504 24.6156916073 28.4729944347 0.456389180833 -0.743035010211 0.489497588574 0.577595056083 0.665869175134 0.47223107987 0.0 0.0 0.0 0.0 0.0 0.0
27.5463274261 24.8141813843 28.9707538445 0.766566051629 -0.641299520374 -0.0333378712402 0.577595056083 0.665869175134 0.47223107987 0.0 0.0 0.0 0.0 0.0 0.0
27.7600851574 24.8664869154 29.4609138856 0.78551166311 -0.295923620791 -0.543507716391 0.577595056083 0.665869175134 0.47223107987 0.0 0.0 0.0 0.0 0.0 0.0
28.152900297 24.8513366478 29.8271813256 0.506028260721 0.16187860991 -0.847189893121 0.577595056083 0.665869175134 0.47223107987 0.0 0.0 0.0 0.0 0.0 0.0
28.6610645945 24.8730866144 30.0003318028 0.0342962617427 0.55818045024 -0.829010465194 0.577595056083 0.665869175134 0.47223107987 0.0 0.0 0.0 0.0 0.0 0.0
29.177046726 25.0220738323 29.9845093184 -0.450465460474 0.742420205244 -0.495876101224 0.577595056083 0.665869175134 0.47223107987 0.0 0.0 0.0 0.0 0.0 0.0
29.5903452416 25.3402957593 29.8556518611 -0.764087822876 0.644602111672 0.0256498842069 0.577595056083 0.665869175134 0.47223107987 0.0 0.0 0.0 0.0 0.0 0.0
29.829469914 25.8054547579 29.7326412957 -0.787420446501 0.301888898704 0.537431049785 0.577595056083 0.665869175134 0.47223107987 0.0 0.0 0.0 0.0 0.0 0.0
29.8891020708 26.3394293405 29.7321381551 -0.511598877531 -0.155516954196 0.845033174181 0.577595056083 0.665869175134 0.47223107987 0.0 0.0 0.0 0.0 0.0 0.0
29.8321152473 26.8379538285 29.924260353 -0.0414123415108 -0.553839316091 0.831593067505 0.577595056083 0.665869175134 0.47223107987 0.0 0.0 0.0 0.0 0.0 0.0
29.7656884793 27.2102306269 30.3059442169 0.444507435427 -0.741748862104 0.502216850989 0.577595056083 0.665869175134 0.47223107987 0.0 0.0 0.0 0.0 0.0 0.0
29.8005871952 27.4134257489 30.8021084278 0.761551405878 -0.647855614024 -0.0179599438355 0.577595056083 0.665869175134 0.47223107987 0.0 0.0 0.0 0.0 0.0 0.0
30.0090815781 27.4689421633 31.2941786689 0.789269264776 -0.307831186608 -0.531313455723 0.577595056083 0.665869175134 0.47223107987 0.0 0.0 0.0 0.0 0.0 0.0
30.3974899146 27.454288449 31.665135991 0.517130534106 0.149143455263 -0.842812102694 0.577595056083 0.665869175134 0.47223107987 0.0 0.0 0.0 0.0 0.0 0.0
30.9037781727 27.4736319901 31.8439742679 0.0485252675688 0.549456004935 -0.834112340784 0.577595056083 0.665869175134 0.47223107987 0.0 0.0 0.0 0.0 0.0 0.0
31.4211277671 27.6182240447 31.8326766104 -0.438515559417 0.741021031917 -0.508519354996 0.577595056083 0.665869175134 0.47223107987 0.0 0.0 0.0 0.0 0.0 0.0
31.8385177259 27.9317318669 31.7054619499 -0.758956993792 0.651059779663 0.0102686357449 0.577595056083 0.665869175134 0.47223107987 0.0 0.0 0.0 0.0 0.0 0.0
32.0829034141 28.3936487864 31.5805880253 -0.79105797714 0.313750031976 0.525155400084 0.577595056083 0.665869175134 0.47223107987 0.0 0.0 0.0 0.0 0.0 0.0
32.1469674114 28.9270850355 31.5754232906 -0.522622809189 -0.14275859848 0.840526847802 0.577595056083 0.665869175134 0.47223107987 0.0 0.0 0.0 0.0 0.0 0.0
32.091899523 29.4279794576 31.7618566773 -0.0556344982398 -0.545030850576 0.836568093179 0.577595056083 0.665869175134 0.47223107987 0.0 0.0 0.0 0.0 0.0 0.0
32.024149749 29.8046340801 32.1389857873 0.43249028875 -0.740236770109 0.514783133286 0.577595056083 0.665869175134 0.47223107987 0.0 0.0 0.0 0.0 0.0 0.0
32.0549861499 30.0125517077 32.6334597286 0.756304784192 -0.654214364578 -0.00257654565798 0.577595056083 0.665869175134 0.47223107987 0.0 0.0 0.0 0.0 0.0 0.0
32.2582222502 30.0713411502 33.1273463463 0.792786447378 -0.319644984064 -0.518957351829 0.577595056083 0.665869175134 0.47223107987 0.0 0.0 0.0 0.0 0.0 0.0
32.6421740461 30.0572675086 33.5029366193 0.528075284522 0.136362870076 -0.838177583536 0.577595056083 0.665869175134 0.47223107987 0.0 0.0 0.0 0.0 0.0 0.0
