
#id1 id2 FENE BEXC STCK NEXC HB CRSTCK CXSTCK total, t = 100
0 1 0.0949936 0 -1.36893 0 0 0 0 -1.27394
1 2 0.0253387 0 -0.869314 0 0 0 0 -0.843975
2 3 0.0993486 0 -1.26559 0 0 0 0 -1.16624
3 4 0.0833579 0 -1.07575 0 0 0 0 -0.992396
4 5 0.130384 0 -1.37652 0 0 0 0 -1.24613
5 6 0.394517 0 -1.24839 0 0 0 0 -0.853873
6 7 0.329438 0 -1.20339 0 0 0 0 -0.873952
7 8 0.317424 0 -1.1415 0 0 0 0 -0.824075
8 9 0.380526 0 -1.30884 0 0 0 0 -0.92831
9 10 0.334305 0 -1.12051 0 0 0 0 -0.786201
10 11 0.0290306 0 -1.32528 0 0 0 0 -1.29625
11 12 0.15727 0 -1.24614 0 0 0 0 -1.08887
12 13 0.0119197 0 -1.21672 0 0 0 0 -1.2048
13 14 2.00819 0 0 0 0 0 0 2.00819
14 15 1.37627 0 0 0 0 0 0 1.37627
15 16 0.988919 0 0 0 0 0 0 0.988919
16 17 0.032795 0 -0.45731 0 0 0 0 -0.424515
17 18 0.0622443 0 -0.998126 0 0 0 0 -0.935881
18 19 0.0133526 0 -1.19232 0 0 0 0 -1.17897
19 20 0.821225 0 -1.41857 0 0 0 0 -0.597341
20 21 0.351309 0 -1.23573 0 0 0 0 -0.884419
21 22 0.101982 0 -1.24492 0 0 0 0 -1.14294
22 23 0.00130078 0 -1.32357 0 0 0 0 -1.32227
23 24 0.173454 0 -1.30097 0 0 0 0 -1.12751
24 25 0.167385 0 -1.19063 0 0 0 0 -1.02324
25 26 3.54473e-05 0 -1.24548 0 0 0 0 -1.24544
27 28 0.00505629 0 -1.32018 0 0 0 0 -1.31512
28 29 0.0376974 0 -1.31786 0 0 0 0 -1.28016
29 30 0.0904882 0 -1.12465 0 0 0 0 -1.03416
30 31 0.172605 0 -1.21879 0 0 0 0 -1.04618
31 32 0.271286 0 -1.27805 0 0 0 0 -1.00676
32 33 0.117852 0 -1.18307 0 0 0 0 -1.06522
33 34 0.165261 0 -1.03613 0 0 0 0 -0.870871
34 35 0.0521947 0 -1.38898 0 0 0 0 -1.33679
35 36 0.148131 0 -1.17427 0 0 0 0 -1.02614
36 37 0.0738846 0 -0.974337 0 0 0 0 -0.900452
37 38 0.118495 0 -0.675608 0 0 0 0 -0.557113
38 39 0.148628 0 -1.32435 0 0 0 0 -1.17572
39 40 0.0424801 0 -1.2735 0 0 0 0 -1.23102
40 41 0.141931 0 -1.20128 0 0 0 0 -1.05935
41 42 0.276579 0 -1.44864 0 0 0 0 -1.17206
42 43 0.512515 0 -1.15773 0 0 0 0 -0.645215
43 44 0.0626572 0 -1.1546 0 0 0 0 -1.09194
44 45 0.217855 0 -1.17557 0 0 0 0 -0.957713
45 46 0.585979 0 -0.818194 0 0 0 0 -0.232214
46 47 0.0237367 0 -1.02478 0 0 0 0 -1.00105
47 48 0.424089 0 -1.16032 0 0 0 0 -0.736228
48 49 0.367231 0.475464 -0.738718 0 0 0 0 0.103977
49 50 0.317935 0 -0.0205358 0 0 0 0 0.2974
50 51 0.105086 0 -0 0 0 0 0 0.105086
51 52 1.58034 0 0 0 0 0 0 1.58034
52 53 0.106459 0 0 0 0 0 0 0.106459
#Total energy per particle is  -0.693266 and should be -0.69326610

