t = 100
b = 30 30 30
E = -0.314648960258173 -0.52181760486731 0.207168644609137
18.1050906557977 22.4472214193661 4.94421170726802 -0.204536895183696 -0.259774654436389 0.943759332491596 -0.0450252895136639 0.965618708230311 0.256033428989426 -0.0232985591443639 -0.155067691124734 5.32712936941309 0.395245824139847 -0.630192229387542 -0.568993696967722
17.6414810055281 23.0209837736318 4.60564937727576 0.420539766027484 -0.479286758244616 0.770344336241112 0.127904113055697 0.871915055214783 0.472656910632581 -0.532052988515959 -0.192604890388704 2.34599640680771 -0.0996782485969505 -0.368778523402773 -1.02727232506411
17.8374464307755 23.2354475830258 4.55061445355272 0.898360988687685 -0.352999833347755 0.261416401735212 0.204638482595812 0.86293971353304 0.462015176335456 0.0269199951778537 0.112858811982963 0.244298225358961 0.0434249904971411 -0.00416581111938745 -0.636338864078326
17.9029554685257 23.4852922251999 4.95433277189102 0.917579551728775 -0.0415529526027036 -0.395374505084447 0.210996711584779 0.893794258861884 0.395742456039413 0.6403273383061 0.400131464265592 0.789970046737369 0.346477414783533 0.468670123632215 0.0631001789528907
18.306804033827 23.5878403691668 5.34008754923721 0.69753511867198 0.282926896476884 -0.658328956401793 0.188881618735587 0.813653628038511 0.549810321895146 0.248680518742937 0.425418683767642 0.0290455534052096 0.325929019056766 -0.171880446718832 -0.266290322211577
18.4089407479349 23.9576321526319 5.64597761935128 -0.0585621496826814 0.545283863832403 -0.836203242821566 0.205508810375691 0.826284503704714 0.524423425846344 0.547855053968593 0.611561419551719 0.809943617370912 0.138199601626217 -0.512173384172163 -0.161904221510282
18.762895580315 24.3747288223113 5.89692163956883 -0.716003151311721 0.422778903950254 -0.555515408092768 0.106815803367736 0.852735111981575 0.511305284383236 0.265879092119046 2.04516391799055 1.3509074778488 0.0991022858705714 -0.569561251708111 0.449084494768887
18.7353308698009 24.8167398910024 7.08972304001444 -0.989433298799198 0.00880338186755985 -0.144720871444328 -0.0133817588389177 0.988349695628683 0.151610352468419 -1.13808545311965 0.970789740833491 6.28301928896774 0.606775647879189 0.453373436134102 0.353812430145205
18.8841408659869 24.9179951734721 5.55739948297584 -0.929210328835859 0.115886155102587 0.350910880043751 0.193959469634064 0.961194521060969 0.196175188286245 -0.541062869857858 -0.924726436577061 0.742325589172795 0.552241330209455 -0.157444893646637 -0.460584676430448
18.8319393866302 25.4441600094742 5.5710652029141 -0.653649966061774 -0.308124009275151 0.691231654015876 -0.0603488219964325 0.931677833051691 0.358237800130749 -0.515531741109508 -0.00958678024366718 0.600046945603719 0.379493120444802 -0.166337567807495 -0.282344021256903
18.5437441936836 25.9068314524136 5.60484223680819 0.0367890260312124 -0.439490245613085 0.897493605755666 0.112842730391565 0.89418443363225 0.43324427017542 -0.011673763831552 0.0742828311368189 0.441316394104983 0.570910113128069 -0.420658767640622 -0.134074097906657
18.3084570358043 26.2666121399022 5.87425044476066 0.664905296366206 -0.346478411999733 0.661705023457057 0.0150740232646311 0.891946576227389 0.451889322914284 0.351887817046093 -0.19043774460017 0.74447484161138 0.3771333229916 0.148773537470016 0.286582822189282
18.2221406668681 26.5637713403407 6.37088398786833 0.964269347933364 -0.24448105313639 0.102046659283607 0.104806407576332 0.705806729220347 0.700608569157085 0.687474762004157 -0.368387625342774 0.332564979829755 0.403452637197362 -0.336770840636047 -0.176075055731954
18.2317289835177 26.7323823240043 6.84642928782218 0.899306934232895 0.204621065895505 -0.386493388786051 0.101771604451445 0.761592217187889 0.640015406040657 0.328184038123891 0.103730741852686 0.212852311602626 0.655361283784554 0.115717562673055 0.646895350728405
17.9403305930152 26.533820013521 8.47142981267161 0.361458760792906 0.350073121024721 -0.86417374433355 0.196069365111436 0.87757596088088 0.437512420426754 -1.71494703366956 -1.48709159980524 5.28959043521938 0.177024449060013 0.153010993234174 0.479042697982138
18.7393657021427 27.0219455966435 7.511563942245 -0.0122107327513187 0.42355059693059 -0.905790080928696 0.388496984996413 0.836700981480211 0.386007060378529 0.0970496123156025 -0.225800431752664 0.369698761931348 0.715357480440569 0.106828133505549 -0.345448926006628
19.1163463917311 27.42712604144 7.40933975503524 -0.664930664202451 0.424107103932806 -0.614817255524573 0.341331884772827 0.904712691417389 0.254926230634445 -0.38719832481643 -0.0122299670419302 -0.284224922189053 0.728071284267455 -0.0928158242964254 0.102680995331706
19.3800259171198 27.888042802665 7.34790784649323 -0.971646711359018 0.190455828827057 -0.140103986292322 0.156710365384429 0.962472406321454 0.221559513304483 -0.533157642183999 -0.374077411041568 -0.286106357156188 0.899885680287861 0.15376360459153 0.105905522903546
19.3173781501359 28.4182930640476 7.26879586535811 -0.943090565880585 -0.0818237470683021 0.322311867246119 -0.0388914640296858 0.989742887383003 0.137464064641619 -0.414024556264063 -0.257740843631058 0.112000074047728 0.727321876484113 0.159113239384718 0.0730590500620247
19.2958269498881 28.8805062462772 7.10385844267468 -0.50974339968672 -0.393766571005556 0.764924463868373 -0.0680189062751581 0.90477200533508 0.420429460924112 0.203052686681862 -0.0385731810421782 -0.167358806611373 0.529166028880105 -0.144862364230953 0.060032274183843
19.0460000522328 29.2694091446463 7.2953443299518 0.0446273242926216 -0.625997794995613 0.778546751070044 -0.0921701169227408 0.773419131557055 0.62715819560995 -0.172273638967373 -0.0381239074597919 0.0527512691804469 0.507984739669313 -0.384073484181052 -0.336386752988003
18.7401498020493 29.6313011124843 7.5037157993947 0.652683288208028 -0.463449568712935 0.599348733243747 -0.0172805713854571 0.781770597251438 0.62332656045781 0.631408317066469 -0.0442619268792007 -0.157002058318574 0.675381941120272 -0.237152430463705 0.229403867915706
18.6710219967275 29.8631705833268 7.9528540825551 0.982287807342644 -0.0950457437213031 0.161483287930675 -0.0315400842268024 0.765640102524425 0.642495403529197 0.341072807710139 -0.490602749511453 0.314548474117514 0.613824141883163 0.00538746841709001 0.0738256185685093
18.6234759124949 30.0456163517821 8.39685931071947 0.918006636734478 0.26408253903725 -0.295844737848513 0.0243425318421564 0.707086495979775 0.706707871702059 -0.239622192222228 -0.146944595773769 -0.261094045892901 0.511236341577505 -0.390516122961106 0.210061658322889
18.7477192080496 30.3037134671638 8.84162556010536 0.600296379855401 0.49149724291606 -0.630931531452197 -0.00932999446817619 0.793133619277139 0.608976102961907 -0.4676251279152 0.128620059888901 0.12369504396659 0.272125174051553 -0.557927152297202 0.0466433530527267
18.9125933879682 30.6014459682021 9.16955602824372 -0.026972091255406 0.519386156132936 -0.854113814398823 0.0869047276000066 0.852408028794352 0.515604501184409 -0.270055486397648 0.302416547817034 -0.741113717080982 -0.150865498747952 0.0635481840887195 0.159803034561456
11.6212001138144 21.5401823182804 23.1137963345874 0.254288389260671 -0.4201233471423 0.871110597585539 0.338248258337941 0.882467794170188 0.326861738205661 0.18863467001781 -0.375885770926405 0.281550183493466 0.325512310775278 0.0162971590775892 -0.202962684407414
11.813923937334 21.9402948062736 23.4537718514724 0.628586165831941 -0.716602484994262 0.30225848545951 0.514884807474343 0.674704198773396 0.528836239158854 -0.436075403819745 -0.314642649919582 -0.0500402726550286 0.477432937674182 0.183959738772443 -0.444344049361539
12.0169400338111 22.0873291366366 23.8458553015542 0.817932518692715 -0.517964716175461 -0.250397342652575 0.562344035799597 0.627900630012282 0.538061218351874 -0.0668462358654911 0.395147839664605 0.0572583386592699 0.660281896455771 -0.14140710914409 -0.024492016849988
12.4332617052334 22.2271660923966 24.1357784119424 0.629237571404335 -0.16935160274884 -0.758538063955111 0.605880382676554 0.718167492679471 0.34226348883929 0.216687847854238 -0.0889899738375441 -0.418076218895021 0.268369868167225 0.462016180959575 0.30339764496755
12.9217853767511 22.4220271128148 24.286594341248 -0.0713149824242787 0.23796164604258 -0.968652833908519 0.647658700022998 0.749609532842771 0.136468450026672 0.440735414777214 0.290730519583924 -0.309986781567012 0.13813617379549 0.223878167376597 0.477321479187287
13.510903522661 22.8164867758899 22.7464976232204 -0.371179572206411 0.672421366171705 -0.640371075449835 0.489074825735391 0.727799744730271 0.480742374565988 0.858722413907818 1.54206682466165 -6.33428947900455 -0.281658721434143 -0.447036791335375 -0.0184136557486263
13.7354264435794 22.7770562831278 23.8991476640493 -0.730144010747956 0.62148540894224 -0.283981497340368 0.583922320373671 0.78335826491299 0.213036226656664 -0.562517762924698 -0.260134295678096 -0.500895525603859 -0.0155304733226925 -0.0488868542648196 -0.297989269072385
14.0051878796387 23.1050342716313 23.7604484903852 -0.715231823350697 0.505123520466952 0.483004711787275 0.668904180189464 0.695015172399488 0.263668330857883 -0.0653982064471165 0.303280550878363 -1.11835327906458 0.101600435290621 -0.0997454002776341 0.211333754098903
14.1734985974014 23.5566782995737 23.7858066539598 -0.576158025289024 0.0261206544873247 0.816920757191923 0.585164901546691 0.710988035916143 0.389971707452491 0.156892826790129 0.378666146225743 -0.36788886479372 0.278822877595813 0.0208420622046825 0.142896260344718
14.1622496075835 24.0305256059427 23.9165694565468 0.00697022380679372 -0.332722807499028 0.942998851707385 0.504156867927017 0.815567512791971 0.284034093775804 -0.174538295835313 0.480192269428494 0.325454697927807 0.300510082910804 -0.0771515414173922 0.32586752070663
14.2484501094639 24.4803008199935 24.1342780374832 0.297593665217058 -0.645472926051261 0.703422059021046 0.523361124405774 0.726525470075655 0.445256956620965 0.418123317174668 -0.179100141746281 0.572584394603162 0.561364387448439 0.168420281830636 0.205494485087879
14.2199093988862 24.7514384431383 24.534198949096 0.824593645315147 -0.563238520836959 0.0529865780055827 0.477451274438555 0.743107357671235 0.468862049757905 0.153159798148711 -0.250428611076874 0.252141164325016 0.642763107980898 -0.26634987005887 0.323099283328256
14.380217784332 25.0031719604768 24.913514138622 0.784214426282941 -0.44770622322436 -0.429612330102395 0.616246997073545 0.642800572035695 0.455024119347309 0.756291443305265 -0.00325323245597147 0.14865182769852 0.618773533383897 -0.227311644080129 0.273553767668484
14.7371438708903 25.1464755955783 25.188329604881 0.545078736710599 -0.140538065095912 -0.826521690222296 0.770270635200235 0.473188063153251 0.427523218251871 0.464383519709961 -0.531454377208782 -0.757911455422886 0.511113122162418 -0.159689826442748 -0.0864088402243493
15.1275611859084 25.2906902053255 25.4406428641753 0.146397401608621 0.219516025981739 -0.964562282039276 0.688135658396314 0.677889784683137 0.258717294527156 -0.0455842041207076 0.173219825266063 -0.30448586046607 0.510148593377349 0.0500658717264868 0.271385250695935
15.6070138862063 25.4404930445151 25.4520913168956 -0.415397052296797 0.671972186453845 -0.613105663713221 0.588413014790586 0.712501896170944 0.38224475523545 0.0646611959513774 0.101549535331575 -0.623407915229379 0.474262646220401 -0.0651324930846954 0.130576669265804
15.9811878535726 25.8491629038539 25.3060201306488 -0.766906091534994 0.568470879653784 -0.297818378517804 0.562205587367245 0.818907358686704 0.115392802140911 -0.10155043892505 0.801116781003168 -0.00720515237690521 0.446480788575343 0.165672571416643 0.199453388136616
16.2609726942198 26.1801570331861 25.0972972087518 -0.784973450083845 0.46944793473549 0.404271197893862 0.575430030972885 0.794264880861089 0.194996052018062 -0.351754885883973 0.28880032005351 -0.0178918058192403 0.423690630599322 0.1191775817135 0.621848101067497
16.5851317139946 26.3832280844104 23.549086942242 -0.58986633844913 0.0613077798500683 0.805170131508073 0.401969930021448 0.88708478377331 0.22693754123224 0.577979096671434 -0.505261731185705 -5.9700257406351 0.431753265766603 0.0725820371062672 0.122182985893438
16.3602076359102 26.8934974577199 25.1295406031439 -0.280998954042719 -0.0946743891236146 0.955026822694243 0.448237251652751 0.866967807157916 0.217830373831988 -0.024165661361243 -0.488699658959616 0.259571425613092 0.465242635984043 -0.316890151510379 -0.66309184963692
16.3261348174883 27.3622925235117 25.3164533893837 0.333369926823422 -0.430977156465483 0.838524337090685 0.476031538307149 0.844649200496664 0.244870546031661 0.0735775046276912 -0.682963287223824 0.0741467811493709 0.192710027116213 -0.0440121713619706 0.0793635417158754
16.5887315050748 27.7331040299277 25.604227154089 0.481979227023671 -0.747773139777299 0.456652213107015 0.697991436942841 0.642726903527007 0.315768843066443 0.529037365977615 -0.689356026183177 -0.136457638700103 0.376767516720111 0.492064771470101 -0.484513207836129
16.6785759316898 27.8403596846926 25.9979676233717 0.939102375521462 -0.30106720605682 -0.16566576822486 0.343630997720646 0.819825229725337 0.458043898081227 0.296131665253545 -0.217108285510105 0.106501765350998 0.421798760554234 -0.0834213741581561 0.186262544376793
16.9438227986516 28.1276361162984 26.3251181890111 0.731554148957924 -0.176933154387456 -0.658424687330966 0.526225991541433 0.760568767473698 0.380290989438597 0.171659645580221 -0.119302088078297 -0.481516480364788 0.0864903447657603 -0.125253933032006 -0.120022967695467
17.4012855197793 28.2662078197881 26.4785245120719 0.0943536018686182 0.333722222974272 -0.937937502505492 0.552202334981204 0.766379129353083 0.328230851988977 0.213222166534731 0.287919801091454 -0.423606600667993 0.0481548003687362 -0.0520562745613988 0.526881555168828
17.6337840660987 27.9316773174137 24.3459201390462 -0.490058458752934 0.497322156593164 -0.715900316329649 0.765753438161213 0.638017259461942 -0.0809663331666784 -0.671180099023498 -2.07235989786176 -9.19379750671982 0.881869773038717 0.208109371699614 0.139301390033394
