
#id1 id2 FENE BEXC STCK NEXC HB CRSTCK CXSTCK total, t = 100
0 1 1.2112 0 0 0 0 0 0 1.2112
1 2 0.739235 0 -0 0 0 0 0 0.739235
2 3 0.0220702 0 -0.873355 0 0 0 0 -0.851285
3 4 0.0737944 0 -1.23245 0 0 0 0 -1.15866
4 5 0.0580327 0 -1.2548 0 0 0 0 -1.19676
5 6 0.000744997 0 -1.3013 0 0 0 0 -1.30055
6 7 1.06389 0 0 0 0 0 0 1.06389
7 8 1.34582 0 -0 0 0 0 0 1.34582
8 9 0.00152197 0 -1.11123 0 0 0 0 -1.10971
9 10 0.025796 0 -1.04999 0 0 0 0 -1.02419
10 11 0.00538864 0 -1.20145 0 0 0 0 -1.19606
11 12 0.0684301 0 -1.2502 0 0 0 0 -1.18177
12 13 0.300719 0 -1.32795 0 0 0 0 -1.02723
13 14 0.255386 0 -1.38956 0 0 0 0 -1.13417
14 15 0.164798 0 -1.16259 0 0 0 0 -0.997791
15 16 0.41293 0 -1.30376 0 0 0 0 -0.890829
16 17 0.159559 0 -1.25953 0 0 0 0 -1.09998
17 18 0.110472 0 -1.33078 0 0 0 0 -1.22031
18 19 0.159724 0 -1.31331 0 0 0 0 -1.15359
19 20 0.484589 0 -1.13147 0 0 0 0 -0.646882
20 21 0.0411531 0 -1.22847 0 0 0 0 -1.18732
21 22 0.0809329 0 -1.4365 0 0 0 0 -1.35556
22 23 0.119985 0 -1.13928 0 0 0 0 -1.0193
23 24 0.0897263 0 -1.06763 0 0 0 0 -0.977902
24 25 0.0138912 0 -1.20603 0 0 0 0 -1.19214
26 27 0.090901 0 -1.29986 0 0 0 0 -1.20896
27 28 0.0402635 0 -1.18831 0 0 0 0 -1.14805
28 29 0.0207935 0 -1.29638 0 0 0 0 -1.27559
29 30 0.115232 0 -1.37901 0 0 0 0 -1.26378
30 31 0.26592 0 -1.19494 0 0 0 0 -0.929021
31 32 0.416906 0 -1.31108 0 0 0 0 -0.894172
32 33 0.259584 0 -1.26971 0 0 0 0 -1.01013
33 34 0.104745 0 -1.27458 0 0 0 0 -1.16984
34 35 0.0746347 0 -1.15793 0 0 0 0 -1.0833
35 36 0.065275 0 -1.31391 0 0 0 0 -1.24864
36 37 0.626108 0 -1.41323 0 0 0 0 -0.787124
37 38 0.0945259 0 -1.29858 0 0 0 0 -1.20405
38 39 0.501188 0 -1.32514 0 0 0 0 -0.823956
39 40 0.000615625 0 -1.04911 0 0 0 0 -1.04849
40 41 0.0511915 0 -0.990983 0 0 0 0 -0.939791
41 42 0.036759 0 -1.34388 0 0 0 0 -1.30712
42 43 0.0286291 0 -1.22776 0 0 0 0 -1.19913
43 44 1.61832 0 0 0 0 0 0 1.61832
44 45 1.64317 0 0 0 0 0 0 1.64317
45 46 0.0251455 0 -1.3007 0 0 0 0 -1.27555
46 47 0.141631 0 -1.01084 0 0 0 0 -0.869212
47 48 0.0885914 0 -1.27403 0 0 0 0 -1.18544
48 49 0.0149197 0 -1.37291 0 0 0 0 -1.35799
49 50 0.227316 0 -1.05048 0 0 0 0 -0.823165
50 51 1.9314 0 0 0 0 0 0 1.9314
#Total energy per particle is  -0.719643 and should be -0.71964310

