t = 0
b =  30.0 30.0 30.0
E = 0. 0. 0.
9.82998036854 24.9292219882 23.1169687442 0.140452086146 -0.413726597613 0.899501814297 0.678632575459 0.701749985716 0.216805869555 0.0 0.0 0.0 0.0 0.0 0.0
9.85685631597 25.3596342538 23.4374497377 0.536501790768 -0.675220243607 0.506204949725 0.678632575459 0.701749985716 0.216805869555 0.0 0.0 0.0 0.0 0.0 0.0
10.0060278635 25.6361300436 23.8733201654 0.728725495246 -0.680186429973 -0.0794076385432 0.678632575459 0.701749985716 0.216805869555 0.0 0.0 0.0 0.0 0.0 0.0
10.3213124106 25.7575773154 24.2910896194 0.644094200439 -0.426738419483 -0.634851937304 0.678632575459 0.701749985716 0.216805869555 0.0 0.0 0.0 0.0 0.0 0.0
10.7834182509 25.7817495509 24.5641445543 0.314760750204 -0.0111653487444 -0.949105370925 0.678632575459 0.701749985716 0.216805869555 0.0 0.0 0.0 0.0 0.0 0.0
11.3172738141 25.8033766449 24.62085089 -0.134155571552 0.408649624656 -0.902777805936 0.678632575459 0.701749985716 0.216805869555 0.0 0.0 0.0 0.0 0.0 0.0
11.8205486106 25.9181554337 24.4717689965 -0.532103948714 0.673211773393 -0.513469858831 0.678632575459 0.701749985716 0.216805869555 0.0 0.0 0.0 0.0 0.0 0.0
12.2025302953 26.1863928674 24.2056416325 -0.727897139456 0.682009513917 0.070913872401 0.678632575459 0.701749985716 0.216805869555 0.0 0.0 0.0 0.0 0.0 0.0
12.4185878041 26.6100943913 23.9556790879 -0.647150037127 0.431700437513 0.628356237892 0.678632575459 0.701749985716 0.216805869555 0.0 0.0 0.0 0.0 0.0 0.0
12.4871274415 27.1322020434 23.8489503675 -0.320539815923 0.0173811472511 0.947075563051 0.678632575459 0.701749985716 0.216805869555 0.0 0.0 0.0 0.0 0.0 0.0
12.4826000179 27.6582717287 23.9581075516 0.127848840491 -0.403541531448 0.905985047548 0.678632575459 0.701749985716 0.216805869555 0.0 0.0 0.0 0.0 0.0 0.0
12.5072157415 28.0923541091 24.2737840557 0.527665584884 -0.671152035496 0.52069566522 0.678632575459 0.701749985716 0.216805869555 0.0 0.0 0.0 0.0 0.0 0.0
12.6521128517 28.373447362 24.7081531531 0.727013351481 -0.683780660195 -0.0624147058929 0.678632575459 0.701749985716 0.216805869555 0.0 0.0 0.0 0.0 0.0 0.0
12.9627326783 28.4986727918 25.1282948163 0.650156590835 -0.436629579883 -0.621812686719 0.678632575459 0.701749985716 0.216805869555 0.0 0.0 0.0 0.0 0.0 0.0
13.4215557202 28.5243684952 25.406694258 0.326294471293 -0.0235956221161 -0.944973631706 0.678632575459 0.701749985716 0.216805869555 0.0 0.0 0.0 0.0 0.0 0.0
13.9547575971 28.5446855757 25.4696869307 -0.121532373246 0.39840270699 -0.909123294892 0.678632575459 0.701749985716 0.216805869555 0.0 0.0 0.0 0.0 0.0 0.0
14.4602561657 28.6558185659 25.3254449196 -0.523187037276 0.669041186773 -0.527881818618 0.678632575459 0.701749985716 0.216805869555 0.0 0.0 0.0 0.0 0.0 0.0
14.8464942327 28.9194595156 25.0608722314 -0.726074198624 0.685499733929 0.0539107862633 0.678632575459 0.701749985716 0.216805869555 0.0 0.0 0.0 0.0 0.0 0.0
15.0672236633 29.3393601513 24.8085885086 -0.653113632602 0.441525471221 0.615221782102 0.678632575459 0.701749985716 0.216805869555 0.0 0.0 0.0 0.0 0.0 0.0
15.1390758208 29.859906532 24.6965446104 -0.332024278076 0.0298083000832 0.942799736961 0.678632575459 0.701749985716 0.216805869555 0.0 0.0 0.0 0.0 0.0 0.0
15.1352430336 30.3872477156 24.799411942 0.11520665084 -0.393233542624 0.912192308977 0.678632575459 0.701749985716 0.216805869555 0.0 0.0 0.0 0.0 0.0 0.0
15.1576716062 30.8249513008 25.110213539 0.51866864695 -0.666879387974 0.535027771771 0.678632575459 0.701749985716 0.216805869555 0.0 0.0 0.0 0.0 0.0 0.0
15.2983307131 31.1106397086 25.5429747335 0.725079752406 -0.687166604204 -0.0454027611186 0.678632575459 0.701749985716 0.216805869555 0.0 0.0 0.0 0.0 0.0 0.0
15.6042717724 31.2396884673 25.9653863671 0.656020937236 -0.446387738684 -0.608584025965 0.678632575459 0.701749985716 0.216805869555 0.0 0.0 0.0 0.0 0.0 0.0
16.059752825 31.2669831269 26.2490712529 0.337728799925 -0.0360187080328 -0.940554044366 0.678632575459 0.701749985716 0.216805869555 0.0 0.0 0.0 0.0 0.0 0.0
16.5922191681 31.2860673209 26.3183568146 -0.108872155002 0.388034432001 -0.915191856087 0.678632575459 0.701749985716 0.216805869555 0.0 0.0 0.0 0.0 0.0 0.0
28.6171631761 4.52490313605 20.2944825477 -0.577862954163 0.394575307584 0.714412158947 0.812233239256 0.192563088261 0.550632928626 0.0 0.0 0.0 0.0 0.0 0.0
28.8959187643 4.96102795149 20.4386198765 -0.514825023862 -0.207209486349 0.831877048351 0.812233239256 0.192563088261 0.550632928626 0.0 0.0 0.0 0.0 0.0 0.0
29.0573199721 5.34991935799 20.7723836046 -0.25619645958 -0.73027193206 0.633297938844 0.812233239256 0.192563088261 0.550632928626 0.0 0.0 0.0 0.0 0.0 0.0
29.1603211889 5.5723452546 21.2505076177 0.099765423073 -0.975891861286 0.194118354193 0.812233239256 0.192563088261 0.550632928626 0.0 0.0 0.0 0.0 0.0 0.0
29.286063937 5.57231657072 21.7728809159 0.417824753511 -0.850754156368 -0.318810038701 0.812233239256 0.192563088261 0.550632928626 0.0 0.0 0.0 0.0 0.0 0.0
29.5070498508 5.37835845013 22.2225814556 0.577145474433 -0.402400723594 -0.710617167673 0.812233239256 0.192563088261 0.550632928626 0.0 0.0 0.0 0.0 0.0 0.0
29.8595960936 5.09267307193 22.5102967897 0.517198980261 0.198831471854 -0.832448953761 0.812233239256 0.192563088261 0.550632928626 0.0 0.0 0.0 0.0 0.0 0.0
30.3300378603 4.852311334 22.6082553585 0.260759946381 0.72452426686 -0.638019464511 0.812233239256 0.192563088261 0.550632928626 0.0 0.0 0.0 0.0 0.0 0.0
30.859919865 4.7771049255 22.5607773704 -0.0947461508028 0.974958179486 -0.201195713576 0.812233239256 0.192563088261 0.550632928626 0.0 0.0 0.0 0.0 0.0 0.0
31.3682044816 4.92414026469 22.4674368129 -0.414256601225 0.854989179294 0.312065652759 0.812233239256 0.192563088261 0.550632928626 0.0 0.0 0.0 0.0 0.0 0.0
31.782059293 5.2660704142 22.4452316309 -0.576384042841 0.410195495231 0.706768060151 0.812233239256 0.192563088261 0.550632928626 0.0 0.0 0.0 0.0 0.0 0.0
32.0645273436 5.70150463975 22.5841342504 -0.519533549955 -0.190438315573 0.83295746496 0.812233239256 0.192563088261 0.550632928626 0.0 0.0 0.0 0.0 0.0 0.0
32.2285677052 6.09352844528 22.9129095503 -0.265303575302 -0.718721426332 0.642692402525 0.812233239256 0.192563088261 0.550632928626 0.0 0.0 0.0 0.0 0.0 0.0
32.3321321084 6.32171967906 23.3881866035 0.0897196632465 -0.973950250846 0.208257751126 0.812233239256 0.192563088261 0.550632928626 0.0 0.0 0.0 0.0 0.0 0.0
32.4561481117 6.32789892252 23.9109360176 0.410656901695 -0.859159091484 -0.305297501809 0.812233239256 0.192563088261 0.550632928626 0.0 0.0 0.0 0.0 0.0 0.0
32.6737733687 6.13823282404 24.3640928566 0.575578717373 -0.417959028893 -0.702865129505 0.812233239256 0.192563088261 0.550632928626 0.0 0.0 0.0 0.0 0.0 0.0
33.0226018123 5.85329295177 24.6570315673 0.521828555157 0.182030656677 -0.833402543224 0.812233239256 0.192563088261 0.550632928626 0.0 0.0 0.0 0.0 0.0 0.0
33.4903810916 5.60984697342 24.7599961419 0.269827000329 0.712863852384 -0.647316397025 0.812233239256 0.192563088261 0.550632928626 0.0 0.0 0.0 0.0 0.0 0.0
34.0196674441 5.52889833265 24.7154049235 -0.0846863431904 0.972868152123 -0.215303929042 0.812233239256 0.192563088261 0.550632928626 0.0 0.0 0.0 0.0 0.0 0.0
34.529649542 5.66971501777 24.6217351677 -0.407025929052 0.863263575383 0.298506101273 0.812233239256 0.192563088261 0.550632928626 0.0 0.0 0.0 0.0 0.0 0.0
34.9468500665 6.00731266206 24.5961098871 -0.574729559356 0.425690733357 0.698908672959 0.812233239256 0.192563088261 0.550632928626 0.0 0.0 0.0 0.0 0.0 0.0
35.2330409699 6.44194652241 24.7298008605 -0.524083821095 -0.173609135441 0.833784154657 0.812233239256 0.192563088261 0.550632928626 0.0 0.0 0.0 0.0 0.0 0.0
35.3997669498 6.83700617487 25.0535529581 -0.274329876986 -0.706951991095 0.651891095874 0.812233239256 0.192563088261 0.550632928626 0.0 0.0 0.0 0.0 0.0 0.0
35.5039594256 7.07091609872 25.5259036516 0.0796465739414 -0.971711965724 0.222333710731 0.812233239256 0.192563088261 0.550632928626 0.0 0.0 0.0 0.0 0.0 0.0
35.6263073405 7.08332424941 26.0489353215 0.403363959809 -0.867302318418 -0.291691968341 0.812233239256 0.192563088261 0.550632928626 0.0 0.0 0.0 0.0 0.0 0.0
