t = 0
b =  30.0 30.0 30.0
E = 0. 0. 0.
22.1807051774 15.8525846059 24.0783467219 -0.142201264732 0.477601654323 -0.866992191485 0.685569526781 0.679316019279 0.261771216713 0.0 0.0 0.0 0.0 0.0 0.0
22.6829036283 15.9757697513 23.9323767321 -0.533849456075 0.713579997354 -0.453661047066 0.685569526781 0.679316019279 0.261771216713 0.0 0.0 0.0 0.0 0.0 0.0
23.063411079 16.2616154796 23.6829946923 -0.722679313568 0.678457368968 0.132023513942 0.685569526781 0.679316019279 0.261771216713 0.0 0.0 0.0 0.0 0.0 0.0
23.2791837573 16.7021155864 23.4637074166 -0.636951217283 0.38557744291 0.667550134688 0.685569526781 0.679316019279 0.261771216713 0.0 0.0 0.0 0.0 0.0 0.0
23.3497633857 17.2305080835 23.3965882152 -0.309234704295 -0.0537898002215 0.949463298423 0.685569526781 0.679316019279 0.261771216713 0.0 0.0 0.0 0.0 0.0 0.0
23.3498529535 17.7466391939 23.5458992025 0.135965242983 -0.472721398931 0.870659480907 0.685569526781 0.679316019279 0.261771216713 0.0 0.0 0.0 0.0 0.0 0.0
23.3809358027 18.1550134466 23.8936770459 0.529509721234 -0.712058234706 0.461077569945 0.685569526781 0.679316019279 0.261771216713 0.0 0.0 0.0 0.0 0.0 0.0
23.5327204095 18.4010740023 24.3465575359 0.721884603458 -0.680872242138 -0.123675418646 0.685569526781 0.679316019279 0.261771216713 0.0 0.0 0.0 0.0 0.0 0.0
23.8490586344 18.4919297089 24.7712462103 0.640003455561 -0.391011501204 -0.66144204795 0.685569526781 0.679316019279 0.261771216713 0.0 0.0 0.0 0.0 0.0 0.0
24.3112856671 18.4936543316 25.0451591491 0.31497429461 0.0474010464002 -0.947915784516 0.685569526781 0.679316019279 0.261771216713 0.0 0.0 0.0 0.0 0.0 0.0
24.8453111002 18.5061840242 25.1029946549 -0.129718866953 0.467805143974 -0.874260466239 0.685569526781 0.679316019279 0.261771216713 0.0 0.0 0.0 0.0 0.0 0.0
25.3497671135 18.6253499142 24.96154246 -0.525129662177 0.710482246067 -0.468458979981 0.685569526781 0.679316019279 0.261771216713 0.0 0.0 0.0 0.0 0.0 0.0
25.7345198037 18.9064702545 24.7133050258 -0.72103491904 0.68323526425 0.115317904987 0.685569526781 0.679316019279 0.261771216713 0.0 0.0 0.0 0.0 0.0 0.0
25.9549125615 19.3433340948 24.4913543117 -0.643006955098 0.396415782459 0.655283589839 0.685569526781 0.679316019279 0.261771216713 0.0 0.0 0.0 0.0 0.0 0.0
26.0287318636 19.8705609251 24.4187755125 -0.320689898412 -0.0410086828058 0.946296083153 0.685569526781 0.679316019279 0.261771216713 0.0 0.0 0.0 0.0 0.0 0.0
26.0294498933 20.388439825 24.5619049353 0.12346261233 -0.462853263845 0.877794873251 0.685569526781 0.679316019279 0.261771216713 0.0 0.0 0.0 0.0 0.0 0.0
26.0583112294 20.8008113087 24.905127727 0.520709612463 -0.708852151455 0.475804715053 0.685569526781 0.679316019279 0.261771216713 0.0 0.0 0.0 0.0 0.0 0.0
26.205868338 21.0515999223 25.3568102185 0.720130325021 -0.685546255352 -0.106951609424 0.685569526781 0.679316019279 0.261771216713 0.0 0.0 0.0 0.0 0.0 0.0
26.5175791769 21.1461182454 25.7841130873 0.645961487167 -0.401789875118 -0.649075229346 0.685569526781 0.679316019279 0.261771216713 0.0 0.0 0.0 0.0 0.0 0.0
26.9765369571 21.1490485538 26.0634592371 0.326381080437 0.0346131962414 -0.944604317679 0.685569526781 0.679316019279 0.261771216713 0.0 0.0 0.0 0.0 0.0 0.0
27.5098933148 21.1598689413 26.127482803 -0.117196955551 0.457866135647 -0.881262432785 0.685569526781 0.679316019279 0.261771216713 0.0 0.0 0.0 0.0 0.0 0.0
28.0165346229 21.2750599289 25.9906225696 -0.516249908696 0.707168075007 -0.483114215753 0.685569526781 0.679316019279 0.261771216713 0.0 0.0 0.0 0.0 0.0 0.0
28.405496748 21.5514499015 25.7436364355 -0.71917089029 0.687805039451 0.0985771690823 0.685569526781 0.679316019279 0.261771216713 0.0 0.0 0.0 0.0 0.0 0.0
28.630523846 21.9846250544 25.5191209702 -0.648866826767 0.407133369922 0.642817439261 0.685569526781 0.679316019279 0.261771216713 0.0 0.0 0.0 0.0 0.0 0.0
28.7076417304 22.5106062718 25.4411357604 -0.33204740728 -0.0282150737481 0.94284061693 0.685569526781 0.679316019279 0.261771216713 0.0 0.0 0.0 0.0 0.0 0.0
28.709069398 23.0301558623 25.578071099 0.110922373769 -0.45284413917 0.884662880772 0.685569526781 0.679316019279 0.261771216713 0.0 0.0 0.0 0.0 0.0 0.0
19.2662798151 29.2343262232 2.55950954923 0.545392732478 0.754522962398 -0.365023104165 0.42658492738 0.125005368896 0.895767245148 0.0 0.0 0.0 0.0 0.0 0.0
19.7485509064 29.1423802846 2.77778836408 0.0187191790991 0.988970275861 -0.146926463913 0.42658492738 0.125005368896 0.895767245148 0.0 0.0 0.0 0.0 0.0 0.0
20.2350890352 29.2758701516 2.96257528685 -0.515066103388 0.847691246823 0.12698999646 0.42658492738 0.125005368896 0.895767245148 0.0 0.0 0.0 0.0 0.0 0.0
20.6042178294 29.6025912649 3.17630958332 -0.853169161752 0.384360140475 0.352660834017 0.42658492738 0.125005368896 0.895767245148 0.0 0.0 0.0 0.0 0.0 0.0
20.7788666864 30.0169272843 3.470432928 -0.867138991339 -0.224995809398 0.444349924557 0.42658492738 0.125005368896 0.895767245148 0.0 0.0 0.0 0.0 0.0 0.0
20.7558511831 30.3799755018 3.86584585196 -0.551668220325 -0.748872089551 0.367223049623 0.42658492738 0.125005368896 0.895767245148 0.0 0.0 0.0 0.0 0.0 0.0
20.6070828915 30.572318303 4.34496728164 -0.0266094690091 -0.988239342411 0.150581998495 0.42658492738 0.125005368896 0.895767245148 0.0 0.0 0.0 0.0 0.0 0.0
20.4522489707 30.5393919151 4.85841388261 0.50855866447 -0.852157946607 -0.123267671458 0.42658492738 0.125005368896 0.895767245148 0.0 0.0 0.0 0.0 0.0 0.0
20.4133410134 30.3122160963 5.343761614 0.850516858669 -0.392327499567 -0.350285892098 0.42658492738 0.125005368896 0.895767245148 0.0 0.0 0.0 0.0 0.0 0.0
20.5683084009 29.9956092117 5.74926166526 0.869349478377 0.216554723925 -0.444224645863 0.42658492738 0.125005368896 0.895767245148 0.0 0.0 0.0 0.0 0.0 0.0
20.9214440292 29.7283659832 6.05350069451 0.557901696501 0.743164187196 -0.369395029624 0.42658492738 0.125005368896 0.895767245148 0.0 0.0 0.0 0.0 0.0 0.0
21.4017533669 29.6305270546 6.27353611515 0.034497732505 0.987433150709 -0.154226065676 0.42658492738 0.125005368896 0.895767245148 0.0 0.0 0.0 0.0 0.0 0.0
21.8899264637 29.7577735438 6.45841569925 -0.502012496841 0.856559751265 0.119535959145 0.42658492738 0.125005368896 0.895767245148 0.0 0.0 0.0 0.0 0.0 0.0
22.2636657962 30.0802728552 6.67054350901 -0.847799785435 0.400264981401 0.347884274552 0.42658492738 0.125005368896 0.895767245148 0.0 0.0 0.0 0.0 0.0 0.0
22.4441491408 30.4940125817 6.9619715501 -0.871493761086 -0.208097146972 0.444065537742 0.42658492738 0.125005368896 0.895767245148 0.0 0.0 0.0 0.0 0.0 0.0
22.4259754552 30.860316557 7.35462434449 -0.564092686302 -0.73739969001 0.371538878764 0.42658492738 0.125005368896 0.895767245148 0.0 0.0 0.0 0.0 0.0 0.0
22.279216824 31.0585302498 7.83196943798 -0.042383368865 -0.986551762149 0.157858387944 0.42658492738 0.125005368896 0.895767245148 0.0 0.0 0.0 0.0 0.0 0.0
22.1227969025 31.0318594373 8.34529835597 0.495428099016 -0.860896325581 -0.115795143707 0.42658492738 0.125005368896 0.895767245148 0.0 0.0 0.0 0.0 0.0 0.0
22.0793098318 30.8089472804 8.83223176731 0.845018148965 -0.408171981506 -0.345456164272 0.42658492738 0.125005368896 0.895767245148 0.0 0.0 0.0 0.0 0.0 0.0
22.2284446747 30.4929923074 9.24041843513 0.873571676172 0.199623722615 -0.443872612311 0.42658492738 0.125005368896 0.895767245148 0.0 0.0 0.0 0.0 0.0 0.0
22.5767102087 30.2225415682 9.54742432702 0.570240718262 0.731579036984 -0.373654433779 0.42658492738 0.125005368896 0.895767245148 0.0 0.0 0.0 0.0 0.0 0.0
23.0549621324 30.1188542936 9.76925567896 0.0502657775674 0.985595243853 -0.161478688685 0.42658492738 0.125005368896 0.895767245148 0.0 0.0 0.0 0.0 0.0 0.0
23.5446721416 30.2398334858 9.95427795874 -0.488805972424 0.865167339309 0.11204551002 0.42658492738 0.125005368896 0.895767245148 0.0 0.0 0.0 0.0 0.0 0.0
23.9229588141 30.5580276003 10.1648410161 -0.842172161091 0.416047897735 0.343001746167 0.42658492738 0.125005368896 0.895767245148 0.0 0.0 0.0 0.0 0.0 0.0
24.1092723159 30.9710598461 10.4535913322 -0.875583065392 -0.191135096138 0.443645884262 0.42658492738 0.125005368896 0.895767245148 0.0 0.0 0.0 0.0 0.0 0.0
24.0959966304 31.3405228407 10.8434707416 -0.576345324183 -0.725702671381 0.375741533563 0.42658492738 0.125005368896 0.895767245148 0.0 0.0 0.0 0.0 0.0 0.0
