
#id1 id2 FENE BEXC STCK NEXC HB CRSTCK CXSTCK total, t = 100
0 1 0.0786188 0 -1.33305 0 0 0 0 -1.25443
1 2 0.0178147 0 -1.29823 0 0 0 0 -1.28041
2 3 0.146843 0 -1.11919 0 0 0 0 -0.972343
3 4 0.0534078 0 -1.24155 0 0 0 0 -1.18814
4 5 0.225088 0 -1.11157 0 0 0 0 -0.886485
5 6 0.0532609 0 -1.31239 0 0 0 0 -1.25913
6 7 0.167 0 -1.34781 0 0 0 0 -1.18081
7 8 0.0221685 0 -1.25557 0 0 0 0 -1.2334
8 9 0.252459 0 -1.2765 0 0 0 0 -1.02404
9 10 0.250077 0 -1.19311 0 0 0 0 -0.943029
10 11 0.14711 0 -1.23388 0 0 0 0 -1.08677
11 12 0.31167 0 -1.32019 0 0 0 0 -1.00852
12 13 0.193899 0 -1.2154 0 0 0 0 -1.0215
13 14 0.151827 0 -1.18979 0 0 0 0 -1.03797
14 15 0.447376 0 -1.34986 0 0 0 0 -0.90248
15 16 0.119815 0 -1.00985 0 0 0 0 -0.890032
16 17 0.14 0 -1.05501 0 0 0 0 -0.915011
17 18 0.0279237 0 -1.05104 0 0 0 0 -1.02312
18 19 0.0482345 0 -0.650242 0 0 0 0 -0.602008
19 20 2.17175 0 0 0 0 0 0 2.17175
20 21 2.35958 0 0 0 0 0 0 2.35958
21 22 0.0235243 0 -1.29995 0 0 0 0 -1.27642
22 23 0.3428 0 -1.41037 0 0 0 0 -1.06757
23 24 0.0681452 0 -1.28736 0 0 0 0 -1.21922
24 25 0.0539334 0 -1.2151 0 0 0 0 -1.16117
25 26 0.0192583 0 -1.06163 0 0 0 0 -1.04237
27 28 0.00626577 0 -1.20816 0 0 0 0 -1.2019
28 29 0.123159 0 -1.03568 0 0 0 0 -0.912525
29 30 0.0598256 0 -1.41617 0 0 0 0 -1.35634
30 31 0.0430726 0 -1.26996 0 0 0 0 -1.22688
31 32 0.135972 0 -1.22326 0 0 0 0 -1.08729
32 33 0.102594 0 -1.11304 0 0 0 0 -1.01045
33 34 0.434638 0 -1.38325 0 0 0 0 -0.948616
34 35 0.613498 0 -1.39007 0 0 0 0 -0.776575
35 36 0.0937912 0 -1.21115 0 0 0 0 -1.11736
36 37 0.0413161 0 -1.3604 0 0 0 0 -1.31908
37 38 0.00863851 0 -0.944535 0 0 0 0 -0.935896
38 39 1.86948 0 0 0 0 0 0 1.86948
39 40 1.04211 0 0 0 0 0 0 1.04211
40 41 0.570358 0 -0.993427 0 0 0 0 -0.423069
41 42 0.890848 0 -1.02331 0 0 0 0 -0.132461
42 43 0.373577 0 -0.499303 0 0 0 0 -0.125726
43 44 0.362903 0 -1.20887 0 0 0 0 -0.845971
44 45 0.386808 0 -1.28167 0 0 0 0 -0.894864
45 46 0.0749998 0 -1.13616 0 0 0 0 -1.06116
46 47 0.362653 0 -1.1523 0 0 0 0 -0.78965
47 48 0.121905 0 -1.24353 0 0 0 0 -1.12163
48 49 0.0465692 0 -1.43265 0 0 0 0 -1.38608
49 50 0.102907 0 -1.14119 0 0 0 0 -1.03828
50 51 0.0262775 0 -1.06867 0 0 0 0 -1.04239
#Total energy per particle is  -0.745916 and should be -0.74591610

