
#id1 id2 FENE BEXC STCK NEXC HB CRSTCK CXSTCK total, t = 100
0 1 0.00332361 0 -0.969737 0 0 0 0 -0.966413
1 2 0.329479 0 -1.25976 0 0 0 0 -0.930284
2 3 0.165102 0 -1.19284 0 0 0 0 -1.02774
3 4 0.0714481 0 -1.03777 0 0 0 0 -0.966325
4 5 0.428123 0 -1.40586 0 0 0 0 -0.97774
5 6 0.63933 0 -0.113026 0 0 0 0 0.526304
6 7 0.128684 0 -0.000449739 0 0 0 0 0.128234
7 8 1.09929 0 0 0 0 0 0 1.09929
8 9 2.84215e-05 0 -0.878361 0 0 0 0 -0.878333
9 10 0.0518862 0 -0.953516 0 0 0 0 -0.90163
10 11 0.321738 0 -1.21203 0 0 0 0 -0.890297
11 12 0.152904 0 -0.987452 0 0 0 0 -0.834548
12 13 0.804381 0 -0.000349785 0 0 0 0 0.804031
13 14 0.150104 0 -0 0 0 0 0 0.150104
14 15 1.57471 0 0 0 0 0 0 1.57471
15 16 0.0320657 0 -1.06188 0 0 0 0 -1.02982
16 17 0.251393 0 -1.32384 0 0 0 0 -1.07245
17 18 0.105377 0 -1.21937 0 0 0 0 -1.114
18 19 0.0287664 0 -1.41319 0 0 0 0 -1.38442
19 20 2.03018 0 0 0 0 0 0 2.03018
20 21 2.01597 0 0 0 0 0 0 2.01597
21 22 0.0432068 0 -0.821295 0 0 0 0 -0.778088
22 23 0.0776228 0 -1.05826 0 0 0 0 -0.980639
23 24 0.0560463 0 -1.14386 0 0 0 0 -1.08781
24 25 0.0153565 0 -1.18428 0 0 0 0 -1.16893
26 27 0.000833097 0 -0.870532 0 0 0 0 -0.869699
27 28 0.135757 0 -1.33228 0 0 0 0 -1.19652
28 29 0.0107368 0 -1.25351 0 0 0 0 -1.24277
29 30 0.045075 0 -1.22724 0 0 0 0 -1.18216
30 31 0.184066 0 -1.35394 0 0 0 0 -1.16987
31 32 0.0435692 0 -1.21193 0 0 0 0 -1.16836
32 33 0.0367844 0 -1.38168 0 0 0 0 -1.3449
33 34 0.329736 0 -1.23536 0 0 0 0 -0.905621
34 35 0.168021 0 -1.35176 0 0 0 0 -1.18374
35 36 0.0830143 0 -1.32334 0 0 0 0 -1.24033
36 37 1.88526 0 0 0 0 0 0 1.88526
37 38 1.66905 0 0 0 0 0 0 1.66905
38 39 0.0528209 0 -1.2974 0 0 0 0 -1.24458
39 40 0.00384628 0 -0.722375 0 0 0 0 -0.718528
40 41 0.000804713 0 -1.08782 0 0 0 0 -1.08702
41 42 0.000293269 0 -0.883193 0 0 0 0 -0.8829
42 43 0.845837 0 -0.34306 0 0 0 0 0.502777
43 44 0.0722833 0 -0.698167 0 0 0 0 -0.625884
43 45 0 0 0 0 -0 -0 -0.036802 -0.036802
44 45 0.149736 0.0245556 -0 0 0 0 0 0.174291
45 46 0.576882 0 -1.14141 0 0 0 0 -0.56453
46 47 0.205283 0 -1.40323 0 0 0 0 -1.19795
47 48 0.0287641 0 -1.0916 0 0 0 0 -1.06283
48 49 0.237421 0 -0.965257 0 0 0 0 -0.727835
49 50 1.89177 0 0 0 0 0 0 1.89177
#Total energy per particle is  -0.435105 and should be -0.43510510

