t = 0
b =  30.0 30.0 30.0
E = 0. 0. 0.
12.5820114641 20.7429456785 24.0596524441 -0.79790330142 0.494137587672 0.345222198058 0.578858746756 0.787880086079 0.210160703427 0.0 0.0 0.0 0.0 0.0 0.0
12.6575305747 21.2356545387 23.8591033351 -0.547739089355 0.184766807035 0.815992105973 0.578858746756 0.787880086079 0.210160703427 0.0 0.0 0.0 0.0 0.0 0.0
12.6081925427 21.7704809985 23.8445596524 -0.0894796395346 -0.194799972731 0.976752970168 0.578858746756 0.787880086079 0.210160703427 0.0 0.0 0.0 0.0 0.0 0.0
12.538457624 22.2609027983 24.05266684 0.402774621365 -0.500358985975 0.766429050558 0.578858746756 0.787880086079 0.210160703427 0.0 0.0 0.0 0.0 0.0 0.0
12.5605351929 22.6372677515 24.4354815537 0.742008069575 -0.61582325489 0.26492592063 0.578858746756 0.787880086079 0.210160703427 0.0 0.0 0.0 0.0 0.0 0.0
12.7517535247 22.8732557743 24.8786861394 0.799340246441 -0.497325973257 -0.337226995871 0.578858746756 0.787880086079 0.210160703427 0.0 0.0 0.0 0.0 0.0 0.0
13.1251814907 22.9958783259 25.2450198208 0.552989699427 -0.189886239537 -0.811261738505 0.578858746756 0.787880086079 0.210160703427 0.0 0.0 0.0 0.0 0.0 0.0
13.6246634762 23.0752163033 25.4264263634 0.0965491201063 0.189694451312 -0.977084583108 0.578858746756 0.787880086079 0.210160703427 0.0 0.0 0.0 0.0 0.0 0.0
14.1461538366 23.1977951368 25.3851064445 -0.396572084158 0.497207048586 -0.771696658606 0.578858746756 0.787880086079 0.210160703427 0.0 0.0 0.0 0.0 0.0 0.0
14.5772455779 23.4337123326 25.167878248 -0.739028923319 0.615822375243 -0.273128271419 0.578858746756 0.787880086079 0.210160703427 0.0 0.0 0.0 0.0 0.0 0.0
14.8398756529 23.8100062583 24.8883904534 -0.800716318606 0.500476485544 0.329206112541 0.578858746756 0.787880086079 0.210160703427 0.0 0.0 0.0 0.0 0.0 0.0
14.9199824179 24.3003838146 24.6839452026 -0.558198197192 0.194991211467 0.806469590314 0.578858746756 0.787880086079 0.210160703427 0.0 0.0 0.0 0.0 0.0 0.0
14.8728478863 24.8352096237 24.6633347202 -0.103611248089 -0.184574483926 0.977341787275 0.578858746756 0.787880086079 0.210160703427 0.0 0.0 0.0 0.0 0.0 0.0
14.8020951675 25.3279616733 24.865509329 0.390339346452 -0.494017246955 0.776905498966 0.578858746756 0.787880086079 0.210160703427 0.0 0.0 0.0 0.0 0.0 0.0
14.8203203149 25.708102476 25.2447795707 0.735993497149 -0.615774598337 0.281309822433 0.578858746756 0.787880086079 0.210160703427 0.0 0.0 0.0 0.0 0.0 0.0
15.0063152032 25.9478774396 25.6881743953 0.802031413124 -0.503588884609 -0.321160158892 0.578858746756 0.787880086079 0.210160703427 0.0 0.0 0.0 0.0 0.0 0.0
15.3751331773 26.0728593012 26.0583607516 0.563364186004 -0.200081334061 -0.801616026342 0.578858746756 0.787880086079 0.210160703427 0.0 0.0 0.0 0.0 0.0 0.0
15.8723700353 26.1522326163 26.2458187094 0.110665485673 0.179440460478 -0.97752456308 0.578858746756 0.787880086079 0.210160703427 0.0 0.0 0.0 0.0 0.0 0.0
16.3948330943 26.27250939 26.2104499123 -0.384076882893 0.490789823998 -0.782055174964 0.578858746756 0.787880086079 0.210160703427 0.0 0.0 0.0 0.0 0.0 0.0
16.8297458158 26.5046617196 25.9968116135 -0.732902022225 0.615679927812 -0.289469950614 0.578858746756 0.787880086079 0.210160703427 0.0 0.0 0.0 0.0 0.0 0.0
17.0975934982 26.8771583081 25.7171886304 -0.803285429845 0.506662933431 0.313089747653 0.578858746756 0.787880086079 0.210160703427 0.0 0.0 0.0 0.0 0.0 0.0
17.1823322416 27.3651487282 25.5089344651 -0.568487272451 0.205156219687 0.796701416206 0.578858746756 0.787880086079 0.210160703427 0.0 0.0 0.0 0.0 0.0 0.0
17.1374842934 27.899904515 25.4822884126 -0.117711295653 -0.174292771945 0.977632896605 0.578858746756 0.787880086079 0.210160703427 0.0 0.0 0.0 0.0 0.0 0.0
17.0658040516 28.394930259 25.6784938097 0.377785170392 -0.487525025495 0.787145294433 0.578858746756 0.787880086079 0.210160703427 0.0 0.0 0.0 0.0 0.0 0.0
17.0802399513 28.7788246581 26.0541290015 0.729754733974 -0.615538370876 0.297608034538 0.578858746756 0.787880086079 0.210160703427 0.0 0.0 0.0 0.0 0.0 0.0
17.2610234656 29.0224070661 26.497603954 0.80447827327 -0.509698397909 -0.304995493418 0.578858746756 0.787880086079 0.210160703427 0.0 0.0 0.0 0.0 0.0 0.0
8.66203847601 24.8813054201 18.6346563132 -0.0930405057178 0.649353933516 0.754773431781 0.992192853357 0.123697005157 0.0158868707851 0.0 0.0 0.0 0.0 0.0 0.0
9.00893621932 25.2675218824 18.4961503492 -0.0266702122913 0.0860139928728 0.99593689198 0.992192853357 0.123697005157 0.0158868707851 0.0 0.0 0.0 0.0 0.0 0.0
9.34975448689 25.6733452371 18.584668231 0.0498325406868 -0.51000410174 0.858727275738 0.992192853357 0.123697005157 0.0158868707851 0.0 0.0 0.0 0.0 0.0 0.0
9.70193208369 25.9629131407 18.8689330224 0.107403078302 -0.912263111288 0.395272810289 0.992192853357 0.123697005157 0.0158868707851 0.0 0.0 0.0 0.0 0.0 0.0
10.0785922156 26.0445306394 19.2433002634 0.124169390787 -0.967938112632 -0.218352404397 0.992192853357 0.123697005157 0.0158868707851 0.0 0.0 0.0 0.0 0.0 0.0
10.483556764 25.9055066149 19.5678940668 0.0937616757104 -0.655877241925 -0.749021889996 0.992192853357 0.123697005157 0.0158868707851 0.0 0.0 0.0 0.0 0.0 0.0
10.9098942893 25.6169753524 19.7217483069 0.0277323324196 -0.0946376413275 -0.995125436607 0.992192853357 0.123697005157 0.0158868707851 0.0 0.0 0.0 0.0 0.0 0.0
11.3425534007 25.3068714367 19.6487636724 -0.0488329876172 0.502556381467 -0.863164192241 0.992192853357 0.123697005157 0.0158868707851 0.0 0.0 0.0 0.0 0.0 0.0
11.764081031 25.1113252639 19.3790207331 -0.106845839214 0.908820832648 -0.403272439907 0.992192853357 0.123697005157 0.0158868707851 0.0 0.0 0.0 0.0 0.0 0.0
12.1612531489 25.1229448285 19.0173518285 -0.124266170127 0.969809054831 0.209829254704 0.992192853357 0.123697005157 0.0158868707851 0.0 0.0 0.0 0.0 0.0 0.0
12.5300987895 25.3556323976 18.703513509 -0.0944757053883 0.662350602742 0.743213307294 0.992192853357 0.123697005157 0.0158868707851 0.0 0.0 0.0 0.0 0.0 0.0
12.87740869 25.7393028075 18.5590906864 -0.0287923406235 0.103254082759 0.99423819858 0.992192853357 0.123697005157 0.0158868707851 0.0 0.0 0.0 0.0 0.0 0.0
13.2181553755 26.1465099888 18.6413044924 0.0478297157265 -0.49507038958 0.867535375449 0.992192853357 0.123697005157 0.0158868707851 0.0 0.0 0.0 0.0 0.0 0.0
13.5698048463 26.4408658592 18.9212730145 0.106280463402 -0.905309343782 0.411241358767 0.992192853357 0.123697005157 0.0158868707851 0.0 0.0 0.0 0.0 0.0 0.0
13.945680952 26.5288564362 19.2949840173 0.124353486116 -0.971606142316 -0.2012901257 0.992192853357 0.123697005157 0.0158868707851 0.0 0.0 0.0 0.0 0.0 0.0
14.3499034388 26.3953693626 19.6228109296 0.0951825403756 -0.668773522996 -0.737348126021 0.992192853357 0.123697005157 0.0158868707851 0.0 0.0 0.0 0.0 0.0 0.0
14.7758227887 26.1094353433 19.7825593134 0.0298501561791 -0.111862660993 -0.993275245464 0.992192853357 0.123697005157 0.0158868707851 0.0 0.0 0.0 0.0 0.0 0.0
15.2085464826 25.7980022269 19.7158905737 -0.0468228014178 0.487546696166 -0.871840492479 0.992192853357 0.123697005157 0.0158868707851 0.0 0.0 0.0 0.0 0.0 0.0
15.6305969175 25.5977053952 19.4504857663 -0.105706993921 0.901728912105 -0.419178960005 0.992192853357 0.123697005157 0.0158868707851 0.0 0.0 0.0 0.0 0.0 0.0
16.0285514398 25.6029576974 19.0895291019 -0.124431332106 0.973329238232 0.192735667673 0.992192853357 0.123697005157 0.0158868707851 0.0 0.0 0.0 0.0 0.0 0.0
16.398141836 25.8300804301 18.7725065389 -0.0958821268438 0.675145513558 0.731426792834 0.992192853357 0.123697005157 0.0158868707851 0.0 0.0 0.0 0.0 0.0 0.0
16.7458758983 26.2111026039 18.6222127363 -0.0309056985297 0.120462720452 0.992236650593 0.992192853357 0.123697005157 0.0158868707851 0.0 0.0 0.0 0.0 0.0 0.0
17.0865650058 26.6195842586 18.6980993095 0.0458123213715 -0.479985874183 0.87607921548 0.992192853357 0.123697005157 0.0158868707851 0.0 0.0 0.0 0.0 0.0 0.0
17.4376970333 26.9186531181 18.9736881674 0.105125474443 -0.89807981028 0.427084639142 0.992192853357 0.123697005157 0.0158868707851 0.0 0.0 0.0 0.0 0.0 0.0
17.812792416 27.0130046567 19.3466309823 0.124499702169 -0.974978211357 -0.184166532079 0.992192853357 0.123697005157 0.0158868707851 0.0 0.0 0.0 0.0 0.0 0.0
