
#id1 id2 FENE BEXC STCK NEXC HB CRSTCK CXSTCK total, t = 100
0 1 0.119611 0 -1.41115 0 0 0 0 -1.29154
1 2 0.0517306 0 -1.34214 0 0 0 0 -1.29041
2 3 0.147811 0 -1.34095 0 0 0 0 -1.19314
3 4 0.291263 0 -1.25683 0 0 0 0 -0.965572
4 5 0.130283 0 -1.2422 0 0 0 0 -1.11192
5 6 0.0719815 0 -0.99282 0 0 0 0 -0.920839
6 7 0.0111149 0 -1.32908 0 0 0 0 -1.31797
7 8 0.180207 0 -1.30042 0 0 0 0 -1.12022
8 9 0.0166871 0 -0.962959 0 0 0 0 -0.946272
9 10 3.11091e-05 0 -1.29613 0 0 0 0 -1.29609
10 11 0.0600295 0 -1.105 0 0 0 0 -1.04497
11 12 1.71135 0 0 0 0 0 0 1.71135
12 13 1.73753 0 0 0 0 0 0 1.73753
13 14 0.0174537 0 -1.04294 0 0 0 0 -1.02549
14 15 0.113728 0 -1.22966 0 0 0 0 -1.11593
15 16 0.0953373 0 -1.02819 0 0 0 0 -0.932853
16 17 0.113715 0 -1.16034 0 0 0 0 -1.04662
17 18 0.0526605 0 -0.575453 0 0 0 0 -0.522793
18 19 1.06346 0 -0.000265518 0 0 0 0 1.0632
19 20 0.459542 0 -0 0 0 0 0 0.459542
20 21 0.0943557 0 -1.24344 0 0 0 0 -1.14908
21 22 0.109474 0 -1.24814 0 0 0 0 -1.13867
22 23 7.60246e-06 0 -1.12451 0 0 0 0 -1.1245
23 24 0.160503 0 -1.23933 0 0 0 0 -1.07882
24 25 0.148774 0 -1.12153 0 0 0 0 -0.972755
26 27 0.055038 0 -1.39253 0 0 0 0 -1.33749
27 28 0.10638 0 -1.13167 0 0 0 0 -1.02529
28 29 0.0407459 0 -1.33659 0 0 0 0 -1.29584
29 30 0.104983 0 -1.33018 0 0 0 0 -1.2252
30 31 0.181922 0 -1.10023 0 0 0 0 -0.918309
31 32 0.0872087 0 -1.04946 0 0 0 0 -0.962252
32 33 0.0862725 0 -1.28399 0 0 0 0 -1.19772
33 34 0.0324578 0 -1.03195 0 0 0 0 -0.99949
34 35 0.0288833 0 -0.803306 0 0 0 0 -0.774423
35 36 0.0417003 0 -1.201 0 0 0 0 -1.1593
36 37 0.100275 0 -1.15815 0 0 0 0 -1.05788
37 38 1.31947 0 0 0 0 0 0 1.31947
38 39 0.784217 0 -7.33356e-05 0 0 0 0 0.784144
39 40 0.228426 0 -1.19758 0 0 0 0 -0.969152
40 41 0.00121984 0 -1.32031 0 0 0 0 -1.31909
41 42 0.0908651 0 -1.07463 0 0 0 0 -0.983764
42 43 0.205257 0 -1.1728 0 0 0 0 -0.967541
43 44 0.0460359 0 -1.22776 0 0 0 0 -1.18172
44 45 0.0753184 0 -1.33123 0 0 0 0 -1.25591
45 46 0.108392 0 -1.15685 0 0 0 0 -1.04846
46 47 0.0192063 0 -1.38488 0 0 0 0 -1.36568
47 48 0.197086 0 -1.17411 0 0 0 0 -0.977025
48 49 0.0203766 0 -1.26091 0 0 0 0 -1.24053
49 50 0.292353 0 -0.998678 0 0 0 0 -0.706325
50 51 0.00317045 0 -1.03198 0 0 0 0 -1.02881
51 52 0.0105153 0 -1.35197 0 0 0 0 -1.34145
53 54 0.0713592 0 -0.872256 0 0 0 0 -0.800897
54 55 0.181141 0 -1.26742 0 0 0 0 -1.08627
55 56 0.21357 0 -1.10118 0 0 0 0 -0.887605
56 57 0.202518 0 -1.38613 0 0 0 0 -1.18361
57 58 0.380282 0 -1.22293 0 0 0 0 -0.842644
58 59 0.00679065 0 -1.02031 0 0 0 0 -1.01352
59 60 0.155032 0 -1.29865 0 0 0 0 -1.14361
60 61 0.167664 0 -1.32802 0 0 0 0 -1.16036
61 62 0.506207 0 -1.06586 0 0 0 0 -0.559648
62 63 0.469797 0 -1.29441 0 0 0 0 -0.824612
63 64 0.787664 0 -0.013789 0 0 0 0 0.773875
64 65 0.109343 0 -0.0141444 0 0 0 0 0.0951987
65 66 0.68337 0 0 0 0 0 0 0.68337
66 67 0.00225404 0 -0.00110188 0 0 0 0 0.00115216
67 68 0.0115148 0 -0.93383 0 0 0 0 -0.922315
68 69 0.257546 0 -1.24389 0 0 0 0 -0.986342
69 70 0.12627 0 -1.30276 0 0 0 0 -1.17649
70 71 0.367184 0 -1.34013 0 0 0 0 -0.972946
71 72 0.380456 0.0525395 -0.906059 0 0 0 0 -0.473063
72 73 0.00584958 0 -1.1707 0 0 0 0 -1.16485
73 74 0.00392687 0 -1.36125 0 0 0 0 -1.35732
74 75 0.338203 0 -0.946815 0 0 0 0 -0.608612
75 76 0.0983959 0 -1.09216 0 0 0 0 -0.993769
76 77 0.109685 0 -1.27461 0 0 0 0 -1.16493
77 78 0.23757 0 -1.42313 0 0 0 0 -1.18556
78 79 0.161393 0 -1.32809 0 0 0 0 -1.1667
#Total energy per particle is  -0.774899 and should be -0.77489910

