t = 0
b =  30.0 30.0 30.0
E = 0. 0. 0.
3.26642461337 20.1297005396 0.77762928069 -0.544574633646 0.766264266097 0.34099493089 0.779159250756 0.311737855923 0.543810970049 0.0 0.0 0.0 0.0 0.0 0.0
3.61725069609 20.5362060712 0.758671046999 -0.623139214558 0.291261441486 0.725854180937 0.779159250756 0.311737855923 0.543810970049 0.0 0.0 0.0 0.0 0.0 0.0
3.82603217525 21.0091046575 0.905171296691 -0.464962789527 -0.294396474376 0.834949292011 0.779159250756 0.311737855923 0.543810970049 0.0 0.0 0.0 0.0 0.0 0.0
3.92882537191 21.4148955581 1.24199826377 -0.130139226991 -0.768208247577 0.626833207443 0.779159250756 0.311737855923 0.543810970049 0.0 0.0 0.0 0.0 0.0 0.0
4.00195332767 21.6455733646 1.72171188021 0.25412640369 -0.950164863766 0.180572707275 0.779159250756 0.311737855923 0.543810970049 0.0 0.0 0.0 0.0 0.0 0.0
4.13300940516 21.6596610605 2.24258705095 0.541845164843 -0.771137962301 -0.334290383402 0.779159250756 0.311737855923 0.543810970049 0.0 0.0 0.0 0.0 0.0 0.0
4.38757910502 21.4979678337 2.68726071828 0.623707888703 -0.299142856219 -0.722150968387 0.779159250756 0.311737855923 0.543810970049 0.0 0.0 0.0 0.0 0.0 0.0
4.78432303773 21.2680849833 2.96732004964 0.468613557806 0.286501622343 -0.835654326762 0.779159250756 0.311737855923 0.543810970049 0.0 0.0 0.0 0.0 0.0 0.0
5.28788744569 21.1035101868 3.05689195093 0.135485101497 0.763299344525 -0.631678635004 0.779159250756 0.311737855923 0.543810970049 0.0 0.0 0.0 0.0 0.0 0.0
5.8223356868 21.1129294998 3.00247268748 -0.24911641006 0.950106884037 -0.187717668705 0.779159250756 0.311737855923 0.543810970049 0.0 0.0 0.0 0.0 0.0 0.0
6.2999978344 21.338925707 2.90526317555 -0.539074432432 0.775952933364 0.327560378407 0.779159250756 0.311737855923 0.543810970049 0.0 0.0 0.0 0.0 0.0 0.0
6.65477794817 21.7418004098 2.88272106219 -0.624229065079 0.307001490065 0.718392761245 0.779159250756 0.311737855923 0.543810970049 0.0 0.0 0.0 0.0 0.0 0.0
6.8672650269 22.2146561119 3.02393660135 -0.472228639349 -0.278584952101 0.836295723199 0.779159250756 0.311737855923 0.543810970049 0.0 0.0 0.0 0.0 0.0 0.0
6.97210757244 22.6240083653 3.35578577694 -0.140820658288 -0.758332313272 0.636475957792 0.779159250756 0.311737855923 0.543810970049 0.0 0.0 0.0 0.0 0.0 0.0
7.0448500445 22.8604987441 3.83271966712 0.244087445252 -0.949976549991 0.194848334708 0.779159250756 0.311737855923 0.543810970049 0.0 0.0 0.0 0.0 0.0 0.0
7.17323225737 22.8804419385 4.35406924134 0.536262647416 -0.780708812607 -0.320805428421 0.779159250756 0.311737855923 0.543810970049 0.0 0.0 0.0 0.0 0.0 0.0
7.4238555576 22.7224225344 4.80229120805 0.624702703994 -0.314836744558 -0.714579845713 0.779159250756 0.311737855923 0.543810970049 0.0 0.0 0.0 0.0 0.0 0.0
7.81687985886 22.4926360846 5.08762467645 0.475807758852 0.270647066538 -0.83687343248 0.779159250756 0.311737855923 0.543810970049 0.0 0.0 0.0 0.0 0.0 0.0
8.31836455373 22.324543642 5.18219281958 0.146145491041 0.753307532078 -0.64122481047 0.779159250756 0.311737855923 0.543810970049 0.0 0.0 0.0 0.0 0.0 0.0
8.85316311787 22.3281676751 5.13059374699 -0.239039892239 0.949773871552 -0.201964162256 0.779159250756 0.311737855923 0.543810970049 0.0 0.0 0.0 0.0 0.0 0.0
9.33347253106 22.5482926921 5.03295693726 -0.533410023923 0.785405237851 0.31402604786 0.779159250756 0.311737855923 0.543810970049 0.0 0.0 0.0 0.0 0.0 0.0
9.6921911125 22.9474508578 5.00690237502 -0.625128769379 0.322648023015 0.710712512159 0.779159250756 0.311737855923 0.543810970049 0.0 0.0 0.0 0.0 0.0 0.0
9.9084115713 23.4201566505 5.14285475228 -0.479350643752 -0.262688570152 0.837387410609 0.779159250756 0.311737855923 0.543810970049 0.0 0.0 0.0 0.0 0.0 0.0
10.0153640358 23.8329825753 5.46968961615 -0.151459194248 -0.748225383599 0.645924831398 0.779159250756 0.311737855923 0.543810970049 0.0 0.0 0.0 0.0 0.0 0.0
10.0877913722 24.0752505004 5.94376306565 0.233974135413 -0.949498864156 0.209064609451 0.779159250756 0.311737855923 0.543810970049 0.0 0.0 0.0 0.0 0.0 0.0
10.2135531201 24.1010801296 6.46549279946 0.530516779192 -0.790041851445 -0.307222753 0.779159250756 0.311737855923 0.543810970049 0.0 0.0 0.0 0.0 0.0 0.0
10.4602461845 23.9468196938 6.91719109706 0.625507228789 -0.330434730575 -0.706791055095 0.779159250756 0.311737855923 0.543810970049 0.0 0.0 0.0 0.0 0.0 0.0
