
#id1 id2 FENE BEXC STCK NEXC HB CRSTCK CXSTCK total, t = 100
0 1 0.240251 0.031436 -0.843349 0 0 0 0 -0.571662
1 2 0.0022697 0 -1.13622 0 0 0 0 -1.13395
2 3 0.0172144 0 -1.25949 0 0 0 0 -1.24227
3 4 0.0896938 0 -1.04476 0 0 0 0 -0.955069
4 5 0.032375 0 -1.38653 0 0 0 0 -1.35415
5 6 0.0866108 0 -1.23776 0 0 0 0 -1.15115
6 7 0.176495 0 -1.35447 0 0 0 0 -1.17797
7 8 0.122412 0 -1.21971 0 0 0 0 -1.0973
8 9 0.463246 0 -1.27606 0 0 0 0 -0.812814
9 10 0.229961 0 -1.32933 0 0 0 0 -1.09937
10 11 0.117308 0 -1.40642 0 0 0 0 -1.28911
11 12 0.0620056 0 -1.19421 0 0 0 0 -1.13221
12 13 0.154328 0 -1.34866 0 0 0 0 -1.19433
13 14 0.0114514 0 -1.22336 0 0 0 0 -1.21191
14 15 0.0689999 0 -1.00193 0 0 0 0 -0.932928
15 16 0.0256999 0 -1.17996 0 0 0 0 -1.15426
16 17 0.32328 0 -1.34663 0 0 0 0 -1.02335
17 18 0.146432 0 -1.39205 0 0 0 0 -1.24562
18 19 0.355383 0 -1.25273 0 0 0 0 -0.897347
19 20 0.000108909 0 -1.37562 0 0 0 0 -1.37551
20 21 0.106176 0 -1.05702 0 0 0 0 -0.950846
21 22 0.169213 0 -0.870965 0 0 0 0 -0.701751
22 23 0.389224 0 -1.2477 0 0 0 0 -0.858477
23 24 0.52999 0 -1.0212 0 0 0 0 -0.491206
24 25 0.0434966 0 -1.27006 0 0 0 0 -1.22656
25 26 7.18639e-05 0 -1.29547 0 0 0 0 -1.2954
#Total energy per particle is  -1.02135 and should be -1.0213510

