t = 100
b = 30 30 30
E = -0.127593851210451 -0.505418563418748 0.377824712208297
23.9971208815096 23.0639032669287 14.8813425316477 -0.805998213130451 -0.0634539663302358 0.588506887392364 0.0858603558769884 0.971188744268674 0.222306778680241 -6.54092496120835 -7.45453486676601 4.12290757292771 -0.171977192884652 0.387662345090898 -0.157002857028093
25.2781891573043 25.0460727068124 13.8985069736096 -0.229893769008277 0.176305331686523 0.9571129329051 0.288193093268494 0.951678150653855 -0.106081667917897 -0.445634176390331 -0.227162664256506 0.225512919475886 -0.0630827109059652 -0.482592423690852 -0.247736679291432
25.252612032866 25.6696580983345 13.8503261749574 0.320683258664351 -0.188284128821945 0.928284016818169 0.172003365438601 0.975324892231184 0.138405483654909 0.253009773298702 -0.631770542281032 0.212273023070542 0.0759763205839063 0.0610533558398424 -0.189506827282006
25.1868996757004 26.1069382048266 14.0965488338645 0.865763846941175 -0.250028089156841 0.433519085123931 0.126596409072234 0.94749637148587 0.293639001712717 0.104433499364378 -0.747469970580761 0.340044352075878 0.521169821919175 0.128218426850564 -0.197932046730066
25.1639397821579 26.4640770946233 14.4282427333324 0.95840902406788 -0.0347438131668468 -0.283275298223412 0.129977468956214 0.936789026685541 0.324856995621109 0.00888295180757013 -0.767531519613427 -0.201813345693519 0.543232224277619 -0.136383586992082 0.444146609018134
25.2814181641665 26.8464127116863 14.6804742702176 0.571167870247718 0.0332076820673757 -0.820161204334435 0.219300744469769 0.956687343411059 0.19145859570456 0.48909836778253 -0.335795455477913 0.0153815421604392 0.361631245222408 -0.436269887781029 0.285935665990042
25.5599620195202 27.2554141578299 14.7720614524569 0.0261147097089712 -0.00627306399836936 -0.999639212452375 0.385545185528193 0.922678958767856 0.00428192565122002 0.35050774094199 -0.525782021255911 -0.764074163211405 0.569698572896354 -0.0753591002070993 -0.0788645514574759
25.9634242752463 27.5330975819356 14.751884063538 -0.486562790749308 0.179916079055681 -0.8549191409014 0.429469283238343 0.901421905668344 -0.0547226891523326 -0.221997005182417 -0.384518085471393 -0.431454054460492 0.747781313990616 0.075298968101586 0.555066001002019
26.1787770951404 27.9769539731782 14.6152237237649 -0.790269885472656 0.0511791595348563 -0.610617789375646 0.211296033555138 0.958146699831891 -0.193154793329006 -0.116574272155967 -0.137718166783071 -0.424093799278638 0.342638525815239 0.419765091935414 -0.178171980329807
26.3744350968952 28.3424223274449 14.3453955204735 -0.998896102692314 0.0151188104631235 0.0444733486127551 0.0126563988817791 0.99839846992125 -0.0551379446831482 -0.334329767203401 -0.180812774376709 -0.0222903912088089 0.563486164484628 -0.0343242475104182 -0.372075968136518
26.2225595888853 28.7792539413537 14.1451966576117 -0.767359686195057 -0.0149337832180414 0.641042880760435 -0.0798470911817331 0.994172819145371 -0.0724205481257134 0.215855545774618 0.437391182322944 0.450749978191382 0.612229890160553 -0.0399647795022656 0.0749991324288497
26.0051406981819 29.0962095673783 13.9988379279678 0.00433384432226459 0.154225392744667 0.988026128642216 0.0103728998954568 0.987975316529625 -0.154262965020014 -1.12422684258136 -0.14261136644826 0.400070356076773 0.458151181307701 -0.105230284704925 0.283571923547651
25.9610119635732 29.6153125724028 14.0488005238919 0.30234137830861 -0.183144430430631 0.935439837749979 0.126311943742283 0.980411473863568 0.151124175943478 0.525457225497266 -0.0646557979306228 0.0014158317544283 0.337843194283989 0.137465610289334 0.100657943902528
25.7544542540575 29.9594260895817 14.305567243484 0.94119723095528 -0.0430765931847354 0.335100081338411 0.0375388739923243 0.999030658329391 0.022988211816536 -0.301723572950918 -0.589746621650523 0.24202771064374 0.413191322482504 -0.237003364150195 0.0999002127749544
25.4541153015482 30.0136198509031 14.8947100781046 0.982440271276324 -0.00720352665868488 -0.186437937405592 0.0537122503255813 0.967871310178829 0.245642029524725 -3.26341264381415 -4.99220146847324 4.10163544616481 0.421488013751495 -1.62072826714387 2.4169356453127
25.9226305743173 30.6587771693497 14.830868094714 0.704510398996929 -0.0901042120726786 -0.703950431404335 0.370479996324522 0.8927193722089 0.256508453554354 0.478440516522255 -1.30941401071206 0.449757750671148 0.695870036788977 0.406780956213797 0.0667728415516127
26.3750926751062 30.8492244133201 15.2485623653863 0.0264382521520715 0.299189298807241 -0.953827379447149 0.32467879492178 0.899861388489138 0.291261133560322 0.662160759382993 -1.1633687347202 0.849869667759528 0.637299356886954 -0.446607561769325 0.142328489035176
26.7180727616491 31.3294360312872 15.0816615061164 -0.379815663178861 0.263280524372504 -0.886805112985144 0.248720344762829 0.952407845700453 0.176231002859438 0.0192261648746511 -0.39590198231425 0.650030330640627 0.365238453238995 -0.592216609516285 -0.00556568454030554
27.0151891537125 31.7539837327944 15.0457274428703 -0.859258494636505 0.179989105133856 -0.478830494430437 0.154327397055104 0.983651150851397 0.092808130995604 0.016554434435682 0.373758101289143 -0.0438412608672475 0.0744886279016609 -0.185376129240553 0.0988753943355334
27.1188437115449 32.1546547769605 14.7547425481698 -0.896724961643715 0.0792665792108156 0.435432025237077 0.0660645069784946 0.996781799794629 -0.0454027118768114 -0.458969180963618 -0.148536239132996 0.497974148654251 0.116936368776644 0.161775478363162 0.834174942754105
24.9108949667546 30.7254045361036 13.8698682889878 -0.746821898516354 0.205057758271459 0.632620145556884 0.157290939184461 0.978749017933211 -0.131566725801414 -5.68754424482497 -5.11382654249379 -5.10909746662496 0.314953198622866 2.47094366284101 1.0379028860316
26.7432799422784 32.8406575721443 14.2784953249244 -0.314094167975719 0.171060629270002 0.933853841470138 0.264501125278457 0.960455693073017 -0.0869706710440749 -0.0902522909206998 -0.525313949664187 0.544890271971851 0.0740374444884363 -0.572128197866797 -0.50014329993409
26.619242133047 33.365899843027 14.2666993358357 0.379133386543581 -0.0602910184981575 0.923375735596711 0.0406764900833141 0.99799637519732 0.048461748339446 -0.0199172234265533 -0.508648590071288 0.489341740666595 0.221127811232991 -0.0849153844416383 -0.209957446612469
26.5682355719558 33.9128256126777 14.3980416813701 0.777741745273827 -0.122475632205146 0.61653660035031 0.0457926678896269 0.989267665798983 0.138753020436009 0.327366899659756 -0.365204789941831 -0.0205467727869314 0.364156207642475 0.261521614372288 -0.105139111301434
26.4651126382557 34.341087045572 14.6164126241077 0.981234682303589 -0.173928137645467 -0.0832308955421768 0.180415366873475 0.980489939716483 0.0780362385954221 0.0681029807336354 0.0656079850666036 -0.360990552963903 -0.0639648276987761 -0.0261000294298736 0.206441630797195
26.6885748369044 34.8248696414286 14.7616077884305 0.523450093096121 -0.28766357618923 -0.802028400069221 0.291239557691792 0.944997033785939 -0.14886237736642 0.601702867289404 0.236412348154727 -0.372368332672804 -0.127406674856686 0.269263800744585 0.391448034875398
5.63803011924726 1.78824730207822 18.7036967021062 0.647776022566524 -0.757117083498851 -0.0846158323596792 0.571529811614985 0.409519108905242 0.711089062607079 0.754785100254723 0.0287326541552132 -0.214625804477538 -0.0540500699039463 -0.0271787883432844 -0.604214363543657
5.86991993588335 1.74569153684768 19.1150886500176 0.778220139199217 -0.0584810246393238 -0.625262557282193 0.564871975928203 0.500229704098676 0.656269589989625 -0.536591782925447 0.0741946452217564 -0.248542233478031 0.243427279758533 0.115005522987328 -0.116824107238326
6.32983052576448 1.91131716362156 19.4472863805824 0.56062251376884 0.339417894235399 -0.755313030643243 0.612859902365515 0.44333156375311 0.654109889021962 0.0404623301666405 0.653639561317283 0.121534419890295 0.303244333920066 0.174634812218802 -0.313193456774682
6.77890741405776 2.0299636896318 19.7048302443422 0.152320528264644 0.719690513101341 -0.677380180321238 0.613928595369481 0.468210485645162 0.63550806733156 0.0373710579932866 0.933515088531191 -0.367207167378908 0.611787746922123 0.416438946877701 -0.291123218460336
7.26913294167416 2.11445643109889 19.7708864312856 -0.387237023360263 0.919762939276851 -0.0639023011478957 0.811690099638763 0.372966624622746 0.449505255129455 -0.00369167243922532 0.419108140194943 -0.50318188947011 0.566559569333442 0.195376998530464 0.184807521298618
8.63227959990405 4.17270325241299 18.6047303772513 -0.955324065804047 0.273524107286204 -0.111983806382881 0.120543464455931 0.706519633097479 0.697351534275658 4.65089060588149 8.61844937082723 -4.6989159143403 0.0675530714594959 1.70435301797104 0.106828283862947
7.90782521573532 2.91183530074622 20.1983966519082 -0.885579070956097 -0.0212773218878455 0.464000932778455 0.342836068788593 0.644047887909995 0.683860828547855 0.521702192435337 0.857786426332898 0.458532203195299 0.411353350547545 0.277260450678856 -0.0711830289874916
8.07722083856941 3.33018923380517 20.3172685712531 -0.395279217331621 -0.766552845326314 0.506113588741175 0.177505496750599 0.47685533353343 0.860872043984027 0.730420233508296 0.147766620036351 0.0469905109524066 0.659242503686825 1.67276862308178 -0.106391190363836
7.73636864862361 3.63248803733139 20.7543673462926 -0.0782630627842525 -0.754182107608966 0.651984757758995 0.323755345051513 0.599316717927774 0.732121461061794 0.330459828686883 0.169770475011581 0.255764933843491 0.670937375452777 -0.0801606746357491 -0.00813651215873865
7.70677749237402 3.86273330026041 21.1078774876155 0.619856940466421 -0.667890416951828 0.411946167759769 0.222591140555989 0.653051668643964 0.723862270412025 -0.35339484565151 0.376045661798496 1.40937863841655 0.371432406008794 -0.333002048551045 0.0415046771967964
7.68342792804556 3.81352981784582 21.6918207979177 0.866394319593231 -0.496878742675086 -0.0497220244325921 0.357021343067369 0.546739466533347 0.757371505476901 -0.0468276010874183 0.372641980268953 -0.050197561300989 0.374342539712836 -0.192795936942231 -0.163286974416958
8.03352278217624 3.90589517009302 21.8910944814595 0.814670718575595 0.206886062919045 -0.541765320109658 0.489070776128456 0.256926489478324 0.833545705715038 0.147688637737016 0.704443054925662 -0.437251369523036 0.607907835202044 -0.0290294283632018 0.436859322575279
8.32850954676611 3.63589672116786 22.288981988498 0.534599286620837 0.511246588695594 -0.672926748682175 0.605433208894206 0.323857564934571 0.727025991494138 0.36868785739449 0.196458704235767 0.215414099254592 0.663341450306834 0.0672594670868718 0.0803334101944025
8.82633997485881 3.70055991122305 22.5265475055101 -0.0254983288901104 0.800906404284756 -0.598246310136753 0.711198483863473 0.435091989028111 0.552169870774791 -0.207314599682527 0.0402984313349525 0.192218472381097 0.418334115373045 -0.207357560570899 -0.207442479523352
9.26416454509955 3.94361009185937 22.5896350259116 -0.518130015412196 0.807839575813359 -0.280956202557681 0.627338363911906 0.582224459520165 0.517166455789567 0.830540044823089 0.249066247834816 0.225516478419973 0.620477203531332 0.259181481251666 0.0615300408063342
9.50848803693207 4.30403579103488 22.624439339809 -0.847692698958621 0.520843714611361 0.100691580378472 0.492170151695622 0.701338230244276 0.515648249974159 -0.0735706184054153 0.750651705789637 0.896899215226621 0.395476478039164 -0.568051567139011 -0.169139508749669
9.73304615213237 4.68232349029668 22.728921739155 -0.877168630387995 0.0162923608914234 0.479905859376909 0.399916318336309 0.577978117088119 0.711342474772392 0.0433131797623316 0.16348330366039 -0.236495120573524 0.453289204694096 0.268468012291488 0.0535220457024863
9.76902623332679 5.10998242682398 22.920456794154 -0.395712954736242 -0.604627560547732 0.691257299748024 0.48377977327458 0.502555491976309 0.716515868145859 -0.167749610669058 0.126581685237652 -0.000372039216076579 0.27776462136865 -0.103689129490349 0.205624322710605
9.75525112482716 5.37932665166578 23.3542643954567 0.0344436189443942 -0.913309177928072 0.40580767064765 0.395551132820059 0.385349699506594 0.833693464572245 -0.303470760818436 -0.161426320657472 0.174454009066134 0.482062884314452 0.29535223864881 0.0736794126013031
9.71011376995025 5.50477355819175 23.6713329092795 0.567442458897109 -0.768493591657273 0.295679786665534 0.257664339252186 0.506778810877062 0.822668957445176 0.412268755312705 -0.0742625025841918 -0.0119229125058036 0.600996615046067 -0.49830030493968 0.083112237023212
9.69147766353881 5.67590192504991 24.1414605227427 0.856625668039419 -0.51226164682098 -0.0614845629935276 0.348682251031487 0.486964245380414 0.800803592591984 0.23862242816019 -0.417847084843509 0.096525325816783 0.3223946152379 -0.296711541438801 -0.101266627123206
9.84220047085793 5.6823172449697 24.6107467397558 0.864669438441878 0.114905228047096 -0.489022936531075 0.356081755539506 0.546465831709759 0.758011054914961 0.128342841484061 0.338097101866722 -0.295948282677179 0.250765790854988 -0.146561831849247 0.239595915922454
10.234263403285 5.79367693705081 24.9420349186483 0.453922226348668 0.522459080606808 -0.72179706492796 0.579238657289981 0.442524594831649 0.684583408034887 0.0493467553324149 0.799979107892351 0.250532318566332 -0.0237882065510852 0.206141292592868 0.385246210525038
10.6375739115464 6.0030005295772 25.1100174447071 -0.208301674893622 0.810016798696503 -0.548163373231491 0.575154742608262 0.554756305684825 0.601200752603288 0.16934441570218 0.907251782837639 -0.425517577080069 0.24405372250169 0.392819498753112 0.563395233830926
12.265931545729 8.01920777117347 24.2545157353997 -0.298644431637736 0.915357180890691 -0.270060399840745 0.442388810882147 0.383512451116907 0.810685033234147 4.90219968779752 8.49159315385551 -4.53067400104954 -0.303987576041715 -0.224243647413282 -0.452307380134551
