t = 100
b = 30 30 30
E = -0.349995084422473 -0.59611120776366 0.246116123341187
14.5387029376614 9.74321606409969 7.2649152007243 -0.270532414028123 0.716190394940131 0.643337713743493 0.896298382980292 0.431274254457638 -0.103206625563853 -5.67282442834868 7.40021697686494 3.94764104349251 0.114964010969895 -0.537016045529313 0.171418648774396
15.9202893964034 8.74373350702142 6.32347213685335 -0.114234822786161 0.486643822144876 0.866099346839751 0.879324678615375 0.45523757520157 -0.139809658739191 -1.65983225279871 0.69062551014124 1.2026425685793 0.123504184486562 -0.555060812292913 -0.469254340726968
16.6676585653687 8.8184834495394 6.10751262239379 0.0490557770662385 -0.14302533651789 0.98850248656299 0.797909972954752 0.600914056806575 0.0473482302362187 0.0995169939045977 -0.209698668665994 0.222817783856138 0.411462862782936 0.126326821877933 -0.582746863730472
16.8919468631784 9.21909629111215 6.30445210511375 0.318885882724843 -0.554006715327537 0.769017709869244 0.77531599674557 0.61916922467023 0.124557062182508 0.272608414138626 -0.186332396197199 0.193907844289706 0.471433422911197 0.288959554901039 -0.158186950782698
17.2322961948664 9.48102852378912 6.60520447860858 0.344748691998228 -0.837686638444586 0.42359099613199 0.881738433563287 0.443779778587029 0.159989768670037 0.302046903993086 -0.114228941560159 -0.228801682900577 0.33671333094166 0.42302633935126 -0.511149443394202
17.5627397809932 9.50471727949016 6.8385891847446 0.524806544858653 -0.676320726318507 -0.516883203861337 0.829893998545647 0.541602235300123 0.133950927836205 -0.0926874692898012 -0.466815801255393 0.232615447517131 0.369611410476486 0.115345119086259 -0.0549086441065039
17.9981102070432 9.61108937796501 7.0236847600596 0.197488198789494 -0.315960670243262 -0.927990919669032 0.933464556075499 0.349730210123786 0.0795775482837394 0.566309531116125 -0.168114355354913 -0.0213545568210153 0.127723623448238 -0.11923054031569 0.052872951517644
18.4988865141383 9.51884084516038 7.09745298912817 -0.18903436382656 0.288425204686039 -0.938656908943332 0.885101928384303 0.464028520745328 -0.0356649572722989 -0.115264744818386 -0.336888376772237 0.208909867835844 0.271916336132321 -0.035562193040999 0.0594094380954045
18.9032761413816 9.62065503375721 6.87962818987949 -0.503107794432715 0.720663778708112 -0.476997013294057 0.858886346293517 0.478189646800118 -0.183436062868819 1.39457005249026 0.852782065243546 -0.455126032568043 0.362037507063995 -0.616090335201635 0.212525157559757
19.309777037118 9.690756747114 6.71214197501697 -0.639809482307387 0.767772338947197 -0.0341956558025926 0.746167735411653 0.609918475488034 -0.26689521029352 0.453359162047474 0.199149649913713 0.232874862359069 0.697413468171638 0.118690430305215 -0.00195620128364431
19.5401529446645 9.94926639961937 6.37301870812208 -0.419037360220198 0.675952882893773 0.606213883692582 0.742820332478365 0.639161155750238 -0.199225654973775 -0.0197844760463512 0.537851142144479 -0.0256567646080631 0.649285790990884 0.0456991823972042 0.28808413669775
19.7295711362964 10.3177875015732 6.15192842645318 -0.0174663229405418 0.145489922403802 0.989205488383921 0.693611603575237 0.714344345438536 -0.092816982525401 -0.255126483470501 0.347456808611661 0.117715195654198 0.373305167675891 -0.211720673601881 0.600302823769888
20.182599060066 10.617605792791 6.24258314533177 -0.128576200793937 -0.234077506032216 0.963678246845104 0.741002230856429 0.623138957086505 0.250226741050158 0.269325562557579 -0.127886462064267 0.0680833472193819 0.67406667172023 0.379561548190167 -0.485816604794574
20.2637508182038 11.0031879315264 6.45572063769085 0.379585896766171 -0.665353098326803 0.642821656701019 0.71185418508851 0.653846347398485 0.256414639682855 -0.486126823689116 -0.723122393443461 0.349437578301165 0.55163480113273 -0.128095886564523 -0.120065580407775
20.5024562172042 11.2666044906948 6.70878734840152 0.475086170236957 -0.876082541992383 0.0822945396555267 0.875749978544611 0.479867037962674 0.0528155460859698 -0.229610222991203 -0.494760567314813 0.686168068467222 0.504144477522913 0.355864974185598 0.125832874215289
20.8728232775703 11.4831537495823 6.89992565438984 0.245981800083853 -0.808582826581879 -0.5344966299679 0.968244136960458 0.230401761439103 0.0970474384784111 -0.170358886453268 0.0489675562816285 0.0409299553710684 0.105258872284568 0.329908621390326 0.0987006963458571
21.2864429162785 11.4566805065793 7.01004237373437 -0.0205608841473683 -0.155062696223616 -0.987690588953082 0.959168774225374 0.275671996380344 -0.0632463207348579 0.0994167576296633 -0.385995799615679 -0.301005827252094 0.644761339255987 -0.0705545114330959 0.305862011365862
21.7954330294731 11.1202356498912 7.09710002705052 -0.207574530642562 0.287695578241632 -0.934956657466303 0.954466612046923 0.268906844820634 -0.129160687806425 0.104884879200736 -0.617322871219575 -0.150209362439308 0.489783484543541 -0.274123115169145 0.220296921022185
22.2818047881558 11.2155661273152 6.99185096156405 -0.519921297645172 0.563202963644892 -0.642249287108015 0.776255090641636 0.625315904658314 -0.080049576347228 0.0411940684262723 -0.561184357925461 -0.100826312059819 0.256485513868109 0.277777384927753 0.222287338620267
22.337731892009 11.9730611289681 7.11491844090359 -0.689793057985176 0.720232775640942 0.0738252669304653 0.715425279648761 0.693717292526493 -0.0832037784005083 -0.843524072987316 2.57794818417353 1.3792031012438 0.18552899422381 0.812718528425683 0.945560042226769
21.8067939655654 13.0610499843105 6.62338721010933 -0.390394125643458 0.756650048549343 0.524474033209459 0.851150355838777 0.513766015727533 -0.107644951778882 -4.9892821219161 5.48652175500683 1.29640950692176 0.323374599352231 0.243944137610027 0.137292120694573
23.0514321449302 12.3114011798396 6.30855494194598 -0.200310129206436 0.534947690119772 0.820796385406849 0.91898321371763 0.393006648487846 -0.0318670434313364 -0.756714687878008 0.513002211162381 0.449689284405795 0.029914108579044 -0.0753795685059743 -0.399665166103222
23.3026302367183 12.732919621718 6.28564244241441 0.229067408555368 -0.289535829079277 0.929353005912047 0.836264293388767 0.547165955493614 -0.0356557164374655 0.0122577630788018 0.848477604108306 0.121254573891647 0.157283587031982 0.00256725706238137 0.368646436059709
23.5980628956475 13.1099931601105 6.47884405749046 0.519445641550768 -0.759075425431799 0.392403639792196 0.769693770170953 0.615094282692394 0.17096903444182 -0.606372878451541 0.484016322860251 0.910631584331554 0.29896620396225 -0.315536270484841 0.236580369693065
23.8661855956426 13.4724174708733 6.71871954388999 0.500217342044159 -0.842216499003328 -0.201131476436894 0.865874379889427 0.484741147376422 0.123642470371422 0.365871686853298 0.207672037328427 -0.112420578805182 0.451140631318149 -0.402547368570997 0.673284728625704
24.3411791067942 13.6585868362081 6.90692350365443 0.210141461288857 -0.602162519087497 -0.770221242204312 0.973460694803219 0.201906230151086 0.107740598995201 0.466071298701016 -0.183834024387573 -0.275173983835391 0.31147138783352 0.262594286987748 0.65686710284584
1.11254077824368 23.2160785324958 12.2825930492916 -0.571573481181886 -0.0358309753470265 0.819768124557305 0.38795823244539 0.868527410623727 0.308461396126918 -0.0810233301743167 -0.327522842807399 0.514312399873877 0.502478843669355 -0.556096323299524 -0.128901600358382
1.06002738379699 23.6789063848896 12.4531619022996 -0.0341336855643043 -0.349099970628018 0.936463551597086 0.311765443118331 0.88653290515834 0.341850264457419 -0.718457236859694 -0.280920341296111 -0.0393515182862951 0.305194942686711 0.10934680946813 0.276671283666888
1.13390410295795 24.1094689897216 12.7678271919227 0.15495265532326 -0.608644711031472 0.778165263604172 0.571641599240541 0.6976614290654 0.431849851043668 -0.102012838028974 -0.359496004088384 0.222237170230367 0.201621270943553 0.296835447012041 -0.430066751770228
1.23205055388252 24.3582474234383 13.1969841487761 0.576346298562644 -0.736525507623472 0.354055092132972 0.622865305427603 0.676382665258807 0.393122351209013 0.202539150406348 -0.110394252907314 0.469137422579768 0.195857706179865 0.637651529078182 -0.198039212969331
1.37925220766274 24.5835646501989 13.5711068301762 0.774474119812814 -0.567297402124075 -0.279934598007163 0.625769900322378 0.62213934035745 0.470483320710867 0.496966233226533 -0.162216960951586 -0.106465725036006 0.265454652484216 0.298625172360143 -0.182696989759568
1.6697091125661 24.650419825155 13.9383371499864 0.572848838323227 0.064928161484325 -0.817085322326379 0.593659405319236 0.654479567883879 0.468214575178001 0.224586611109978 -0.0398192211811199 -0.375707015502247 0.552066777587301 -0.413170052834623 -0.33812342080339
2.01509833196786 24.7229904566456 14.2396671604908 0.142500710993634 0.436364202103454 -0.888414155376891 0.639624275922801 0.644387758970585 0.419100329461404 0.0427044829811918 0.14309062782596 -0.360344889381031 0.425977267096756 0.00610670832368569 0.192624708016835
2.44096053052911 24.9383664163103 14.230512961161 -0.378809100991659 0.609162892042946 -0.696723845404285 0.542422056156682 0.756107678107869 0.366168504419023 0.0382617419974541 0.577510256775231 -0.413071060013539 0.519280789583091 0.108542107994854 -0.0346489700610477
2.74150094863836 25.3152941172728 14.1771894881655 -0.707193710990386 0.508550045849806 -0.491175929397941 0.484795629674635 0.854470925582312 0.186688303535723 0.099776714055371 0.43331752627886 0.37015927827438 0.490026970287481 0.743467103781903 -0.0468492128121821
3.03082706452725 25.6316576026248 14.0074559031472 -0.824449784304735 0.440818127440966 0.354910992425302 0.544624793135979 0.788470514746684 0.28582855980056 0.0829535713473427 -0.451970230119433 -0.235954880532491 0.468130669095816 -0.398574305324837 -0.274606389886437
3.16052419385222 26.121666151091 13.9776065551672 -0.451516437336394 -0.0760542787228839 0.889015488830698 0.51589438902632 0.790682958018942 0.329656367630454 -0.250019452103307 0.249806634575423 0.286726422642758 0.0932970945547188 -0.400363956236793 0.505725654515709
5.18946394821624 25.3579624430746 13.3977864008031 0.125988512799747 -0.63126174156471 0.765268192845751 0.287419825147156 0.761555896517389 0.580880664162888 7.86784588500255 -5.26897954796827 -2.77584236994424 0.443734955022803 0.312856015411696 0.842475991631947
3.11333252244117 26.7875178727635 14.4257013870013 0.0721517795995209 -0.545449511371787 0.835032241631822 0.115182821752176 0.836169559533823 0.536239948887356 0.423398056409537 -0.871988803447486 0.153499745651981 0.644069524001785 -0.220516300900818 -0.73148398337792
3.04008902705764 27.0541678230983 14.8399804100298 0.825611805044183 -0.499424126682974 0.262565363112926 0.324563999325599 0.801008799189192 0.503033792423643 0.415377439293328 -0.553660804471347 0.0647859905361303 0.542064300454979 -0.268274694269664 0.0532743022585197
3.2483227717168 27.4564104938312 15.164289134084 0.749694926837591 -0.65476680410793 -0.0961137019591429 0.554093837476345 0.541632553225313 0.632150366757973 0.116267767917802 -0.0919593461471214 -0.329533966315871 0.186956392059531 0.0396838667835944 -0.812881072314782
3.49803587694011 27.5388025985909 15.5591690102632 0.728146302958164 -0.207742224345278 -0.653181458448311 0.557548331260912 0.733810779427068 0.388151361096092 -0.449536179162945 -0.0109878121757858 -0.940540998751013 0.677188845085646 0.0919617793788065 -0.542254306891705
3.87651103249767 27.5571054113298 15.7918510370882 0.245008795945977 0.546360773136235 -0.800912277606688 0.56951136186641 0.587438124620324 0.574954903830217 -0.0251790706412066 0.122767571403274 -0.143631292008298 0.234396057189392 0.0460661057378325 0.354112534386686
4.2763353502273 27.8199778337502 15.9934434935429 -0.334755997665406 0.690425911906401 -0.641288050028055 0.606390493619785 0.678755094276459 0.414224544950708 -0.355472507578936 -0.325731198820673 -0.388446442069232 0.215014238627215 0.428567539631594 0.0456118763363697
4.62142395239478 28.1579440367459 15.9259689801915 -0.769799938198329 0.603388299593329 -0.208159784687253 0.563697807391669 0.795660384165278 0.221741340997876 -0.749621663759125 -0.639657100964754 -0.0111729921182286 0.600228668511118 0.0599049846229013 -0.240195826978709
4.83104938848295 28.5245290911252 15.7351705525817 -0.835958581516077 0.463237403402942 0.294251999945849 0.539375282680993 0.792430013575501 0.284831286399351 -0.0640033726070864 0.462115824979138 0.0411719458056926 0.349590729103673 0.131944193460444 0.321435382981795
5.06882969976068 29.0048431090064 15.8048821192983 -0.779465793989114 -0.108566498685261 0.616965374048004 0.324847538840842 0.772054492076652 0.546265337640708 -0.278379712678302 -0.547181645454876 -0.049199629535095 0.416045841438642 0.141155100515771 -0.249017831141649
4.88201796408042 29.3841239433482 15.8277222220291 0.22957525670542 -0.187864393155624 0.954987989040143 0.216776708465787 0.966417912518104 0.138000621763419 -0.520014181575985 -0.526099147246401 -0.301411087915984 0.596281104960805 -0.894570738313317 0.457368312480853
4.91215274904087 29.8708735287333 15.8659965136167 0.487867529742773 -0.546764465614545 0.680465851363808 0.320526478904605 0.837284007074255 0.442965181079771 0.11653184295649 0.618538283892394 -0.0398651889662319 0.210444017718773 -0.616861088379477 0.437469584688578
5.7224980208944 30.0882119033946 15.8342959392748 0.698569254485611 -0.708634766407899 -0.099184942261896 0.583779363929107 0.484274923485396 0.651674257684857 2.50933269316641 -0.502820490055891 -1.78941464173617 0.407405042886479 0.837584273788085 1.01484564483504
5.91179824416216 28.3869191521897 16.5505872886837 0.965421213557422 -0.0966436027639004 -0.242119342691782 0.213222415678513 0.827086963601049 0.52006080114207 3.13333699486311 -8.15510680567062 -2.27622625493827 0.0605120519983998 -0.463243056539966 0.381188213762106
