t = 0
b =  30.0 30.0 30.0
E = 0. 0. 0.
8.75380230944 7.50607467271 7.02726678155 -0.3217510228 0.501279780658 0.803240226103 0.873266325232 0.484956151513 0.0471535399127 0.0 0.0 0.0 0.0 0.0 0.0
8.92876561165 8.00434764155 6.92828701837 -0.0460785661315 -0.0141453437009 0.998837661983 0.873266325232 0.484956151513 0.0471535399127 0.0 0.0 0.0 0.0 0.0 0.0
9.09322530326 8.49939617885 7.05699233167 0.247099908203 -0.52419641549 0.814959970399 0.873266325232 0.484956151513 0.0471535399127 0.0 0.0 0.0 0.0 0.0 0.0
9.31401142672 8.87495412675 7.37146779586 0.446400996121 -0.835096504938 0.321465360657 0.873266325232 0.484956151513 0.0471535399127 0.0 0.0 0.0 0.0 0.0 0.0
9.63655467129 9.06015180007 7.75922129913 0.476106882186 -0.828729470091 -0.294159314213 0.873266325232 0.484956151513 0.0471535399127 0.0 0.0 0.0 0.0 0.0 0.0
10.0676264946 9.0564405646 8.07992117746 0.324931803626 -0.507514253939 -0.798027947532 0.873266325232 0.484956151513 0.0471535399127 0.0 0.0 0.0 0.0 0.0 0.0
10.5727665328 8.93704143898 8.21871056005 0.0503097002983 0.00651411247107 -0.998712421268 0.873266325232 0.484956151513 0.0471535399127 0.0 0.0 0.0 0.0 0.0 0.0
11.0893746688 8.81912720551 8.12984341479 -0.243425899306 0.518067658643 -0.819969348583 0.873266325232 0.484956151513 0.0471535399127 0.0 0.0 0.0 0.0 0.0 0.0
11.5504938634 8.81930651112 7.85406423071 -0.4446799299 0.832798639667 -0.329706211215 0.873266325232 0.484956151513 0.0471535399127 0.0 0.0 0.0 0.0 0.0 0.0
11.9102482539 9.00932229285 7.50312850542 -0.476992620473 0.831135493831 0.285817828187 0.873266325232 0.484956151513 0.0471535399127 0.0 0.0 0.0 0.0 0.0 0.0
12.1612721617 9.38879543655 7.21734496305 -0.328087839637 0.513710078044 0.792754896042 0.873266325232 0.484956151513 0.0471535399127 0.0 0.0 0.0 0.0 0.0 0.0
12.337508436 9.8853688087 7.11226992418 -0.0545370031868 0.00111761483361 0.998511124735 0.873266325232 0.484956151513 0.0471535399127 0.0 0.0 0.0 0.0 0.0 0.0
12.5013129987 10.3821969412 7.23480552761 0.239733352584 -0.511899448937 0.824916282926 0.873266325232 0.484956151513 0.0471535399127 0.0 0.0 0.0 0.0 0.0 0.0
12.7197647868 10.7623375782 7.54538082369 0.44292499958 -0.830437353555 0.337921953368 0.873266325232 0.484956151513 0.0471535399127 0.0 0.0 0.0 0.0 0.0 0.0
13.0391813424 10.9531799943 7.93298543967 0.477842033925 -0.833478223384 -0.277454576028 0.873266325232 0.484956151513 0.0471535399127 0.0 0.0 0.0 0.0 0.0 0.0
13.4675220046 10.9540310232 8.25734427632 0.331218890489 -0.519866781138 -0.787421473198 0.873266325232 0.484956151513 0.0471535399127 0.0 0.0 0.0 0.0 0.0 0.0
13.9713640234 10.8363784029 8.40221036338 0.0587601528712 -0.00874925702761 -0.998233787715 0.873266325232 0.484956151513 0.0471535399127 0.0 0.0 0.0 0.0 0.0 0.0
14.4886004209 10.7167313893 8.31952902711 -0.236022549239 0.505692256107 -0.8298003967 0.873266325232 0.484956151513 0.0471535399127 0.0 0.0 0.0 0.0 0.0 0.0
14.9520354708 10.7123569413 8.04769466431 -0.441136338807 0.828012826423 -0.346111961456 0.873266325232 0.484956151513 0.0471535399127 0.0 0.0 0.0 0.0 0.0 0.0
15.3149134785 10.8967280432 7.69696406901 -0.478655057856 0.835757480344 0.269070194628 0.873266325232 0.484956151513 0.0471535399127 0.0 0.0 0.0 0.0 0.0 0.0
15.5686820506 11.271610089 7.40756803304 -0.334324717739 0.525983894363 0.78202808516 0.873266325232 0.484956151513 0.0471535399127 0.0 0.0 0.0 0.0 0.0 0.0
15.7462412928 11.7663901801 7.29643532368 -0.0629788277426 0.0163802329318 0.997880431327 0.873266325232 0.484956151513 0.0471535399127 0.0 0.0 0.0 0.0 0.0 0.0
15.9094445093 12.2649041458 7.41276949005 0.232293771864 -0.499446552853 0.834621317962 0.873266325232 0.484956151513 0.0471535399127 0.0 0.0 0.0 0.0 0.0 0.0
16.1255990983 12.6495692541 7.7193556121 0.439314083794 -0.825525242909 0.354275611779 0.873266325232 0.484956151513 0.0471535399127 0.0 0.0 0.0 0.0 0.0 0.0
16.4418953466 12.8460558572 8.10669887101 0.479431630351 -0.837973091137 -0.260665322492 0.873266325232 0.484956151513 0.0471535399127 0.0 0.0 0.0 0.0 0.0 0.0
16.8674780501 12.8515264679 8.43462346145 0.337405084869 -0.532060951879 -0.776575142655 0.873266325232 0.484956151513 0.0471535399127 0.0 0.0 0.0 0.0 0.0 0.0
16.9136075729 15.439515097 17.7802844417 0.977382156901 -0.0557213196515 0.204007975108 0.0567890040612 0.998386008785 0.000621674978436 0.0 0.0 0.0 0.0 0.0 0.0
16.9754678382 15.8261602856 18.1482027857 0.911172122023 -0.0515736651121 -0.408785421847 0.0567890040612 0.998386008785 0.000621674978436 0.0 0.0 0.0 0.0 0.0 0.0
17.2450298174 16.2010492556 18.4229384799 0.498792564003 -0.0278323129309 -0.866274402515 0.0567890040612 0.998386008785 0.000621674978436 0.0 0.0 0.0 0.0 0.0 0.0
17.6282915772 16.569593849 18.5002068968 -0.103086628449 0.0064830002642 -0.994651254331 0.0567890040612 0.998386008785 0.000621674978436 0.0 0.0 0.0 0.0 0.0 0.0
17.9880547368 16.9396162425 18.350744529 -0.665801487236 0.038335313269 -0.745143464945 0.0567890040612 0.998386008785 0.000621674978436 0.0 0.0 0.0 0.0 0.0 0.0
18.1960484265 17.3183771718 18.0314266849 -0.975567229416 0.0556233998306 -0.212543215092 0.0567890040612 0.998386008785 0.000621674978436 0.0 0.0 0.0 0.0 0.0 0.0
18.1816615355 17.7098174569 17.6636596082 -0.914698670526 0.0517792268229 0.400805755708 0.0567890040612 0.998386008785 0.000621674978436 0.0 0.0 0.0 0.0 0.0 0.0
17.9587690538 18.1130608184 17.3872562162 -0.506320793757 0.0282632598427 0.861881918799 0.0567890040612 0.998386008785 0.000621674978436 0.0 0.0 0.0 0.0 0.0 0.0
17.6204607313 18.5227467909 17.3073188346 0.0944168177928 -0.00599039208824 0.995514731041 0.0567890040612 0.998386008785 0.000621674978436 0.0 0.0 0.0 0.0 0.0 0.0
17.3036747253 18.9310672533 17.4543090674 0.659283901698 -0.0379681939109 0.750934852842 0.0567890040612 0.998386008785 0.000621674978436 0.0 0.0 0.0 0.0 0.0 0.0
17.1371725054 19.3307328647 17.7724749234 0.973678008709 -0.0555212440724 0.221062269087 0.0567890040612 0.998386008785 0.000621674978436 0.0 0.0 0.0 0.0 0.0 0.0
17.1926202183 19.7177424068 18.1410319307 0.918155561183 -0.0519808453451 -0.392795566658 0.0567890040612 0.998386008785 0.000621674978436 0.0 0.0 0.0 0.0 0.0 0.0
17.4573615203 20.0929029135 18.4200511762 0.513810465221 -0.0286920543979 -0.857423799438 0.0567890040612 0.998386008785 0.000621674978436 0.0 0.0 0.0 0.0 0.0 0.0
17.8392259339 20.4615230655 18.5036206396 -0.0857398169305 0.00549732772072 -0.996302395451 0.0567890040612 0.998386008785 0.000621674978436 0.0 0.0 0.0 0.0 0.0 0.0
18.2015459536 20.8313963336 18.3600829406 -0.652716109137 0.0375981831278 -0.756669054143 0.0567890040612 0.998386008785 0.000621674978436 0.0 0.0 0.0 0.0 0.0 0.0
18.4150793157 21.2098401087 18.044062507 -0.971714638651 0.0554148601565 -0.229564488335 0.0567890040612 0.998386008785 0.000621674978436 0.0 0.0 0.0 0.0 0.0 0.0
18.4071102953 21.6009157029 17.6757128409 -0.921542530739 0.0521785053247 0.384755464705 0.0567890040612 0.998386008785 0.000621674978436 0.0 0.0 0.0 0.0 0.0 0.0
18.189075626 22.003885389 17.3950681952 -0.52126100803 0.029118663942 0.852900383936 0.0567890040612 0.998386008785 0.000621674978436 0.0 0.0 0.0 0.0 0.0 0.0
17.8522194936 22.4134926755 17.3088422188 0.0770562866491 -0.00500384471042 0.997014187575 0.0567890040612 0.998386008785 0.000621674978436 0.0 0.0 0.0 0.0 0.0 0.0
17.5329283441 22.8219593355 17.4498856579 0.646098609718 -0.0372253090975 0.762345632166 0.0567890040612 0.998386008785 0.000621674978436 0.0 0.0 0.0 0.0 0.0 0.0
17.360915393 23.221940485 17.7647058078 0.969677268762 -0.0553042561845 0.238049225358 0.0567890040612 0.998386008785 0.000621674978436 0.0 0.0 0.0 0.0 0.0 0.0
17.4099404059 23.6093150277 18.1337892861 0.924859321264 -0.0523721917091 -0.376686062134 0.0567890040612 0.998386008785 0.000621674978436 0.0 0.0 0.0 0.0 0.0 0.0
17.6697871301 23.9847513275 18.4170071647 0.528671854795 -0.0295430559871 -0.848312016767 0.0567890040612 0.998386008785 0.000621674978436 0.0 0.0 0.0 0.0 0.0 0.0
18.0501446203 24.3534532869 18.5068522924 -0.0683668882332 0.00450998063797 -0.997650053209 0.0567890040612 0.998386008785 0.000621674978436 0.0 0.0 0.0 0.0 0.0 0.0
18.4149178762 24.7231832964 18.3692830591 -0.639431907388 0.0368496002158 -0.767964154618 0.0567890040612 0.998386008785 0.000621674978436 0.0 0.0 0.0 0.0 0.0 0.0
