t = 100
b = 30 30 30
E = -0.235001710428867 -0.507228904544383 0.272227194115516
19.1488169444715 24.0953880961727 9.02925600772823 -0.714644972923708 0.2866983047777 0.638033332378314 0.46008410996367 0.879724985735425 0.120026866085928 -0.32774480032252 0.198744740180368 -0.0153148527784946 0.426119117875126 0.214026496344751 -0.997088126936347
19.0959396051128 24.5427295950981 9.02312372515804 -0.124535840950121 -0.0566129161036952 0.990598649584331 0.638197432827742 0.759876412193656 0.123659844685134 -0.550633633208271 0.071823234658603 0.111504597063848 0.736361623446668 0.414865880564578 -0.226148823742421
19.2117679119302 24.9757698824941 9.28649963352991 0.231420095733309 -0.367552850029077 0.900749427146509 0.660564032425381 0.739096208894539 0.131878107401416 0.584980427301772 -0.00160454895217389 -0.0551817573934151 0.254400391625822 0.373232976413225 0.217558734788027
19.3484019781299 25.3750930757452 9.48499576777621 0.685463831452103 -0.710300881979058 0.160037103277051 0.71250239586934 0.699630913251069 0.0534490588803134 -0.0809876772172161 0.265674402740678 -0.0532179428470651 0.474704099560141 -0.235785511808942 -0.32675662561314
19.65243712297 25.5675605682237 9.81382504097738 0.686824352203598 -0.577969754644471 -0.440707560023827 0.723678426349413 0.600144606150029 0.34075779941985 -0.125076138116617 0.291157475328555 -0.276654103531688 0.533362471398365 -0.0336425453656493 0.427646922910296
19.5849887358539 25.759562130846 10.5946137689861 0.527970846698905 -0.403471287922736 -0.74730019977308 0.720604818430484 0.67848241118425 0.14279423834589 -2.20826081196517 -0.302176516419081 2.12947301418458 0.419241222872069 -0.309931897474412 -0.211200238302016
20.1244796568582 25.6243502074765 10.9259290997894 0.16604345000829 0.0953499386487927 -0.981497755571244 0.836844742980406 0.512891365043574 0.191398039074458 -1.99676969288403 -0.688743140639573 0.973035532736237 0.415403630266485 -1.23662499027405 -1.07855414621154
20.5217293355742 25.8816105440169 11.2781117932304 -0.274082463239794 0.605196464244021 -0.747406130429187 0.896974578012115 0.441175163418675 0.0283014097198913 -2.1930521048236 0.307367187513919 4.76147437360475 0.385168256605353 -0.999568470147046 -0.175448176643268
21.3051148945431 25.9008684818854 9.87701388534201 -0.631583282574238 0.75491276664551 -0.17666112559382 0.765584147027177 0.643230715762893 0.0116207289710265 -0.514438317503067 0.283448515742325 -0.455145561633389 0.1930823883616 -0.284364266156157 -0.163826979973531
21.7513797730995 26.2497488650816 9.76147156419631 -0.743617098718114 0.606192290055501 0.282071621298878 0.649850767656666 0.75451198350177 0.0916816629425892 -0.537643056277302 -0.221938039699206 0.501014695149268 0.513159537735357 -0.00626270079887933 -0.262211559583337
21.8521201707982 26.6207652572 9.51222108214676 -0.287989028312864 0.312405115753138 0.905243197150642 0.67924191731063 0.732987734051397 -0.0368684346715092 -0.207087366914345 0.128286936653918 1.05412365344228 0.375007693061768 0.111877352667803 0.391115233028897
21.938266555688 27.141628919664 9.50155649248552 0.170799212420254 -0.206091466167781 0.963511194904574 0.547232017576833 0.833035027978179 0.0811766458660415 -0.516510791809389 0.107381596765263 0.669873312410662 0.334659819698793 0.0168214356919251 0.261511749401972
22.1296518155558 27.5338771730594 9.68073876049546 0.470683370958542 -0.397414468482963 0.787730147564572 0.640295595755395 0.768112711439328 0.00492886513410908 0.297307036791269 -0.109350565183554 0.297717908551217 0.642369754103522 -0.230347580614817 -0.0594345612075487
22.2333353781303 27.9023442000201 9.95775377604046 0.763438177562939 -0.564953040245793 0.313033692239749 0.586348825564399 0.809469247504289 0.0308945456444304 -0.0892478191653208 -0.73542427314192 0.215485469683472 0.18350039246912 0.000958801309920012 0.0871094922400159
22.4058638240713 28.2680786485997 10.2108070728925 0.67144094963225 -0.680667733046675 -0.293015988817974 0.708129421221848 0.70587634098834 -0.0170644516081073 -0.979668117911042 -0.49005663990837 -0.315439614307203 0.266895463666611 0.305644347716615 -0.0282257209698806
22.7882082529793 28.2521869792711 10.370800643581 0.427603337507922 0.0193865547028719 -0.903758505628323 0.668152647565653 0.666624865060834 0.330428830176538 -0.422026815485196 -0.563327454856229 -0.260491915730426 0.380527918513511 -0.188920703224423 0.618112686975391
23.2279857664095 28.2814461543977 10.5709381265675 0.11248831775676 -0.161620110817063 -0.980420933030936 0.758774112429276 0.651038462581406 -0.0202644456549596 -1.28853811300803 -1.00878933672255 0.340562044141522 0.375153085518419 0.868721523787215 -0.51991745753063
23.7361396219459 28.4358925293428 10.5005351806512 -0.326099438685254 0.280413992038827 -0.902788478078133 0.749596612268034 0.658575491524055 -0.0662051591627485 -0.688116479280257 -1.17220155026339 0.398788435086624 0.369747566389759 -0.339860960203058 -0.180114461901919
24.2910705496939 28.475957946663 10.445222713437 -0.716093068552928 0.51207232250325 -0.474333785590938 0.613718157920949 0.785623890446057 -0.0783900962881978 0.466606087852962 -0.390856484895247 1.63285651569836 0.384946082044192 0.0974783822753387 0.0537146075572181
24.3641858939675 28.7883293789821 10.8505709589955 -0.817659514256335 0.38467002084007 0.428324382196452 0.434788018150336 0.900276624487694 0.0214770159971151 -0.572420374656393 1.39557287205076 3.08255800230968 0.294656270784291 0.347779931939782 0.703862752231739
23.5430436537822 29.2881112264857 10.2775466993806 -0.479889221776097 -0.0045253257596934 0.877317355859505 0.358204844341149 0.91182935087569 0.20064000880793 -4.63981609361937 0.351444142948514 2.49817087748349 0.604640431707706 1.58452028972819 0.608848028718567
24.7108243472338 29.5412823106147 9.86589193560767 0.0380368958681169 0.116029833418908 0.992517080065323 0.630701181957671 0.767620097431604 -0.113909118757212 -0.667351704976694 -0.554733534953333 1.24611162277831 0.351221082846259 -0.639722232667898 -0.333154321498878
24.8340335073267 30.1053079996114 9.81080331548829 0.408138889369246 -0.473512388228749 0.780518126615662 0.606444981706424 0.779692592960451 0.155896853868513 -0.258390343251146 -0.840063222203716 0.0585523401512301 0.398646534044811 0.0855786326801878 0.0813161140516546
25.065848488953 30.5529574260521 9.97417409674237 0.642634787172789 -0.690302765625166 0.332419168116045 0.633147379791214 0.722790410815732 0.276944588223542 -0.188876089148007 -0.525407787199889 -0.260908731737053 0.467226321653367 -0.31305129458722 -0.348561168166593
25.335347631044 30.9520155242277 10.291038825976 0.710677546115696 -0.582947237448671 -0.393839846971314 0.695493117622344 0.666475777584634 0.268513029152061 0.34576587186112 -0.232099067280238 0.00417576248854514 0.265862767429713 -0.253103290192363 0.1183744132314
25.7849267314463 31.1604460175065 10.5631079677408 0.291372800111114 -0.294115691553489 -0.910273439932401 0.754532982992299 0.655589832725291 0.0296956170848033 0.548416568742512 0.280428883183152 -0.00330880172132961 0.144518258211848 0.080270461220601 0.516528103124014
3.18335222307227 16.0191558576382 24.4180105390141 0.956270419570602 -0.254781625081791 0.143642226038899 -0.000642522883236351 0.489280612830603 0.872126110559169 0.839912420184496 -0.266941541919976 -0.166951942372742 0.399604311723516 -0.209838429438183 -0.25490990790001
3.24657910938487 16.0166092098372 24.9665477700559 0.889849733913375 0.373959262541059 -0.261384397496538 0.069061835893435 0.455892323427465 0.887351416009191 0.0117190590002934 -0.153187385278787 -0.165572984509868 0.349136375639054 0.253606002061191 0.46386898226385
3.45105380340231 16.2017404261194 25.3997392055574 0.590187941094471 0.554104095704308 -0.587066202962827 0.205981818237601 0.599789848236483 0.773190474565868 -0.726193603773829 -0.844592268654724 -1.0604276807891 0.376280347565325 0.688101394087768 -0.154506730489982
3.71518799782055 16.4083226167294 25.7165496376441 0.0453784162246061 0.634687436702017 -0.771435376070909 0.377543971465027 0.704060570159168 0.601464174995546 -0.284775512262028 -0.0919706913636689 -0.27604656373192 0.340101467807699 0.524804068450479 -0.333636442072813
4.14928808274365 16.7154896559438 25.8059975362952 -0.610464047299757 0.66664683253758 -0.427686249998202 0.206135578898088 0.655094158942411 0.7268835181378 0.248841582830109 0.293562171781387 -0.682898059188869 0.413006125988536 -0.25036973047452 -0.278982521334863
4.31842340194236 17.0634454464251 26.0303706245033 -0.976606108990662 0.200979906504288 -0.0764687276114377 0.0500066372596602 0.558124969334655 0.828248595597505 0.287238829129656 0.186570584153428 -0.182801662357413 0.474498206382438 0.0649500218690793 0.138668692539562
4.28242635896281 17.4731980114783 26.1813271846737 -0.935379013837242 -0.197138331546202 0.293602553685889 0.066487953308198 0.717378915101226 0.693503228655263 -0.520082474250405 0.322341311396176 0.402887579174934 0.505221221463169 -0.0241684437182415 -0.00929426530753452
4.07316125307528 17.9257291006582 26.2078139432238 -0.674916406631644 -0.551219860481005 0.490555188721639 -0.0206988948815317 0.678685408346061 0.73413728703303 -0.245660914780854 -0.541667553555454 -0.373207917861099 0.528760822995832 0.23954716887664 -0.184543092796499
3.86689187014043 18.1440158167221 26.5019469035239 -0.117886656881659 -0.771131444240437 0.625666776866641 0.129660898425167 0.612713065773435 0.779596454138013 0.00592797403859121 0.0848703095791441 -0.302281066491761 0.479328988437519 -0.138362894046738 -0.486727430105769
3.61687735320426 18.4621354676396 26.7979442774988 0.499875080468087 -0.680585941237452 0.535656199286629 0.0695657526960181 0.648023283037762 0.758436755104973 0.56937588649085 0.357528246026734 -0.382899451017288 -0.0230732057718861 -0.188938415313331 -0.000509540939679129
3.7638949528605 18.4731534361344 27.3218398490998 0.971415420947874 -0.232404703794662 -0.0483737129489486 0.169716743986674 0.537454421606571 0.826038045457889 0.787677168110585 0.320696793974358 0.37017314877185 -0.00623764753344537 0.419840392787072 0.51631547123779
5.40325421646431 20.0742675962762 26.7374946911508 0.742154437712236 0.145135238353232 -0.654325942662238 0.476760162753003 0.571852110685122 0.667596279341389 7.72909068260469 5.85749462998712 -5.57609143149293 0.252827897862111 1.06046958841691 0.375525247230025
4.00395870095052 18.295383007241 28.4196352580788 0.63136589905168 0.566035353914108 -0.530076373251652 0.152084119987254 0.57989017235316 0.800373468763344 0.0786581817681755 -0.132727861586377 -0.433245819420434 0.143554407219903 -0.0968958188213107 -0.370251997921005
4.21623799404851 18.5531234227751 28.7769715561929 -0.0439406512003829 0.682606442220012 -0.729463875051848 0.208160172325002 0.720398958778551 0.661584888773568 0.522173053718496 0.193475380849816 -0.221579844738232 0.218880592637118 0.173694623212052 -0.201424579400429
4.45269053442561 18.8922765692985 29.0394237882986 -0.621385358961254 0.535415401834347 -0.572023132349537 0.138457868503104 0.793630932958537 0.592435014502002 -0.689847340418091 -0.324141649440938 -0.134367577390897 0.589464164581086 0.330751630049242 -0.0338376197908738
4.58361249742484 19.3409547456638 29.1067509725007 -0.974684168507878 0.207853728126508 -0.0823861683154954 0.116839287148536 0.787663779608507 0.604924987198632 -0.111737969962506 0.0485455961244939 -0.151520750123094 0.745093720157237 0.291451187725507 0.258816937391817
4.68471527438264 19.7922570302534 29.2812124495938 -0.974407296897315 -0.178091703925543 0.137162848447488 -0.0790967467313656 0.842799838621996 0.532383354366746 -0.0301168598239578 -0.240933504319941 0.0651140935091611 0.705997985563278 0.0989973342635408 -0.32685510486808
4.53161845633867 20.2430709148854 29.4381043804338 -0.691652857913814 -0.563598186604423 0.451634024328079 -0.221196713432824 0.76058701696028 0.610392745444632 0.135031776945466 -0.110416075529267 0.186075999451917 0.595505153347359 0.305932449134241 0.0474271801961205
4.3042411452046 20.5508748749925 29.7177199856073 -0.01968021902068 -0.822991659962602 0.56771233698386 -0.168148722281897 0.562458797992496 0.80954678523646 -0.340640135755265 -0.225102363491184 -0.129721652479136 0.182728002415942 0.141753780903737 -0.106193816013018
4.12942230762341 20.7226085127912 30.132890423971 0.627057031881819 -0.705159066074173 0.3309834609014 0.133047523336555 0.515605379769381 0.84643329910684 -0.378505768329102 -0.145168662267468 -0.117928717636365 0.615686728205059 -0.03281900374041 -0.342261064349135
4.13228391124243 20.7426331986386 30.6047493900788 0.877971276984583 -0.466551484930647 0.107219552610318 0.10031481650379 0.398307478322809 0.91174995302185 0.663877489151543 0.363260798871318 -0.276597651979141 0.709848908693553 0.309434797249418 -0.14036828185011
4.103924702009 20.6926104814047 31.0833185092986 0.966524583164165 0.130714302314352 -0.220780169151681 0.165520376209109 0.339828390571493 0.925807518185238 0.803108915518925 -0.00828810763218634 -0.158725881883913 0.500999092691002 0.417358532923257 0.128885446141276
4.35505842583049 20.7106048139624 31.5026599819559 0.495796377246853 0.729052730793392 -0.471877049710085 0.238772324459172 0.407983982824282 0.881213216967699 0.428558087669618 0.159537574835707 -0.0935678417681594 0.269574835087398 0.0283935029147328 0.296432732908032
4.59407841709853 21.0423240178208 31.8442439718365 -0.121609743109212 0.710790789093371 -0.69281123430151 0.0886896350648727 0.702981123220571 0.705656835756071 -0.116371912259489 0.222414577919424 -0.074010825498684 0.238796156530981 0.128084676144637 0.440274544787249
6.32695144933929 21.5706368151334 30.0190067816385 -0.58469867537685 0.785703471005703 -0.201983652064597 0.55585349316619 0.569357352301975 0.605688865724205 5.94430787042828 1.77633247837366 -8.90046700304206 0.864564386307642 -0.467212576081083 0.160162390273154
