
#id1 id2 FENE BEXC STCK NEXC HB CRSTCK CXSTCK total, t = 100
0 1 0.0152904 0 -1.39725 0 0 0 0 -1.38196
1 2 0.00944183 0 -1.41426 0 0 0 0 -1.40482
2 3 0.106541 0 -1.29933 0 0 0 0 -1.19279
3 4 0.282036 0 -1.11378 0 0 0 0 -0.831744
4 5 0.095897 0 -1.25782 0 0 0 0 -1.16192
5 6 0.00558205 0 -1.19923 0 0 0 0 -1.19364
6 7 0.986524 0 -0.02506 0 0 0 0 0.961464
7 8 0.30044 0 -0.0991395 0 0 0 0 0.2013
8 9 0.0399417 0 -0.587263 0 0 0 0 -0.547322
9 10 0.0666437 0 -1.3672 0 0 0 0 -1.30055
10 11 0.115851 0 -0.773829 0 0 0 0 -0.657978
11 12 0.00188963 0 -1.19373 0 0 0 0 -1.19184
12 13 0.154871 0 -1.10737 0 0 0 0 -0.952502
13 14 0.676993 0 -0.0593038 0 0 0 0 0.617689
14 15 0.402461 0 -0 0 0 0 0 0.402461
14 16 0 0 0 0 0 -0 -4.97226e-16 -4.97226e-16
15 16 0.00313526 0 -1.38761 0 0 0 0 -1.38447
16 17 0.132107 0 -1.10758 0 0 0 0 -0.975475
17 18 0.0400123 0 -1.27694 0 0 0 0 -1.23693
18 19 0.0410633 0 -1.2763 0 0 0 0 -1.23524
19 20 0.00313702 0 -0.985178 0 0 0 0 -0.982041
20 21 0.408658 0 -0.772682 0 0 0 0 -0.364024
21 22 0.07168 0 -1.10053 0 0 0 0 -1.02885
22 23 0.16242 0 -1.38475 0 0 0 0 -1.22233
23 24 0.187463 0 -1.33161 0 0 0 0 -1.14415
24 25 0.00391453 0 -0.960574 0 0 0 0 -0.95666
26 27 0.0642099 0 -1.32114 0 0 0 0 -1.25693
27 28 0.0930929 0 -1.10964 0 0 0 0 -1.01655
28 29 0.0151546 0 -1.10727 0 0 0 0 -1.09211
29 30 0.0304836 0 -1.42552 0 0 0 0 -1.39503
30 31 0.535625 0 -1.35215 0 0 0 0 -0.816522
31 32 0.0480005 0 -1.40048 0 0 0 0 -1.35248
32 33 0.0666222 0 -1.00458 0 0 0 0 -0.937954
33 34 0.176422 0 -1.38982 0 0 0 0 -1.21339
34 35 0.26954 0 -1.12002 0 0 0 0 -0.850483
35 36 0.0669988 0 -1.22715 0 0 0 0 -1.16015
36 37 0.585633 0 -1.32358 0 0 0 0 -0.737949
37 38 0.160273 0 -1.37653 0 0 0 0 -1.21626
38 39 0.04959 0 -1.2315 0 0 0 0 -1.18191
39 40 0.0333322 0 -1.35334 0 0 0 0 -1.32
40 41 0.00524359 0 -1.23433 0 0 0 0 -1.22909
41 42 0.0991799 0 -1.43572 0 0 0 0 -1.33654
42 43 1.32515 0 0 0 0 0 0 1.32515
43 44 1.07588 0 0 0 0 0 0 1.07588
44 45 0.16519 0 -1.04896 0 0 0 0 -0.883766
45 46 0.0558969 0 -1.22572 0 0 0 0 -1.16982
46 47 0.0591377 0 -1.30869 0 0 0 0 -1.24955
47 48 0.520538 0 -0.936029 0 0 0 0 -0.415491
48 49 0.219369 0 -0.0186122 0 0 0 0 0.200757
49 50 1.17214 0 -0 0 0 0 0 1.17214
#Total energy per particle is  -0.749458 and should be -0.74945810

