
#id1 id2 FENE BEXC STCK NEXC HB CRSTCK CXSTCK total, t = 100
0 1 0.00922113 0 -1.13635 0 0 0 0 -1.12713
1 2 0.13711 0 -1.18457 0 0 0 0 -1.04746
2 3 0.0190635 0 -1.12666 0 0 0 0 -1.1076
3 4 0.00348587 0 -1.14448 0 0 0 0 -1.14099
4 5 0.00457775 0 -0.990151 0 0 0 0 -0.985573
5 6 0.000291182 0 -0.744687 0 0 0 0 -0.744396
6 7 1.84682 0 0 0 0 0 0 1.84682
7 8 1.89863 0 0 0 0 0 0 1.89863
8 9 0.0693964 0 -1.27327 0 0 0 0 -1.20387
9 10 0.000420379 0 -1.31259 0 0 0 0 -1.31217
10 11 0.418004 0 -1.24786 0 0 0 0 -0.829854
11 12 0.042123 0 -1.01529 0 0 0 0 -0.973167
12 13 0.0217052 0 -1.26375 0 0 0 0 -1.24205
13 14 0.30794 0 -1.21748 0 0 0 0 -0.909535
14 15 0.248002 0 -1.00228 0 0 0 0 -0.754274
15 16 0.251724 0 -1.10682 0 0 0 0 -0.855091
16 17 0.41833 0 -1.21619 0 0 0 0 -0.79786
17 18 0.0588997 0 -1.40929 0 0 0 0 -1.35039
18 19 0.00228307 0 -0.904099 0 0 0 0 -0.901816
19 20 1.03834 0 0 0 0 0 0 1.03834
20 21 0.62387 0 -0 0 0 0 0 0.62387
21 22 0.614358 0 -0.146227 0 0 0 0 0.468131
20 23 0 0 0 0 0 -0 -7.67682e-16 -7.67682e-16
22 23 0.779972 0 -1.19514 0 0 0 0 -0.415167
23 24 0.0276972 0 -1.17016 0 0 0 0 -1.14246
24 25 0.133299 0 -1.07893 0 0 0 0 -0.945631
26 27 0.00683588 0 -1.13574 0 0 0 0 -1.1289
27 28 0.478124 0 -1.32845 0 0 0 0 -0.850326
28 29 0.407063 0 -1.12798 0 0 0 0 -0.720917
29 30 0.0350869 0 -1.2255 0 0 0 0 -1.19041
30 31 0.0342308 0 -1.38073 0 0 0 0 -1.3465
31 32 0.142123 0 -1.20107 0 0 0 0 -1.05894
32 33 0.103267 0 -1.16986 0 0 0 0 -1.0666
33 34 0.184569 0 -1.29837 0 0 0 0 -1.1138
34 35 0.27354 0 -1.4153 0 0 0 0 -1.14176
35 36 0.387244 0 -0.657315 0 0 0 0 -0.270071
36 37 0.0378716 0 -1.02088 0 0 0 0 -0.98301
37 38 0.0173784 0 -1.07522 0 0 0 0 -1.05784
38 39 0.130071 0 -0.373393 0 0 0 0 -0.243322
39 40 0.223575 0 -0.822077 0 0 0 0 -0.598502
39 41 0 0 0 0 0 -0 -0.00527266 -0.00527266
40 41 0.00194768 0 -0.0141166 0 0 0 0 -0.0121689
40 42 0 0 0 0 0 -0 -0.00148115 -0.00148115
41 42 0.749434 0 -0.0528637 0 0 0 0 0.69657
42 43 1.0016 0.100963 -0.443382 0 0 0 0 0.659185
43 44 0.762717 0 -0.0272327 0 0 0 0 0.735485
44 45 0.0603964 0 -1.2748 0 0 0 0 -1.2144
45 46 0.237407 0 -1.05893 0 0 0 0 -0.821522
46 47 0.00555577 0 -0.561586 0 0 0 0 -0.556031
47 48 0.0025047 0 -0.928624 0 0 0 0 -0.926119
48 49 0.00422435 0 -0.212525 0 0 0 0 -0.208301
49 50 1.60036 0 0 0 0 0 0 1.60036
#Total energy per particle is  -0.524221 and should be -0.52422110

