
#id1 id2 FENE BEXC STCK NEXC HB CRSTCK CXSTCK total, t = 100
0 1 2.10687 0 0 0 0 0 0 2.10687
1 2 0.0462445 0 -1.28308 0 0 0 0 -1.23684
2 3 0.246744 0 -1.07557 0 0 0 0 -0.828827
3 4 0.374323 0 -1.12543 0 0 0 0 -0.751107
4 5 0.0582525 0 -1.06115 0 0 0 0 -1.00289
5 6 0.149712 0 -1.36767 0 0 0 0 -1.21796
6 7 0.108926 0 -1.15695 0 0 0 0 -1.04802
7 8 0.0380835 0 -1.39251 0 0 0 0 -1.35442
8 9 0.122209 0 -1.24649 0 0 0 0 -1.12428
9 10 0.157293 0 -1.27304 0 0 0 0 -1.11575
10 11 0.0458668 0 -1.15169 0 0 0 0 -1.10582
11 12 0.0437422 0 -1.02899 0 0 0 0 -0.985245
12 13 0.0357206 0 -0.853985 0 0 0 0 -0.818265
13 14 1.77617 0 0 0 0 0 0 1.77617
14 15 0.741718 0 0 0 0 0 0 0.741718
15 16 0.0946091 0 -0.636228 0 0 0 0 -0.541619
16 17 0.255765 0 -0.923186 0 0 0 0 -0.66742
17 18 0.371574 0 -1.28949 0 0 0 0 -0.917914
18 19 0.0990211 0 -0.733704 0 0 0 0 -0.634683
19 20 1.29376 0 0 0 0 0 0 1.29376
19 21 0 0 0 0 0 0 -0.0932293 -0.0932293
20 21 1.60773 0 0 0 0 0 0 1.60773
21 22 0.00111472 0 -1.26996 0 0 0 0 -1.26885
22 23 0.278181 0 -1.20743 0 0 0 0 -0.929252
23 24 0.103853 0 -1.20555 0 0 0 0 -1.1017
24 25 0.00336022 0 -1.33131 0 0 0 0 -1.32795
26 27 0.0065917 0 -1.0272 0 0 0 0 -1.02061
27 28 0.121451 0 -1.02329 0 0 0 0 -0.901838
28 29 0.524364 0 -1.00525 0 0 0 0 -0.480885
29 30 0.232742 0 -0.81959 0 0 0 0 -0.586847
29 31 0 0 0 0 0 -0 -9.52835e-15 -9.52835e-15
30 31 0.949306 0 -0 0 0 0 0 0.949306
31 32 1.22851 0 0 0 0 0 0 1.22851
32 33 0.00363392 0 -1.30945 0 0 0 0 -1.30582
33 34 0.235772 0 -1.18317 0 0 0 0 -0.947398
34 35 0.215519 0 -1.1843 0 0 0 0 -0.968781
35 36 0.0439168 0 -1.06162 0 0 0 0 -1.0177
36 37 0.57063 0 -1.19459 0 0 0 0 -0.623963
37 38 0.0748594 0 -0.916022 0 0 0 0 -0.841163
38 39 0.138039 0 -1.23356 0 0 0 0 -1.09552
39 40 0.0571263 0 -1.26068 0 0 0 0 -1.20355
40 41 0.366396 0 -1.24971 0 0 0 0 -0.883319
41 42 0.0145954 0 -1.22736 0 0 0 0 -1.21277
42 43 1.60172 0 0 0 0 0 0 1.60172
42 44 0 0 0 0 -0 -0 -0.100435 -0.100435
43 44 1.45705 0 0 0 0 0 0 1.45705
44 45 0.0308059 0 -0.77241 0 0 0 0 -0.741604
45 46 0.0272999 0 -1.02604 0 0 0 0 -0.998741
46 47 0.442685 0 -0.390514 0 0 0 0 0.0521708
47 48 0.0280848 0 -0.0553148 0 0 0 0 -0.02723
46 49 0 0 0 0 0 -3.09649e-07 -0 -3.09649e-07
48 49 0.777376 0 -0 0 0 0 0 0.777376
49 50 0.758605 0 -0 0 0 0 0 0.758605
#Total energy per particle is  -0.405475 and should be -0.40547510

