t = 100
b = 30 30 30
E = -0.824998869196621 -0.975362411049474 0.150363541852852
4.32235113949816 28.5023007003222 11.8249517535204 -0.747831067101619 -0.424720416866542 0.510255958957163 0.197781115219881 0.591158955334496 0.781929410488528 -0.137746592617772 -0.0402965263300503 0.312026688579854 0.120980510452445 0.122319416421096 -0.244192966228625
4.20178948949236 28.8230821578994 12.2016781698556 -0.172004644371726 -0.845159540805773 0.506082635731957 0.284142007813701 0.449338792079153 0.84696980533342 0.0619861153568669 0.285185535650092 -0.238328862909195 0.428503323795673 0.501676139476687 0.194016295611745
4.18421878953055 28.8942105251057 12.5798553209357 0.339779017193544 -0.753599424149655 0.562705971178317 0.260736224945152 0.650327727658498 0.713505676128397 -0.0467994321422397 0.02707531957379 -0.782111202766425 0.470840511193177 0.330809841366765 -0.15781917638755
4.22694201352842 29.0957465802308 13.1032447558273 0.580304920080954 -0.807752754598904 0.103834375984374 0.359114180326521 0.368233767706057 0.857578442556113 0.385531276058005 0.129833213378129 -0.586294586266085 0.418966154374235 0.743317552715381 -0.188949643213279
4.2192716292975 28.9258429867105 13.5541394705084 0.952915298066193 0.186119086310723 -0.239399257814118 0.179795981500759 0.288949390826357 0.940309283197109 0.127070177617902 -0.511675138259535 0.231125835073338 0.486599165889164 -0.611449732727574 0.0355895416829881
4.45051408620747 29.0839515071092 14.0090962567858 0.727027377903924 0.33563409859515 -0.598983159249199 0.422265324153535 0.469327048947319 0.775515311926326 -0.0302818051505431 0.697182205577294 -0.489207960588593 0.501559148248419 -0.301515299423626 0.00153168266969492
4.87457248046139 29.0375958825795 14.3005635270986 0.162388028956849 0.811339438751125 -0.561567738000579 0.472764811332725 0.435570282482597 0.766010342074881 0.427161088191266 0.327686781471999 -0.240507631068477 0.24109579408994 -0.396441575443201 -0.133933337585343
5.29159115960805 29.2577685071031 14.452826650843 -0.369087830984426 0.830089790787399 -0.418001187893929 0.326983736498325 0.536981109224572 0.777645681842482 -0.257540362109528 0.367191944293964 0.346809966213632 0.506887638185804 0.21028731281564 0.223079665890359
5.57397976549849 29.5602840150076 14.5151656487703 -0.727577398345907 0.663515634755201 0.174292894652035 0.58416814088309 0.466013907296328 0.664513733896136 -0.110065181566494 0.827213649632979 -0.134027543499025 0.0763057913423726 -0.0927857491020452 0.196023129153435
5.86671800060914 29.9418048666401 14.741586106405 -0.963003149190316 0.191013188322036 0.190102025938618 0.268171032778509 0.609527205945807 0.746030001612593 -0.485983265115484 -0.108581621834332 0.39115000619757 0.399630101198797 0.274954247598604 -0.200761304037438
5.79325084689341 30.3576783970338 14.8722978365871 -0.69881793772481 -0.371315993572588 0.611373702131698 0.171975615059016 0.742423016803625 0.647481538723821 -0.43101742180578 0.13104431016099 0.592138664825678 0.454654421647358 0.0376027786345361 -0.0757305616336881
5.80332636980122 30.7602985935974 15.1676548430468 -0.384441329346966 -0.727785613833727 0.567919755526501 0.227007835053726 0.521777755093068 0.822323112367996 0.053824764595059 -0.701805698112562 0.281872228782846 0.729083407974911 0.0445126625336708 -0.43774555703923
5.6865551284669 31.0165663446266 15.5500915807583 0.273059444047461 -0.870971138302548 0.408469947457831 0.263970201116255 0.476145445938326 0.838811738481552 0.344634589068895 -0.324839799421833 0.110032749897759 0.197164906444749 0.130430410434368 0.109839927413105
5.67026779884113 31.1791671943094 15.9854570355237 0.726547851354623 -0.682574314415649 -0.0788695491688912 0.527482072317284 0.48050897675997 0.700623770259702 -0.0889156384108909 -0.58124465740033 0.293813281781583 0.251724878284057 0.364666933441576 -0.148355585429338
5.88035165347989 31.2193552210919 16.400650657977 0.785031205071819 -0.263086020493514 -0.560813368031908 0.614388608161157 0.446243745046189 0.650686591056433 -0.117355397452559 0.343915771468604 -0.317419983362225 0.33437849121821 0.34181114068403 0.0645213684880913
6.18701899053924 31.1258590299478 16.7517201337464 0.568299166368597 0.384380640844394 -0.727521451699255 0.515125640844601 0.523265562594418 0.678850946030438 0.331378519696613 -0.560528667986047 -0.0673766802667442 0.422632619293232 -0.00815133141918428 0.108440842061096
6.55437509639194 31.2023084486273 17.0784696836866 0.079296576084908 0.671056972080963 -0.737152951870011 0.513566985344051 0.606291051441112 0.607173776186869 0.102934063340083 -0.111743465330804 -0.205113932091833 0.569686535342448 0.0122515658434371 0.0619841490905624
6.90747679334791 31.3815854775017 17.3028365357134 -0.401401362743414 0.750681610972473 -0.524741789647216 0.600799196862503 0.648245010755924 0.467780528546979 -0.230474637974654 -0.107127553923363 0.0231598986733033 0.408534314963797 0.296511545906623 -0.0349579709817315
7.25863439105214 31.6076026783015 17.3617687905895 -0.758198246884005 0.651472976170923 0.0268003830532457 0.573027095293864 0.646163694996769 0.504095543067791 0.109451374864872 0.178413679640289 -0.279015849507864 0.378824854202361 -0.369245822765364 0.0618849309471368
7.43175370940824 32.067190368532 17.4964336369637 -0.872948657402937 0.115132651276128 0.474030585544878 0.4228229968587 0.663194518135712 0.617570746818193 -0.0611257953539455 -0.18060151439329 0.136763747496843 0.314451720160297 -0.117998520878275 0.182561418620467
7.46762172407259 32.5011113089741 17.7188367569932 -0.623408430527206 -0.408173990157442 0.666900145611224 0.309270242057866 0.654646308292193 0.689775333916065 -0.134981012288567 0.0617850314357816 -0.194316742129545 0.420983810230822 0.0829354347813821 0.116544194337821
7.52110385569414 32.8449844680937 18.0411894604723 -0.333121057417717 -0.716460534324992 0.612955582643702 0.209097882182054 0.57776473439992 0.788965064291761 0.0318324919969915 -0.291217597542981 0.393312685038502 0.442803982777164 -0.029923623990355 -0.336601934278134
7.3379773469814 33.2157313906459 18.3701954431052 0.434745950558285 -0.754187316594198 0.492135480178135 0.304529553406228 0.63740684356639 0.707795272907006 0.0244605182339973 -0.466046897218609 0.476069723451114 0.546535755983936 -0.620830672923403 -0.227945587015017
7.21725046603585 33.6424467246645 18.7571115339644 0.800544694563829 -0.585269015664681 0.128795389470244 0.207688372500466 0.472559021492326 0.856477319561967 0.0386674118553183 0.664302000723592 0.29874705286812 0.14035227242493 0.0537048677383074 0.178318179694137
7.35890181713112 33.7220582203118 19.2603550050761 0.877871043808788 -0.133577721516877 -0.45989053515548 0.454858697793726 0.532998522853495 0.713453586845955 0.293096008811603 -0.134389599222444 0.0608466182518546 0.0772770792337885 -0.0366214947021063 0.0223086277712685
