t = 100
b = 30 30 30
E = -0.883702643058947 -1.03703981761656 0.153337174557612
2.13989010974011 20.0793850369258 13.1418747688111 -0.0321982188033895 0.091033642661479 0.995327098113129 0.177082741035356 0.980608221625897 -0.0839589204660071 -0.289509110356322 -0.245975856509084 0.95370251961135 0.252942605680968 0.0798508900566441 -0.431140014935683
2.06468327889692 20.5441066464355 13.248014118088 0.480166438868498 -0.234381488586542 0.845284207108073 0.19570834496165 0.967975838339495 0.15722882212168 0.28461417189363 0.542969925233065 0.0992909797219722 0.275368926661992 0.105014657689924 0.0119316189924854
2.07680493738261 20.9170167947789 13.4925335008954 0.900807219767519 -0.227847342103195 0.36963742126867 0.184781537578632 0.971492067553937 0.148522147013551 -0.367404070084847 0.114485818265862 0.0124097608558618 0.474279491762663 0.28207976671998 -0.0829863759363838
2.15575746560908 21.3042786821813 13.853227397775 0.929291633015035 -0.247349929564003 -0.274289909328228 0.306176014797636 0.931255987712369 0.197530798605494 0.157703898260885 0.434068721455036 -0.160690659796278 0.28629265833899 -0.244519568414701 -0.106533153832052
2.42160927794852 21.5882163388834 14.1335746611861 0.549906640897334 -0.113727398622811 -0.827447065320375 0.315225716429529 0.945679587190137 0.0795157035278228 -0.130621632514292 0.306753484651412 0.000828674568762354 0.22690344311092 -0.470930450574047 -0.0942493615787473
2.71182370153567 21.9839499527577 14.1945491049568 0.0544543722196123 -0.0688716835674538 -0.996138190373153 0.227951874625511 0.972131767025972 -0.0547508119581751 -0.201650509466415 -0.0573522155848579 -0.0963346253630349 0.183447449422307 0.233211210244095 -0.248025846949233
3.04620533424062 22.3202481884511 14.1733109393065 -0.610480054763684 0.113251983066305 -0.783892831916718 0.21475868461105 0.976315659701544 -0.0261977251531695 -0.494847676474548 0.332494767082359 -0.325031051309969 0.484463881291008 0.347654620612599 0.0803413322171576
3.28685035434578 22.6722510872535 13.9177550016833 -0.939533628091814 0.239233686852596 -0.24503813147889 0.302234739823113 0.915709673487631 -0.264820409551831 -0.655559062265847 0.248205746171676 -0.148811349801922 0.49476042495778 -0.0717206912840066 -0.0777990538354678
3.42240840046654 22.9426206951724 13.6702068758889 -0.858204071562466 0.406856299367563 0.312975404850174 0.401724984477849 0.911910088065083 -0.0838862922243939 -1.00454550534091 0.216705851859135 0.13670220120893 0.554585516958127 -0.357008704795784 0.00388958549055288
3.46509579300472 23.349062232226 13.4454243885551 -0.435529540075215 0.198139694817308 0.878097126451802 0.392598071355803 0.919621231922248 -0.0127837930825142 -0.412927289761706 -0.124284006629577 0.344938532725201 0.124260752660438 -0.37740855017064 0.226677349222511
3.6062785408079 23.8127177331066 13.3636463427154 -0.233059959217177 -0.133049337296123 0.963317608448272 0.234822476731637 0.953582622843324 0.188516489396459 0.437195520817447 -0.0534502459743032 0.160970625620767 0.0284010010802802 0.439531220340183 -0.375958191193044
3.45026338692242 24.2174546069344 13.5734922333176 0.521518416043252 -0.290376713181632 0.802309034591849 0.288624846023612 0.944914467409619 0.15437690401265 0.876238494343842 -0.368326914267958 0.361677207666427 0.528035628915798 0.13983774463955 -0.335255155748387
3.29084934283717 24.5101199234578 13.8843075725189 0.94600759821215 -0.143698320810483 0.290551712350228 0.0656976623914413 0.9627613968712 0.262248352001118 -0.010334759941365 -0.37463829947096 0.183705189244008 0.523091187627779 0.0967918550482346 0.419296279672439
3.32955766915704 24.8353402139859 14.1127125093601 0.972982425602232 -0.0699566495679866 -0.220025335349641 0.114406553174797 0.973849074106934 0.196288061132936 0.137171797070517 -0.417601525922484 -0.0427144823458013 0.400371427602646 -0.799273701109639 -0.276538043019316
3.61163495369045 25.2246970765462 14.3024910705047 0.61871893904403 -0.0930985265417355 -0.780076547437299 0.307157425194348 0.942581137217139 0.131129696403934 0.397900935435445 -0.0109647749894662 -0.642989044990154 0.137765129511356 0.0938743027105138 0.11175999499527
3.87258498436914 25.6353885203407 14.4054857735727 0.0601402781498572 -0.0221039157083163 -0.997945111298757 0.365170910349252 0.93093939899591 0.00138692332042689 -0.327355195633123 -0.0207631778172046 -0.0906100462572386 0.199362926829472 0.491509094178167 0.0300513446209063
4.10858723983899 25.989436816879 14.2544740376604 -0.520964379363458 0.142701038848606 -0.841565452073247 0.336667902939805 0.94034967776117 -0.048960077832651 -0.410236788061845 0.172246620635782 -0.255102513173131 0.525899307564527 0.00819272695749189 -0.438850808162345
4.44018091324054 26.3083737007578 14.0261881663166 -0.86719663661145 0.332599899784501 -0.370603806624392 0.381265701150602 0.922212496171532 -0.0645016343071102 -0.591270550394091 0.135068866879991 0.368980819207651 0.507900176490101 0.215216999279039 0.281180820420724
4.59311267385092 26.68250454898 13.7522935799816 -0.893974429047835 0.298274590205287 0.334427675173487 0.278993681946326 0.954479502606581 -0.105504921102685 -0.34812398325613 0.0720709706457134 -0.100819934701763 0.0799872460708124 0.100744056894918 0.162237036345727
4.54134692847711 27.1610734119981 13.6661082043775 -0.579214436766997 0.0465709208491097 0.813843760460299 0.127159960301138 0.991306986082677 0.0337740565425138 -0.334378929892339 0.19163824604246 0.102300846580248 0.270450325201621 -0.0562006176304387 -0.184914718677961
4.34273511041309 27.6142113395857 13.7220657801521 0.100129215415352 -0.0437683595387118 0.994011244043104 0.168381190812302 0.985367599976433 0.0264263061007946 -0.369910135691827 0.0489184511544133 0.277904658084141 0.568714083012805 0.0883442875459767 0.310729190330733
4.27326237391885 28.0786849159024 13.860613859458 0.582357991083233 -0.202138343726733 0.787400242079218 0.183959540323424 0.976235051657948 0.114559562910259 0.0989565533468018 0.0219034143882885 0.313679551258019 0.508620357275436 0.172186573785506 0.211664128062309
4.23746876724574 28.4358380931077 14.0909444883239 0.942117353627576 -0.170933555922347 0.288438021771014 0.109849903264468 0.970163802145357 0.216136718511491 0.264654495788341 0.0211848613253122 0.232439818142739 0.472716308273377 -0.147069276127275 0.061658957689046
4.30631335769901 28.7363393528913 14.4176497415427 0.905258719218471 0.0144684195195931 -0.424614177882691 0.0894724617280688 0.970514683217454 0.223820933411717 0.228174134816434 -0.0419840022628692 0.0369473798219795 0.51684977476162 -0.172457669970738 0.519786566129
4.49815820201762 29.1943594961663 14.5722123106977 0.652559563486188 -0.119812119605985 -0.748205154784089 0.412036695839739 0.884782563993298 0.217682020631732 -0.265685951294492 0.77001665085079 -0.143397303350827 0.382341640475825 -0.14304881519124 -0.265766717392622
4.85856840819175 29.4725598605222 14.7389297645916 0.093928040374399 0.171095661755522 -0.980766882928122 0.469033535555257 0.861342937159645 0.19518138640757 -0.182114235915947 0.296567191878582 0.130581143279508 0.39691185070344 0.0777078010037118 0.280833296805578
5.27157354354829 29.746790441209 14.7540584316871 -0.641206368393914 0.380354112697416 -0.666472075711063 0.38429650416627 0.910920605067653 0.150132372394452 -0.306602943669152 0.249958625726197 -0.0315898263241521 0.0913350193098242 -0.321896644597508 0.448252864892012
