t = 0
b =  30.0 30.0 30.0
E = 0. 0. 0.
29.3891466872 23.1284206837 18.0232737011 0.00692154932725 -0.852612759959 0.522497438951 0.67069314104 0.391514514617 0.629989758176 0.0 0.0 0.0 0.0 0.0 0.0
29.3903984903 23.3055992141 18.5305126029 0.440520666815 -0.893580618869 0.0863436140699 0.67069314104 0.391514514617 0.629989758176 0.0 0.0 0.0 0.0 0.0 0.0
29.4920669932 23.2790860143 19.0574335342 0.706758617867 -0.595062260799 -0.382613593385 0.67069314104 0.391514514617 0.629989758176 0.0 0.0 0.0 0.0 0.0 0.0
29.7548411453 23.1169283534 19.4971376848 0.704487153618 -0.0704698009417 -0.706209499754 0.67069314104 0.391514514617 0.629989758176 0.0 0.0 0.0 0.0 0.0 0.0
30.1782031663 22.9387070992 19.7758613578 0.434569241312 0.480895314486 -0.761504609974 0.67069314104 0.391514514617 0.629989758176 0.0 0.0 0.0 0.0 0.0 0.0
30.7006252595 22.8701059471 19.881000031 -0.000448791379064 0.849560259799 -0.527491387186 0.67069314104 0.391514514617 0.629989758176 0.0 0.0 0.0 0.0 0.0 0.0
31.2229450506 22.9951620829 19.8658970259 -0.435296320721 0.895463058525 -0.0930753672212 0.67069314104 0.391514514617 0.629989758176 0.0 0.0 0.0 0.0 0.0 0.0
31.6460390318 23.324339051 19.8295774879 -0.704767500055 0.601164469973 0.376701540889 0.67069314104 0.391514514617 0.629989758176 0.0 0.0 0.0 0.0 0.0 0.0
31.9084812392 23.7905514791 19.8791270779 -0.706485723034 0.0784734483444 0.703363235501 0.67069314104 0.391514514617 0.629989758176 0.0 0.0 0.0 0.0 0.0 0.0
32.0098800037 24.2746519321 20.0890083397 -0.439798208021 -0.474030948316 0.76280547734 0.67069314104 0.391514514617 0.629989758176 0.0 0.0 0.0 0.0 0.0 0.0
32.0110267529 24.6506970155 20.472771134 -0.00602400074634 -0.846443062337 0.53244516491 0.67069314104 0.391514514617 0.629989758176 0.0 0.0 0.0 0.0 0.0 0.0
32.010800331 24.8337953763 20.9779048204 0.430038825127 -0.897277305202 0.0998000323229 0.67069314104 0.391514514617 0.629989758176 0.0 0.0 0.0 0.0 0.0 0.0
32.1086012727 24.8123593471 21.5057879273 0.702722711469 -0.607220898145 -0.370760801112 0.67069314104 0.391514514617 0.629989758176 0.0 0.0 0.0 0.0 0.0 0.0
32.3665878787 24.6525072951 21.9491560979 0.708430490827 -0.0864711196902 -0.700463407414 0.67069314104 0.391514514617 0.629989758176 0.0 0.0 0.0 0.0 0.0 0.0
32.7860612373 24.4729441486 22.2328536128 0.444993682393 0.467130482855 -0.764048254116 0.67069314104 0.391514514617 0.629989758176 0.0 0.0 0.0 0.0 0.0 0.0
33.3069709199 24.3998634104 22.3423863041 0.0124963341207 0.843261404958 -0.537358394874 0.67069314104 0.391514514617 0.629989758176 0.0 0.0 0.0 0.0 0.0 0.0
33.8307291421 24.519004136 22.3294281324 -0.424748580412 0.899023220739 -0.106517097266 0.67069314104 0.391514514617 0.629989758176 0.0 0.0 0.0 0.0 0.0 0.0
34.2576659122 24.843077233 22.292189385 -0.700624407829 0.613231084094 0.364791826464 0.67069314104 0.391514514617 0.629989758176 0.0 0.0 0.0 0.0 0.0 0.0
34.5248953264 25.3069363749 22.3381049459 -0.710321308896 0.0944622059254 0.697510236327 0.67069314104 0.391514514617 0.629989758176 0.0 0.0 0.0 0.0 0.0 0.0
34.6302069759 25.7923281797 22.5430179872 -0.450155268774 -0.460194443599 0.765232845659 0.67069314104 0.391514514617 0.629989758176 0.0 0.0 0.0 0.0 0.0 0.0
34.6329057177 26.1728186465 22.9223658797 -0.0189677158509 -0.840015529959 0.542230702915 0.67069314104 0.391514514617 0.629989758176 0.0 0.0 0.0 0.0 0.0 0.0
34.6312807681 26.3618275469 23.425315278 0.419425989448 -0.900700672177 0.113226050519 0.67069314104 0.391514514617 0.629989758176 0.0 0.0 0.0 0.0 0.0 0.0
34.7252639859 26.3455217007 23.954074558 0.698472748926 -0.619194570123 -0.358795071507 0.67069314104 0.391514514617 0.629989758176 0.0 0.0 0.0 0.0 0.0 0.0
34.9784640889 26.1880704328 24.4010464903 0.712158033246 -0.102446098498 -0.694503947134 0.67069314104 0.391514514617 0.629989758176 0.0 0.0 0.0 0.0 0.0 0.0
35.394000638 26.0072665735 24.6897062259 0.455282574089 0.453223358754 -0.766359161758 0.67069314104 0.391514514617 0.629989758176 0.0 0.0 0.0 0.0 0.0 0.0
35.9133188641 25.9297749931 24.8036743665 0.0254376531161 0.836705684524 -0.547061717989 0.67069314104 0.391514514617 0.629989758176 0.0 0.0 0.0 0.0 0.0 0.0
11.3445147955 6.50234414469 28.5006364584 0.0632228144236 0.817494566527 -0.572455683381 0.311024977982 0.528896702495 0.789640260601 0.0 0.0 0.0 0.0 0.0 0.0
11.8065795284 6.72145674995 28.6654725918 -0.504841768146 0.795880705815 -0.334228501548 0.311024977982 0.528896702495 0.789640260601 0.0 0.0 0.0 0.0 0.0 0.0
12.1535655645 7.12199038714 28.7541213278 -0.881108522492 0.471898458548 0.0309776760254 0.311024977982 0.528896702495 0.789640260601 0.0 0.0 0.0 0.0 0.0 0.0
12.2997028851 7.63009329281 28.8498314259 -0.922627417795 -0.0313659028425 0.384414916558 0.311024977982 0.528896702495 0.789640260601 0.0 0.0 0.0 0.0 0.0 0.0
12.2355272568 8.13104633994 29.0331689164 -0.61362473157 -0.522713833333 0.591806503215 0.311024977982 0.528896702495 0.789640260601 0.0 0.0 0.0 0.0 0.0 0.0
12.0314758516 8.51284675231 29.351408718 -0.0714957505626 -0.815474039232 0.574360904824 0.311024977982 0.528896702495 0.789640260601 0.0 0.0 0.0 0.0 0.0 0.0
11.8111269879 8.70875983178 29.8005741058 0.497795661428 -0.798422023627 0.338705995888 0.311024977982 0.528896702495 0.789640260601 0.0 0.0 0.0 0.0 0.0 0.0
11.7042506608 8.72267258584 30.3269475361 0.877966178943 -0.478036132342 -0.0256289837481 0.311024977982 0.528896702495 0.789640260601 0.0 0.0 0.0 0.0 0.0 0.0
11.7975067518 8.6276169885 30.8474788387 0.924582666265 0.0239636779576 -0.380227083965 0.311024977982 0.528896702495 0.789640260601 0.0 0.0 0.0 0.0 0.0 0.0
12.1015214907 8.5380239123 31.2813373656 0.619934740476 0.51685928635 -0.590370557925 0.311024977982 0.528896702495 0.789640260601 0.0 0.0 0.0 0.0 0.0 0.0
12.5468503733 8.56624892668 31.5806209052 0.0797632420234 0.813391410431 -0.576222386461 0.311024977982 0.528896702495 0.789640260601 0.0 0.0 0.0 0.0 0.0 0.0
13.0103612893 8.77988653867 31.7485545337 -0.490711645644 0.800902538511 -0.343157696455 0.311024977982 0.528896702495 0.789640260601 0.0 0.0 0.0 0.0 0.0 0.0
13.3620144703 9.1760899095 31.8382653545 -0.87475697487 0.484137401834 0.0202783397245 0.311024977982 0.528896702495 0.789640260601 0.0 0.0 0.0 0.0 0.0 0.0
13.5142667713 9.68265241633 31.9325986235 -0.926467504186 -0.0165596281458 0.376010295607 0.311024977982 0.528896702495 0.789640260601 0.0 0.0 0.0 0.0 0.0 0.0
13.4553307756 10.1854401554 32.1126434512 -0.626197538952 -0.51096537853 0.588889653632 0.311024977982 0.528896702495 0.789640260601 0.0 0.0 0.0 0.0 0.0 0.0
13.2536530312 10.5717533203 32.4269256939 -0.0880246592045 -0.811246838726 0.578039986532 0.311024977982 0.528896702495 0.789640260601 0.0 0.0 0.0 0.0 0.0 0.0
13.0319100629 10.7731427429 32.8729721698 0.483590260268 -0.803322061565 0.347583264235 0.311024977982 0.528896702495 0.789640260601 0.0 0.0 0.0 0.0 0.0 0.0
12.9204015097 10.7914148762 33.3982502617 0.871481154667 -0.490201802388 -0.0149261514268 0.311024977982 0.528896702495 0.789640260601 0.0 0.0 0.0 0.0 0.0 0.0
13.0075471131 10.6979454933 33.9201259369 0.92828178802 0.00915431725425 -0.371764872609 0.311024977982 0.528896702495 0.789640260601 0.0 0.0 0.0 0.0 0.0 0.0
13.3062945793 10.6065628372 34.3572577977 0.63241265006 0.505032558719 -0.587363903111 0.311024977982 0.528896702495 0.789640260601 0.0 0.0 0.0 0.0 0.0 0.0
13.749200529 10.6303023688 34.6605000383 0.096279372967 0.809040487433 -0.579813566619 0.311024977982 0.528896702495 0.789640260601 0.0 0.0 0.0 0.0 0.0 0.0
14.2140533648 10.838462705 34.8315737582 -0.476432047622 0.805680408535 -0.351982362203 0.311024977982 0.528896702495 0.789640260601 0.0 0.0 0.0 0.0 0.0 0.0
14.5703035004 11.2302779156 34.9224130875 -0.8681389678 0.496228872176 0.00957282644482 0.311024977982 0.528896702495 0.789640260601 0.0 0.0 0.0 0.0 0.0 0.0
14.7286613309 11.7352085133 35.0154345429 -0.930025379601 -0.00174830922597 0.367491138278 0.311024977982 0.528896702495 0.789640260601 0.0 0.0 0.0 0.0 0.0 0.0
14.6750198469 12.2397405838 35.1922256148 -0.638579600497 -0.499061278723 0.585793422554 0.311024977982 0.528896702495 0.789640260601 0.0 0.0 0.0 0.0 0.0 0.0
14.4758141228 12.6305116202 35.5025483158 -0.104526754682 -0.806772524574 0.581542991659 0.311024977982 0.528896702495 0.789640260601 0.0 0.0 0.0 0.0 0.0 0.0
