t = 100
b = 30 30 30
E = -0.387982067303077 -0.645233114471756 0.257251047168679
8.2206536216724 2.65218802737109 11.036257749592 0.695001466856115 -0.600865728336393 0.39488380489886 0.429577071282672 0.787414280962923 0.44208843905312 4.20679692796477 2.5522796167522 0.697034291532782 0.938564231001079 0.709979383043583 -0.446503873285056
8.1144133774001 2.74412883856353 11.6866170526225 0.954954064040646 0.0412746169579472 -0.293869056644222 0.13774680023122 0.815478777334872 0.562156643449535 3.34050754881195 0.284042836396026 0.850768517206195 0.861533059616355 -1.43271080226923 -0.0652009199147579
7.77838791245272 3.2202399307028 11.8809027248068 0.753782799126661 -0.238526414675404 -0.612304278900641 0.339708043768914 0.939071141333517 0.0523805050787269 0.267946626817563 1.25365785482133 1.02376460729719 0.167647190039694 -0.303455552781501 -0.834243609008133
8.20384327455567 3.34400756198877 11.6718775372819 -0.121733104456801 -0.0406876213586309 -0.991728516925887 0.537121811694313 0.837521103089725 -0.100291806354122 0.312596279852785 0.571933601235672 0.17470214694602 0.466255103168798 0.396312958314463 0.131012279009839
8.55953052624842 3.54710270535952 11.4519659960583 -0.445947790975707 0.372058060769274 -0.814065874447695 0.640831820654334 0.76768120338853 -0.000191084358255166 0.81278033143494 1.53701411837386 -0.185904698089098 0.784311721080864 -0.970095744446182 0.0671781972545204
8.96690147119229 3.83039210160842 11.2927235942773 -0.710552100280922 0.571350370796946 -0.410699827720152 0.639469653844288 0.767870964036001 -0.0381133523182059 -0.0064754293900679 0.22951456899263 -0.31038460920015 0.40405412625899 -0.23877497414544 -0.0405725573353244
9.18788938641543 4.20193459895828 11.0748034099381 -0.832207005297528 0.486408372247734 0.266154610242935 0.492138691810347 0.869107156736871 -0.0495190764721616 0.902620711053489 1.64036166076739 -0.151317315271052 0.0139079260619279 -0.370926029387519 0.233905897688664
10.5942668672174 5.63937707137456 11.5521969580496 -0.543775120890875 0.227617979177258 0.807773826227766 0.374944476881002 0.927005328812072 -0.00881137906821122 6.33188456615847 4.919470191517 2.96163322394214 -0.0235559519962239 -0.118597301782166 0.170727563136718
8.79516543844603 4.83986567825161 10.7309981103628 -0.0827819179711897 0.138775129176332 0.986857892242962 0.312952171505029 0.943782716469214 -0.106465974043084 0.447799288235295 -0.296260909639672 0.230449335245698 0.265959582016192 -0.0850118142290894 -0.317003809436623
8.66791191273455 5.36348413680383 10.7691389525002 0.601096113886351 -0.228547678159962 0.765799779799247 0.166934628665718 0.973004935410542 0.159355307156709 0.0883072848375413 -0.115139092402737 0.10521991770877 0.124906027307585 -0.421826900414239 -0.00210549946873848
8.68055808374581 5.83506942008296 10.9718292798191 0.803251713081835 -0.446007311580248 0.394796206493655 0.34073242169491 0.88771663629942 0.30961343861138 -0.155548076853793 -0.169822268403203 0.102385027747131 0.520801561232961 0.140259379328 -0.285007704323257
8.90652288084738 6.16604641812139 11.2429979299546 0.895590842182582 -0.416712926937292 -0.155779531508752 0.438269176205441 0.886561802204459 0.148081680246133 0.611290323368346 0.167290867988239 0.053265528861484 0.768221512245333 0.153977696815448 -0.12122859559399
9.16536886375954 6.5710103766548 11.4935901683658 0.694322963008536 -0.202972644240583 -0.690447399749238 0.523108695162372 0.801226065649379 0.290506417460865 0.129397691839146 -0.0983460814361074 -0.425828526039784 0.405932832009082 0.190726872295099 -0.148910372482195
9.54362689209153 6.81253802807406 11.6368045314878 0.114330130927517 0.0727356452426129 -0.990776477341407 0.430823928283109 0.895024377230078 0.115420918803194 0.219020758772367 0.311126044384973 -0.2847669874638 0.528002607864435 -0.223565542103826 -0.156179047458683
9.85767015628785 7.15336713122511 11.5373611671894 -0.47035931706646 0.0420430205026916 -0.881472846723819 0.484383599562371 0.847244010184952 -0.218059632408325 -0.265262599438914 0.336656206890813 -0.424883586474959 0.39511579840851 0.47020975109263 -0.415955889731348
10.2454757623549 7.33637664713246 11.2702205469193 -0.820054206883375 0.421985103009848 -0.386574121740778 0.453930138487429 0.890984825785026 0.00966180468632279 -0.458810910386301 -0.25473560358187 -0.256774092591573 0.694046706495281 0.123620199604636 0.0400023474286656
10.445455886684 7.66886793850714 10.9901626077265 -0.880562291579356 0.391592782282794 0.266955097916523 0.376758736878979 0.920116306270862 -0.106951947806518 0.197091310182604 0.161758509948548 0.277175441473469 0.214465205666952 -0.180974219385011 0.0251841622654701
10.422858373426 8.09035340049605 10.791999619527 -0.492200381209584 0.223615902431724 0.841269632766977 0.300878258760659 0.95057824067578 -0.0766365695689829 -0.130069793388691 0.227123084506474 0.236747622111973 0.378546725759413 -0.434170754009763 -0.110774767309038
10.3428658187279 8.53905864211452 10.740821264023 -0.040900743584326 -0.0781135584101876 0.996105055776167 0.257525153748618 0.96243262845846 0.0860471559842721 0.34308574173372 0.579063322224327 0.542525200862959 0.492124849030176 0.28802492504933 0.387003609588221
10.1685257456162 8.94421731780907 10.9037891088597 0.560990451349253 -0.235692832097998 0.793560636547856 0.284676521630778 0.955074087003546 0.0824175267965251 0.038378310492968 0.0670887714924639 0.244000883868509 0.365493753037817 -0.0857555133111569 0.178948305140861
10.2165022216806 9.42982509833732 11.0377751800913 0.775776938551189 -0.441708703401363 0.450625615156963 0.454743893703002 0.886455663318051 0.0860478304225756 0.271808982249823 0.260157175524022 -0.419306369531567 0.458312086927074 0.0706015824007282 -0.101804546379739
10.4154802172133 9.73648894768369 11.2797165143704 0.873090695311952 -0.422051716382611 -0.244100117303151 0.46592196598092 0.869735981162133 0.162714257363937 0.722621612533536 -0.261545431761891 0.00598236485880127 0.264253206639206 0.392629799973398 0.074546147156612
10.6162479592979 10.0968140611329 11.5630418884047 0.544838251999248 -0.354366045262001 -0.759984122160517 0.605797995697932 0.792996211200909 0.0645421239023543 0.657116456341153 0.237384108449659 0.119873700779475 0.412666083436127 -0.130602375069603 -0.244889230519674
11.0506785843174 10.2953689936001 11.5957741368752 0.0113256812703285 0.0745901396656809 -0.99714989919173 0.501180372748916 0.862489847057312 0.0702095529850347 0.102915562183293 -0.115948483338844 0.15057375113636 0.614090545468181 -0.296125764928607 0.214829734122951
11.4341603894866 10.6193573524676 11.5494420209144 -0.577223899507596 0.263531899374316 -0.772892871157402 0.456384906648904 0.888982090489474 -0.0377298540187587 0.242710852505927 -0.0244185184444359 -0.688123080185756 -0.0978515681237656 0.241395614816987 0.447380042214939
11.6799757334301 11.0272384338619 11.4266549207163 -0.973816075029343 0.166940224563112 -0.154314936290875 0.159345616225446 0.985371701089542 0.06042737914381 -0.331442305553743 -0.00683677351127577 0.0472290461691265 0.0898304556361235 0.156024787486887 0.110177832078253
12.0051013234232 11.1421422846424 10.9799785076693 -0.892281674553479 0.401279849929992 0.206900401891142 0.411485840339581 0.911389549318441 0.00695510011668501 0.544624413793713 -0.550407500928542 -0.196665214126568 0.00364083933808595 -0.134184450371251 0.039670344192816
12.0394243127415 11.6015397063939 10.8368300241905 -0.532296258751003 0.0654762811332465 0.844022175450565 0.301565476397356 0.946266763150412 0.116779095964147 -0.280300178343371 -0.425011640269985 0.324176509780143 -0.113205750954019 0.0967125167628657 0.372989196370095
22.2540724705843 15.0096496338558 11.7548171331869 0.297368050320238 0.629312803326626 -0.718009414341692 0.728327869690825 0.336736465934221 0.596780486524287 0.0984804730311312 -0.138499184259902 -0.324305353084288 0.10260373498781 0.110184256921342 -0.00299105132874838
22.7081274754241 15.1440280891728 11.797028799265 -0.355826589631487 0.888058837806734 -0.291099337005004 0.707216644275552 0.4594952792566 0.537316097799754 0.0180662989523696 -0.363854280827695 -0.297198832551758 0.410810684621654 0.0456012246644264 0.123423575672983
23.0320360985762 15.5747184411631 11.8310859060591 -0.577933450807109 0.781646210346736 0.234567711437752 0.738199882574134 0.378174380987599 0.558609840163068 -0.0936984068135929 0.0722244377145775 -0.294673350970237 0.487301612327382 0.445353584086355 0.663790666870682
23.3725952705483 15.9156971567634 12.031665929155 -0.834982424147771 0.484922576632153 0.260104461971684 0.524154441643958 0.556979505482271 0.644232749035348 -0.239285775669331 -0.169924229815749 0.0486947236439644 0.486321035193458 0.397683094281438 -0.422109513019632
23.4514052664705 16.3532668722031 12.0842166147786 -0.584987702941538 -0.174523284046588 0.792042228644351 0.614123332245976 0.542561441075179 0.573131310862082 -0.227321095331885 -0.133677444987466 0.141876181367419 0.415215698672746 0.368945999020245 0.484600080358366
23.5848478275738 16.714732208866 12.3992856541712 -0.27124765381723 -0.746615068706923 0.607445908483802 0.479241623821111 0.442551283948782 0.757941760035521 -0.562877759760026 -0.200549951101885 0.119222089516908 0.161748480446788 -0.338352472317977 -0.210241171719307
23.5837633367305 16.8996239599876 12.8450542186902 0.287477306128038 -0.925288660420254 0.247381442781202 0.626743913051842 0.377041333250388 0.681932387644826 -0.490521442569755 -0.424986517611874 -0.175728268145819 0.541110723311019 -0.126068125630061 0.328084306089653
23.7477215479984 17.1094766584947 13.2683460360357 0.387431849942912 -0.908478211879251 -0.156728368540348 0.681035811293445 0.167457991716099 0.712844952967501 0.257740123427991 0.154037806085702 -0.114394169128628 0.366818702687947 0.229551204389034 -0.075046643332424
23.9726839628113 17.0698982653716 13.6434064619137 0.542788555863206 -0.652012461710615 -0.529396088566491 0.740955031571214 0.0749775601106601 0.667355898304444 0.565140703791363 -0.145774875660806 -0.454045024300984 0.532423888344692 0.360437287892283 -0.431446116662899
24.1889375670374 16.89705966379 14.0142019879307 0.626799575276936 0.00690308806081528 -0.77914987122557 0.772172265997217 0.128311336447305 0.622323133639457 0.177923561519083 0.15414633926886 -0.353010708301569 0.533232419623062 0.0672214982973927 -0.149747453747642
24.6103889240611 16.7879695841696 14.1894869833629 0.341708206533066 0.716037381286865 -0.60870834664618 0.645199569641195 0.292209411052409 0.705925673531081 0.657872766344744 -0.385080780188842 0.32194896405807 0.603585482956552 -0.0472778207032676 0.390642457907684
25.0647454390021 16.868438173067 14.4038490211241 -0.219515767830402 0.894882591830872 -0.388584425281719 0.78547766140978 0.398350256863666 0.473647340648535 -0.261677251575781 -0.264450228919473 -0.243950456021514 0.166932532674138 0.156058718470037 -0.0147995896254021
25.5047506587667 17.0748660416073 14.4486917854928 -0.64100384665834 0.765271146119244 -0.0589408378419298 0.69567097537539 0.611713302501148 0.376627964587994 -0.904695197052951 -0.556366984722075 -0.875982878310734 0.624303273065225 0.12098147473104 -0.509142314159108
25.813018602424 17.4272006058519 14.4188941608467 -0.80610241558832 0.391819723414771 0.443481770446479 0.584705193509765 0.642851120160145 0.494835493286752 -0.203455214487196 0.404551158878816 -0.327117928127831 0.644904802241518 -0.085797909309171 0.0494625767635422
26.0639546053999 17.7919186012353 14.6852451615929 -0.836680724496585 -0.092016838359669 0.539905685913394 0.400792883304017 0.568978987316176 0.718072325488064 -0.413579716160797 0.453714464491394 0.106769814533085 0.660157489978514 0.523785369678397 -0.445219735108911
26.0470052670232 18.2122238411762 14.9389783844331 -0.555933907270517 -0.51231087174923 0.654579979039506 0.486990007754747 0.437441863808444 0.755966422685412 -0.10230233123189 -0.179214092942859 -0.0951854830846005 0.648930990814701 0.398730733703537 -0.29404302759944
26.0508886056028 18.4349929848311 15.3843506710435 -0.0518365904849067 -0.940835239052583 0.334875951661042 0.460997126431549 0.274918050045381 0.843742616253829 -0.300305945228488 -0.666295528648583 1.00866770712915 0.475029131636063 0.0940345192142797 -0.318509160481452
26.0258452966647 18.4612170687394 15.8995499719632 0.60627762462319 -0.772167107668755 -0.190224296712033 0.541435701615762 0.22559327779312 0.809910452481842 -0.0364092074046385 -0.61852894380293 0.00306949233901279 0.717145275025804 0.0651908397471863 0.626032320617788
25.1441344926763 17.4813319767485 16.1231669913848 0.937022035579393 -0.156679245103157 -0.312155733887163 0.348954204632098 0.381957479563186 0.855768268944193 -5.20451626816472 -4.51618188549479 -1.40389400593845 0.283640063397346 -0.787256134315 0.187735423738574
26.4618427823498 18.4811799997203 16.5719201637992 0.599315680528018 0.0383956137920673 -0.799591378714439 0.776606787133889 0.214392493717737 0.592383019820319 -1.28868870742762 -0.363834871069376 -1.1037335209509 0.375253772002303 0.0944781564050045 -0.419253334797477
26.8822204764909 18.3901793052837 16.7916632882129 0.231876407776204 0.737190512925394 -0.634652158783813 0.720309226995159 0.308354915983735 0.621346719463228 -1.21540428908861 -0.241689147197838 -1.05778659301107 0.654904993173948 0.245954177320674 0.291754539767082
27.2864962126131 18.2299818635422 16.8847354428546 -0.20846646091198 0.923694152954554 -0.321450973783611 0.758518037449367 0.36017867260019 0.54306684199555 -0.659456756705269 -3.3569300668403 -2.67321913130707 0.405740852426842 0.945980337725272 -0.452929312543957
27.9707834814836 18.357750887566 17.0165866097638 -0.597614189128289 0.783962426795667 0.168107338039755 0.695997493081393 0.403144676684221 0.594189987266083 -0.147359871230777 -1.19110705634417 -0.4745501196133 0.677764023735302 -0.0168626341785235 0.342948986726888
28.4044707416987 18.7195496619918 16.9420173268213 -0.758473122728781 0.473160403230469 0.448149122459761 0.650957291644721 0.582961210128297 0.486220856026652 -0.358030401014723 -0.31277082862326 0.543703020426168 0.302293185051433 -0.155881935460902 0.148556159661208
28.464704523841 19.126212491619 17.2161302708225 -0.665815874963875 -0.269500987752656 0.695742999388188 0.603058412237357 0.354683052096309 0.71450707824261 -0.0570589484582046 -0.280053104997743 -0.243839075130467 0.275057138417458 0.114631426309174 0.451890907913181
27.096975622493 18.8818000317709 17.538131496132 0.00367026826729622 -0.499589792581363 0.866254264190067 0.755033957165437 0.569373702669944 0.325172556232269 -7.02991479840721 -1.23221974101708 1.34179170093333 -0.063826838622413 0.157268814198055 1.43925347994286
