t = 100
b = 30 30 30
E = -0.436699944358793 -0.649871697532217 0.213171753173424
6.00846953028914 27.22848235543 24.6154389570631 0.689073307250105 -0.722296956208533 0.0588639755719549 0.309502908836606 0.366764361379296 0.877320770033696 11.8042413759249 -1.3324944309018 -0.917307545240986 -0.0734536026316006 0.303772678206465 -0.302828655617278
3.37484191617021 27.5107745646977 25.2272016971838 0.999965698026594 -0.00697041665179426 -0.0044605995350385 0.00593381100305943 0.228222816845995 0.973590787743971 0.608168477984808 -0.279604609202843 -0.482972494385936 0.376893458600615 -0.539063279493597 -0.33648486440932
3.4349472136973 27.3335191430299 25.7564490660053 0.758461203285075 0.571602960142855 -0.313059962824467 0.0773814405979719 0.397977837271344 0.914125612069736 0.453474171467522 -0.224331484247246 -0.489956699242573 0.371237661719422 -0.380563978540706 -0.0686743882205757
3.57954875062756 27.4529750911447 26.2413486437918 0.475373846370116 0.679140914095284 -0.559273826048961 0.33238312566927 0.449943269594792 0.828898301792141 -0.071692839049268 0.340323813440599 0.352889489716623 0.37447083588772 0.385105819585801 -0.349634699404637
3.97782372098957 27.5510222225995 26.5046484006587 -0.227325340786657 0.874497488077924 -0.428459117047761 0.358506200893169 0.484231004954091 0.798118740008829 -0.0836919438752525 0.687735267605708 0.617886634163097 0.46140818417263 0.0647852050265926 -0.14758001870995
4.27649729319441 27.838082681699 26.8127694852502 -0.724683276283345 0.565732646644683 -0.393421663709679 0.186031892678209 0.710358210959704 0.678810163211229 0.0180502392383023 0.169918876646064 0.573591086874747 0.638767160435469 0.11932030241714 -0.291118416624248
5.02529434603955 27.7933947730567 26.4572059402164 -0.944052588189875 0.315693596282072 0.0954052028325522 0.287589748533457 0.646445312153878 0.70668273263966 1.36613241439837 -1.37820785752805 -1.02995249059137 0.66015151255494 -0.555624093421018 -0.623298478334116
6.20107812671418 29.0047662890602 26.4374507139264 -0.875834348883583 -0.291196284010373 0.384862056939634 0.318207910203505 0.251123981520515 0.914155543827813 6.71720812257233 0.281538660134499 -2.4558494920102 -0.430114353780772 -0.363769155025606 -0.880145530440303
4.25660720125 28.9317652580477 27.2762558758463 -0.37507264347456 -0.849297351627558 0.371502896368663 0.0899013886228559 0.365544872221244 0.926441885998385 -0.143421821638966 -0.444131971565686 -0.0412319109975216 0.443918241454928 0.236821285725595 -0.333401555572114
4.0344264842172 29.1138628667844 27.6892871813918 0.525448779035427 -0.778968840840328 0.34221486283305 -0.0778978557059593 0.356481053401725 0.931049446889349 0.129617894943343 -0.354147753885249 -0.0891721748920559 0.26152237195536 0.35506217215261 0.548971543683414
4.04998891657512 29.2265876620837 28.2388295612322 0.75111898116354 -0.651446442812629 -0.106947132648884 0.267047834065478 0.151671756393902 0.951672746825224 0.717032642019259 -0.159425859394875 0.359519014935677 0.461930787829587 -0.276622206784949 -0.18955752408754
4.05672600616598 29.1092581762436 28.7249641254098 0.952250271497982 0.0183822547923038 -0.304764493240232 0.302040256934627 0.0891624574497717 0.94911623809214 0.318600846844082 -0.0134934501125677 -0.18676023274118 0.788845714529099 0.114444941136362 0.150743884874499
4.35207706649049 29.0716854474571 29.1608939075252 0.802098928773909 0.426342555956965 -0.418173665300682 0.385342032110602 0.165461419998533 0.90781822520034 0.557680561976012 0.0956505471634416 0.227295021618703 0.313214635028489 0.651089238936471 0.238389644413534
4.59494789117972 29.1157712091888 29.6153482782957 0.420575298766058 0.65651792982927 -0.626179295812268 0.326276041500068 0.534562618403547 0.779606717257766 0.290925573293089 0.0347137424464736 0.162966038846552 0.334885478847091 -0.17713502996947 -0.588610779868481
4.89479972119405 29.3670936761676 29.8850094714815 -0.244963649222295 0.824053884870921 -0.510811009206823 0.172698815552186 0.555524625590598 0.813367930512017 0.545351061675999 0.431235091358922 0.137358165479559 0.292591747080843 0.389412620251045 -0.332440472150956
5.16558572642597 29.6131977832738 30.2516222055827 -0.693936231005096 0.586549068645857 -0.417627324696236 0.0323433893814165 0.604815378389768 0.795708580208358 -0.332466028085202 0.287916454984523 0.124221442172521 0.217510420477314 0.388935618706073 -0.38294325133156
5.31038767026886 29.9883198565653 30.3696453386397 -0.993536067099116 0.0880399299578306 0.0716584618506954 0.104459466194639 0.461994450823334 0.880709502759465 0.0325334614595216 0.0354940283495526 0.20687669302935 0.547907734960521 0.270507971065765 0.0103766271831862
5.27235221879896 30.3493685950059 30.6296749251384 -0.829409885839095 -0.402997186211823 0.386875161351017 0.121587943796443 0.545701941958074 0.829111359078326 -0.096536179101847 0.141038251011154 0.176632015619819 0.389320340247791 0.131396784990592 -0.135102037327683
5.1792075549084 30.7055722599304 30.9604002749979 -0.540348539946882 -0.798059722162958 0.266690873375367 -0.027912962138867 0.333771612225961 0.942240554014658 0.364839143004708 -0.0720518599952429 0.470343465997192 0.341124313973687 0.513964738163771 -0.158915171841533
4.97015187208596 30.8121694973484 31.3264980329456 0.249134517124348 -0.934414441096126 0.254561437577903 0.0313868208264592 0.27050151170074 0.96220771417267 0.21857538957029 -0.139890575120919 0.315088301343604 0.482236357188591 -0.0484952012172867 -0.330879767221965
4.87811316806853 30.7503504287504 31.7253606080952 0.834474403965777 -0.541913932554857 0.0999081594148612 0.0797358622430649 0.298144449349725 0.951184505904775 0.722129899735717 -0.3346715574555 0.473738661662694 0.547186474598869 -0.154198111031577 0.328408752324117
4.91429799208319 30.8055646549035 32.1362425155081 0.973913633980041 -0.185074346064735 -0.131299664662926 0.18083902717429 0.283495451758684 0.941768261682447 0.627581079509051 0.218065102132475 -0.112393076368886 0.42703267006715 0.240596737398605 -0.093884825949234
5.05311571944511 30.6258914667945 32.5414264755754 0.786257962652394 0.594782507293118 -0.167427794683588 0.0399695628654261 0.22143841146953 0.974354835749147 0.535474364110338 -0.0557041141574861 0.218434899172039 0.301667845490059 -0.618778320591943 0.0183690898770695
5.32644918790406 30.7132207103002 32.8633654619123 0.34946118415624 0.895679219031077 -0.275019086892566 0.0466944301923152 0.276512092641251 0.959875291028066 0.0202719885456928 0.045424192762956 -0.274087161664761 0.246513906714347 -0.0953417796098219 0.1969797796442
5.57926605383363 30.8571242831244 33.2490808267193 -0.238000255870629 0.917421015971351 -0.318895654789213 0.226874796968033 0.371759037876161 0.900179384957866 0.124327216858271 -0.190829746768565 0.226798612749107 0.073722064574329 0.463797497681658 0.197150082649371
5.84148339647413 31.0826618790624 33.6082157227353 -0.680124681461545 0.683685440553541 -0.264583673878193 0.338693166934061 0.613126911308339 0.713696167939411 0.335126281159202 -0.405526417033205 0.220322002628485 0.270752776421729 -0.0840304020632173 -0.60051069664187
6.10480159211208 31.4641225699536 33.7585658729047 -0.964387284542076 0.179806505474642 0.193975944901668 0.261737034999146 0.543157135480629 0.797793164884541 0.107143248398608 -0.400247914908981 0.119848124019416 0.514406050467973 -0.351928488717037 -0.17999799847751
6.07743227342513 31.9117821292383 33.9384010741117 -0.692231752581097 -0.525777618206222 0.494340955747685 0.16348737614792 0.552933108134871 0.817029215258928 -0.334786897773779 -0.014333448836203 -0.172773984660047 0.181437890541497 -0.0939398465676987 0.512310322679805
26.041743129126 23.7910816560229 14.6441718987125 -0.174486852491249 0.984127406568705 0.0323646206986777 0.802209145578547 0.123019146458977 0.584231682047973 -0.681691309060078 0.128658540119907 0.000119065960725593 0.0901334073399579 -0.399431375843893 -0.294275987090889
26.4516570096102 23.9435337317376 14.9205218100936 -0.626667868640595 0.697262631543166 0.348011620645655 0.670480505284211 0.254819213929939 0.6967947629237 0.0434332210942966 -0.343917768128172 -0.140236043354027 0.206898484616213 0.954189144262269 -0.0419659886162885
26.7431274313306 24.3118089405178 15.1592645823552 -0.765177114064383 0.0464587731791917 0.642141298561313 0.602721548728513 0.402335601492849 0.689095559244669 -0.331963048256647 -0.133719829558362 0.0768156712283463 0.402432256299273 0.16122419470087 -0.280503225495214
26.8318020438632 24.6499138833441 15.5072281958469 -0.445841930083414 -0.584933406871705 0.677552775895305 0.628394183195637 0.334525423448005 0.702291520657253 -0.64607095916368 -0.39037217826846 -0.204262015479436 0.57621009279462 -0.161497263166208 0.134226913670347
27.0407898732632 24.846219259404 15.9674229563325 -0.187835959224444 -0.909056077812793 0.371933570511901 0.735022989490666 0.121080902074999 0.667143538440785 -0.50086508164511 -0.362313773170621 0.478059051914395 0.468012512411444 0.186822852406874 0.0708243033120083
27.2177407901028 24.938233357012 16.4895971816592 0.286849684094155 -0.940956480666371 -0.179772193688449 0.729169798247032 0.0927495502551048 0.67801829408076 0.045887363559533 -0.564151417465281 0.299970561140315 0.155225684731118 0.113002868039722 0.498838315958001
25.2070848556782 25.1559437335675 17.9209031588974 0.528450929142296 -0.461555708611633 -0.712534791689393 0.826772545238316 0.0891495935344422 0.555427213803256 -8.58474516529918 1.1644569060195 4.14514724738111 -0.0942520890545603 0.222103492952747 0.369466037915721
27.6766782085138 24.5644291020091 17.3187642619805 0.521691999701706 -0.0216688717675667 -0.852858604099721 0.836229241053551 -0.185030890442974 0.516220995243243 0.416854118980112 -0.202185051612067 0.284019338729075 0.573177048995458 0.337852172353879 -0.207732147739284
28.158847110453 24.3448743586157 17.4088138689194 0.394419039522823 0.539221833626176 -0.744092276735195 0.89847499372835 -0.0563901113266359 0.435388023699778 0.0891472661297103 0.0773701137638378 0.216817021837343 0.668539162045506 -0.152934678896532 -0.0338981050062233
28.5850006583478 24.1716291994787 17.4653413932554 0.164842786101195 0.952318087205275 -0.256743058342598 0.784149194053537 0.0313579472175894 0.619779478702548 0.241317108117617 -0.0214997191344315 -0.357383859736864 0.517831273680678 -0.145107805347584 0.138315131060674
29.0340569831773 24.2040541530361 17.523818893114 -0.316993748976156 0.885930652031313 0.338587846798824 0.703553257979152 -0.01975317064201 0.710367867531112 0.154386380034414 0.139011401541304 0.158532126135015 0.247135882936843 -0.092215188303523 0.483394799550015
29.4649281647635 24.4308741373242 17.6822210309703 -0.586211086721223 0.383535917324079 0.713622206354735 0.795615412753605 0.106387479360429 0.596387206736673 0.21649260042625 0.0397907108753173 0.223000837820667 0.318807111911902 -0.0405989333058532 0.62922335367542
29.7701653923595 24.6171337029333 18.0206811469551 -0.73139612169264 0.105471358494588 0.673747272193601 0.649691375544564 0.408045400429448 0.641404676915254 -0.606103791322644 -0.703647477044809 0.515070804916147 0.584643884321987 0.640520282456647 -0.107788046787425
29.9353264103351 25.0142453612719 18.1394370448012 -0.410175417236844 -0.562917852389059 0.717551043326761 0.581507332142799 0.444677234379352 0.681257129147207 -0.237106134733639 -0.617034652357429 -0.0519434914719577 0.810086353609544 -0.107583811070399 0.118504018167823
30.0128050115257 25.3400529865258 18.5086604168258 -0.0296342915173985 -0.919644241312712 0.391632684351703 0.525882473682156 0.318851906911943 0.788530897985634 -0.601045660355766 -0.0127969233460835 0.28227013430402 0.711031022215865 -0.2051488857175 0.037381904249116
30.0519131782138 25.4264516866115 19.0089933617081 0.333036953157231 -0.94146928015685 -0.0521714788622255 0.58018837272213 0.160992829656183 0.798412578838168 -0.232647981648168 -0.374254803964362 -0.133097854951544 0.601732536186323 -0.39357253546948 -0.0167044683255277
30.2059718985258 25.41948059236 19.4777277768347 0.593149241852453 -0.658677911619526 -0.462944128979224 0.679842633308662 0.101762729400905 0.726263190641481 0.146903996207988 0.329159924638024 -0.0844343452018924 0.59576094801883 0.0157963077607022 0.0629744020356202
30.4452408965008 25.1652205986475 19.795757585115 0.672842008631062 -0.106861631902978 -0.732027392907117 0.698725438814162 -0.23327876272515 0.676286680642601 0.16999523414461 -0.0228745170270861 0.0434802172832285 0.441587111555142 0.24495679276183 -0.0198941160653395
30.7827434784853 24.8374185719535 19.9304761746686 0.575253902236595 0.550636220396851 -0.604882287412939 0.758998215144569 -0.083619190027724 0.645700723908511 -0.384799817119502 0.448379328440352 0.254211549010735 0.46305292044556 -0.42894543288798 0.407193693258319
31.2699768609313 24.8369359592162 20.1064277879315 0.0959661882680138 0.888347022325441 -0.449032225433975 0.818676178351386 0.186154230090689 0.543245616225953 0.290200183571957 0.11241134803103 -0.0376347201397031 0.327192654883789 0.294731784700307 -0.103627719456469
31.7708428753123 24.991338591116 20.1220472918963 -0.324374467373196 0.930877819326685 0.168070142375237 0.84351448594263 0.20424204874927 0.496757872118399 -0.222894369394068 0.630893702094303 0.084043544968888 0.487947107425036 -0.291564303450719 0.0464386307825232
32.2736990211944 25.1321764857139 20.2002301495424 -0.532112561116778 0.681612253657455 0.502255750568207 0.772604696994182 0.148255464704885 0.61733473957459 -0.456856883690635 0.453008988095093 -0.0683294126491776 0.496188707569206 0.231080918513469 0.0754624880637874
32.6313191933695 25.415548721483 20.3437146333012 -0.592980560571934 0.0114233348024399 0.80513566794844 0.790664978955538 0.197495205132474 0.579520851198493 -0.394341189714772 0.378306067038975 0.152916731636512 0.373226811589158 -0.221732018793417 0.0465511882959059
32.9659788454565 25.645469800695 20.6888431750225 -0.565997528795433 -0.535657687963971 0.626671779769004 0.589738989279165 0.268092340822276 0.761796763280678 0.150420985898995 0.078530708742398 0.682876002089998 0.346475552849969 0.46232150744595 0.150421476479245
33.0850648082973 25.8701848703033 21.0934998062277 -0.0641801546997798 -0.976246044085781 0.20694070356977 0.495168283082635 0.148886441822257 0.855944560483089 -0.164911257858773 -0.0359595299199917 0.392365064392581 0.565437951516936 0.0456283363467384 0.526407091150315
30.1122028385182 26.0742760957694 21.7957208261779 0.520163600205779 -0.852140354690228 0.0573282376715186 0.510095086586761 0.36380617591072 0.77938947486344 -11.9370634214161 0.45848979523734 1.211783610871 0.354297182764508 -0.712170993193937 0.221688596907523
