
#id1 id2 FENE BEXC STCK NEXC HB CRSTCK CXSTCK total, t = 100
0 1 0.927688 0 -0.0155133 0 0 0 0 0.912175
0 2 0 0 0 0 -1.01434e-78 -0 0 -1.01434e-78
1 2 0.988672 0 -0 0 0 0 0 0.988672
1 3 0 0 0 0 -2.14492e-66 -0 0 -2.14492e-66
2 3 0.359645 0 -0.36618 0 0 0 0 -0.00653587
1 4 0 0 0 0 0 -0.00606964 0 -0.00606964
3 4 0.01561 0 -0.249944 0 0 0 0 -0.234334
4 5 0.632811 0 -1.19907 0 0 0 0 -0.566255
5 6 0.0308202 0 -1.20054 0 0 0 0 -1.16971
6 7 0.0324012 0 -1.19294 0 0 0 0 -1.16054
7 8 0.150949 0 -1.25701 0 0 0 0 -1.10606
8 9 0.100085 0 -1.17815 0 0 0 0 -1.07807
9 10 0.199511 0 -1.17505 0 0 0 0 -0.975542
10 11 0.241898 0 -1.10102 0 0 0 0 -0.859123
11 12 0.0703717 0 -1.12827 0 0 0 0 -1.0579
12 13 0.0324178 0 -1.20288 0 0 0 0 -1.17046
13 14 0.124711 0 -1.23261 0 0 0 0 -1.1079
14 15 0.315645 0 -1.33616 0 0 0 0 -1.02051
15 16 0.135953 0 -1.15086 0 0 0 0 -1.0149
16 17 0.242892 0 -0.887482 0 0 0 0 -0.644591
17 18 0.194205 0 -1.21546 0 0 0 0 -1.02126
18 19 0.0900586 0 -1.16832 0 0 0 0 -1.07826
19 20 0.000166909 0 -0.981039 0 0 0 0 -0.980872
20 21 0.465371 0 -0.28652 0 0 0 0 0.178851
21 22 0.0668363 0 -1.04728 0 0 0 0 -0.980446
22 23 0.0368153 0 -0.993038 0 0 0 0 -0.956223
23 24 0.113012 0 -1.12123 0 0 0 0 -1.00822
24 25 0.0587956 0 -1.24888 0 0 0 0 -1.19008
25 26 0.418828 0 -1.24755 0 0 0 0 -0.828718
26 27 0.0253066 0 -1.28001 0 0 0 0 -1.2547
28 29 0.0345311 0 -1.14433 0 0 0 0 -1.1098
29 30 0.207479 0 -1.22064 0 0 0 0 -1.01316
30 31 0.0108169 0 -0 0 0 0 0 0.0108169
31 32 0.0850234 0 -1.26381 0 0 0 0 -1.17879
32 33 0.0751981 0 -1.25619 0 0 0 0 -1.181
33 34 0.500832 0.127951 -0.0204627 0 0 0 0 0.60832
34 35 0.0901609 0 -0.681846 0 0 0 0 -0.591685
35 36 0.0143021 0 -1.19124 0 0 0 0 -1.17694
36 37 0.00320935 0 -1.24955 0 0 0 0 -1.24634
37 38 0.177422 0 -1.19878 0 0 0 0 -1.02136
38 39 0.29556 0 -1.22033 0 0 0 0 -0.924767
39 40 0.212441 0 -1.3902 0 0 0 0 -1.17776
40 41 0.240332 0 -1.31223 0 0 0 0 -1.0719
41 42 0.316948 0 -1.39368 0 0 0 0 -1.07673
42 43 0.0862761 0 -1.29582 0 0 0 0 -1.20954
43 44 0.0537413 0 -1.08091 0 0 0 0 -1.02717
44 45 0.043241 0 -1.194 0 0 0 0 -1.15075
45 46 0.174679 0 -0.780045 0 0 0 0 -0.605366
46 47 0.187106 0 -0.919074 0 0 0 0 -0.731968
47 48 0.0364697 0 -1.03647 0 0 0 0 -1
48 49 0.000306017 0 -1.31929 0 0 0 0 -1.31898
49 50 0.245169 0 -0.478949 0 0 0 0 -0.23378
50 51 0.296349 0 -0 0 0 0 0 0.296349
51 52 0.943227 0 -0.0152254 0 0 0 0 0.928002
51 53 0 0 0 0 0 0 -0.0299367 -0.0299367
50 53 0 0 0 0 0 -0.00221227 0 -0.00221227
52 53 0.0272235 0 -0 0 0 0 0 0.0272235
#Total energy per particle is  -0.714941 and should be -0.71494110

