
#id1 id2 FENE BEXC STCK NEXC HB CRSTCK CXSTCK total, t = 100
0 1 0.00142216 0 -1.3661 0 0 0 0 -1.36468
1 2 0.0362419 0 -1.11302 0 0 0 0 -1.07678
2 3 0.285914 0 -1.0575 0 0 0 0 -0.771586
3 4 0.0944916 0 -1.37342 0 0 0 0 -1.27893
4 5 0.248397 0 -1.38464 0 0 0 0 -1.13624
5 6 0.417418 0 -1.33194 0 0 0 0 -0.914517
6 7 0.0138307 0 -1.24114 0 0 0 0 -1.22731
7 8 0.279179 0 -1.27896 0 0 0 0 -0.999777
8 9 0.091098 0 -1.38623 0 0 0 0 -1.29513
9 10 0.0904554 0 -1.20789 0 0 0 0 -1.11743
10 11 0.0452421 0 -1.28271 0 0 0 0 -1.23746
11 12 0.0348115 0 -1.04418 0 0 0 0 -1.00937
12 13 0.0138867 0.00654995 -0.806946 0 0 0 0 -0.786509
13 14 0.0510436 0 -1.36058 0 0 0 0 -1.30953
14 15 0.0398427 0 -0.984621 0 0 0 0 -0.944779
15 16 0.039252 0 -0.986995 0 0 0 0 -0.947743
16 17 0.327842 0 -1.15399 0 0 0 0 -0.826145
17 18 0.168733 0 -1.29214 0 0 0 0 -1.12341
18 19 0.160478 0 -1.3671 0 0 0 0 -1.20662
19 20 0.172904 0 -1.4055 0 0 0 0 -1.2326
20 21 0.00953144 0 -1.13359 0 0 0 0 -1.12406
21 22 0.149811 0 -1.21257 0 0 0 0 -1.06276
22 23 0.633303 0 -1.20298 0 0 0 0 -0.569678
23 24 0.00112392 0 -0.987583 0 0 0 0 -0.986459
24 25 0.0166545 0 -1.02954 0 0 0 0 -1.01288
25 26 0.298204 0 -0.400103 0 0 0 0 -0.101899
26 27 0.0095462 0 -1.29586 0 0 0 0 -1.28631
#Total energy per particle is  -0.998236 and should be -0.99823610

