
#id1 id2 FENE BEXC STCK NEXC HB CRSTCK CXSTCK total, t = 100
0 1 1.77863 0 0 0 0 0 0 1.77863
1 2 0.0506336 0 -1.11283 0 0 0 0 -1.0622
2 3 0.070036 0 -1.33883 0 0 0 0 -1.26879
3 4 0.0175668 0 -1.13974 0 0 0 0 -1.12217
4 5 0.00853857 0 -1.08181 0 0 0 0 -1.07327
5 6 0.0682451 0 -0.157059 0 0 0 0 -0.0888143
6 7 0.841034 0 0 0 0 0 0 0.841034
6 8 0 0 0 0 -0 -0 -0.00679896 -0.00679896
7 8 0.685716 0 -0 0 0 0 0 0.685716
7 9 0 0 0 0 -9.68349e-67 -0 0 -9.68349e-67
8 9 0.01065 0 -1.27121 0 0 0 0 -1.26056
9 10 0.0191096 0 -1.23006 0 0 0 0 -1.21095
10 11 0.0781607 0 -1.28291 0 0 0 0 -1.20475
11 12 0.0525847 0 -1.34847 0 0 0 0 -1.29589
12 13 0.100313 0 -1.09802 0 0 0 0 -0.997703
13 14 0.0301753 0 -1.2668 0 0 0 0 -1.23662
14 15 0.207017 0 -1.0949 0 0 0 0 -0.887879
15 16 0.221571 0 -1.12285 0 0 0 0 -0.901276
16 17 0.0306285 0 -1.27315 0 0 0 0 -1.24252
17 18 0.00336326 0 -0.999722 0 0 0 0 -0.996358
18 19 0.13533 0 -1.27371 0 0 0 0 -1.13838
19 20 0.0327626 0 -1.02441 0 0 0 0 -0.991644
20 21 0.0403028 0 -0.969437 0 0 0 0 -0.929134
21 22 0.00183112 0 -1.31122 0 0 0 0 -1.30939
22 23 0.22462 0 -1.35517 0 0 0 0 -1.13055
23 24 0.342304 0 -1.345 0 0 0 0 -1.00269
24 25 0.23441 0 -0.896537 0 0 0 0 -0.662126
25 26 0.342801 0 -1.18364 0 0 0 0 -0.840838
26 27 0.00692486 0 -1.34014 0 0 0 0 -1.33322
28 29 0.00632303 0 -1.35757 0 0 0 0 -1.35124
29 30 0.0197835 0 -1.31155 0 0 0 0 -1.29177
30 31 0.11167 0 -1.12737 0 0 0 0 -1.0157
31 32 0.0305582 0 -1.35017 0 0 0 0 -1.31961
32 33 0.0046631 0 -1.15898 0 0 0 0 -1.15432
33 34 0.519249 0 -1.26489 0 0 0 0 -0.745642
34 35 0.0104432 0 -1.32248 0 0 0 0 -1.31204
35 36 0.0492516 0 -1.02828 0 0 0 0 -0.979024
36 37 0.0566015 0 -1.38247 0 0 0 0 -1.32587
37 38 0.402489 0 -1.40048 0 0 0 0 -0.997992
38 39 0.0185811 0 -0.828831 0 0 0 0 -0.81025
39 40 0.081076 0 -0 0 0 0 0 0.081076
40 41 0.826519 0 -0.0516948 0 0 0 0 0.774824
41 42 0.00848639 0 -1.29714 0 0 0 0 -1.28866
42 43 0.00172413 0 -1.02162 0 0 0 0 -1.01989
43 44 0.12257 0 -1.29835 0 0 0 0 -1.17578
44 45 0.111552 0 -1.40019 0 0 0 0 -1.28864
45 46 0.354472 0 -1.1359 0 0 0 0 -0.781426
46 47 0.163414 0 -1.37059 0 0 0 0 -1.20717
47 48 0.22114 0 -1.21503 0 0 0 0 -0.993893
48 49 0.334642 0 -0.950904 0 0 0 0 -0.616262
49 50 0.214001 0 -1.19402 0 0 0 0 -0.980024
50 51 0.0690914 0 -0.000303358 0 0 0 0 0.0687881
51 52 0.374403 0 -0.446353 0 0 0 0 -0.0719495
52 53 1.34311 0 -0 0 0 0 0 1.34311
#Total energy per particle is  -0.765713 and should be -0.76571310

