t = 0
b =  30.0 30.0 30.0
E = 0. 0. 0.
20.7426355678 10.6130704986 14.6014595641 0.686683997127 -0.196329850161 0.69994262481 0.0498205784841 0.973286290738 0.224124309752 0.0 0.0 0.0 0.0 0.0 0.0
20.5851597742 10.9281667409 15.0071698483 0.981507338016 -0.0892388480725 0.169351036065 0.0498205784841 0.973286290738 0.224124309752 0.0 0.0 0.0 0.0 0.0 0.0
20.6514186092 11.2229209849 15.4514837064 0.903439631265 0.0517554843928 -0.42557984268 0.0498205784841 0.973286290738 0.224124309752 0.0 0.0 0.0 0.0 0.0 0.0
20.9236165365 11.5294728933 15.798786626 0.482140103891 0.173087043032 -0.858825823875 0.0498205784841 0.973286290738 0.224124309752 0.0 0.0 0.0 0.0 0.0 0.0
21.3057183157 11.8754799985 15.950320172 -0.122332509903 0.228659940162 -0.965789515778 0.0498205784841 0.973286290738 0.224124309752 0.0 0.0 0.0 0.0 0.0 0.0
21.6599343954 12.2736101444 15.8817019675 -0.680328957895 0.197361103034 -0.705833623497 0.0498205784841 0.973286290738 0.224124309752 0.0 0.0 0.0 0.0 0.0 0.0
21.8590694678 12.7167287598 15.6521889663 -0.979857060289 0.0910814831621 -0.177719736741 0.0498205784841 0.973286290738 0.224124309752 0.0 0.0 0.0 0.0 0.0 0.0
21.8348460924 13.1806094022 15.3821647455 -0.907121083143 -0.0498015149644 0.417912849318 0.0498205784841 0.973286290738 0.224124309752 0.0 0.0 0.0 0.0 0.0 0.0
21.6038444376 13.6331377877 15.2074037719 -0.489754640255 -0.171764084919 0.854773356792 0.0498205784841 0.973286290738 0.224124309752 0.0 0.0 0.0 0.0 0.0 0.0
21.2612031971 14.0465125447 15.2274884119 0.113677778727 -0.22847060727 0.966891174971 0.0498205784841 0.973286290738 0.224124309752 0.0 0.0 0.0 0.0 0.0 0.0
20.9444748098 14.4078074195 15.4679759256 0.673922108979 -0.198377326095 0.711670870221 0.0498205784841 0.973286290738 0.224124309752 0.0 0.0 0.0 0.0 0.0 0.0
20.7813669886 14.7238821766 15.8706888366 0.978132162653 -0.0929171820442 0.186074903371 0.0498205784841 0.973286290738 0.224124309752 0.0 0.0 0.0 0.0 0.0 0.0
20.8412244245 15.0187764592 16.3158175277 0.910733454238 0.0478437529578 -0.410214030276 0.0498205784841 0.973286290738 0.224124309752 0.0 0.0 0.0 0.0 0.0 0.0
21.10868358 15.3245767267 16.6674379176 0.497331879906 0.170428046306 -0.850655795408 0.0498205784841 0.973286290738 0.224124309752 0.0 0.0 0.0 0.0 0.0 0.0
21.4895095532 15.6692260727 16.8251512922 -0.105014390547 0.228263875458 -0.967919201658 0.0498205784841 0.973286290738 0.224124309752 0.0 0.0 0.0 0.0 0.0 0.0
21.8463974928 16.0659081764 16.7622274544 -0.667463938285 0.199378441955 -0.717453920453 0.0498205784841 0.973286290738 0.224124309752 0.0 0.0 0.0 0.0 0.0 0.0
22.0511370066 16.5080386021 16.5357599728 -0.976332776466 0.0947458049231 -0.194415899677 0.0498205784841 0.973286290738 0.224124309752 0.0 0.0 0.0 0.0 0.0 0.0
22.0333214333 16.9717663371 16.2649753808 -0.914276469454 -0.0458823474642 0.402483971846 0.0498205784841 0.973286290738 0.224124309752 0.0 0.0 0.0 0.0 0.0 0.0
21.80709651 17.4250351895 16.0859370228 -0.50487124581 -0.169079028938 0.846473453292 0.0498205784841 0.973286290738 0.224124309752 0.0 0.0 0.0 0.0 0.0 0.0
21.4657861704 17.839762472 16.0998523151 0.0963430051155 -0.228039760467 0.968873517551 0.0498205784841 0.973286290738 0.224124309752 0.0 0.0 0.0 0.0 0.0 0.0
21.1464372218 18.2025080839 16.3346223562 0.660954937628 -0.200364374374 0.723182333791 0.0498205784841 0.973286290738 0.224124309752 0.0 0.0 0.0 0.0 0.0 0.0
20.977752972 18.5195806303 16.7342418331 0.974459038758 -0.0965672125421 0.20274209046 0.0498205784841 0.973286290738 0.224124309752 0.0 0.0 0.0 0.0 0.0 0.0
21.0311966908 18.8146406776 17.1800763759 0.917749858978 0.0439174478522 -0.394723262704 0.0498205784841 0.973286290738 0.224124309752 0.0 0.0 0.0 0.0 0.0 0.0
21.2938415188 19.1197117085 17.5359337385 0.512372163813 0.167717135547 -0.842226648945 0.0498205784841 0.973286290738 0.224124309752 0.0 0.0 0.0 0.0 0.0 0.0
21.6732815977 19.4630138658 17.69980551 -0.0876642827909 0.227798279366 -0.969754049974 0.0498205784841 0.973286290738 0.224124309752 0.0 0.0 0.0 0.0 0.0 0.0
22.0327386006 19.858242648 17.6426218153 -0.654395602694 0.20133504827 -0.728855673994 0.0498205784841 0.973286290738 0.224124309752 0.0 0.0 0.0 0.0 0.0 0.0
