
#id1 id2 FENE BEXC STCK NEXC HB CRSTCK CXSTCK total, t = 100
0 1 0.001248 0 -1.18046 0 0 0 0 -1.17921
1 2 0.11187 0 -0.964346 0 0 0 0 -0.852476
2 3 0.0340601 0 -1.36509 0 0 0 0 -1.33103
3 4 0.0112094 0 -1.13423 0 0 0 0 -1.12302
4 5 0.0975026 0 -1.19074 0 0 0 0 -1.09324
5 6 0.0869869 0 -1.34034 0 0 0 0 -1.25336
6 7 0.0673168 0 -1.20085 0 0 0 0 -1.13353
7 8 0.264686 0 -1.34865 0 0 0 0 -1.08397
8 9 0.321491 0 -1.3851 0 0 0 0 -1.06361
9 10 0.45366 0 -1.39337 0 0 0 0 -0.939707
10 11 0.381227 0 -1.17945 0 0 0 0 -0.798227
11 12 0.0525941 0 -1.30688 0 0 0 0 -1.25429
12 13 0.0985354 0 -1.07789 0 0 0 0 -0.979358
13 14 0.457207 0 -1.41069 0 0 0 0 -0.953483
14 15 0.130119 0 -1.23722 0 0 0 0 -1.1071
15 16 0.14022 0 -1.35357 0 0 0 0 -1.21335
16 17 0.199279 0 -1.20906 0 0 0 0 -1.00978
17 18 0.0328528 0 -1.26617 0 0 0 0 -1.23332
18 19 0.140561 0 -1.16249 0 0 0 0 -1.02193
19 20 0.184077 0 -1.08551 0 0 0 0 -0.901429
20 21 0.0075628 0 -1.2453 0 0 0 0 -1.23773
21 22 0.087709 0 -1.25575 0 0 0 0 -1.16804
22 23 0.204314 0 -1.39922 0 0 0 0 -1.1949
23 24 0.105938 0 -1.20032 0 0 0 0 -1.09438
24 25 0.0457218 0 -1.32848 0 0 0 0 -1.28276
25 26 0.141695 0 -1.17203 0 0 0 0 -1.03033
26 27 0.0271162 0 -1.18928 0 0 0 0 -1.16217
#Total energy per particle is  -1.06056 and should be -1.0605610

