t = 100
b = 30 30 30
E = -0.906223909502178 -1.06056182144499 0.154337911942808
17.8474354612066 2.26445260813941 1.45536518056573 0.677645198747544 0.704710329980252 -0.210190906967035 0.137987839666472 0.158897634278739 0.977604613143263 0.551236147888721 0.34078801871972 0.170981052611183 0.436404871298321 -0.103243698691057 -0.284226385127056
18.2216477756082 2.24063997584702 1.71527775974205 -0.221236909501212 0.973787899488301 0.0528322389706452 0.346370532020233 0.0278191289802121 0.93768515044068 0.338945170406639 0.0939992943488853 -0.284249392234375 0.518413619148453 -0.149700296385175 0.575237184319516
18.3679796489886 2.45268879155352 2.20341253268596 -0.468132700759585 0.870049308763536 -0.154485783061887 0.267986966927177 0.306375995235344 0.91340933988632 -0.116282016960196 -0.0116762596472011 0.055053723800922 0.506155444974888 -0.127879779923974 -0.262448055726788
18.673080219733 2.70596873377717 2.46509938104259 -0.942893180800648 0.285623332613099 0.171381571999547 0.247101614566551 0.254761647610278 0.934899554632837 -0.338004731996092 0.479685794575405 -0.715345360993527 0.49647938482027 -0.0405032004456798 -0.0755247056474625
18.661547213697 3.07276001424587 2.85810234243318 -0.965014120534514 -0.252910163219364 0.0691670250323065 -0.00432893355703455 0.279129466493184 0.960243658136853 -0.513871013302827 -0.605101516700985 0.218573833400898 0.442301777667709 -0.0278884338020001 0.00770057317131709
18.5480884053185 3.3963667024708 3.27792835887589 -0.673625743118751 -0.719381808610071 0.169464017455975 -0.0453212758706825 0.269068680142492 0.96205400574741 0.042157148144373 -0.553075131673763 0.390826542542992 0.597148294182496 0.171428497310665 -0.124338739425932
18.3130666399106 3.63100799978292 3.62803332603176 -0.0624056568952366 -0.98053645566148 0.18615497306777 -0.14532250431723 0.193457921806511 0.97028618883349 0.372776124793845 -0.355176849022102 -0.0163092095561101 0.321027533507163 0.121252675740642 0.0471177265457934
18.0463973632465 3.67043058269118 4.03601265315147 0.525890486531064 -0.85010013057963 0.0277280550737698 0.0365815057226672 0.0551759612017974 0.997806238197663 0.348917845503245 -0.0126238419375616 0.511335256776075 0.498722225116544 0.0100946941217037 -0.332374654971159
17.9710093156527 3.50628114020685 4.46242393069366 0.8917169487572 -0.432777940990872 -0.132453834751256 0.115036660073034 -0.0663176570631866 0.991145005919569 0.708682946298523 0.00737786957877091 0.276998809466936 0.448002640597314 0.213969955449708 -0.149928234609664
17.9956855066272 3.2683525637195 4.83627150126881 0.96726567554272 0.234029258757556 -0.098118804664134 0.0816898686561148 0.0789134024660806 0.993528722834307 0.507978380339237 -0.278452372700306 -0.259818239291369 0.574023307795157 0.140485906770435 -0.0277920744457375
18.1437936866473 3.2003530896261 5.25370430664989 0.689891767104083 0.691676836064368 -0.213617382420007 0.134630604934878 0.167349030903957 0.976662062140363 -0.0742273899591826 0.21243292927197 0.0516216380350345 0.300360682368251 -0.0730884680345785 -0.0765313096988388
18.3703568220139 3.14569595157898 5.61337896385775 0.144689070656343 0.953580334392587 -0.264101307984083 0.0978000599183236 0.251820718704971 0.962819481945443 0.43831896315997 0.126114857671085 0.23105483113387 0.339652994935747 0.085493647071078 -0.185072872226854
18.6998713428023 3.25491488287342 5.91681456481638 -0.598477821703145 0.791528431453635 -0.123721139323015 0.134237880561666 0.251325317217465 0.958548724868636 -0.47297668640246 -0.0695057317673014 -0.231048901037048 0.180646489166806 0.170441658276973 0.271494191894069
18.7248667069092 3.59486313694967 6.26631769004607 -0.955557482482423 0.263113645999674 -0.132969877269974 -0.00931652571166371 0.423867058070958 0.90567643465558 -0.207260377413307 0.248252465114556 0.067940977900429 0.315494176809761 0.260443244209474 -0.00679778643941543
18.7151614681563 3.92473950242549 6.53844558771273 -0.921448279622525 -0.334751749160665 0.197165454961209 0.042831131988701 0.41687705542526 0.907953138163289 -0.284847644805248 0.279769138663126 -0.135953987993445 0.560063206366939 -0.133645090788327 0.151905490382805
18.6338904382641 4.18571229553278 6.99113359809004 -0.717068904652496 -0.693176487421484 0.072927538038704 -0.108061406894639 0.21392743986013 0.970854090938952 0.125337843430621 -0.547537563093692 0.135527311340748 0.508966262570679 0.0714713418040357 -0.228023205270939
18.3965010245517 4.41776818145554 7.31497419547025 -0.0981265642257537 -0.981475116128602 0.164552893799494 -0.112734423212146 0.175249393963013 0.978048303617609 -0.0517435565783365 -0.0854519579189022 -0.0450442476462924 0.185333141172633 -0.00436093597953273 -0.0302412657998418
18.2056002229703 4.39914943883535 7.70828544403103 0.590762597029706 -0.805159652249122 0.0521283956135535 0.0313883647581147 0.0874929281491636 0.99567044746662 -0.371018371809486 -0.571273289045371 0.0717484138587494 0.3366065536832 0.381204906304209 0.184307697410753
18.1474017628986 4.14248533965631 8.08116898105156 0.997480503003545 -0.06548020504179 0.0272924860965297 -0.0244172624574915 0.0443155311863328 0.998719087603377 0.0607358860004158 -0.542518004847788 -0.368903015322412 0.36463288402102 0.0664980630141629 0.641873532335173
18.2310793711583 4.14243959146015 8.60441685852816 0.948462645472519 0.134429067063525 -0.286962222816734 0.280536849502461 0.0649339262241212 0.957644269196787 0.277034756594427 -0.124162928277841 -0.0500767722342303 0.480481153156431 0.111070722339528 -0.491095727234315
18.4132988904715 3.8948666198546 8.89839019850474 0.582353606118813 0.80710784551058 -0.0971652430405866 -0.0204182849026716 0.134008175428031 0.990769793337181 0.413620272778413 0.0675311217429958 -0.246754515879591 0.451765177215198 -0.485121969192932 0.388720501954313
18.6301769508927 3.92919154208722 9.39422264780832 0.0398937508403105 0.944224635042988 -0.326876441523824 0.16207484798622 0.316689798753802 0.934579689907995 0.598259727898129 0.45933400376303 -0.185387277074306 0.245883064451261 0.00682578912108476 -0.350713559475366
18.9366637275236 4.14914551688976 9.76285779663934 -0.543276892026408 0.818212143409869 -0.188093029532416 0.245885393308117 0.369283623731858 0.896197448494131 -0.0822815649780334 0.124221220660627 -0.263458350615497 0.638463413684257 0.181169348086215 0.0508557371990996
19.1860997272161 4.42507756189183 10.0295562130006 -0.941914272361089 0.313060464678677 0.121616325764628 0.208618051773094 0.261590142257746 0.942363511658765 -0.0691768867843584 0.293163823547366 -0.595253883980625 0.256996839680121 -0.0668659614492758 0.23192283814785
19.2005750460779 4.64628550845551 10.4855469877795 -0.97454437192456 -0.223343913949111 -0.0195101043494314 -0.055898533390971 0.157787109675096 0.985889680860309 -0.536795919259461 -0.214788003572699 0.0487975066651264 0.385691569477568 0.0174120699945824 -0.267201013867322
19.0371108511065 4.99966507108328 10.7775942237255 -0.554957303452797 -0.80136668768588 0.22323464167649 -0.0553055822416821 0.303298080970921 0.951289362020451 -0.636402819818906 -0.180845815044864 0.442750778284774 0.561084046929475 -0.098799519218721 0.169277706595677
18.7943197948405 5.2878847183583 11.0882066915988 0.129956205478969 -0.912697433218956 0.387420527059998 0.0685619742115849 0.398070673961586 0.914788978412044 0.327896123163342 -0.150673139923569 0.229285814040687 0.343302452376945 -0.462748851232777 0.534220146453358
18.6644519842564 5.41802426804166 11.5840891750201 0.711362267820129 -0.695679895946986 0.0999654614489664 0.0802910952403801 0.221742620453428 0.971793924212309 0.805785246686275 -0.500437079803946 0.0548703678823082 -0.116246711789687 -0.146751951916512 0.535255758042894
