t = 100
b = 30 30 30
E = -0.846864689129698 -1.02852104954765 0.181656360417956
24.4658616235699 18.0361069284847 16.4297456838618 -0.674262088146812 0.721594135398898 0.157074571949519 0.718134013436361 0.690268851867634 -0.0883874230349096 -0.344647972481171 0.308212610327498 0.00559292809977544 0.320383416263048 -0.219648233881029 -0.0722927020775532
24.6785941045825 18.4751258484243 16.2723526066905 -0.5508307552063 0.415035463301661 0.72410698431252 0.606871957519776 0.794776065820625 0.00610888206199648 -0.0919179213804976 0.366344649280155 -0.55155108711425 0.229960113197933 -0.049417809342273 0.228196379254368
24.9709401197904 18.8946309576252 16.2936276006397 -0.300323851858675 0.00212346879778148 0.953834868149733 0.669054333960004 0.713201094638201 0.209070271163035 0.181557379690628 0.303727317792389 -0.333048873840839 0.294084112970909 0.216233650153107 -0.00159434638116382
25.0908354477644 19.3689681817404 16.4147295610993 0.338504705945579 -0.47373353881388 0.813013519491304 0.71207675156427 0.6937797681321 0.10777854268915 -0.21016403258684 0.281993416596324 0.167879427074626 0.376590329417405 -0.00802579030619017 0.201572247284284
25.3544776364104 19.7820179946186 16.6272130675021 0.460385834690241 -0.758785839178718 0.460748102846636 0.681480956101782 0.634705865245985 0.364324112269342 0.03274089198077 -0.461419449891286 -0.527245126289108 0.361685100010704 0.216291272859451 -0.179034741195311
25.4802774291437 20.034495946083 17.0088543285818 0.715856259412394 -0.665678200664285 -0.21076582041233 0.697623380309736 0.669094881457116 0.256190440946679 -0.0137870271826527 -0.238272769455359 0.5112501653632 0.482799105324088 0.0778768584860934 0.243937744616222
25.8865189214831 20.2506257807075 17.220154300947 0.433599068015588 -0.567932131250543 -0.699603332866365 0.848444187801799 0.518833332798151 0.104662864633733 0.0265415360585237 -0.323071969106249 -0.592104793545904 0.629638398053413 0.290007644504127 -0.149875946907801
26.297854949324 20.2326166659989 17.3980876872319 0.20718334334496 -0.0500268155331651 -0.977022139368617 0.939430980683793 0.288892230955663 0.184419663483317 0.457168993299003 -0.0995469300078284 -0.577622914929611 0.850805862045741 -0.118084289866678 -0.107126875796336
26.755469310036 20.1392609974191 17.5034851795644 -0.135838107416476 0.369502794967939 -0.919247286754844 0.865223486593404 0.496245124491786 0.0716168971142388 0.398766748014025 0.115440314627064 -0.415662066464949 0.669304798630242 -0.211392466977313 0.102540833110345
27.2325087963992 20.2228267402887 17.3926270347343 -0.608502743794807 0.59463612212244 -0.525482800826335 0.723489606758218 0.687764698876143 -0.0595179856712956 0.164514200249459 0.167148453780489 0.19544123051118 0.395112800582957 -0.0780876142571058 0.0182505542974149
27.5463939266812 20.4369422160304 17.0998311467331 -0.60226989922917 0.708118184469598 0.368564097667155 0.735917506997463 0.671405938331897 -0.0874035144221668 0.134854345396302 -0.133258053644799 -0.482593823745997 0.345716528998442 -0.114670517568408 0.309121510108666
27.7987585956149 20.869781238234 16.9943571608314 -0.633885018394267 0.382244010437075 0.672368337224936 0.5390684926047 0.841738659154768 0.0296829554916091 0.3263510161151 0.604043131083662 0.328043347347608 0.59445691513669 -0.286585083775417 -0.262192264609875
27.8364178969812 21.3651867923315 16.9484069088709 -0.23042390506729 0.0815723988189452 0.969665224973981 0.578603753846178 0.81267380168042 0.0691294103446908 0.155961797909612 0.171832183680188 0.593143186715643 0.614564687134748 -0.163138912625354 0.237829113590251
27.9808764843332 21.7938089235537 16.9433699032329 0.160709521835534 -0.33927736545038 0.926856623208691 0.776460859709361 0.623192057799379 0.0934883601219747 -0.180369371335078 -0.277278409979752 0.280867452607883 0.423556560632413 0.374041400165472 0.123555293577404
28.2688795764911 22.1569045838421 17.1365507317183 0.300579160092996 -0.752234011998245 0.586341234376177 0.685008291044115 0.598033968666231 0.416075597732095 0.585813799934505 -0.520191845443112 -0.380197438861407 0.329283345116301 0.42973763372474 -0.575202042120408
28.28623282544 22.4097217869724 17.4402440449317 0.787780740197848 -0.606211363951025 -0.109129136717165 0.604894049717672 0.727968834888158 0.322745177582691 0.0726849586305894 -0.244846419466868 0.502638324401659 0.637566885737321 -0.627080828286393 -0.0616000818412957
28.5419151264853 22.6868344523074 17.7687749231823 0.5897118637825 -0.522396548153242 -0.615907172682504 0.774566553845204 0.581765159618016 0.248185084742455 -0.0865195972106096 0.0361333036899746 -0.307990106785543 0.345097046012049 -0.00378534786314178 0.0796983720939594
29.0577995106281 22.7218825994077 17.9703062085267 0.257544511050627 -0.0571806786452929 -0.964573001699631 0.791965682626065 0.584403208843609 0.176813825513716 0.400060605140075 -0.419831613378659 0.0597750997583654 0.256268873731586 -0.380121263800895 -0.311254591641922
29.5088844147235 22.7678422130989 17.9694081063582 -0.152075168465378 0.484500411852853 -0.861471053196184 0.721242648958011 0.650349193342647 0.23844254933925 -0.539051220545881 0.363175188053046 -0.298330579353003 0.373368822993172 -0.206827031374605 0.288341332245034
29.9038625631827 22.930630155646 17.8608159085022 -0.542071719405654 0.759276558838571 -0.36007949377576 0.783806690390293 0.611340156330939 0.109133708146078 -0.33943079518138 0.226350800967541 -0.265747389964075 0.168951198329238 -0.0710834214333606 0.141714846010205
30.1902015423002 23.0559555452456 17.6439972784673 -0.402746010694708 0.86870182099035 0.288362066301828 0.914887513440392 0.391650406673438 0.0979320047341095 -0.595851881515166 0.114891525706099 0.315373008290854 0.361749608293237 -0.780102963386229 0.262345948670189
30.5997147448692 23.2909240284894 17.5061930114732 -0.523704366339291 0.604531640630915 0.600229217639576 0.772736388524616 0.633707035719068 0.035968703979267 0.132077502098939 -0.120787152962876 0.520969350180278 0.138700364019182 -0.0687251734787183 -0.154347435396521
30.7584950465337 23.7084873052034 17.3566574023871 -0.210016734379024 0.174890698743983 0.961928321584148 0.6998352770169 0.713934053655685 0.0229920400997973 -0.825395081399413 -1.11449777048821 0.456614744648025 0.501833687457786 0.280958812111386 -0.268001717242662
30.8132117505066 24.1810257269572 17.3489805856919 0.356476392704099 -0.277984018950625 0.891991786921354 0.601277999647258 0.798992400264419 0.00870602754289918 0.0761212031007838 -0.441718207977879 -0.0270208559860223 0.466491493417382 0.150467798063121 0.550261674284553
30.9838897398893 24.6124783805752 17.5256581713642 0.623664267650359 -0.660263374820794 0.418443591743901 0.577200610122035 0.749966813692687 0.323093058277757 -0.319270064449065 -0.63732685259687 0.242773573637353 0.406982476701176 0.0446354305990909 0.1489434830017
31.1351894402482 24.8538122547764 17.9623826774206 0.789331005107106 -0.552279030655849 -0.26822438885177 0.612531275592464 0.678494013861315 0.40552583217528 -0.275736256411064 -0.665909922970605 -0.206242970238043 0.587148218729551 -0.533746590554928 0.528564733820652
31.5184371140113 25.1498546305602 18.1269376622232 0.4687079070619 -0.651160789814553 -0.596910717950362 0.855831031723455 0.50210273235695 0.124281833811 0.509850867972194 -0.010257158677514 -0.276330913483283 0.184504955451618 0.0732090837154233 -0.180895792202097
32.018146579257 25.1276918344033 18.2706763258355 0.0118203844471009 -0.000140418626806735 -0.99993007026329 0.806512283551509 0.591141689818509 0.00945094046112075 0.268386990044751 -0.121317043754301 -0.398467827818548 0.315368392067346 -0.127092740478192 0.609929078855794
