t = 100
b = 30 30 30
E = -0.819334182954045 -1.01816257000646 0.198828387052416
3.2602031933056 15.9694228008586 10.3452717129609 0.67877825408028 0.137476856455052 -0.721359881536052 0.691585278547908 0.210626445523764 0.690902445372854 0.105274256068883 0.329636696107346 0.354629732298176 0.390254587123169 0.0906930872179597 -0.670873418740363
3.68223972635018 15.8927082466186 10.6161916680988 0.295643094022891 0.547605182129535 -0.782766638702102 0.702781757764143 0.43033694827458 0.566487241073847 -0.0433083914214955 0.272145545992003 0.470618802336381 0.252193435921516 0.286493899094657 -0.126972550201644
4.09277484951873 16.0030813353741 10.6565483982783 -0.31529813233735 0.911884764863223 -0.262779650909805 0.61727890877661 0.407388806290872 0.673053482488845 0.466857780900936 -0.150859012021864 0.0141521370696279 0.417892772146724 -0.0812162427241078 -0.253759038433891
4.44194295791089 16.2585694129612 10.7048849205772 -0.684870241928501 0.697707913918534 0.210134006333248 0.648815467377462 0.452655886213716 0.611670679836963 0.0176761662733915 0.262047483344278 0.293383253632427 0.58641581157414 0.0324650768263844 0.306824122618314
4.75989968474812 16.6063443969266 10.745731950962 -0.802671531614915 0.284947049394188 0.523949875647252 0.57377155672313 0.608718996516515 0.547948239263589 0.0167335177606881 0.503760717855838 0.266281151367188 0.697518178246431 -0.0446577055682784 0.017272631444551
4.76900327412729 17.0367592123609 10.8384493434681 -0.490455739038605 -0.250460466850124 0.834699109865452 0.540632287273193 0.663772641632786 0.516838949775325 -0.599197293481078 -0.0312349483463159 0.408771355058497 0.698414329573818 -0.393963723715521 0.302514680562931
4.98062548738737 17.3271697922146 11.199288859508 -0.429432034085405 -0.634180215176513 0.642964593112963 0.369949727312282 0.525944252247797 0.765845762256806 0.0160707463491502 -0.379989618537353 0.562520088622773 0.507095237719383 0.366072581666194 -0.255021390236476
4.88884832467156 17.5762493079593 11.5875113432558 0.286291666315332 -0.880379995421521 0.378111129504427 0.409610225371613 0.469207899020076 0.782344742296484 -0.0183470193613623 -0.305718969273809 0.341050971996596 0.751974689071482 -0.0137080663225507 -0.116327208681675
4.92758597156906 17.651102186411 12.0747485360261 0.568533364096131 -0.817968710170341 -0.0877318923578149 0.407013142346993 0.187001817605819 0.894075229497961 0.375639531173714 0.0703389100043683 -0.366959533378854 0.515797497625631 0.235475953966765 0.0976380993364069
5.05286127831601 17.5119290721987 12.4977088982652 0.85285391566779 -0.176409971286434 -0.491446439174439 0.519122289781142 0.185267249126393 0.834378800565541 0.0605623904964266 -0.0575997253772996 -0.433762361740491 0.606259688917825 -0.445710032590898 0.0571615386579639
5.35320686865312 17.4794061451967 12.8971444022136 0.622899240065966 0.246084652306434 -0.742589227917157 0.703722605112967 0.238375590094497 0.669291758618688 -0.175383855611555 -0.0604630619959791 -0.251217867731119 0.244249573520601 0.141071723575227 0.0471633644177778
5.78055942849496 17.4345233278169 13.1697145305662 0.232166171863027 0.70603684665916 -0.66903715935164 0.567197044101082 0.460508793410659 0.682802347229387 -0.540699805605134 -0.0785238939038183 -0.149655643208063 0.510378182930551 0.0370311055077256 -0.143204554768493
6.22162878932333 17.5851580584518 13.2719159381607 -0.299082697493244 0.85358605017657 -0.426544576613476 0.705040420958714 0.498892213419788 0.504008383354976 -0.22796321779095 0.124909577452453 0.019062266407128 0.489380738138391 0.598322211388875 0.0913769004965344
6.64314224033833 17.7728826645175 13.2206248411383 -0.642529279982181 0.739580327666286 0.200441873562631 0.719507600471605 0.492343837873839 0.489802253237012 -0.475882115165639 -0.157727942842971 -0.725045924911881 0.355886139496227 0.174020414854931 0.207792275826801
6.93906311717613 18.0796245527361 13.4039444108063 -0.885403480419105 0.273007493769033 0.376201363780768 0.464763965590535 0.532877986231397 0.707131805547181 -0.353508669929622 0.0229948592769712 -0.0678125950547388 0.499402253054774 0.0148674964095534 -0.150320093730285
7.02384653126492 18.528137795539 13.5457583652379 -0.555413832144203 -0.382276204249881 0.738498654550202 0.52866926915686 0.523181189187242 0.668423615943432 -0.499300074011278 -0.0779398156943115 0.0845116327987908 0.334301744211733 -0.126372947634245 0.337586485448293
7.24472903857511 18.7523481378318 13.9692347538629 -0.449725930657385 -0.76545131125812 0.460250756208115 0.369642821273068 0.309593185211219 0.876079978476129 0.333583811341069 -0.485616026843024 -0.0381071220478069 0.51253172312504 0.542613088445257 -0.147277265601411
7.06809162586177 18.853327910181 14.3064984093505 0.511984702411492 -0.780270537429756 0.359234517044152 0.32265176345772 0.562265711270652 0.76141512825959 -0.331336628596575 -0.827783397671713 0.248773921837961 0.556468146063402 -0.364224130425709 0.417786633557487
7.23641355020786 18.9193972645939 14.7431574698357 0.674548545963859 -0.737206374428249 -0.0388703160029667 0.455054922410955 0.373763341260818 0.808223895844697 0.175535852392271 -0.329364734651259 -0.0364694313524787 0.279918183055832 -0.387876437561668 0.330611990745686
7.40410827558758 18.9096760414292 15.1967522953036 0.874137080912772 -0.248561311715569 -0.417254741048214 0.484568107610254 0.388265411720343 0.783864529265268 -0.541666036992375 -0.513972554193632 -0.107395845974259 0.361472946389388 0.106450121632664 0.159749142455085
7.81387525091908 18.9244618013556 15.5821192456335 0.7409067574944 0.270941182053106 -0.614530661092403 0.597727036461802 0.151203372190965 0.787311766250768 0.0985918074246113 -0.422729415790624 -0.356311954306429 0.353593132549524 -0.102242189327996 -0.260667948517306
8.21882599990164 18.7995343865197 15.8302801455479 0.350043921078909 0.812291862787309 -0.466530882209358 0.698154539299532 0.105821524953391 0.708083280575323 0.387982272194064 -0.397628111232177 -0.786050448909644 0.444720069499566 0.193934886211777 0.225052337934644
8.69355257342208 18.9063124417795 16.0689376180544 -0.163203181528115 0.934310451829747 -0.316904689271452 0.669049355572093 0.340878189448184 0.660435387889534 -0.0921654310549693 -0.0067401595735512 -0.0781690143821697 0.285784168117663 -0.0429517738691697 0.0908657861257011
9.06693958739023 19.2116097686647 16.2625995850713 -0.661900025763686 0.747544041970004 0.0553727551157073 0.549054517495225 0.433207124275789 0.714752128428795 -0.189198069693711 -0.248402523473468 0.23942721912254 0.359022502712683 -0.121301388723613 -0.319204800686746
9.45601173859944 19.4886998698231 16.3089783230307 -0.791420636884903 0.292170767444876 0.536925971845407 0.609186560700719 0.449478173237517 0.653345993675734 -0.0222790838883114 0.0678810375245696 0.374882044815961 0.580914502420746 -0.150537340866805 0.256417343939941
9.52690253405368 19.9617727933903 16.3308850648654 -0.255569923449302 -0.453132073391708 0.854022972504745 0.678059600887416 0.54566098763673 0.492431870080242 -0.103494681007805 -0.431832167715662 0.78624419521633 0.156715700385197 -0.501201311410886 0.899493650238514
