t = 100
b = 30 30 30
E = -0.656133806302257 -0.86219836291702 0.206064556614763
21.1185571826533 13.747100067163 14.5795764643174 0.689611905894324 -0.637476349554373 -0.343597449635581 0.530233742819101 0.121311666668841 0.839127847796329 0.474432566097701 2.21405967452676 2.81330428975164 0.588079519535902 0.861913321574082 0.147677723997751
21.3285051545869 13.0290865608182 14.5687263425861 0.935202253958589 -0.0602412597249129 -0.348952168735075 0.331410972657438 0.496057159027801 0.802554635529679 0.416416153478464 -0.0811575628958694 0.066996557359836 0.293094584301431 -0.236162920222493 0.0108872732816913
21.6603753239394 13.1624009976947 14.9489729296142 0.646399414807403 0.330888955834821 -0.687517400683115 0.583917093614741 0.365476046361635 0.724891696788441 0.111506279886298 0.117402420104639 0.315193250625167 0.120091298414784 0.450523988985575 0.0178598399959923
22.0460521758901 13.2038439454895 15.0821059619141 0.185863492043335 0.881874152067352 -0.433304309606802 0.453742352383364 0.314118918775406 0.833934688041095 0.550478289045863 -0.0741101382551879 0.393225504770472 0.658527096092217 -0.270960978335502 0.290033136171349
22.5085060185447 13.2878998248443 15.2812249643112 -0.359729323043069 0.930570152879905 -0.0680726753768481 0.654887811010436 0.30377878465477 0.691982868440967 0.387940670012408 0.0202843400366344 0.189406284734621 0.254491541329998 -0.365612815529778 0.464277961816868
22.8841512753874 13.5766188563096 15.4774064442811 -0.732047664556951 0.681172793483369 0.0104748867486217 0.529176513995839 0.558881240469648 0.63845427376257 0.660961280045061 0.314697395398542 0.95061442055658 0.0548294815083757 -0.375282392167952 0.14610675076013
22.9907544763621 13.9146359894539 15.794767813381 -0.981141137355034 0.173767565394787 0.0846568717083259 0.177336709338697 0.634980048592617 0.75189887111001 -0.426938741290527 0.567309653872123 0.751867731102027 0.282738614833136 0.510013587086772 -0.422754086706681
22.6849214533817 14.4969455161236 16.0822126602314 -0.770820809529147 0.0362741327971402 0.636018366718045 0.521917233181316 0.608436843660016 0.59783516990299 -0.784506142333706 0.469265509931674 1.4993213537025 0.391282614111074 0.060681657322306 -0.787140655018742
22.8467449234923 14.9273468256285 16.1004418307298 -0.311945630271936 -0.575599934059198 0.755893196597043 0.455094158404985 0.607861663886375 0.650686856618007 -0.450628097563868 -0.179587329732038 0.707146810150761 -0.0693007117225494 -0.590105690647053 -0.496257840923128
22.8989236658835 15.2588198365365 16.4595534412797 0.268748197808568 -0.880748241991257 0.38994463925907 0.409881890410885 0.470926483390634 0.781168972867983 -0.185261755985884 0.0731478747861771 0.883438165160059 0.310114168422896 0.175993806796589 -0.255877363771569
22.8487087838482 15.2553650472784 16.9423614938812 0.778001552696459 -0.620943239203058 -0.0956188224619863 0.36330418081047 0.32048423501279 0.874814159609075 0.50161998431088 0.197492086124598 0.00298735743634869 0.470916947006127 0.116106814456583 0.167469789447981
23.0276449602356 15.141952290475 17.4103553551956 0.860738058016635 -0.14273431508342 -0.488627457753781 0.508782503383131 0.272218575666423 0.816723513986738 0.217109371764725 -0.0678605066978803 0.452395908187975 0.659376550920338 -0.18174591012248 -0.00430858729574231
23.2310426762235 15.1473764110824 17.7630070238345 0.703340597861727 0.265325023997236 -0.659480489723812 0.561780692037472 0.360982258096218 0.744375004863612 0.34067426544613 0.783007984932451 0.380797767255348 0.680198863207012 -0.287901858316573 -0.0635551708397101
23.618328017409 15.0449102971403 18.0020342105037 0.202411345121497 0.813556332994252 -0.545119823285404 0.598303656838127 0.337942789498673 0.726517234094536 0.102651548090003 0.268631289639559 -0.443698893043583 0.52124546615221 -0.111299294801388 0.021440054573601
24.0293895664768 15.175809472734 18.2130837630228 -0.314785039059475 0.877733109984885 -0.361240705917442 0.616492476113035 0.478451292184119 0.625316938982549 -0.117745451891343 -0.154191976424238 0.356972930600975 0.405684853875461 -0.0928272350287611 0.0834453422129614
24.4076696989558 15.4060292763729 18.3401277026406 -0.736548679095455 0.675356337099 0.0372792442846118 0.499925245840012 0.506441297205611 0.702560917208424 -0.0542639373197462 -0.299710209598782 -0.476333558474622 0.427285251821316 0.198907360532399 0.00659104193167937
24.6308707398024 15.8090936251908 18.4421526720954 -0.848891009019426 0.146011732457793 0.508000502818852 0.501551447873535 0.525845344456047 0.686973580293544 -0.277324873618448 -0.254485649996921 0.147188764936445 0.161580649747962 -0.384354094925212 0.0972803941243321
24.7943421642363 16.2452361105484 18.667072804067 -0.665846814667911 -0.444896216663728 0.598928424534085 0.39600595770448 0.469603513822813 0.789082823320448 -0.330920727537216 0.045651976886001 0.266869945665297 0.391603363385432 0.100055814842875 0.240165838237909
24.6097950426199 16.5403896422385 18.9193349698049 0.118831358469266 -0.735938341941839 0.666538638186122 0.374630569974463 0.65491101297754 0.656310432123491 -0.62732501716432 -0.743091582478751 0.45976921181937 0.494357835489317 -0.319409401756247 0.360781971367313
24.4632044281394 16.8483099477123 19.2521263882838 0.536303624591502 -0.754504240179229 0.378287799211872 0.33289560984353 0.600951541763195 0.72666198384242 -0.387366051617645 -0.448922408799003 0.172990584212908 0.325156608849599 -0.295716755823883 0.531946117517034
24.6532483470091 17.0941954180633 19.6791283665981 0.41287238015077 -0.910662062657867 -0.0151952940034216 0.641396417024922 0.278867757177081 0.714733020802051 0.833875124515886 0.218512372770633 -0.117395268774757 0.272564245251738 0.0617412207054337 -0.672301528254714
24.684300790782 17.0415893830927 20.130696149129 0.829437868331287 -0.335604349528382 -0.446544986206408 0.551416136376129 0.364132380409969 0.750564944864181 0.474102156220712 0.0958841499797354 -0.0665139361692144 0.363201527583854 -0.0524563607567397 -0.313441385872466
24.9131575335164 16.9866221259615 20.4996618212181 0.694782254058416 0.319542504287235 -0.644336936851306 0.489306412450382 0.44659105256791 0.749089812919464 0.267566632605831 0.263406045974209 0.163929441262364 0.513110475744115 -0.204799617869826 0.0435311249695361
25.2837990584235 16.9952697320052 20.7162724424677 0.174462108082325 0.845387085373915 -0.504859912827014 0.485970552358279 0.37200234939187 0.790851917872549 0.280053045059795 0.0126839322832601 -0.324126200902457 0.425602471994158 0.0175855728895381 0.414703239400222
25.6434478704323 17.1277958962318 21.0045108600425 -0.348373178475515 0.882199707013113 -0.316795970314056 0.527568062183082 0.463891792678353 0.711671431398014 -0.339601364363777 -0.0536580115441929 -0.180388710999656 -0.120643180890275 -0.269799282717659 0.137445620395855
25.9607373104762 17.4295931375447 21.2903366048475 -0.843950320957084 0.536415307406664 -0.00252115611904405 0.243088323848583 0.386635758339065 0.889618314490523 -0.43022723816769 0.502078516322606 0.0131351236078055 -0.215568178438881 0.319682607843143 0.569924653594689
19.4909205552637 17.3946267971866 17.7359437283966 0.0733712897978362 0.925006693325436 -0.372799078054424 0.750611270717477 0.194907442885849 0.631342773720245 -0.63071416948742 0.246493433479493 -0.317609118770651 0.282764218415252 0.485112616893952 -0.140684160593179
19.9591124694418 17.5538751298394 17.8451324179597 -0.57076443514443 0.811904181797983 0.122635404677523 0.661034691645709 0.365740517617705 0.655184629656989 0.395211260627905 0.208447007234892 -0.269763801825225 0.414332917431002 -0.0570773074362191 0.0304608474669583
20.2586263420171 17.922408571616 18.1638306175438 -0.851117038203814 0.471420195768715 0.231003608667073 0.42887433384039 0.370606846622125 0.823842979008848 -0.0893265163290518 -0.0870109401346393 -0.0390127069205829 0.776884423521485 0.293007631367402 -0.187305850363392
20.4032531331448 18.2958818060923 18.394392844241 -0.850000324237501 -0.106969435633146 0.515807007946103 0.443217528623211 0.383980202992809 0.810010687256829 -0.506624466857453 -0.183091409255896 0.0326476080398265 0.297711376519752 0.229893163928673 0.247493447349434
20.5204310076813 18.5654479340843 18.765477152319 -0.564763615702773 -0.72592947596503 0.392515395439896 0.484873018127909 0.0929888472735086 0.869626995536663 -0.633129970655236 0.0738534633496063 0.562494128891231 0.417789353146418 0.0478580982712548 0.0412709983100911
20.4507491245744 18.6976575206477 19.2288400358413 0.0789356772954791 -0.981851596606665 0.172442702198565 0.405734180448328 0.189649559282908 0.894098821916928 -0.331924805916815 -0.0594233330096988 0.243392481293436 0.471426295432423 -0.0694932817144415 0.294761968469857
20.5194118516414 18.7070485276794 19.6963852793672 0.403653228218612 -0.911532428748583 -0.0785657915100925 0.501045331520482 0.148390832031744 0.852604021753769 0.202390885396566 -0.191482957525245 -0.0376905851976415 0.35693530157609 -0.157926392069032 0.0421531096674599
20.6181255104863 18.6015733541863 20.1184299680077 0.715809796197784 -0.561578218253922 -0.415025447284318 0.586388758519556 0.160692391594851 0.793930765251825 0.349372359849702 -0.701084182612835 -0.0648174233618808 0.3014306116797 0.232230870943719 -0.101584263538341
20.7833584900675 18.3690967085008 20.5050129389632 0.824738425050178 0.170769680255194 -0.539114206682211 0.529679690022734 0.100689953737311 0.842200000246531 0.0722831621506369 -0.0563879702523493 -0.346535333632158 0.518867802900932 0.361026745140034 0.316695485345831
21.1710507909842 18.3291618716269 20.8578319314771 0.585323972665523 0.424511484879801 -0.690786315529196 0.776614332316192 -0.0487554171293782 0.628086764369113 0.051609643524132 0.21909271871783 0.193970643838038 0.624087026786154 0.109067029465135 -0.65810263863664
21.5591403490196 18.0698424722636 21.0027955938569 0.179680998502946 0.941856570312857 -0.283938059528486 0.70617720956507 0.0774482493874012 0.703786475738726 0.261326575366606 0.474328296393341 -0.495843602010737 0.464637940928973 0.134244739489987 0.116635591985212
22.0606508809738 18.1623815399845 21.116798879734 -0.567225303546744 0.776555762531602 0.274256251571065 0.581624308466794 0.141959808566117 0.800974692132485 -0.358944698080247 0.374163518354386 -0.191079143431208 0.163357101677825 -0.776282171265912 -0.100295235472102
22.4734324039613 18.4539624579456 21.4143033974654 -0.732349199877933 0.652980381085145 0.193083293488607 0.363133864437024 0.134654261335324 0.921955481109364 -0.311310710094615 0.0532343991163042 0.363341645600723 0.23687276275164 0.361576751462407 -0.436900177493249
22.6514366452828 18.7960550166348 21.643002634728 -0.850008146644419 0.0222173011560353 0.526300697991824 0.524510091229091 0.128132939827789 0.841707190682873 -0.455219144964567 -0.42170373854044 0.362342724368936 0.361794513511802 0.401262614634282 0.038105342379249
22.7849147651201 19.06741851082 21.941500306906 -0.620585110352067 -0.622700390345307 0.476569224487045 0.358810291447054 0.314893827897777 0.878690468699225 -0.0645263963059724 -0.506977954227116 0.0624895034938511 0.60294927183014 0.317539577468922 -0.225831054979
22.688830358108 19.3124915323854 22.3256061018328 -0.0618070958981114 -0.931085852280511 0.359525937155665 0.220046353777733 0.338639545926517 0.914823893553413 -0.0441117480872403 -0.237543381126066 0.130858282797024 0.73765574102706 -0.0374697081562167 0.158536495751423
22.6129918227501 19.4450040333624 22.7942621743063 0.354698583715648 -0.933721704124355 -0.04850335471864 0.392375232260796 0.10156571975702 0.91418048915165 -0.0153408386704076 -0.325688089486659 -0.451935740996504 0.446212135919395 -0.0198147288149309 -0.0702053874679839
22.6730397509586 19.235450180006 23.2295750711414 0.833306766110817 -0.362146599105052 -0.417671591014033 0.475972976893974 0.0857570514179832 0.875268721991343 0.120209606467386 -0.412927291931124 -0.242247960329946 0.478499098671101 -0.0363767393455954 0.185033510053522
22.9962133515104 18.8327440299048 23.431869906814 0.881570295136204 0.0713154949032033 -0.466634542038097 0.454793447711443 0.136542100686572 0.880067642561356 0.302273971591712 -0.500161002342691 -1.12201810774845 0.00163761929650428 -0.628451259151011 0.30535530674354
23.357401729455 18.906958663162 23.8747487410268 0.497656369018686 0.467392554576369 -0.73067244480775 0.625201935842676 0.390608125047461 0.675683145937862 0.516667518135661 0.305664134226093 -0.676748557243784 -0.0117503940267341 0.317223981726931 -0.474540056212611
23.7260373691694 18.9563187144429 24.0421377285896 0.0513078303284346 0.97179677220895 -0.230170417968429 0.690565191273508 0.1319712665752 0.711128108110114 0.294508950695312 0.0877377847740471 -0.918633058619323 0.389582250151398 0.215089438859823 -0.125484030646281
24.1335842126772 18.9956283470062 24.2192767649561 -0.342371996174643 0.933977725548144 0.102307895338855 0.569471367026574 0.119669646741881 0.813253600409734 -0.460021553109534 0.0976330548243386 -0.37686039234381 0.587600618996681 -0.0911305568650322 0.0239342610658016
24.6137770821765 19.1798566374036 24.3271797176335 -0.69052635787285 0.395423376400419 0.605651373585727 0.697045195528385 0.140213108522144 0.703184301006793 -0.118521290105234 0.14153113672789 -0.307672863105849 0.179110391017202 -0.0941108180707997 0.52158089447193
24.915561902948 19.3900078757431 24.5713696296665 -0.803972609954141 -0.237057931558009 0.545372774692558 0.452499571725504 0.351174991216309 0.819707355504886 -0.204952954534335 -0.336079492212713 -0.917375457206349 -0.0187176498573703 0.0370869370469248 0.255304177701178
25.1138084536878 19.5177543499919 24.9885338972665 -0.496370950274944 -0.804478586435233 0.326236065289235 0.337093935515506 0.167694450753785 0.926415745539 0.333254219217873 -0.731335337080244 -0.124057500422456 0.504996498319193 0.365373456046771 0.642777253754526
24.5671165161487 19.7943934432145 24.9934438650511 0.267504608044208 -0.775654590132013 0.571665220087235 0.504133749353328 0.618269891464587 0.602985393677728 -1.22418674292038 -1.3756790282088 -2.3407731564101 0.175967095587147 -1.44342573542876 0.099958622464514
