t = 0
b =  30.0 30.0 30.0
E = 0. 0. 0.
24.9437487515 15.524197761 2.38460208348 0.634548184483 -0.746075620149 -0.201791403653 0.670658973443 0.401754391901 0.623546269277 0.0 0.0 0.0 0.0 0.0 0.0
25.1423191666 15.4089333012 2.87036848482 0.739260753104 -0.292986622483 -0.606343448852 0.670658973443 0.401754391901 0.623546269277 0.0 0.0 0.0 0.0 0.0 0.0
25.5094040937 15.2268825317 3.21791887791 0.56311580184 0.27141289154 -0.780535480311 0.670658973443 0.401754391901 0.623546269277 0.0 0.0 0.0 0.0 0.0 0.0
26.0048512855 15.1067003393 3.38754618371 0.173033742663 0.732698110285 -0.658189032942 0.670658973443 0.401754391901 0.623546269277 0.0 0.0 0.0 0.0 0.0 0.0
26.5397415244 15.1535367041 3.40713927874 -0.282786728322 0.915619066874 -0.285785567625 0.670658973443 0.401754391901 0.623546269277 0.0 0.0 0.0 0.0 0.0 0.0
27.0101705197 15.4090884641 3.36158754463 -0.631171793275 0.750681031623 0.195192612913 0.670658973443 0.401754391901 0.623546269277 0.0 0.0 0.0 0.0 0.0 0.0
27.3367238848 15.8357579889 3.36052997279 -0.739764141333 0.300546721741 0.602013856359 0.670658973443 0.401754391901 0.623546269277 0.0 0.0 0.0 0.0 0.0 0.0
27.4946479907 16.3309371484 3.49670147844 -0.567307723902 -0.263770312604 0.780119970639 0.670658973443 0.401754391901 0.623546269277 0.0 0.0 0.0 0.0 0.0 0.0
27.523254283 16.7659898568 3.81070135594 -0.179321617282 -0.727876595186 0.661845465163 0.670658973443 0.401754391901 0.623546269277 0.0 0.0 0.0 0.0 0.0 0.0
27.510984207 17.0351230724 4.27556892805 0.276791769842 -0.915450389809 0.292124802005 0.670658973443 0.401754391901 0.623546269277 0.0 0.0 0.0 0.0 0.0 0.0
27.5618088237 17.0955793429 4.80702635798 0.627747335891 -0.755229275829 -0.1885789575 0.670658973443 0.401754391901 0.623546269277 0.0 0.0 0.0 0.0 0.0 0.0
27.7557284653 16.9838810761 5.2954972086 0.740211193659 -0.308083933202 -0.597638418179 0.670658973443 0.401754391901 0.623546269277 0.0 0.0 0.0 0.0 0.0 0.0
28.1183792719 16.8019550671 5.647736363 0.571456443285 0.256107646537 -0.779645051811 0.670658973443 0.401754391901 0.623546269277 0.0 0.0 0.0 0.0 0.0 0.0
28.6112935926 16.6784088042 5.82225540331 0.185595835865 0.722999649466 -0.665451495289 0.670658973443 0.401754391901 0.623546269277 0.0 0.0 0.0 0.0 0.0 0.0
29.14651449 16.7196703342 5.84508475432 -0.270775732597 0.915211997652 -0.298441789951 0.670658973443 0.401754391901 0.623546269277 0.0 0.0 0.0 0.0 0.0 0.0
29.6200120506 16.9695544678 5.79988428993 -0.624275073117 0.759720006403 0.18195094107 0.670658973443 0.401754391901 0.623546269277 0.0 0.0 0.0 0.0 0.0 0.0
29.9512060887 17.3926168007 5.79615954828 -0.740601876037 0.315597682879 0.593217467521 0.670658973443 0.401754391901 0.623546269277 0.0 0.0 0.0 0.0 0.0 0.0
30.1135799058 17.8876196354 5.92765874702 -0.575561644047 -0.248425476882 0.779110759993 0.670658973443 0.401754391901 0.623546269277 0.0 0.0 0.0 0.0 0.0 0.0
30.1447544281 18.3259938749 6.23675626801 -0.191855920607 -0.718067644523 0.669006848707 0.670658973443 0.401754391901 0.623546269277 0.0 0.0 0.0 0.0 0.0 0.0
30.1321953872 18.6006845721 6.69835392121 0.264739074733 -0.914903908559 0.304736050399 0.670658973443 0.401754391901 0.623546269277 0.0 0.0 0.0 0.0 0.0 0.0
30.1799836267 18.6668228947 7.22941616669 0.62075526938 -0.764152881356 -0.17530906837 0.670658973443 0.401754391901 0.623546269277 0.0 0.0 0.0 0.0 0.0 0.0
30.3692730494 18.5587725438 7.72051670452 0.740936158715 -0.323087398571 -0.588751341055 0.670658973443 0.401754391901 0.623546269277 0.0 0.0 0.0 0.0 0.0 0.0
30.7274588928 18.3770744103 8.07741135563 0.579623013562 0.240724388665 -0.778517135875 0.670658973443 0.401754391901 0.623546269277 0.0 0.0 0.0 0.0 0.0 0.0
31.2177698204 18.2502494088 8.25684300112 0.198101394777 0.713080955949 -0.672511254664 0.670658973443 0.401754391901 0.623546269277 0.0 0.0 0.0 0.0 0.0 0.0
31.7532379671 18.2859712336 8.28297568496 -0.258682255962 0.914526145991 -0.311007104018 0.670658973443 0.401754391901 0.623546269277 0.0 0.0 0.0 0.0 0.0 0.0
32.2297394855 18.5301593222 8.23821428964 -0.617188192725 0.768527563109 0.168653845207 0.670658973443 0.401754391901 0.623546269277 0.0 0.0 0.0 0.0 0.0 0.0
