t = 0
b =  30.0 30.0 30.0
E = 0. 0. 0.
17.2703635808 28.050749246 7.88407688469 -0.425967328178 0.904683239992 0.0100035294876 0.571796606204 0.260627097751 0.777895980869 0.0 0.0 0.0 0.0 0.0 0.0
17.6913572912 28.3740353174 7.9673566179 -0.756181715917 0.535177723973 0.376528904967 0.571796606204 0.260627097751 0.777895980869 0.0 0.0 0.0 0.0 0.0 0.0
17.9399793557 28.8193151677 8.13646612685 -0.799110027095 -0.0376507570776 0.600004654222 0.571796606204 0.260627097751 0.777895980869 0.0 0.0 0.0 0.0 0.0 0.0
18.0064442644 29.2560125268 8.4423467156 -0.538443078572 -0.596175086027 0.595528603795 0.571796606204 0.260627097751 0.777895980869 0.0 0.0 0.0 0.0 0.0 0.0
17.9501710564 29.5568117563 8.88397806833 -0.0732126022119 -0.92820253228 0.364801280079 0.571796606204 0.260627097751 0.777895980869 0.0 0.0 0.0 0.0 0.0 0.0
17.8772090334 29.6460271894 9.40876588433 0.419832565778 -0.9075903178 -0.00452014909101 0.571796606204 0.260627097751 0.777895980869 0.0 0.0 0.0 0.0 0.0 0.0
17.8999478569 29.528357381 9.9325233322 0.753376322803 -0.542169367487 -0.372124298048 0.571796606204 0.260627097751 0.777895980869 0.0 0.0 0.0 0.0 0.0 0.0
18.094418837 29.2871000481 10.3714550346 0.800699819015 0.0292307901224 -0.598352204591 0.571796606204 0.260627097751 0.777895980869 0.0 0.0 0.0 0.0 0.0 0.0
18.471409366 29.0525058748 10.6739923332 0.543824066995 0.589525681852 -0.597256104694 0.571796606204 0.260627097751 0.777895980869 0.0 0.0 0.0 0.0 0.0 0.0
18.9723646082 28.9522940993 10.8403850839 0.0803404596711 0.925849910702 -0.369252425034 0.571796606204 0.260627097751 0.777895980869 0.0 0.0 0.0 0.0 0.0 0.0
19.4916334607 29.06312984 10.9226067327 -0.413665831503 0.910428279091 -0.000963575532452 0.571796606204 0.260627097751 0.777895980869 0.0 0.0 0.0 0.0 0.0 0.0
19.9166071739 29.3814977356 11.0046087344 -0.750513557166 0.549119722705 0.367691352424 0.571796606204 0.260627097751 0.777895980869 0.0 0.0 0.0 0.0 0.0 0.0
20.1705012981 29.8250374892 11.1704259915 -0.802228634543 -0.0208085971293 0.596654188123 0.571796606204 0.260627097751 0.777895980869 0.0 0.0 0.0 0.0 0.0 0.0
20.2415273798 30.2638339225 11.4722505895 -0.54916364111 -0.582831383013 0.598938122228 0.571796606204 0.260627097751 0.777895980869 0.0 0.0 0.0 0.0 0.0 0.0
20.1873715923 30.5697739237 11.9106031514 -0.0874621988932 -0.923426782069 0.373675449987 0.571796606204 0.260627097751 0.777895980869 0.0 0.0 0.0 0.0 0.0 0.0
20.1132787937 30.6652187608 12.4341350438 0.407467594973 -0.913196907744 0.00644722677591 0.571796606204 0.260627097751 0.777895980869 0.0 0.0 0.0 0.0 0.0 0.0
20.1320682463 30.5525003341 12.9591365818 0.747593637015 -0.55602826033 -0.363230405679 0.571796606204 0.260627097751 0.777895980869 0.0 0.0 0.0 0.0 0.0 0.0
20.3212716919 30.313035248 13.4013397373 0.803696357255 0.012384819481 -0.594910734128 0.571796606204 0.260627097751 0.777895980869 0.0 0.0 0.0 0.0 0.0 0.0
20.6936777475 30.0763932818 13.7079329723 0.554461394288 0.576092699308 -0.600574528305 0.571796606204 0.260627097751 0.777895980869 0.0 0.0 0.0 0.0 0.0 0.0
21.1924732953 29.9710716646 13.8776252247 0.0945772775303 0.920933330911 -0.378070018108 0.571796606204 0.260627097751 0.777895980869 0.0 0.0 0.0 0.0 0.0 0.0
21.7128277366 30.0756768291 13.9611364046 -0.401238328209 0.915895992917 -0.0119303870381 0.571796606204 0.260627097751 0.777895980869 0.0 0.0 0.0 0.0 0.0 0.0
22.1417198883 30.3890605141 14.0419280523 -0.744616784714 0.56289445425 0.358741797533 0.571796606204 0.260627097751 0.777895980869 0.0 0.0 0.0 0.0 0.0 0.0
22.4008766204 30.8307560076 14.2044949041 -0.805102875378 -0.00396009868078 0.593121975378 0.571796606204 0.260627097751 0.777895980869 0.0 0.0 0.0 0.0 0.0 0.0
22.4765101269 31.2715487965 14.5022639288 -0.559716923083 -0.569310143913 0.602165198307 0.571796606204 0.260627097751 0.777895980869 0.0 0.0 0.0 0.0 0.0 0.0
22.424556143 31.5825673201 14.9372965295 -0.101685153742 -0.918369747115 0.382435794733 0.571796606204 0.260627097751 0.777895980869 0.0 0.0 0.0 0.0 0.0 0.0
22.3494230252 31.684243431 15.4595053816 0.394978505592 -0.918525329064 0.0174126387551 0.571796606204 0.260627097751 0.777895980869 0.0 0.0 0.0 0.0 0.0 0.0
22.3643252702 31.5765416643 15.9856834452 0.741583226962 -0.569717781577 -0.35422586981 0.571796606204 0.260627097751 0.777895980869 0.0 0.0 0.0 0.0 0.0 0.0
22.5482714351 31.3389727113 16.4311157107 0.806448081799 -0.00446492369631 -0.591288048094 0.571796606204 0.260627097751 0.777895980869 0.0 0.0 0.0 0.0 0.0 0.0
