
#id1 id2 FENE BEXC STCK NEXC HB CRSTCK CXSTCK total, t = 100
0 1 0.000302989 0 -1.18062 0 0 0 0 -1.18032
1 2 0.722918 0 -1.26209 0 0 0 0 -0.53917
2 3 0.0301201 0 -1.27184 0 0 0 0 -1.24172
3 4 0.0673233 0 -1.11771 0 0 0 0 -1.05039
4 5 0.105345 0 -1.15156 0 0 0 0 -1.04621
5 6 0.0543437 0 -1.22113 0 0 0 0 -1.16679
6 7 0.00712504 0 -1.19566 0 0 0 0 -1.18854
7 8 0.144435 0 -0.574269 0 0 0 0 -0.429834
8 9 0.210402 0 -1.12413 0 0 0 0 -0.913729
9 10 0.0160263 0 -1.3191 0 0 0 0 -1.30307
10 11 0.176157 0 -1.05129 0 0 0 0 -0.875132
11 12 0.075135 0 -1.38173 0 0 0 0 -1.30659
12 13 0.00500059 0 -0.998581 0 0 0 0 -0.99358
13 14 0.0250708 0 -1.33496 0 0 0 0 -1.30989
14 15 0.0839575 0 -1.31738 0 0 0 0 -1.23342
15 16 0.317937 0 -1.16682 0 0 0 0 -0.848878
16 17 0.296787 0 -0.853562 0 0 0 0 -0.556775
17 18 0.0697495 0 -1.00877 0 0 0 0 -0.93902
18 19 0.000226871 0 -1.21739 0 0 0 0 -1.21716
19 20 0.0548235 0 -0.991183 0 0 0 0 -0.93636
20 21 0.024111 0 -1.35421 0 0 0 0 -1.3301
21 22 0.172125 0 -1.20395 0 0 0 0 -1.03182
22 23 0.111591 0 -0.734785 0 0 0 0 -0.623194
23 24 0.257191 0 -0.904557 0 0 0 0 -0.647366
24 25 0.0198244 0 -0.889366 0 0 0 0 -0.869541
25 26 0.187297 0 -0.69199 0 0 0 0 -0.504693
26 27 0.0211655 0 -1.37026 0 0 0 0 -1.34909
#Total energy per particle is  -0.951157 and should be -0.95115710

