t = 0
b =  30.0 30.0 30.0
E = 0. 0. 0.
1.63870639829 12.695514982 9.8605642207 0.132239294643 0.690502166175 -0.71113959773 0.102264875429 0.704107604417 0.702690811563 0.0 0.0 0.0 0.0 0.0 0.0
2.04051009349 12.9903711438 10.0613096727 -0.471001780983 0.656466880179 -0.589244056006 0.102264875429 0.704107604417 0.702690811563 0.0 0.0 0.0 0.0 0.0 0.0
2.3349489179 13.4348689517 10.1277369235 -0.895301405285 0.373028850863 -0.243484845769 0.102264875429 0.704107604417 0.702690811563 0.0 0.0 0.0 0.0 0.0 0.0
2.4253037588 13.9643986978 10.1386617961 -0.979461057077 -0.0521290756063 0.194778328224 0.102264875429 0.704107604417 0.702690811563 0.0 0.0 0.0 0.0 0.0 0.0
2.29239042092 14.4820456194 10.1939863947 -0.69150707757 -0.457482294701 0.559041958806 0.102264875429 0.704107604417 0.702690811563 0.0 0.0 0.0 0.0 0.0 0.0
2.00184802295 14.8954094376 10.3767446255 -0.140837997913 -0.689030341343 0.710916202554 0.102264875429 0.704107604417 0.702690811563 0.0 0.0 0.0 0.0 0.0 0.0
1.67920159893 15.1517087678 10.721556227 0.463337791838 -0.658804241335 0.592701495066 0.102264875429 0.704107604417 0.702690811563 0.0 0.0 0.0 0.0 0.0 0.0
1.46217303913 15.2578336505 11.2014741529 0.891483807874 -0.378287395425 0.249309580163 0.102264875429 0.704107604417 0.702690811563 0.0 0.0 0.0 0.0 0.0 0.0
1.44835824139 15.2777279095 11.7382222055 0.980940220485 0.0459471566351 -0.188799212478 0.102264875429 0.704107604417 0.702690811563 0.0 0.0 0.0 0.0 0.0 0.0
1.65814879778 15.3080958243 12.2319334716 0.697721042887 0.452725615694 -0.555180027745 0.102264875429 0.704107604417 0.702690811563 0.0 0.0 0.0 0.0 0.0 0.0
2.02698488784 15.4416625574 12.599091433 0.149425975823 0.687506044182 -0.710638668356 0.102264875429 0.704107604417 0.702690811563 0.0 0.0 0.0 0.0 0.0 0.0
2.4298826338 15.7319463149 12.8042592875 -0.455638517725 0.661091431997 -0.596113797613 0.102264875429 0.704107604417 0.702690811563 0.0 0.0 0.0 0.0 0.0 0.0
2.7289175653 16.1729258852 12.8735429831 -0.88759832052 0.383517131938 -0.255115328666 0.102264875429 0.704107604417 0.702690811563 0.0 0.0 0.0 0.0 0.0 0.0
2.82562443172 16.7013281977 12.8846731315 -0.982344681497 -0.0397617386099 0.182805718942 0.102264875429 0.704107604417 0.702690811563 0.0 0.0 0.0 0.0 0.0 0.0
2.69840579707 17.2206668207 12.9374738494 -0.703881874046 -0.447934459879 0.551275817575 0.102264875429 0.704107604417 0.702690811563 0.0 0.0 0.0 0.0 0.0 0.0
2.41073726709 17.6378987695 13.1159379071 -0.158002574367 -0.685929390775 0.710307016272 0.102264875429 0.704107604417 0.702690811563 0.0 0.0 0.0 0.0 0.0 0.0
2.08705204531 17.898773092 13.4563164716 0.447904544975 -0.663328277988 0.599480703787 0.102264875429 0.704107604417 0.702690811563 0.0 0.0 0.0 0.0 0.0 0.0
1.86546667865 18.0084417127 13.9333466814 0.883645239117 -0.388717662136 0.26090164915 0.102264875429 0.704107604417 0.702690811563 0.0 0.0 0.0 0.0 0.0 0.0
1.84530827206 18.0295021301 14.4698494303 0.983674333158 0.0335732925744 -0.176798304041 0.102264875429 0.704107604417 0.702690811563 0.0 0.0 0.0 0.0 0.0 0.0
2.04937846065 18.0582155806 14.9660510002 0.709989101874 0.44310919212 -0.547329625618 0.102264875429 0.704107604417 0.702690811563 0.0 0.0 0.0 0.0 0.0 0.0
2.41529068736 18.1879357854 15.3374887648 0.166567140404 0.684300501188 -0.709921271558 0.102264875429 0.704107604417 0.702690811563 0.0 0.0 0.0 0.0 0.0 0.0
2.81917189897 18.4736423109 15.5470999531 -0.44013646256 0.665514608961 -0.602801957183 0.102264875429 0.704107604417 0.702690811563 0.0 0.0 0.0 0.0 0.0 0.0
3.12272399008 18.9110529125 15.6193024164 -0.879624864708 0.393888589979 -0.266668100963 0.102264875429 0.704107604417 0.702690811563 0.0 0.0 0.0 0.0 0.0 0.0
3.22576556561 19.4382504306 15.6307178776 -0.98492907421 -0.0273822898027 0.170777425266 0.102264875429 0.704107604417 0.702690811563 0.0 0.0 0.0 0.0 0.0 0.0
3.10429252768 19.9592061549 15.6810620584 -0.716042261284 -0.438250179881 0.54334175239 0.102264875429 0.704107604417 0.702690811563 0.0 0.0 0.0 0.0 0.0 0.0
2.81959763376 20.3802627368 15.8552610086 -0.175119021707 -0.68261949947 0.709481463592 0.102264875429 0.704107604417 0.702690811563 0.0 0.0 0.0 0.0 0.0 0.0
2.49498435334 20.6457161824 16.1911862808 0.43233486205 -0.667650258421 0.606077304877 0.102264875429 0.704107604417 0.702690811563 0.0 0.0 0.0 0.0 0.0 0.0
18.4113617478 10.5817501258 17.3957922751 -0.0840078517351 -0.00417889964457 0.996456330024 0.54912477893 0.834255705981 0.0497935156721 0.0 0.0 0.0 0.0 0.0 0.0
18.3232715994 11.1004177504 17.5049212036 0.41952313163 -0.326688464261 0.846920887301 0.54912477893 0.834255705981 0.0497935156721 0.0 0.0 0.0 0.0 0.0 0.0
18.3308117621 11.5446167294 17.807105775 0.763670263237 -0.525083619364 0.37562603973 0.54912477893 0.834255705981 0.0497935156721 0.0 0.0 0.0 0.0 0.0 0.0
18.5124305853 11.8691228808 18.1949143139 0.817686293954 -0.523990728542 -0.238375420467 0.54912477893 0.834255705981 0.0497935156721 0.0 0.0 0.0 0.0 0.0 0.0
18.880441025 12.0741853291 18.5283851683 0.561049630612 -0.323824999288 -0.761814073004 0.54912477893 0.834255705981 0.0497935156721 0.0 0.0 0.0 0.0 0.0 0.0
19.3763427456 12.2054318586 18.6882004808 0.0912608323507 -0.000632738739663 -0.995826822354 0.54912477893 0.834255705981 0.0497935156721 0.0 0.0 0.0 0.0 0.0 0.0
19.8930473758 12.3365341553 18.6210170377 -0.41319948192 0.322799909835 -0.851508312556 0.54912477893 0.834255705981 0.0497935156721 0.0 0.0 0.0 0.0 0.0 0.0
20.3155631712 12.5412187017 18.359732248 -0.760678404682 0.523595475736 -0.383687558358 0.54912477893 0.834255705981 0.0497935156721 0.0 0.0 0.0 0.0 0.0 0.0
20.5646823002 12.8652568532 18.0109858673 -0.819162883641 0.525468366356 0.229902514175 0.54912477893 0.834255705981 0.0497935156721 0.0 0.0 0.0 0.0 0.0 0.0
20.6270732241 13.3090755353 17.714645772 -0.566433687432 0.327707039235 0.756148777807 0.54912477893 0.834255705981 0.0497935156721 0.0 0.0 0.0 0.0 0.0 0.0
20.5603455712 13.8275950474 17.5906698143 -0.0985068631007 0.00544432893839 0.995121478617 0.54912477893 0.834255705981 0.0497935156721 0.0 0.0 0.0 0.0 0.0 0.0
20.4711632757 14.3473555944 17.6935318291 0.406844365469 -0.318886772946 0.856030892156 0.54912477893 0.834255705981 0.0497935156721 0.0 0.0 0.0 0.0 0.0 0.0
20.4747211661 14.7944258914 17.9915261126 0.757628617522 -0.522067458285 0.391719857693 0.54912477893 0.834255705981 0.0497935156721 0.0 0.0 0.0 0.0 0.0 0.0
20.6509805238 15.122490895 18.37881295 0.820577090904 -0.52690598772 -0.221412099915 0.54912477893 0.834255705981 0.0497935156721 0.0 0.0 0.0 0.0 0.0 0.0
21.0142904551 15.330447662 18.7156288922 0.571774608133 -0.331564123021 -0.750425898953 0.54912477893 0.834255705981 0.0497935156721 0.0 0.0 0.0 0.0 0.0 0.0
21.5079364263 15.4628243768 18.8813852272 0.105745392172 -0.0102555045304 -0.994340352526 0.54912477893 0.834255705981 0.0497935156721 0.0 0.0 0.0 0.0 0.0 0.0
22.025687063 15.592863349 18.8204816475 -0.400458266245 0.314949351594 -0.86048828169 0.54912477893 0.834255705981 0.0497935156721 0.0 0.0 0.0 0.0 0.0 0.0
22.4521532253 15.7946950358 18.563429737 -0.75452113401 0.520499683376 -0.399722326044 0.54912477893 0.834255705981 0.0497935156721 0.0 0.0 0.0 0.0 0.0 0.0
22.7066262714 16.1151746418 18.2152611096 -0.821928808044 0.528303483153 0.212904824268 0.54912477893 0.834255705981 0.0497935156721 0.0 0.0 0.0 0.0 0.0 0.0
22.7737406198 16.5560810434 17.9156241437 -0.577071985985 0.335395956916 0.744645872261 0.54912477893 0.834255705981 0.0497935156721 0.0 0.0 0.0 0.0 0.0 0.0
22.7093113909 17.073440964 17.7857292277 -0.112975868321 0.015065899126 0.993483503567 0.54912477893 0.834255705981 0.0497935156721 0.0 0.0 0.0 0.0 0.0 0.0
22.6191293092 17.5942351567 17.8822989077 0.394041670573 -0.310987945631 0.86488014171 0.54912477893 0.834255705981 0.0497935156721 0.0 0.0 0.0 0.0 0.0 0.0
22.6187690387 18.0441396374 18.1760180431 0.751356190792 -0.518892270401 0.407694353992 0.54912477893 0.834255705981 0.0497935156721 0.0 0.0 0.0 0.0 0.0 0.0
22.7896804356 18.3757626088 18.5626711194 0.823217932123 -0.52966074623 -0.204381335093 0.54912477893 0.834255705981 0.0497935156721 0.0 0.0 0.0 0.0 0.0 0.0
23.148244386 18.5866493964 18.902735464 0.582325417571 -0.339202249111 -0.738809137903 0.54912477893 0.834255705981 0.0497935156721 0.0 0.0 0.0 0.0 0.0 0.0
