
#id1 id2 FENE BEXC STCK NEXC HB CRSTCK CXSTCK total, t = 100
0 1 0.0880743 0 -1.21698 0 0 0 0 -1.12891
1 2 0.0819809 0 -0.822123 0 0 0 0 -0.740142
2 3 0.0356657 0 -1.33985 0 0 0 0 -1.30418
3 4 0.153453 0 -1.36006 0 0 0 0 -1.2066
4 5 0.143266 0 -1.14961 0 0 0 0 -1.00635
5 6 0.0832125 0 -1.05225 0 0 0 0 -0.969036
6 7 0.0502163 0 -1.21131 0 0 0 0 -1.16109
7 8 0.0203995 0 -1.27451 0 0 0 0 -1.25411
8 9 0.436804 0 -1.08121 0 0 0 0 -0.644405
9 10 0.147082 0 -1.32978 0 0 0 0 -1.1827
10 11 0.480986 0 -1.35761 0 0 0 0 -0.876628
11 12 0.247486 0 -1.3872 0 0 0 0 -1.13972
12 13 0.245201 0 -1.32739 0 0 0 0 -1.08218
13 14 0.0150572 0 -1.03772 0 0 0 0 -1.02267
14 15 0.0233617 0 -1.22214 0 0 0 0 -1.19877
15 16 0.0903261 0 -1.3234 0 0 0 0 -1.23307
16 17 0.00576904 0 -0.955185 0 0 0 0 -0.949416
17 18 0.0312882 0 -1.32307 0 0 0 0 -1.29179
18 19 0.000559693 0 -1.16411 0 0 0 0 -1.16355
19 20 1.5139 0 0 0 0 0 0 1.5139
20 21 0.711603 0 0 0 0 0 0 0.711603
21 22 0.116604 0 -1.0489 0 0 0 0 -0.932292
22 23 0.40869 0 -1.08346 0 0 0 0 -0.674773
23 24 0.312599 0 -1.38056 0 0 0 0 -1.06796
24 25 0.0753474 0 -1.25625 0 0 0 0 -1.1809
25 26 0.0309356 0 -1.26942 0 0 0 0 -1.23848
27 28 0.000132311 0 -1.33482 0 0 0 0 -1.33469
28 29 0.0370404 0 -1.36718 0 0 0 0 -1.33014
29 30 0.114548 0 -1.35939 0 0 0 0 -1.24484
30 31 0.532151 0 -1.2383 0 0 0 0 -0.706152
31 32 0.532589 0 -1.36176 0 0 0 0 -0.829172
32 33 0.0704295 0 -1.38878 0 0 0 0 -1.31835
33 34 0.0163227 0 -1.35026 0 0 0 0 -1.33394
34 35 0.0322104 0 -1.33994 0 0 0 0 -1.30773
35 36 0.0249943 0 -1.10764 0 0 0 0 -1.08265
36 37 0.0188576 0 -1.29427 0 0 0 0 -1.27541
37 38 0.195553 0.00770385 -0.785231 0 0 0 0 -0.581973
38 39 0.0331963 0 -1.32532 0 0 0 0 -1.29212
39 40 0.134809 0 -1.3091 0 0 0 0 -1.17429
40 41 0.673441 0 -1.1278 0 0 0 0 -0.454357
41 42 0.193521 0 -1.05716 0 0 0 0 -0.863641
42 43 0.137881 0 -1.10056 0 0 0 0 -0.962675
43 44 0.202211 0 -0.13846 0 0 0 0 0.0637508
44 45 1.46721 0 0 0 0 0 0 1.46721
45 46 1.3648 0 0 0 0 0 0 1.3648
46 47 0.0440272 0 -1.33601 0 0 0 0 -1.29198
47 48 0.128063 0 -1.25388 0 0 0 0 -1.12582
48 49 0.111158 0 -1.00204 0 0 0 0 -0.890884
49 50 0.15243 0 -0.896529 0 0 0 0 -0.744099
50 51 0.0226942 0 -1.13968 0 0 0 0 -1.11698
#Total energy per particle is  -0.822891 and should be -0.82289110

