t = 100
b = 30 30 30
E = -0.159955424901839 -0.494836843219541 0.334881418317702
17.2730596182785 0.38452022258931 6.10802724736484 0.653215762302537 0.695362858176239 -0.299632370681157 0.0265025872802647 0.374485751190445 0.926853773039713 0.0140801884041161 0.196168185084004 -0.357117333401815 -0.238477818907722 -0.024535535738483 -0.553928447733755
17.4885941938059 0.632728640534629 6.51682364570495 -0.146903781853268 0.860335937171786 -0.488099617570274 0.130490640756809 0.505996509064132 0.852607533876212 0.593266999293122 -0.0304991214741702 -0.366465326264252 0.32123234936491 0.731711974197146 -0.350483521949022
17.7900969057352 1.10819870065964 6.68738245881944 -0.73895147745212 0.645848350115739 -0.191912750252081 0.284450241645801 0.55725971999728 0.78009586349201 -0.0647103531991673 0.00330253501809427 0.0813345855403098 0.59768832288424 0.352384507591619 0.0513517919713418
17.8818203731254 1.60384067691344 6.92758340008243 -0.992640965718905 0.0723607553274433 0.0970964219105957 0.119971777712158 0.478745967923616 0.869717743727328 -0.120667212509061 0.226412517494099 0.135511928775659 0.471393131164293 0.110168001108615 0.2693037997413
17.7977764289926 1.99243320586447 7.32595088251378 -0.755202936169329 -0.637334302173213 0.1532102998285 -0.148745411000763 0.394261579842345 0.906880639169341 -0.553533696285154 0.107008915055481 0.201696203690923 0.457798003140013 -0.253096792784591 0.0318857428240487
17.6409820987853 2.34770778752618 7.6842745520625 -0.249091252981397 -0.941313734901903 0.227775949552203 -0.303475589794089 0.299208193865504 0.904641873453961 -0.0491720648932978 -0.494346770481565 0.251807129820736 0.762799336990159 0.493666623278173 0.337936880780925
17.7219466927905 3.74876034749169 9.20311936289387 0.343373113131457 -0.890157961059958 0.299522272339087 -0.0816544955522421 0.289410635472529 0.953715844963259 1.63535167212564 4.87601992766812 5.69090563831444 0.456005480598862 0.126037099338786 0.291423134307322
17.1604499909935 2.51862132671903 8.57798198766012 0.779489768553217 -0.621499892770964 0.0783164413715214 0.0836639327510905 0.227194909839292 0.970248783429717 0.418457647740641 -0.41190871971026 0.161509731634061 0.520389295765557 0.34167560317553 -0.353430706612036
17.0964997232749 2.30515752707779 9.09042233309788 0.994467077714858 -0.0926560952108281 -0.0494970721558206 0.0642564179666754 0.163787875162238 0.984400594446622 0.26723829343438 0.215637145297333 0.165497569369073 0.796936890701788 0.0172945439497274 0.0042118284531207
17.1701248690484 2.06285875271679 9.61423908405972 0.906227128917283 0.376844616662742 -0.191677876339708 0.172676074496236 0.0839290917904751 0.981396337001121 0.191174439663437 0.783565583817449 -0.0660492622672612 0.595970169640996 -0.0772948178799126 -0.033807616040046
17.5249638866956 2.04916475029866 10.0339927920349 0.376645685160758 0.856478202821346 -0.352963166254852 0.267468826479805 0.264248784700171 0.926624460859036 -0.0810529212090112 0.170727370813796 0.133245575249433 0.481816000300152 0.243613665518694 0.0604164151216238
17.8722184975984 2.30161613617608 10.2551377343224 -0.312884853611662 0.879652280750547 -0.358210573278822 0.317921987674643 0.452388260972576 0.833228875343772 0.279093877452648 0.209036174517271 0.691504802327574 0.379641429904731 0.467021719184292 0.391126606794803
18.0071966089095 2.65553745301164 10.5167597033364 -0.864182397538995 0.444009247922956 -0.236737102822525 0.0498522708718782 0.543719105937856 0.837785275307588 -0.172981029161818 0.668496777921029 0.838917063636586 0.407151516725836 0.0772285628478312 0.500692334589633
19.3420761894952 4.92280913882942 10.9716281786972 -0.739360773503088 -0.0850032538022687 -0.667922132898185 -0.64632841413162 0.367606641098878 0.668673926187352 3.84993933155905 8.44063997989487 1.81031907036987 -0.0265442325181472 2.61922492957687 -0.0156429966216342
18.3257348029462 3.5366805263349 11.2418227763039 -0.960752756492638 -0.264974752354796 0.082112181899981 -0.0261518388548259 0.38119596234764 0.924124234819373 -0.204191800433583 0.989009840840493 0.697243037667157 0.268860680847642 0.645136011746631 -0.45220435284815
18.2245771243534 3.93748026122886 11.5940612465416 -0.322386761212111 -0.946607377994438 0.00106284603441667 -0.321847019331701 0.110667441631637 0.940301603057167 0.592930431820835 0.694395786118017 1.16343729764896 0.525961553644383 1.71747206831681 -0.268825552264748
17.8603520825038 3.97313031169453 11.9241352210231 0.427670368519109 -0.746770408580722 0.509344576785438 -0.165037124452885 0.489497324354103 0.856244710289922 0.0752553651760054 0.2873127810916 0.291823663023697 0.746481764161737 -0.360721977222593 0.510612618503895
17.6023752771534 4.19894261345116 12.4681212533806 0.783989247393309 -0.514172835018915 0.347831908702019 -0.195258519959467 0.327630048867383 0.9244092966469 0.0634603284391108 0.944929006058024 1.18532625403289 0.420225268439193 -0.704603920337771 0.083453195217244
17.5846428420554 3.96559963438588 12.9512211865129 0.997791232022946 -0.0452968616403859 0.0485873697252973 -0.0343973738207513 0.273412812282275 0.961281507548157 0.159589654542353 0.948949184772965 1.58783385310116 0.375733883340277 -0.622021565775643 0.201985614827655
17.7542031908033 4.03923047616046 13.3237893900227 0.831445868866332 0.39936689797637 -0.386268984953795 0.283852796938359 0.292317333772729 0.913223986293559 0.737016413026218 1.42590354793882 2.0369229962494 0.171187580888404 0.373210481470364 0.189765240719759
17.7525652069654 5.96899062053482 14.1790302189953 0.192403752952619 0.701981308648549 -0.685713439639305 0.227024120175393 0.647971206583799 0.727044183749243 0.114059648036444 10.3236781920464 3.51361990929312 0.132205071947296 0.613698729384038 -0.023066079190689
18.6532740130489 3.95768438323828 13.4700131079632 0.0309669944913677 0.951291528311853 -0.306733371714207 0.138655999222524 0.299824870444565 0.943864101328745 0.947292573809931 0.955843672843986 -1.51861208843423 0.0110274141871957 -0.33348831654537 -0.98077261208429
18.6309636171399 3.89519174364154 14.0888122291055 -0.635984032168017 0.72938519515147 -0.252034584389573 0.0595318946372224 0.371994146719627 0.926324019532698 0.560995747313575 -0.13922701887686 0.149895236604318 -0.0809010085867004 0.21465991467322 -0.495782904284368
18.735232804443 4.25130513567866 14.3982581411735 -0.994796999274646 0.0850528511382646 -0.0560787262776969 -0.00793768644527743 0.484075033503326 0.874990421544902 0.13440073674544 0.635741357140089 -0.225770020104528 0.287264651425806 0.186242650752754 -0.346080768675091
18.8041421761115 4.68678656934579 14.6746114985466 -0.949906211744537 -0.27953130897677 0.139786702984112 -0.00222754696359454 0.453311449625931 0.891349342824857 0.31683676309825 0.000850488196955514 0.832077840276063 0.669252029030951 -0.0537335968708414 -0.158892741668995
18.5803959731694 5.09137379121776 14.969982219654 -0.237238646596082 -0.823303758753128 0.515643897279164 -0.0458510306035706 0.539695569548493 0.840610648094652 -0.158653570119561 0.327039460991186 1.0700283589737 0.313112452512054 -0.484009550118748 0.420668465508011
19.3268188788235 28.9391148509367 20.2060504518682 0.514329390339256 -0.776663073863426 -0.363675179960298 0.710524064219429 0.148448530770821 0.687836080474396 0.654936525265426 -0.0423185331008481 -0.0622250534240062 0.401561272694306 0.0395342022628767 -0.877887983027258
19.4675383304365 28.774612446899 20.6286548550246 0.730734673277042 -0.0275360228420806 -0.682105919748787 0.66055061444052 0.280761806125736 0.69630853470493 -0.383760427323397 -0.126756235244416 -0.0393433321563393 0.375360427125731 0.153084748938262 0.140818813350649
19.9823847031908 28.8213672007346 20.7517507746253 0.397917392144467 0.493716503973955 -0.773243586306624 0.798939705856325 0.227807337510477 0.556595946261668 0.475138339722319 0.134919029370342 -0.0396833625601017 0.289746589123187 0.0669338780675053 -0.259079009019771
20.4104532438446 28.8211510762897 20.8045358241414 0.0716312972519945 0.873999033341192 -0.480618901712559 0.791830492837133 0.243182372357878 0.56023806283838 0.110350057223727 0.183313239105464 0.0819665437168682 0.534803328716446 -0.0349525148537629 -0.0184242029878654
20.8877132973792 28.9514373924163 20.8088624146917 -0.279671623093854 0.952669096980197 0.119185803227917 0.761039786890485 0.144291089644753 0.632454271272448 -0.192074973475536 0.0832467011517945 0.0631367959231654 0.464065015730605 -0.30735144427825 0.0640807309104521
21.3336367148072 29.1238074693523 20.910990601315 -0.634356496838543 0.638074865115779 0.43640827546978 0.767080550961639 0.449600454370076 0.457653520035033 0.172135314898502 0.0782744426984527 0.285118496871662 0.161647799285958 0.231726793933414 0.00728889637101472
21.6581932050411 29.4626069491978 21.0195995105424 -0.737756742612888 0.0787761810132691 0.670454460632379 0.556220359574181 0.633727776446799 0.537594558876292 -0.21019224926156 -0.524880332239766 0.332967541964494 0.444626858025479 -0.0901260019524488 -0.333813096740527
21.7683852259498 29.8594639533586 21.2712036204877 -0.450951337951851 -0.537333870141633 0.712681614491853 0.417665882978223 0.578621510054372 0.700537118942798 -0.132693490835231 -0.307046618870616 0.119374411223497 0.666831893110586 0.2374860936567 -0.104611242548607
21.8172277396725 30.181077289179 21.5964712607811 0.00136074475472911 -0.880156276273113 0.474681955164382 0.426160180655636 0.429930655202236 0.795956673915197 -0.186710413711373 -0.251052728726532 -0.330517768660526 0.619544148679006 -0.0513345222836205 -0.102522221083829
21.8261658824625 30.353979726673 22.0106954830066 0.528849578077584 -0.848685886489242 0.00709021516536691 0.555694625618845 0.352565416875979 0.752928280341014 -0.461991725933343 -0.332990090907493 -0.215248097609158 0.592606177006279 -0.236608025862293 -0.0295367138390828
21.9531835496322 30.430303192436 22.4764239413084 0.682195665727772 -0.527361683629474 -0.506456917874938 0.679562759420103 0.201697664845932 0.705345583850579 -0.0955705298614725 0.330115227913562 -0.0954334069765014 0.349277685831064 -0.0726449159570877 0.265561734731577
22.2212722292248 30.3236147544664 22.8419592848235 0.59354983376121 0.113903423560483 -0.796695982833646 0.781066107945866 0.157093965010135 0.60436504431313 -0.273610564884714 -0.193853394293504 0.134323645554006 0.638604344351797 0.0597269645759221 0.0133828584621686
22.6187018249809 30.1295616527095 22.9670569375068 0.349995926334478 0.655374898407487 -0.669317919648189 0.893674236572061 -0.0194240806645992 0.448295625115172 -0.00670758507563032 -0.0426899399837462 -0.277364223599826 0.509996493555919 -0.0405233511946339 0.539824554506619
23.1033760645674 30.1242842238341 23.0956292045479 0.00104436326344121 0.862704249530848 -0.505707591528778 0.800826745496515 0.302144610088623 0.517092875080566 -0.458153994434604 -0.108244458633103 -0.274468789175067 0.685908262398393 -0.511474826425485 -0.246101343090111
23.448672266948 30.2906520981626 23.0631039940314 -0.395348974369689 0.906476346290038 0.148322972890672 0.814096543791704 0.271018677252429 0.513610335095487 -0.916241952804726 -0.00644800950070009 -0.709043184888424 0.521396444102271 0.222309778372868 0.396424906975664
23.7820175375981 30.5373638887585 23.0797137541854 -0.488887366906476 0.494682967611397 0.718524731452097 0.868777128636355 0.350537720640017 0.34978492340873 -0.311445340712687 0.136387293807425 -0.283412241362708 0.166501250586826 -0.190586026355845 0.71138197942746
24.1890974290312 30.7687725126261 23.2566438688395 -0.641850619984524 0.101725390554792 0.760052371613253 0.724445398723024 0.405397446337105 0.55752278514481 -0.153681235735634 -0.655025217603123 -0.582014842749337 0.244670321871686 -0.257306162198022 -0.342851355357149
24.4245264701008 31.1357640497077 23.4522952645377 -0.364441610640818 -0.517979426265091 0.773873056280216 0.67736784621114 0.422813691144223 0.60199772828725 0.0382733800643422 -0.464719333430595 -0.0742304618019365 0.0898690024427675 -0.227735699815263 0.274937595946085
24.9913291291406 31.1904456563755 23.520819748858 0.308922195003034 -0.940166924692461 0.143711986215556 0.704415457264889 0.327699685089605 0.629612309881176 1.47866092204752 -1.74950559658217 -0.629410752033389 -0.00367689612761373 0.289254991984007 1.43389277169427
23.835249583624 29.7353552025879 24.153101134904 0.572073095524398 -0.82010964269082 0.0123462376993984 0.532554067189012 0.382850661833487 0.75485854443275 -3.30659523211565 -9.05977071879491 -1.86465617039173 0.43138063798033 0.0146956215500579 0.44728654820022
24.6486732334845 31.5740253192831 24.7106034217176 0.448168517868906 -0.845228411176238 -0.291090718752102 0.808149941915943 0.243874140272593 0.536114685394578 -0.992424658094046 -0.943765334429658 -1.15379247767283 0.0736874986048774 0.219135514363674 -0.949600792954138
24.8439365435001 31.5512740831464 25.0586894192104 0.558405100065942 -0.120225924409529 -0.820810180344025 0.823410795898126 0.200657170318029 0.530783613768299 -0.583468479018757 -0.454491483617046 -0.421326089868427 0.210668976312138 0.303026906126313 -0.118270741107177
25.1100855742747 31.4908456809191 25.3449060273447 0.205317518982465 0.557287478161727 -0.804534192172967 0.846937325946267 0.310777881238511 0.431409501587844 -1.31074363515807 -0.454400942617448 -1.1724259072441 0.456808929336261 0.467701604423358 0.0646524134642606
25.6787864468625 31.4119284223634 25.5753359501199 -0.154269493517457 0.787335065161035 -0.596912304556137 0.872995349994529 0.391537837818879 0.290821478142509 -0.786718087807672 -0.155054605594277 0.115283279560208 0.508847844133972 0.0878421600910819 -0.0628789158407302
26.0175556126621 31.3726451356742 25.6468259250424 -0.316174735416009 0.937511981782957 0.145274574864961 0.884113113446168 0.235639572884046 0.403506978477567 -0.443761479515263 -0.864261222355354 -0.00959486452967702 0.517488404254353 -1.47677874164432 0.0307139704765256
26.9522735860307 31.2632654221462 24.6995225600219 -0.473273887282171 0.536152148874803 0.698965367682711 0.864955427197356 0.132478907890662 0.484046825167317 0.390327090502991 -2.00294420433865 -3.1736077144191 -0.066599730658397 -1.034019987722 0.460616547505439
27.0949440472129 30.3190837179256 25.1610033284637 -0.143801653702372 0.644362024215076 0.751078270529609 0.989215593424489 0.114926210132426 0.0907984536688604 -0.889248785730189 -8.25819786110359 -2.35303389956992 0.0949039447206027 -2.32548139611458 -1.37750485833059
12.6260965880817 16.0707322207772 24.1447009141022 -0.296239516573867 0.0983436927517788 0.950037135242337 0.906280763239625 0.342925629871203 0.247097296396521 0.321915291981291 -0.496471935258447 0.634307088358008 0.177733840345956 0.409889785821612 -0.611186769497997
12.7630483266648 16.4631234008549 24.2903945799515 0.304014031784491 -0.728697906791235 0.613656836048031 0.904290325457506 0.423390690423736 0.0547650708181777 0.00855855204329201 0.285354452200902 0.435777330897434 0.317870614279954 -0.429905906679207 0.0763295588013039
13.226610586378 16.592157534196 24.5339415067754 0.266058360966113 -0.946213610861022 0.184099516497376 0.936976938696817 0.298720013572017 0.181219346915629 0.116098678871961 0.332916911991483 -0.109413820344127 0.120815614681666 0.286737432079899 0.214436015222927
13.5972524435983 16.605713722488 24.8286208787148 0.332402026102297 -0.788927398105349 -0.51681944212821 0.942866113824747 0.291121952929282 0.162022778657547 -0.112564228170621 0.22053965215837 0.355537540165869 0.484828963945686 -0.24030295640672 -0.0260919110956786
14.0571387596247 16.5426017839913 25.0272514659625 0.153535402276682 -0.488915227541681 -0.858713375658643 0.968742947142119 -0.0968787492396147 0.228367040305591 0.379925960873255 0.258290341520613 -0.0746160915466035 0.512363451752348 0.175985048190391 0.0178724150513396
14.3822647012154 16.2851184579202 25.2270323344969 0.129239604650478 0.242251169788734 -0.961567146277783 0.986852357318266 -0.126330670776856 0.100811117792583 0.183671349763781 -0.274322193714153 -0.267314488386784 0.461103281904135 -0.177917252018586 0.152442924089383
14.813464255401 16.1306196829753 25.0751277956339 -0.0646461958385347 0.838368836935513 -0.541256361957268 0.997881049381996 0.0503091643088251 -0.0412587707380335 -0.362852672089923 -0.159792000864316 -0.637532815166672 0.627516494632731 -0.319424984046407 0.148509545910266
15.2651255884602 15.952672226591 24.7920373383499 -0.220532952196217 0.926597432371998 -0.304601867834771 0.971238129141576 0.237361045304532 0.0188709351070662 0.111421980108587 -0.070464645357555 0.223432544699204 0.313746159781427 0.230358724398436 0.119408151732834
15.7662116137471 16.0873170619329 24.6686639585896 -0.493973569456149 0.823952113975981 0.27765609828219 0.859786367097446 0.510436412829619 0.0148982215570465 0.251900964465862 -0.0223614646627643 0.286435596620462 0.325268309757922 -0.0666851758696959 -0.430625706143141
15.9678344624068 16.4292895203258 24.4590144246624 -0.141663239757517 0.33940459766785 0.929911785289504 0.881409535336993 0.470855369681838 -0.0375811469903897 -0.32074289067431 0.199067907611792 0.276135540008164 0.701302346244977 -0.11531254270877 0.0713061226254184
16.2935457047098 16.8428253739378 24.4574111588576 -0.054966544790691 -0.173664745232807 0.983269605012409 0.894446604821963 0.429117234412945 0.125791718842512 -0.2513591181978 0.0488769411047987 0.154186076410349 0.459052910478313 -0.19865035903545 0.0540481341052105
16.6151664404897 17.0519406136101 24.4584330255508 -0.0112360601421789 -0.537194014094826 0.843383796241188 0.98651545424441 0.13177117348354 0.0970747021883506 -0.466499496692805 -0.735872611189143 -0.343423461602584 0.48339608395595 0.348411529334208 -0.182510189913108
16.8416645875328 17.3675423987242 24.7007932488188 0.270478688119903 -0.950689351969774 0.151759402921288 0.876739097717002 0.308360614366951 0.369109979254928 -0.37234830540727 -0.577010517878246 -0.340723726536668 0.416331949023313 0.134566720084333 0.012716014053251
17.1583122312598 17.3495992584473 25.1042250172521 0.33627837531944 -0.827793379198318 -0.449082238251807 0.898681448181404 0.139485044178672 0.415831059883757 -0.419127844993215 -0.531170282201727 -0.0829070308482423 0.413454393863503 -0.370026223935808 0.263067158723624
17.6304326216349 17.3141420193177 25.2798295930979 0.158404330328659 -0.485230710035329 -0.859918081576954 0.984789586830581 0.140616788375347 0.102060129470466 0.0688763667362661 -0.388835920376171 -0.0748446370427648 0.591770254063599 -0.258726613555329 -0.319136861899377
18.0929238882473 17.2206431112096 25.5003188900191 0.0924657417840884 0.0102370928298326 -0.995663181605011 0.994974784513607 0.0376209542464523 0.0927886152199598 -0.065272029779303 0.322825259543678 -3.5867552765374e-05 0.390557499848122 -0.263812139084672 -0.147014710670723
18.5571912691654 17.0025672411526 25.5984449822214 -0.152799660613659 0.571825366635608 -0.806019786278408 0.970577352476253 0.24041418884175 -0.0134351034637557 -0.38849605351608 0.399735396188817 -0.0984290971436591 0.122193308880513 0.100777568998238 -0.140713603187448
18.9914183099744 17.0026736807413 25.338094437537 -0.300383558620471 0.949848585781518 -0.0869325277547854 0.951463434524999 0.291994100818086 -0.0972453723442009 -0.0303876352651595 0.0232613267402966 0.17311621366228 0.31469082768589 0.128194585746884 0.213538214386041
19.3069704762525 17.1297454379978 25.2106105023957 -0.103351775610982 0.881655786788708 0.46043605977364 0.955834410119115 0.216086203747388 -0.19921652096339 -0.232638358375082 0.0212708468424694 0.053223089547364 0.562551947530631 -0.279932329650605 -0.0202205323112759
19.7236161564501 17.3527957473738 25.105771610242 -0.179228246913138 0.556332919228845 0.811400517941265 0.899359325053624 0.426965805210626 -0.09408982692061 -0.0426366058084206 -0.011232414272891 0.894743861766809 0.590105694909536 -0.0367676790273873 -0.159642255479556
20.0211759894178 17.7006443286421 25.0042137121448 0.120284185605112 -0.114048231124852 0.986166617060906 0.85203537200365 0.521665741356572 -0.0435943848356295 -0.358398229303922 -0.194278371215791 0.616936403995747 0.456307535548315 -0.211621646993346 0.136336872651181
20.3558273632151 18.0171904091393 25.1378560686545 0.337113049687189 -0.644210850568657 0.686547196679927 0.860712644590385 0.506375039453045 0.0525161689300692 -0.67319110948353 -0.378548089360588 0.405080010616415 0.487558613319382 -0.368809299230451 0.0889305774343452
20.7724713119418 18.2541598011219 25.3195126723419 0.258443321835697 -0.910667778698037 0.322321467631088 0.890042797457103 0.354178371278213 0.287021578246581 0.486636756359672 -0.0743845842409985 0.149741357666105 0.391845497931396 0.198898369860017 0.0127733906946727
21.0971474157141 18.3506552483885 25.6604569798596 0.276682974239472 -0.906669481284057 -0.318428744219125 0.936663198914629 0.180406254928691 0.300192472652544 0.213411229082897 -0.229073585017655 0.0210346960126208 0.307127879628898 -0.185139114079775 -0.0835870127004189
21.5487109121921 18.2290541977356 25.8740812014248 0.217402728208554 -0.414049571342742 -0.883911130964205 0.97527393957837 0.128983905233927 0.179454110110173 0.432148957041509 -0.277881407071946 0.0483444508441983 0.280189619557521 -0.0908900287230558 0.0998985717890534
22.0460909897267 18.1156033510825 25.8986615599087 -0.0289915550203348 0.283135231846208 -0.958641651096782 0.971455084864539 0.233878276039402 0.039696988280128 0.0586390105041319 0.0364937144433339 -0.382786187772132 0.181668520717011 0.172055032473009 0.677212081226751
21.7230724268518 16.3232687799717 24.0386814826963 0.0524770132705474 0.567170134885374 -0.821927055530867 0.983775590836988 -0.170757717243191 -0.0550207946347217 -2.40591149381755 -5.97855410457277 -7.43918539314246 0.84414479190284 -0.320090236434389 -0.289465315927887
