t = 100
b = 30 30 30
E = -0.849629627059498 -1.02117016341241 0.171540536352914
17.3642923774426 0.601381700103837 28.3801717418155 0.267463551360673 -0.479776400943981 0.835630142805363 0.726867149357277 0.669769736434489 0.151896440032627 0.0826157307552338 0.3610497965983 -0.0829842927584382 -0.100265136082453 0.445692123471357 -0.274528812264828
17.4965798609149 0.893912136175742 28.7372007045025 0.664774300379614 -0.738550501955325 0.11233062923759 0.702077845167058 0.669037548994466 0.243875664465462 0.0628160927969447 0.212712579277152 0.583212688821574 0.279830040790473 0.167618669721117 0.0694958896792352
17.8288250856135 0.995176195722277 28.9465010509276 0.66263357247841 -0.690351769988265 -0.290398111600228 0.748315976950604 0.594410421807874 0.294447511739913 0.02516982262676 -0.118231799524447 -0.146489104320914 0.673180321356304 0.57200967631833 -0.0159807005280602
18.157820324822 0.991314902455754 29.236830811548 0.597839822114682 -0.0402661619597109 -0.800603563095143 0.512087338923119 0.787569563321228 0.342783636199927 0.420100093436082 -0.283868831217014 -0.0366570365451486 0.631514527456607 -0.590982146453484 0.218762778135203
18.5750289322064 1.23439416701021 29.3646323474055 0.14771787564756 0.183804095104961 -0.971800064124874 0.682215499110564 0.692467458459954 0.234671500159408 0.352204711344292 0.430257854704681 -0.500771681162369 0.368631943610859 -0.359754995100627 -0.0922078437426117
19.0229234013053 1.41246844106542 29.3575771731525 -0.286761650570515 0.319597400522017 -0.903119672196447 0.781831400895412 0.622868479668891 -0.0278281181302992 -0.582065481050454 0.805661377755266 -0.17451076696089 0.350156853827742 0.359942524784676 -0.00994328851741756
19.396699072429 1.54807220229361 29.105248983775 -0.661688450994632 0.696116816212145 -0.278549192907091 0.712949451825245 0.699159392860531 0.0536572811549012 -0.322817946139504 0.245260835687541 0.124300987486086 0.553138603445499 0.167168328480895 0.0790627565841307
19.6800705488211 1.88991827404693 28.8804055030444 -0.741635165757557 0.577917993006795 0.340570044558395 0.571504986618026 0.810188471791342 -0.130294199278055 -0.195361590107395 -0.0471072378976139 0.190082207045696 0.292281150099177 0.243296561743814 0.13308015492729
19.7660880383529 2.35109268586288 28.7033259473119 -0.437925271781474 0.25322769761479 0.862610614245128 0.549380103764957 0.834887903988667 0.033816750165481 -0.393296730072618 -0.133815991686948 0.428651686719003 0.574033082969495 -0.200363332493332 0.0701788136815615
19.7653806989044 2.81469539373934 28.6444339616888 0.0641378044682527 -0.154726744005403 0.98587314621656 0.465938447988118 0.878259436021256 0.107524938784184 -0.516747290570976 0.10556967548113 0.292969186866268 0.417357741996415 -0.186656169135753 0.293074754999378
19.9370663668197 3.31889530440062 28.7017044786384 0.308482971920855 -0.514033392398696 0.800379790060346 0.599038178439222 0.758588997908723 0.256312067282378 0.220453648559808 -0.0652635705058036 -0.14882137017521 0.675595898858569 0.247741584967078 0.0759953877804095
20.027721927391 3.57985819631821 29.0381275627919 0.740807086259803 -0.622603763667422 0.252129521908404 0.515357263004048 0.767549516772009 0.38114895139002 -0.204999589986875 -0.315357897564794 0.265346038361918 0.524968863210949 0.171236080990555 0.149123619019019
20.1764169144325 3.90153111609059 29.4167829099744 0.800631890413931 -0.509218064805965 -0.315729978702978 0.590874698787956 0.758357279300114 0.275247545000042 -0.816042089195084 -0.255918244096193 0.00100266388498592 0.52800274345506 0.031841896135791 0.155668913027665
20.5674279374627 4.05072361838689 29.5970031553708 0.550410110390104 -0.426293675242782 -0.717859523539188 0.736306676196288 0.653176364952005 0.176672007932632 0.0604083064123808 -0.18546283571232 -0.0537346011508623 0.559853440036124 -0.081220146787156 -0.218262720008949
21.046542798614 4.11079827280364 29.7207236501064 0.0848511613207052 0.102773525665995 -0.991079090524652 0.85694300712404 0.499970197485805 0.125213326722284 -0.218404803094659 0.382387378071951 -0.382965194502012 0.473531786112046 0.0587209157804943 0.276059874828782
21.4666434062378 4.26015322733048 29.7228077880379 -0.379864562875564 0.530362252051832 -0.757904134432716 0.798196353568415 0.602023346992001 0.021221616844673 -0.144951059479312 -0.334156847308488 -0.322222724980108 0.581734008325458 -0.325795702169845 -0.203278163498846
21.9201224892795 4.47729168883784 29.604098566174 -0.692307251676905 0.640207205108997 -0.332934354790273 0.705747542239464 0.696906882265944 -0.127440540877599 -0.677307400994816 0.208383324686815 0.463291944524028 0.530543236559235 0.0353546923994883 0.116820773743583
22.1286481876184 4.78554014510893 29.2885699888711 -0.666750228377872 0.637387861255606 0.386239212402243 0.688008091596528 0.725636850139564 -0.00979333187561175 -0.575264756791183 -0.0848969352713264 0.594483777392634 0.380901920173115 -0.198723461938685 0.249718290551641
22.3215932226215 5.16484318334437 29.1906208645641 -0.478827922250399 0.342181307910224 0.808477367803217 0.590695382222052 0.806851349679747 0.00835149177205543 -0.23580847797481 -0.00180412576203798 0.170309640992052 0.267298832522423 0.155865702877835 -0.00406509681357567
22.3492474367955 5.61163118172083 29.1635796155777 0.0714873950654308 -0.00819116100918242 0.997407809695461 0.578141113321849 0.815196722838677 -0.0347424546092836 -0.178464047790394 -0.0632832320052378 0.371901726940551 0.604582900970644 -0.215106505120889 0.129758244822485
22.409079640901 6.02255274327481 29.2877084513417 0.580792033282568 -0.279067999267072 0.764723183653561 0.439026786331401 0.898456697929185 -0.00556116061486349 -0.0306388345897949 -0.0813233016832504 0.777336347302526 0.378754656349736 0.00155634138518386 0.41487220299762
22.6358863140911 6.50873893642187 29.3633226815118 0.468902570495154 -0.680604660581607 0.562945437344803 0.583503724598651 0.717170652615586 0.381037463694619 0.458276689484958 -0.415552678454055 -0.2182065752729 0.34591097362149 0.295589064959944 -0.398059024763421
22.815312141134 6.70718270906547 29.7456387208497 0.804574806992758 -0.52804061663547 -0.271721121605769 0.593829672258241 0.711488678165926 0.37569944176191 -0.0481987812131298 -0.171115858370898 0.0494740273114314 0.466372608793339 -0.181387277532619 -0.044843011650215
23.2510687228037 7.0012252241118 29.8902437765358 0.516376880456262 -0.545400326848302 -0.660222148990273 0.811173903413557 0.558645479021061 0.172950903678587 0.154322164987192 0.16340238061933 -0.496241881525634 0.599290427506433 0.179603039970493 -0.326093955922367
23.707092739379 6.99955643057677 30.0520425825489 0.159821965106437 0.177748816758487 -0.971010905446099 0.762432980415 0.60257455853504 0.235795964101121 -0.16611717279334 -0.0945298120475504 -0.187588105852006 0.407928055102339 -0.392563708034122 -0.0138672777877429
24.1578490095366 7.19255953403396 30.1369109514944 -0.285156028641699 0.426747543739171 -0.858237994209464 0.673693858052685 0.726156882240455 0.137232098247955 0.125854895740298 0.00519984927537149 0.184479258977742 0.379592961328283 -0.193486068576883 -0.141018179687546
24.5383840090863 7.39789826726854 29.959622696043 -0.682960553172167 0.700064860873368 -0.208504091700937 0.68808902610912 0.712381196282465 0.138008710500893 -0.265452024090473 0.234881306696425 -0.189801932425144 -0.0379998720333993 0.132673954020652 0.490904716312512
