
#id1 id2 FENE BEXC STCK NEXC HB CRSTCK CXSTCK total, t = 100
0 1 0.0153019 0 -1.06174 0 0 0 0 -1.04643
1 2 0.0638676 0 -1.10107 0 0 0 0 -1.0372
2 3 0.00402249 0 -0.788327 0 0 0 0 -0.784304
3 4 0.431463 0 -1.39298 0 0 0 0 -0.961517
4 5 0.221716 0 -1.03866 0 0 0 0 -0.816948
5 6 0.102542 0 -1.34885 0 0 0 0 -1.24631
6 7 0.152627 0 -1.37729 0 0 0 0 -1.22467
7 8 0.094525 0 -0.876998 0 0 0 0 -0.782473
8 9 0.0201146 0 -1.02907 0 0 0 0 -1.00896
9 10 0.290707 0 -0.997031 0 0 0 0 -0.706324
10 11 0.0419683 0 -0.985602 0 0 0 0 -0.943634
11 12 0.0807463 0 -1.40476 0 0 0 0 -1.32401
12 13 0.100349 0 -1.31634 0 0 0 0 -1.21599
13 14 0.149144 0 -1.28297 0 0 0 0 -1.13383
14 15 0.433962 0 -1.32027 0 0 0 0 -0.886305
15 16 0.0400794 0 -1.28694 0 0 0 0 -1.24686
16 17 0.0206864 0 -0.978251 0 0 0 0 -0.957565
17 18 0.111251 0 -1.2123 0 0 0 0 -1.10104
18 19 0.272651 0 -1.30478 0 0 0 0 -1.03213
19 20 0.0414519 0 -1.26251 0 0 0 0 -1.22106
20 21 0.538558 0 -1.41197 0 0 0 0 -0.87341
21 22 0.439243 0 -1.11382 0 0 0 0 -0.67458
22 23 0.46768 0 -1.20805 0 0 0 0 -0.740368
23 24 0.0770894 0 -1.10284 0 0 0 0 -1.02575
24 25 0.0180614 0 -1.2953 0 0 0 0 -1.27724
24 26 0 0 0 0 0 -0 -0.000538354 -0.000538354
25 26 0.0280895 0 -0 0 0 0 0 0.0280895
#Total energy per particle is  -0.934865 and should be -0.93486510

