t = 0
b =  30.0 30.0 30.0
E = 0. 0. 0.
14.8092017603 23.1533001317 0.366549750271 0.835590527841 0.483407099269 -0.260971351223 0.18794596503 0.194828240131 0.962662075225 0.0 0.0 0.0 0.0 0.0 0.0
15.1593046049 22.984073162 0.737326412207 0.37417638004 0.892013400638 -0.253582589509 0.18794596503 0.194828240131 0.962662075225 0.0 0.0 0.0 0.0 0.0 0.0
15.5947009671 23.0181806751 1.05029891489 -0.229393630433 0.961728897436 -0.149853562366 0.18794596503 0.194828240131 0.962662075225 0.0 0.0 0.0 0.0 0.0 0.0
15.9778070441 23.2715143206 1.32911229331 -0.745813165448 0.666067506848 0.0108073385382 0.18794596503 0.194828240131 0.962662075225 0.0 0.0 0.0 0.0 0.0 0.0
16.1909049865 23.6766780752 1.61038920489 -0.978885809578 0.117355934354 0.167362350843 0.18794596503 0.194828240131 0.962662075225 0.0 0.0 0.0 0.0 0.0 0.0
16.1808658778 24.1085931188 1.92981636962 -0.840063368551 -0.475941119688 0.260333607912 0.18794596503 0.194828240131 0.962662075225 0.0 0.0 0.0 0.0 0.0 0.0
15.9793342978 24.4320173691 2.30858658845 -0.382086808702 -0.888420185049 0.254399774791 0.18794596503 0.194828240131 0.962662075225 0.0 0.0 0.0 0.0 0.0 0.0
15.6907060178 24.5529262103 2.74534724396 0.221050917925 -0.963373568517 0.151815213889 0.18794596503 0.194828240131 0.962662075225 0.0 0.0 0.0 0.0 0.0 0.0
15.4524663015 24.4542340163 3.21671418225 0.740207705057 -0.672325226558 -0.00844648498494 0.18794596503 0.194828240131 0.962662075225 0.0 0.0 0.0 0.0 0.0 0.0
15.3829569548 24.2022852657 3.68615574402 0.978147209425 -0.125849290351 -0.165499222995 0.18794596503 0.194828240131 0.962662075225 0.0 0.0 0.0 0.0 0.0 0.0
15.5364162953 23.9216491654 4.1178717527 0.844472235184 0.468438895348 -0.25967603919 0.18794596503 0.194828240131 0.962662075225 0.0 0.0 0.0 0.0 0.0 0.0
15.8823731083 23.7477937261 4.49039460008 0.389968139973 0.884759312824 -0.255197586544 0.18794596503 0.194828240131 0.962662075225 0.0 0.0 0.0 0.0 0.0 0.0
16.3172231712 23.7756191999 4.80474514958 -0.212691371533 0.964944874971 -0.153765304095 0.18794596503 0.194828240131 0.962662075225 0.0 0.0 0.0 0.0 0.0 0.0
16.7035902292 24.0234038884 5.08404489317 -0.734545874983 0.678531746098 0.00608498819917 0.18794596503 0.194828240131 0.962662075225 0.0 0.0 0.0 0.0 0.0 0.0
16.9225175319 24.4258599097 5.36473171001 -0.977334119576 0.134333062438 0.163623491741 0.18794596503 0.194828240131 0.962662075225 0.0 0.0 0.0 0.0 0.0 0.0
16.9186614913 24.8589371568 5.68271650694 -0.848816791986 -0.460900997572 0.258998695131 0.18794596503 0.194828240131 0.962662075225 0.0 0.0 0.0 0.0 0.0 0.0
16.7213176362 25.1869520071 6.05974006457 -0.397819773661 -0.881031062751 0.255975964014 0.18794596503 0.194828240131 0.962662075225 0.0 0.0 0.0 0.0 0.0 0.0
16.4332907512 25.3141357988 6.49511335126 0.20431562787 -0.966442697136 0.155703684478 0.18794596503 0.194828240131 0.962662075225 0.0 0.0 0.0 0.0 0.0 0.0
16.1918376201 25.2210189474 6.96597929772 0.728828106398 -0.68468659282 -0.003723028018 0.18794596503 0.194828240131 0.962662075225 0.0 0.0 0.0 0.0 0.0 0.0
16.1165208787 24.9718277656 7.43599657983 0.976446601949 -0.142806604541 -0.161735299924 0.18794596503 0.194828240131 0.962662075225 0.0 0.0 0.0 0.0 0.0 0.0
16.2637851709 24.6900838137 7.86914629523 0.853096708103 0.453328000401 -0.258301627319 0.18794596503 0.194828240131 0.962662075225 0.0 0.0 0.0 0.0 0.0 0.0
16.6055128846 24.5116759938 8.24341614656 0.405641111833 0.877235718751 -0.256734847923 0.18794596503 0.194828240131 0.962662075225 0.0 0.0 0.0 0.0 0.0 0.0
17.0397065025 24.5332340837 8.55916328123 -0.195924324781 0.967866920949 -0.157630207423 0.18794596503 0.194828240131 0.962662075225 0.0 0.0 0.0 0.0 0.0 0.0
17.4292391644 24.7754174686 8.83897860515 -0.72305483473 0.690789298006 0.00136078431382 0.18794596503 0.194828240131 0.962662075225 0.0 0.0 0.0 0.0 0.0 0.0
17.653951454 25.1750662957 9.1191041199 -0.975484724133 0.151269271369 0.159834791338 0.18794596503 0.194828240131 0.962662075225 0.0 0.0 0.0 0.0 0.0 0.0
17.65630197 25.609196958 9.43566398037 -0.857311657603 -0.445720480548 0.257584888838 0.18794596503 0.194828240131 0.962662075225 0.0 0.0 0.0 0.0 0.0 0.0
17.4632282667 25.9417256227 9.81094032435 -0.413431558863 -0.873373569856 0.257474180479 0.18794596503 0.194828240131 0.962662075225 0.0 0.0 0.0 0.0 0.0 0.0
3.71643827068 1.92062423146 10.5231614552 0.824713482826 -0.198785209981 0.529463985118 0.0802304247944 0.967846335346 0.238404173822 0.0 0.0 0.0 0.0 0.0 0.0
3.64474418808 2.22096957562 10.9628633257 0.996321686219 -0.0706431985868 -0.0485039798698 0.0802304247944 0.967846335346 0.238404173822 0.0 0.0 0.0 0.0 0.0 0.0
3.80016166521 2.50521180043 11.3915087124 0.789410623407 0.0843373450421 -0.608044471962 0.0802304247944 0.967846335346 0.238404173822 0.0 0.0 0.0 0.0 0.0 0.0
4.13552531878 2.8086787257 11.6815503426 0.282589266521 0.207276721244 -0.936578703195 0.0802304247944 0.967846335346 0.238404173822 0.0 0.0 0.0 0.0 0.0 0.0
4.53530520454 3.1593943861 11.7580988279 -0.331592477357 0.251468205564 -0.909291026322 0.0802304247944 0.967846335346 0.238404173822 0.0 0.0 0.0 0.0 0.0 0.0
4.85949857466 3.56743223187 11.6273743952 -0.819796695157 0.200122714265 -0.536548486015 0.0802304247944 0.967846335346 0.238404173822 0.0 0.0 0.0 0.0 0.0 0.0
4.99681926232 4.02108805666 11.3743437182 -0.996546442196 0.0727472579443 0.0400377947414 0.0802304247944 0.967846335346 0.238404173822 0.0 0.0 0.0 0.0 0.0 0.0
4.90697715712 4.49132662118 11.1304396578 -0.794691534477 -0.0822660979392 0.60141304788 0.0802304247944 0.967846335346 0.238404173822 0.0 0.0 0.0 0.0 0.0 0.0
4.63598509164 4.94281262609 11.0236277206 -0.290920026277 -0.2060251878 0.934301429038 0.0802304247944 0.967846335346 0.238404173822 0.0 0.0 0.0 0.0 0.0 0.0
4.29867779701 5.34733518295 11.1297898235 0.32337686383 -0.251511864258 0.912233076619 0.0802304247944 0.967846335346 0.238404173822 0.0 0.0 0.0 0.0 0.0 0.0
4.03508426867 5.69452560245 11.4438954849 0.814817476795 -0.20144497843 0.543592126668 0.0802304247944 0.967846335346 0.238404173822 0.0 0.0 0.0 0.0 0.0 0.0
3.9572284098 5.99579663277 11.8819129887 0.996695307303 -0.0748457773164 -0.0315685605799 0.0802304247944 0.967846335346 0.238404173822 0.0 0.0 0.0 0.0 0.0 0.0
4.10656927759 6.2800065658 12.3127344382 0.799911926711 0.0801885859544 -0.594735823865 0.0802304247944 0.967846335346 0.238404173822 0.0 0.0 0.0 0.0 0.0 0.0
4.43825009424 6.58249548952 12.6079858378 0.299228631346 0.20475796474 -0.931953004211 0.0802304247944 0.967846335346 0.238404173822 0.0 0.0 0.0 0.0 0.0 0.0
4.83814008683 6.93165899775 12.6907985209 -0.315136623902 0.251536369349 -0.915105656834 0.0802304247944 0.967846335346 0.238404173822 0.0 0.0 0.0 0.0 0.0 0.0
5.16619467608 7.33816022928 12.5650128407 -0.809776206927 0.20275190178 -0.550594370675 0.0802304247944 0.967846335346 0.238404173822 0.0 0.0 0.0 0.0 0.0 0.0
5.30966075348 7.7908787632 12.3137191563 -0.996768270204 0.0769385968928 0.0230969223503 0.0802304247944 0.967846335346 0.238404173822 0.0 0.0 0.0 0.0 0.0 0.0
5.22591347233 8.26113545271 12.0676904161 -0.805071402554 -0.0781049672984 0.588013308415 0.0802304247944 0.967846335346 0.238404173822 0.0 0.0 0.0 0.0 0.0 0.0
4.95865013963 8.71358811246 11.9556993281 -0.307514448997 -0.203475148568 0.929533607555 0.0802304247944 0.967846335346 0.238404173822 0.0 0.0 0.0 0.0 0.0 0.0
4.62128887861 9.1196586057 12.0555954552 0.306872385101 -0.251541718973 0.917908548211 0.0802304247944 0.967846335346 0.238404173822 0.0 0.0 0.0 0.0 0.0 0.0
4.35387918742 9.46839015618 12.3647288647 0.804673269467 -0.204043384787 0.55755468479 0.0802304247944 0.967846335346 0.238404173822 0.0 0.0 0.0 0.0 0.0 0.0
4.26989479333 9.77061001068 12.8009568822 0.996765325342 -0.0790255572972 -0.0146235252007 0.0802304247944 0.967846335346 0.238404173822 0.0 0.0 0.0 0.0 0.0 0.0
4.41312308652 10.0548159869 13.2338514666 0.810169569093 0.0760154006467 -0.581246013475 0.0802304247944 0.967846335346 0.238404173822 0.0 0.0 0.0 0.0 0.0 0.0
4.74102955847 10.3563496761 13.5342510039 0.315776848232 0.202176836975 -0.927043423315 0.0802304247944 0.967846335346 0.238404173822 0.0 0.0 0.0 0.0 0.0 0.0
5.14091737292 10.7039695816 13.6233309638 -0.298584776779 0.25152791272 -0.920641537298 0.0802304247944 0.967846335346 0.238404173822 0.0 0.0 0.0 0.0 0.0 0.0
5.4727427781 11.1089252828 13.5025506563 -0.799509053021 0.205319329101 -0.564472538956 0.0802304247944 0.967846335346 0.238404173822 0.0 0.0 0.0 0.0 0.0 0.0
5.62232006949 11.5606835315 13.2530988157 -0.996686472941 0.0811064995994 0.00614901441296 0.0802304247944 0.967846335346 0.238404173822 0.0 0.0 0.0 0.0 0.0 0.0
