
#id1 id2 FENE BEXC STCK NEXC HB CRSTCK CXSTCK total, t = 100
0 1 1.86482 0 0 0 0 0 0 1.86482
1 2 0.0422612 0 -1.19955 0 0 0 0 -1.15729
2 3 0.00144738 0 -1.0011 0 0 0 0 -0.999655
3 4 0.0393391 0 -0.315384 0 0 0 0 -0.276045
4 5 0.00758459 0 -1.29013 0 0 0 0 -1.28255
5 6 0.319358 0 -1.20607 0 0 0 0 -0.886711
6 7 0.0717348 0 -0.94004 0 0 0 0 -0.868305
7 8 0.155183 0 -1.31506 0 0 0 0 -1.15988
8 9 0.379103 0 -1.33961 0 0 0 0 -0.960505
9 10 0.00110526 0 -1.34745 0 0 0 0 -1.34635
10 11 0.310624 0 -1.23049 0 0 0 0 -0.919868
11 12 0.10375 0 -1.07118 0 0 0 0 -0.96743
12 13 1.26499 0 0 0 0 0 0 1.26499
13 14 1.6549 0 0 0 0 0 0 1.6549
14 15 1.00267 0 -0 0 0 0 0 1.00267
15 16 0.0265806 0 -1.32665 0 0 0 0 -1.30007
16 17 0.163041 0 -1.35592 0 0 0 0 -1.19288
17 18 0.429617 0 -1.17302 0 0 0 0 -0.7434
18 19 0.00278057 0 -0.0888388 0 0 0 0 -0.0860582
19 20 0.973446 0 0 0 0 0 0 0.973446
20 21 1.66583 0 0 0 0 0 0 1.66583
21 22 0.074416 0 -1.04046 0 0 0 0 -0.966042
22 23 0.00182116 0 -0.868122 0 0 0 0 -0.8663
23 24 0.103725 0 -1.37658 0 0 0 0 -1.27285
24 25 0.120985 0 -0.956291 0 0 0 0 -0.835306
25 26 0.010963 0 -1.26375 0 0 0 0 -1.25279
27 28 0.0762754 0 -1.34554 0 0 0 0 -1.26927
28 29 0.173035 0 -1.32323 0 0 0 0 -1.15019
29 30 0.218908 0 -1.41156 0 0 0 0 -1.19265
30 31 0.286563 0 -1.13664 0 0 0 0 -0.850073
31 32 0.023576 0 -0.815334 0 0 0 0 -0.791758
32 33 1.54634 0 0 0 0 0 0 1.54634
33 34 1.76341 0 0 0 0 0 0 1.76341
34 35 0.122188 0 -1.34032 0 0 0 0 -1.21814
35 36 0.0262055 0 -0.989491 0 0 0 0 -0.963286
36 37 0.00280772 0 -1.24077 0 0 0 0 -1.23796
37 38 0.0763874 0 -1.22236 0 0 0 0 -1.14597
38 39 0.0182749 0 -1.21625 0 0 0 0 -1.19797
39 40 1.74183 0 0 0 0 0 0 1.74183
40 41 1.33417 0 0 0 0 0 0 1.33417
41 42 0.0294359 0 -0.907208 0 0 0 0 -0.877772
42 43 0.0831814 0 -1.15417 0 0 0 0 -1.07099
43 44 0.0438657 0 -1.19953 0 0 0 0 -1.15567
44 45 0.131004 0 -1.25651 0 0 0 0 -1.1255
45 46 0.100787 0 -1.39082 0 0 0 0 -1.29003
46 47 0.233632 0 -1.33579 0 0 0 0 -1.10216
47 48 0.11887 0 -1.10001 0 0 0 0 -0.981139
48 49 0.0062733 0 -1.15791 0 0 0 0 -1.15163
49 50 0.402672 0 -1.34472 0 0 0 0 -0.942046
50 51 0.517797 0 -1.21375 0 0 0 0 -0.695953
51 52 0.791904 0 -0 0 0 0 0 0.791904
52 53 0.532229 0 -0.00813444 0 0 0 0 0.524094
#Total energy per particle is  -0.455964 and should be -0.45596410

