t = 0
b =  30.0 30.0 30.0
E = 0. 0. 0.
20.8668470038 19.0270954439 25.3149162082 -0.179672490489 0.525214976734 0.831785443715 0.973917425825 0.214079832727 0.0751975591022 0.0 0.0 0.0 0.0 0.0 0.0
21.1772122268 19.4601594069 25.2455322446 -0.0642864679452 -0.0574910168898 0.99627407525 0.973917425825 0.214079832727 0.0751975591022 0.0 0.0 0.0 0.0 0.0 0.0
21.4729233475 19.8801182908 25.4032489878 0.0755230585837 -0.618355211999 0.782261528784 0.973917425825 0.214079832727 0.0751975591022 0.0 0.0 0.0 0.0 0.0 0.0
21.7858499517 20.1591230847 25.7392822711 0.186640112478 -0.944295923722 0.271054748818 0.973917425825 0.214079832727 0.0751975591022 0.0 0.0 0.0 0.0 0.0 0.0
22.1413211754 20.222875593 26.137102493 0.226849467186 -0.911482826237 -0.343130262018 0.973917425825 0.214079832727 0.0751975591022 0.0 0.0 0.0 0.0 0.0 0.0
22.5485027423 20.0788555625 26.4567061608 0.180874916589 -0.532382163884 -0.826954349482 0.973917425825 0.214079832727 0.0751975591022 0.0 0.0 0.0 0.0 0.0 0.0
22.9969147522 19.8134790009 26.5878055586 0.0661829611127 0.0489793834829 -0.996604653638 0.973917425825 0.214079832727 0.0751975591022 0.0 0.0 0.0 0.0 0.0 0.0
23.4604131701 19.5592672913 26.4917288943 -0.0736530078108 0.611732844173 -0.787628187535 0.973917425825 0.214079832727 0.0751975591022 0.0 0.0 0.0 0.0 0.0 0.0
23.9071223825 19.4445001028 26.2161123598 -0.185506967654 0.942078769735 -0.279418604547 0.973917425825 0.214079832727 0.0751975591022 0.0 0.0 0.0 0.0 0.0 0.0
24.3115452759 19.5444797995 25.8768023457 -0.226883728975 0.914513219957 0.334946777938 0.973917425825 0.214079832727 0.0751975591022 0.0 0.0 0.0 0.0 0.0 0.0
24.664250016 19.8529228134 25.6138434601 -0.182063568364 0.539508808071 0.822060279473 0.973917425825 0.214079832727 0.0751975591022 0.0 0.0 0.0 0.0 0.0 0.0
24.9754533601 20.2843468772 25.5382732411 -0.0680744141915 -0.0404640201064 0.996859336722 0.973917425825 0.214079832727 0.0751975591022 0.0 0.0 0.0 0.0 0.0 0.0
25.2711391393 20.7065471662 25.6899371392 0.0717773480762 -0.605063890523 0.79293486535 0.973917425825 0.214079832727 0.0751975591022 0.0 0.0 0.0 0.0 0.0 0.0
25.5831865672 20.9908231224 26.0223505649 0.184359695756 -0.939789872802 0.287761181468 0.973917425825 0.214079832727 0.0751975591022 0.0 0.0 0.0 0.0 0.0 0.0
25.9372587936 21.0608739476 26.4203591609 0.226900712689 -0.917473969954 -0.326737786364 0.973917425825 0.214079832727 0.0751975591022 0.0 0.0 0.0 0.0 0.0 0.0
26.3430530446 20.9217865524 26.7438878683 0.183238355293 -0.546594366574 -0.817103606392 0.973917425825 0.214079832727 0.0751975591022 0.0 0.0 0.0 0.0 0.0 0.0
26.7906164844 20.6581029541 26.8811577829 0.06996068314 0.031945575238 -0.997038105108 0.973917425825 0.214079832727 0.0751975591022 0.0 0.0 0.0 0.0 0.0 0.0
27.2541274642 20.4017013507 26.79115283 -0.0698962222186 0.598348858915 -0.798181158105 0.973917425825 0.214079832727 0.0751975591022 0.0 0.0 0.0 0.0 0.0 0.0
27.7017055979 20.2816933886 26.519202457 -0.183198384154 0.937429407232 -0.296081844261 0.973917425825 0.214079832727 0.0751975591022 0.0 0.0 0.0 0.0 0.0 0.0
28.1075236542 20.3753724893 26.1797602183 -0.226900417035 0.920364850756 0.318503912443 0.973917425825 0.214079832727 0.0751975591022 0.0 0.0 0.0 0.0 0.0 0.0
28.4616197533 20.6788487867 25.9129209565 -0.184399187913 0.553638299799 0.812084707708 0.973917425825 0.214079832727 0.0751975591022 0.0 0.0 0.0 0.0 0.0 0.0
28.7736820517 21.108526952 25.8311964293 -0.0718416243117 -0.0234246975904 0.997140945182 0.973917425825 0.214079832727 0.0751975591022 0.0 0.0 0.0 0.0 0.0 0.0
29.0693680495 21.5328654567 25.976770212 0.068009773493 -0.591588260725 0.803366666275 0.973917425825 0.214079832727 0.0751975591022 0.0 0.0 0.0 0.0 0.0 0.0
29.3805568774 21.8223513987 26.3054714516 0.182023121285 -0.934997552783 0.304379959275 0.973917425825 0.214079832727 0.0751975591022 0.0 0.0 0.0 0.0 0.0 0.0
29.7332378815 21.8987046192 26.7035561124 0.226882842036 -0.923185642212 -0.310245783215 0.973917425825 0.214079832727 0.0751975591022 0.0 0.0 0.0 0.0 0.0 0.0
