
#id1 id2 FENE BEXC STCK NEXC HB CRSTCK CXSTCK total, t = 100
0 1 0.265121 0 -1.38607 0 0 0 0 -1.12095
1 2 0.13043 0 -1.07535 0 0 0 0 -0.944916
2 3 0.148615 0 -1.39075 0 0 0 0 -1.24214
3 4 0.114582 0 -1.10769 0 0 0 0 -0.993113
4 5 0.00522502 0 -1.24046 0 0 0 0 -1.23523
5 6 2.42558 0 0 0 0 0 0 2.42558
6 7 2.16447 0 0 0 0 0 0 2.16447
7 8 0.012117 0 -0.780794 0 0 0 0 -0.768677
8 9 0.169674 0 -0.971245 0 0 0 0 -0.801571
9 10 0.0661106 0 -0.0630326 0 0 0 0 0.00307798
10 11 0.113053 0 -0.967756 0 0 0 0 -0.854703
11 12 0.00714256 0 -0.196395 0 0 0 0 -0.189253
12 13 1.64164 0 0 0 0 0 0 1.64164
13 14 1.09317 0 0 0 0 0 0 1.09317
14 15 0.246006 0 0 0 0 0 0 0.246006
15 16 0.0482739 0 -0.748216 0 0 0 0 -0.699942
16 17 0.0604932 0 -0.982373 0 0 0 0 -0.92188
17 18 0.440364 0 -0.942269 0 0 0 0 -0.501905
18 19 0.0506616 0 -1.02336 0 0 0 0 -0.972702
19 20 4.4416e-05 0 -1.29633 0 0 0 0 -1.29628
20 21 0.204396 0 -1.27905 0 0 0 0 -1.07466
21 22 0.121003 0 -1.1723 0 0 0 0 -1.0513
22 23 0.0634643 0 -1.08518 0 0 0 0 -1.02172
23 24 0.0603499 0 -1.1302 0 0 0 0 -1.06985
24 25 0.135079 0 -1.09272 0 0 0 0 -0.957642
26 27 0.0887199 0 -0.951742 0 0 0 0 -0.863022
27 28 0.00555829 0 -1.04877 0 0 0 0 -1.04321
28 29 0.16692 0 -0.81467 0 0 0 0 -0.64775
29 30 0.0403118 0 -1.39041 0 0 0 0 -1.35009
30 31 0.667492 0 -1.38318 0 0 0 0 -0.715684
31 32 0.294049 0 -1.26639 0 0 0 0 -0.972337
32 33 0.120148 0 -1.3265 0 0 0 0 -1.20635
33 34 0.0481937 0 -1.3776 0 0 0 0 -1.32941
34 35 0.167249 0 -1.22079 0 0 0 0 -1.05354
35 36 0.138003 0 -1.24368 0 0 0 0 -1.10567
36 37 0.101915 0 -1.29098 0 0 0 0 -1.18906
37 38 0.0537656 0 -1.30231 0 0 0 0 -1.24855
38 39 2.17625 0 0 0 0 0 0 2.17625
39 40 2.28095 0 0 0 0 0 0 2.28095
40 41 0.0349403 0 -1.09802 0 0 0 0 -1.06308
41 42 0.0490112 0 -1.17173 0 0 0 0 -1.12272
42 43 0.0919716 0 -1.05961 0 0 0 0 -0.967637
43 44 0.00599895 0 -1.18868 0 0 0 0 -1.18268
44 45 0.286 0 -1.31843 0 0 0 0 -1.03243
45 46 0.00267564 0 -1.14416 0 0 0 0 -1.14148
46 47 0.117033 0 -1.15451 0 0 0 0 -1.03748
47 48 0.316233 0 -1.24953 0 0 0 0 -0.933294
48 49 0.163185 0 -0 0 0 0 0 0.163185
49 50 0.572802 0 -0.00234733 0 0 0 0 0.570455
50 51 1.08617 0 -0.248306 0 0 0 0 0.837869
51 52 1.84799 0 0 0 0 0 0 1.84799
#Total energy per particle is  -0.442892 and should be -0.44289210

