t = 0
b =  30.0 30.0 30.0
E = 0. 0. 0.
17.7454521524 6.14401104981 3.0261566825 0.652866228973 -0.727174926997 -0.212090340687 0.64018206256 0.380037938984 0.667636197124 0.0 0.0 0.0 0.0 0.0 0.0
17.9269334305 6.00813484176 3.51327812927 0.766262746305 -0.253840126661 -0.590259768003 0.64018206256 0.380037938984 0.667636197124 0.0 0.0 0.0 0.0 0.0 0.0
18.2830843257 5.81439576886 3.86584984335 0.588543235085 0.315932781774 -0.744179640837 0.64018206256 0.380037938984 0.667636197124 0.0 0.0 0.0 0.0 0.0 0.0
18.7733936699 5.6926735835 4.04878578489 0.187226308938 0.765677544299 -0.615373226097 0.64018206256 0.380037938984 0.667636197124 0.0 0.0 0.0 0.0 0.0 0.0
19.3063812571 5.74548761846 4.09144738017 -0.285221022231 0.924528606299 -0.252776234271 0.64018206256 0.380037938984 0.667636197124 0.0 0.0 0.0 0.0 0.0 0.0
19.7743527034 6.00904797831 4.0764886249 -0.649308118414 0.732135793472 0.205854675147 0.64018206256 0.380037938984 0.667636197124 0.0 0.0 0.0 0.0 0.0 0.0
20.0943143436 6.43949871532 4.1084544493 -0.766712204558 0.261592352047 0.586277951771 0.64018206256 0.380037938984 0.667636197124 0.0 0.0 0.0 0.0 0.0 0.0
20.2395039126 6.92957943721 4.27406235126 -0.592829505446 -0.308334397512 0.743964432472 0.64018206256 0.380037938984 0.667636197124 0.0 0.0 0.0 0.0 0.0 0.0
20.2495579772 7.34937532349 4.60925696901 -0.193720965635 -0.761119754379 0.619006386855 0.64018206256 0.380037938984 0.667636197124 0.0 0.0 0.0 0.0 0.0 0.0
20.2154533416 7.59567393781 5.08555411212 0.278985407863 -0.924742991314 0.258877465637 0.64018206256 0.380037938984 0.667636197124 0.0 0.0 0.0 0.0 0.0 0.0
20.2449434385 7.63117735816 5.62086238167 0.645700560527 -0.737040904971 -0.199603332977 0.64018206256 0.380037938984 0.667636197124 0.0 0.0 0.0 0.0 0.0 0.0
20.4216209985 7.49867228103 6.11067106518 0.767103274708 -0.269324656162 -0.582251488203 0.64018206256 0.380037938984 0.667636197124 0.0 0.0 0.0 0.0 0.0 0.0
20.7731597741 7.30477464005 6.46775550364 0.597070629545 0.300712532391 -0.743692568336 0.64018206256 0.380037938984 0.667636197124 0.0 0.0 0.0 0.0 0.0 0.0
21.2608008185 7.1794244303 6.65531519775 0.20020086973 0.756504002243 -0.62259240788 0.64018206256 0.380037938984 0.667636197124 0.0 0.0 0.0 0.0 0.0 0.0
21.7940776575 7.22651933166 6.70095493289 -0.272728547676 0.92488695357 -0.264958982481 0.64018206256 0.380037938984 0.667636197124 0.0 0.0 0.0 0.0 0.0 0.0
22.2651860154 7.48444224318 6.68619725963 -0.642043830042 0.741889887951 0.19333679024 0.64018206256 0.380037938984 0.667636197124 0.0 0.0 0.0 0.0 0.0 0.0
22.5899404621 7.91147897801 6.7155107138 -0.767435926974 0.277036450162 0.578180683931 0.64018206256 0.380037938984 0.667636197124 0.0 0.0 0.0 0.0 0.0 0.0
22.739757865 8.40166618038 6.87662047306 -0.601266284405 -0.293067766846 0.74336406913 0.64018206256 0.380037938984 0.667636197124 0.0 0.0 0.0 0.0 0.0 0.0
22.7525165996 8.82504857606 7.20718009527 -0.206665527753 -0.751830639398 0.626131016083 0.64018206256 0.380037938984 0.667636197124 0.0 0.0 0.0 0.0 0.0 0.0
22.7181659205 9.07705115384 7.68046630229 0.266450918155 -0.924960482104 0.271020321674 0.64018206256 0.380037938984 0.667636197124 0.0 0.0 0.0 0.0 0.0 0.0
22.7445527367 9.11820896062 8.21553160017 0.638338205434 -0.746682373145 -0.187055524158 0.64018206256 0.380037938984 0.667636197124 0.0 0.0 0.0 0.0 0.0 0.0
22.9164487668 8.98916049695 8.70795758543 0.767710136023 -0.284727146764 -0.57406584896 0.64018206256 0.380037938984 0.667636197124 0.0 0.0 0.0 0.0 0.0 0.0
23.2633443466 8.79520847122 9.06952524236 0.605416150508 0.285400683056 -0.742978959873 0.64018206256 0.380037938984 0.667636197124 0.0 0.0 0.0 0.0 0.0 0.0
23.748244557 8.66631354016 9.261730822 0.213114447397 0.747100021739 -0.629621941985 0.64018206256 0.380037938984 0.667636197124 0.0 0.0 0.0 0.0 0.0 0.0
24.2817242124 8.70772008257 9.31041406016 -0.260152997364 0.924963571316 -0.277061021619 0.64018206256 0.380037938984 0.667636197124 0.0 0.0 0.0 0.0 0.0 0.0
24.7559019838 8.95997210017 9.29594122973 -0.6345839689 0.751417995585 0.180760013074 0.64018206256 0.380037938984 0.667636197124 0.0 0.0 0.0 0.0 0.0 0.0
