t = 100
b = 30 30 30
E = -0.83486160144216 -1.01062036941858 0.175758767976417
17.8008245517235 5.91257481340095 3.0875409250212 0.296900448648961 -0.950218895508235 -0.0945202098481489 0.705323839273673 0.151496656003374 0.692507709371213 0.291589367845682 -0.125744185127382 -0.284828577901259 0.208345429675348 0.725252906840201 -0.73874281243986
17.8674043046456 5.79240561406129 3.46986983396419 0.816435579701459 -0.105448110011907 -0.56772662679567 0.577378760060237 0.162972407873278 0.800046029880712 -0.295175118057818 -0.551765446521337 0.406438157113776 0.303022354779951 -0.242550473708323 0.0517703986694033
18.22296774238 5.75974949045675 3.8347154829233 0.517969544589297 0.421586843443811 -0.744292930919949 0.735499945760971 0.22475733280772 0.639158709438513 -0.324408168221202 -0.209171693932858 -0.308888148834646 0.353391204304257 0.0680929257399063 0.165316470963973
18.730344485446 5.81607569440603 3.93644367178841 0.0549923171108761 0.748696113424761 -0.660628379793178 0.793230373297013 0.369083906573326 0.484316559889912 0.0908360545876595 0.0999016748202665 0.238837666692917 0.431532998596696 0.0592615344701018 0.109108279248041
19.1856742574884 5.92091897673051 4.03975952069988 -0.336577930073427 0.873043347172154 -0.352860442467649 0.716955160574213 0.480527226264965 0.505043331647674 0.312246342544209 0.229040146000573 0.0651196672840194 0.666216447520533 0.204467646275065 0.0253527614286602
19.5509271480608 6.18973340497171 3.98929186903025 -0.645168925158293 0.732786538681396 0.216288759607845 0.717682776555271 0.484129086213401 0.500550043629207 -0.473808052957833 -0.0368097453186548 -0.359324395866928 0.539706065579343 -0.266600073299212 -0.0920818598124036
19.8966112252536 6.50352233797901 4.09448653094132 -0.813632934076283 0.311202754056204 0.491074511871818 0.575896019978132 0.547147994326638 0.607431256265453 -0.322961948559204 0.353624038009203 0.0718300224540494 0.467833887342773 0.122314278137554 -0.00637209466611669
19.9697847547575 6.90556882839943 4.24175053834703 -0.368533213772471 -0.411185655145858 0.833732278968129 0.602283813006039 0.577559357604738 0.551071032003444 -0.999829471488598 0.32041404160834 -0.167748925424975 0.44491336875591 -0.228741956803085 0.149592408662035
20.1543091176471 7.20556431110581 4.58527872762758 -0.136740399362262 -0.806098207293963 0.575766988467616 0.448317516866364 0.467938955646978 0.761606476358555 -0.179183735128459 -0.184370718868815 0.162415187186669 0.492258109765393 0.244869582051028 0.287493400691274
20.1377547362564 7.41133976910062 5.0075301512825 0.413626592185086 -0.893173888482386 0.176503061750073 0.464541207262313 0.373772766795545 0.802804628866288 -0.128988810884141 -0.555547548658838 0.0955832638804312 0.53258663161385 -0.346008329110797 0.0548387512569656
20.2834521133447 7.46551809111282 5.48451641262814 0.551246641083473 -0.792316196781608 -0.26146140419363 0.629166733236827 0.188933443515766 0.753958394131497 0.0459029983622923 -0.442455646266116 -1.02122300684042 0.596889907849593 0.129761859454786 -0.121216855108669
20.4529724376283 7.38559520793936 5.83654498157716 0.788920184421817 -0.319462361757856 -0.524927255376853 0.613174694533416 0.35327976293069 0.706548005499827 0.129932776392688 -0.0560130620626647 -0.711388691308919 0.594221491583113 0.113686428542191 -0.00839800486853821
20.7009303943479 7.25160042809914 6.20531213818472 0.68726890490251 0.311584001636689 -0.656183467662409 0.633677836777098 0.184455576435785 0.751284515858776 -0.0649337369167202 0.223271940190448 -0.412518610865396 0.446125773928806 -0.196336817641259 -0.0632343151580559
21.1551679311331 7.2297076947832 6.28691152725842 0.318997015208315 0.837124693675672 -0.444368127128856 0.62182689109351 0.168972741952774 0.764708710031414 -0.0737448716435117 -0.0419343806005449 -0.675108721113198 0.298977971041733 0.00873793558078874 0.682130513003465
21.616159599908 7.23605079659195 6.52510037074714 -0.279614264764624 0.941047073411434 -0.190384216088787 0.680901947328295 0.334162414138717 0.651696171602752 -0.239280373400213 -0.0229240258798135 -0.473958551870287 -0.197803315449482 -0.410463871855372 -0.117212818846443
22.0057925769512 7.5580289730752 6.74072474322961 -0.701360113582075 0.687499739252633 0.188249782758856 0.491607006189867 0.275302143956252 0.826154445818128 -0.903095952700598 -0.419394280394447 0.0362209454887289 0.197779610283375 -0.197217601244226 -0.228284242399187
22.3299282904944 7.91148966973916 6.80876986398825 -0.732460254690954 0.12590813366141 0.669065767851098 0.669002555180042 0.3153438668258 0.673048072612856 -0.781859561108512 0.0601450434952429 0.0613492512862061 -0.0303834611881709 0.0565798318692872 0.504029502536014
22.6017635786586 8.16245091373607 7.12902445231242 -0.657204894442481 -0.204486612324641 0.72544250923869 0.649415607638777 0.334881405797836 0.682725196279851 -0.416750842824316 -0.513732561852188 0.750378486434712 0.402842255434286 0.148868046989108 -0.442057797829282
22.633497916503 8.54555652399205 7.38694886678791 -0.22327521198751 -0.602433156743812 0.766304348685161 0.511962014050462 0.59651084706798 0.618117780577411 -0.306783662326208 -0.630893485488357 0.185102300251201 0.272960874519589 0.539457646215088 0.333078023842627
22.6676975534503 8.85878959186729 7.76606361829252 0.367937538112582 -0.862519489253306 0.34739311960141 0.590326872847514 0.505328939377595 0.629409824377275 0.0038117361372088 -0.346411788317127 -0.116878086958802 0.121732913898706 -0.76515789901381 -0.260899210765374
22.9141282723354 8.94358722020148 8.18179610794161 0.55305585425171 -0.81723772221221 -0.162023483771427 0.585418264057321 0.242819885209731 0.773513958426905 0.32862434156863 -0.337281273585558 -0.223168183507691 0.297440536861775 0.166661476103089 -0.346988786814332
23.0689977283005 8.83919320486602 8.55925198591512 0.851981834138287 -0.243953525581793 -0.463263977109573 0.522384913792366 0.33654436237975 0.783486933999139 0.445217262222391 -0.366598098770389 -0.35142815851394 0.455264805660793 -0.144311662249548 0.0765397560922497
23.3622559146604 8.77232700800123 8.91978842706011 0.676390793176964 0.251849055408522 -0.692146971022803 0.57707365203428 0.402742792280397 0.710481614440487 0.31029019470955 -0.365953615560546 -0.0880741568702557 0.249813862532151 0.397608782695569 0.137761144172301
23.8200696407853 8.74770583821177 9.11324296462107 0.206082110689123 0.766646448540853 -0.608098073879547 0.665791332544367 0.34556158822348 0.661293407828799 -0.274781723307082 0.261726038895584 0.200627494812657 0.168725758715703 -0.266832742752659 0.0935157981962031
24.254481364829 8.89266140994742 9.34021099263541 -0.276402929034627 0.860934081388734 -0.427075883335939 0.709695775565531 0.482499673107098 0.513347694362006 0.308019244990615 0.424758415701638 -0.235946190345893 0.366132285153333 0.200515649451951 -0.231082533254589
24.7434823315994 9.04649052404334 9.27003196449423 -0.663116520637531 0.621549651602256 0.417076011149939 0.722453146878211 0.385706977215772 0.573839228734514 0.114920097853803 0.528968677939004 0.40902344421637 0.369746301115792 -0.256403882883669 0.651436224920577
