
#id1 id2 FENE BEXC STCK NEXC HB CRSTCK CXSTCK total, t = 100
0 1 1.4042 0 0 0 0 0 0 1.4042
1 2 0.0249599 0 -0.96539 0 0 0 0 -0.94043
2 3 0.346045 0 -1.32195 0 0 0 0 -0.975908
3 4 0.142172 0 -0.961435 0 0 0 0 -0.819263
4 5 0.00272679 0 -0.380498 0 0 0 0 -0.377771
5 6 0.996507 0 -0 0 0 0 0 0.996507
6 7 1.44837 0 0 0 0 0 0 1.44837
7 8 0.149405 0 -1.3225 0 0 0 0 -1.17309
8 9 0.0837514 0 -1.15405 0 0 0 0 -1.0703
9 10 0.0451809 0 -1.16667 0 0 0 0 -1.12149
10 11 0.105417 0 -1.21031 0 0 0 0 -1.10489
11 12 0.117354 0 -1.14509 0 0 0 0 -1.02773
12 13 0.00184287 0 -1.18621 0 0 0 0 -1.18437
13 14 0.155806 0 -1.29318 0 0 0 0 -1.13737
14 15 0.222025 0 -1.27911 0 0 0 0 -1.05709
15 16 0.0757899 0 -1.35545 0 0 0 0 -1.27966
16 17 0.37133 0 -1.30342 0 0 0 0 -0.932093
17 18 0.00127538 0 -0.991777 0 0 0 0 -0.990502
18 19 0.0836798 0 -1.05066 0 0 0 0 -0.966978
19 20 0.301049 0 -1.26899 0 0 0 0 -0.967937
20 21 0.0454543 0 -1.21592 0 0 0 0 -1.17046
21 22 0.0682749 0 -1.34284 0 0 0 0 -1.27456
22 23 0.376776 0 -1.14589 0 0 0 0 -0.769115
23 24 0.00504841 0 -1.00946 0 0 0 0 -1.00441
25 26 0.23941 0 -1.19759 0 0 0 0 -0.958179
26 27 0.0216483 0 -1.24794 0 0 0 0 -1.2263
27 28 0.0986026 0 -0.994438 0 0 0 0 -0.895835
28 29 0.0213957 0 -1.38266 0 0 0 0 -1.36127
29 30 0.0185245 0 -1.11085 0 0 0 0 -1.09232
30 31 1.91062 0 0 0 0 0 0 1.91062
31 32 1.578 0 0 0 0 0 0 1.578
32 33 0.362587 0 -1.18069 0 0 0 0 -0.818104
33 34 0.0607785 0 -1.30294 0 0 0 0 -1.24216
34 35 0.0761396 0 -1.26358 0 0 0 0 -1.18744
35 36 0.06751 0 -1.12026 0 0 0 0 -1.05275
36 37 0.00526434 0 -1.05058 0 0 0 0 -1.04532
37 38 0.00354166 0 -0.00397952 0 0 0 0 -0.000437861
38 39 0.349788 0 -1.10341 0 0 0 0 -0.75362
39 40 0.819696 0 -0.832656 0 0 0 0 -0.0129604
40 41 0.120405 0 -1.28568 0 0 0 0 -1.16527
41 42 0.101896 0 -1.40118 0 0 0 0 -1.29928
42 43 0.488571 0 -1.37038 0 0 0 0 -0.881804
43 44 0.331177 0 -1.36795 0 0 0 0 -1.03677
44 45 0.146769 0 -1.23215 0 0 0 0 -1.08538
45 46 0.200977 0 -1.21362 0 0 0 0 -1.01264
46 47 0.053051 0 -1.39433 0 0 0 0 -1.34128
47 48 0.131121 0 -1.37029 0 0 0 0 -1.23917
48 49 0.394493 0 -0.862489 0 0 0 0 -0.467996
49 50 0.0388178 0 -1.0586 0 0 0 0 -1.01978
50 51 0.0592156 0 -1.07439 0 0 0 0 -1.01517
52 53 0.0011627 0 -0.949486 0 0 0 0 -0.948323
53 54 0.0682873 0 -1.26806 0 0 0 0 -1.19977
54 55 0.147833 0 -1.20628 0 0 0 0 -1.05845
55 56 0.0879458 0 -1.36275 0 0 0 0 -1.27481
56 57 0.0944335 0 -1.29233 0 0 0 0 -1.1979
57 58 0.76533 0 -1.3072 0 0 0 0 -0.541872
58 59 0.0227603 0 -1.28921 0 0 0 0 -1.26645
59 60 0.00563383 0 -1.40082 0 0 0 0 -1.39519
60 61 0.276535 0 -1.24971 0 0 0 0 -0.973174
61 62 0.128486 0 -1.28272 0 0 0 0 -1.15424
62 63 0.0145776 0 -1.00819 0 0 0 0 -0.993611
63 64 0.00577943 0 -0.257721 0 0 0 0 -0.251942
64 65 0.112517 0 -0.138359 0 0 0 0 -0.0258421
65 66 0.236015 0 -1.24878 0 0 0 0 -1.01277
66 67 0.0939643 0 -1.13697 0 0 0 0 -1.04301
67 68 0.108577 0 -1.2781 0 0 0 0 -1.16952
68 69 0.18431 0 -1.11375 0 0 0 0 -0.929437
69 70 0.0671238 0 -0.817117 0 0 0 0 -0.749993
70 71 0.0672803 0 -1.30748 0 0 0 0 -1.2402
71 72 0.374852 0 -1.3112 0 0 0 0 -0.936353
72 73 0.00159394 0 -1.05716 0 0 0 0 -1.05557
73 74 0.0556916 0 -1.27684 0 0 0 0 -1.22115
74 75 0.321995 0 -1.25944 0 0 0 0 -0.93745
75 76 0.511592 0 0 0 0 0 0 0.511592
#Total energy per particle is  -0.769927 and should be -0.76992710

