
#id1 id2 FENE BEXC STCK NEXC HB CRSTCK CXSTCK total, t = 100
0 1 2.04888 0 0 0 0 0 0 2.04888
1 2 0.00449698 0 -0.908088 0 0 0 0 -0.903591
2 3 0.111256 0 -1.22684 0 0 0 0 -1.11558
3 4 0.0946837 0 -1.06988 0 0 0 0 -0.975198
4 5 0.154332 0 -1.03181 0 0 0 0 -0.877473
5 6 1.94718 0 0 0 0 0 0 1.94718
6 7 1.52365 0 0 0 0 0 0 1.52365
7 8 0.0891436 0 -1.27896 0 0 0 0 -1.18982
8 9 0.216536 0 -1.19947 0 0 0 0 -0.982934
9 10 0.0407115 0 -1.21643 0 0 0 0 -1.17572
10 11 0.0399196 0 -1.29221 0 0 0 0 -1.25229
11 12 0.761152 0 -1.04262 0 0 0 0 -0.281464
12 13 0.30724 0 -1.3575 0 0 0 0 -1.05026
13 14 0.183418 0 -1.2527 0 0 0 0 -1.06929
14 15 0.205834 0 -1.01876 0 0 0 0 -0.812929
15 16 0.175424 0 -1.38079 0 0 0 0 -1.20537
16 17 0.236313 0 -1.2788 0 0 0 0 -1.04248
17 18 0.0816521 0 -1.30523 0 0 0 0 -1.22358
18 19 0.0278821 0 -1.0399 0 0 0 0 -1.01201
19 20 0.164878 0 -1.26756 0 0 0 0 -1.10268
20 21 0.114564 0 -1.27784 0 0 0 0 -1.16327
21 22 0.0940939 0 -1.28176 0 0 0 0 -1.18767
22 23 0.0260418 0 -1.34299 0 0 0 0 -1.31695
23 24 0.112131 0 -1.06803 0 0 0 0 -0.955899
25 26 0.00261948 0 -1.37069 0 0 0 0 -1.36808
26 27 0.0116116 0 -0.989172 0 0 0 0 -0.97756
27 28 0.250693 0 -1.13864 0 0 0 0 -0.887943
28 29 0.0290466 0 -1.30398 0 0 0 0 -1.27494
29 30 0.00194532 0 -1.18991 0 0 0 0 -1.18796
30 31 2.02344 0 0 0 0 0 0 2.02344
31 32 1.88969 0 0 0 0 0 0 1.88969
32 33 0.750521 0 -1.31747 0 0 0 0 -0.566952
33 34 0.100142 0 -1.14814 0 0 0 0 -1.048
34 35 0.129045 0 -1.27466 0 0 0 0 -1.14561
35 36 0.344568 0 -1.40466 0 0 0 0 -1.06009
36 37 1.66108 0 0 0 0 0 0 1.66108
37 38 1.71339 0 0 0 0 0 0 1.71339
38 39 1.8125 0 0 0 0 0 0 1.8125
39 40 0.00737147 0 -1.2974 0 0 0 0 -1.29003
40 41 0.324646 0 -1.23723 0 0 0 0 -0.912579
41 42 0.0988003 0 -1.26575 0 0 0 0 -1.16695
42 43 0.00461835 0 -1.1207 0 0 0 0 -1.11608
43 44 0.00870139 0 -1.34639 0 0 0 0 -1.33769
44 45 0.0380414 0 -1.36562 0 0 0 0 -1.32758
45 46 0.142862 0 -1.08818 0 0 0 0 -0.945321
46 47 0.149444 0 -1.15415 0 0 0 0 -1.00471
47 48 0.0444506 0 -1.27331 0 0 0 0 -1.22886
48 49 0.445861 0 -1.34524 0 0 0 0 -0.899381
49 50 0.0384155 0 -1.2366 0 0 0 0 -1.19819
50 51 0.0131421 0 -1.28115 0 0 0 0 -1.268
52 53 0.0268503 0 -1.36044 0 0 0 0 -1.33359
53 54 0.200474 0 -1.32503 0 0 0 0 -1.12456
54 55 0.583245 0 -1.24605 0 0 0 0 -0.66281
55 56 0.112425 0 -1.25245 0 0 0 0 -1.14003
56 57 0.246175 0 -1.24848 0 0 0 0 -1.0023
57 58 0.19467 0 -1.2806 0 0 0 0 -1.08593
58 59 0.103913 0 -1.32779 0 0 0 0 -1.22388
59 60 0.118832 0 -1.08003 0 0 0 0 -0.961197
60 61 0.154286 0 -1.3497 0 0 0 0 -1.19542
61 62 0.023699 0 -1.41618 0 0 0 0 -1.39248
62 63 0.00659996 0 -0.660364 0 0 0 0 -0.653764
63 64 0.97078 0 0 0 0 0 0 0.97078
63 65 0 0 0 0 0 -0 -0.0990251 -0.0990251
64 65 0.992398 0 -0 0 0 0 0 0.992398
65 66 0.1303 0 -1.1214 0 0 0 0 -0.991103
66 67 0.0392437 0 -1.4024 0 0 0 0 -1.36316
67 68 0.165773 0 -1.1225 0 0 0 0 -0.956724
68 69 0.318222 0 -1.18608 0 0 0 0 -0.867855
69 70 0.0593468 0 -1.14865 0 0 0 0 -1.08931
70 71 0.142281 0 -1.14302 0 0 0 0 -1.00073
71 72 0.116675 0 -1.0581 0 0 0 0 -0.941425
72 73 0.0693773 0 -1.40227 0 0 0 0 -1.33289
73 74 0.323807 0 -1.39191 0 0 0 0 -1.06811
74 75 0.115061 0 -1.17239 0 0 0 0 -1.05733
75 76 0.00389295 0 -1.19509 0 0 0 0 -1.1912
#Total energy per particle is  -0.678712 and should be -0.67871210

