t = 0
b =  30.0 30.0 30.0
E = 0. 0. 0.
19.7412735341 8.46270015049 17.7110494217 -0.173525087983 0.032921342967 0.984279040221 0.200377109555 0.979715507266 0.00255710549304 0.0 0.0 0.0 0.0 0.0 0.0
19.460357135 8.91785425881 17.762096621 0.424834834249 -0.0892409820221 0.900861482547 0.200377109555 0.979715507266 0.00255710549304 0.0 0.0 0.0 0.0 0.0 0.0
19.2762818499 9.35266588247 18.0184952237 0.86179290009 -0.177499165911 0.475191586052 0.200377109555 0.979715507266 0.00255710549304 0.0 0.0 0.0 0.0 0.0 0.0
19.2886522834 9.74701656568 18.3832137633 0.971341434778 -0.198322449043 -0.131011538763 0.200377109555 0.979715507266 0.00255710549304 0.0 0.0 0.0 0.0 0.0 0.0
19.5224400275 10.0961596404 18.7180682185 0.711861118431 -0.143799718009 -0.687441189606 0.200377109555 0.979715507266 0.00255710549304 0.0 0.0 0.0 0.0 0.0 0.0
19.918496536 10.4125235648 18.896220433 0.181932861508 -0.0346450698999 -0.982700439114 0.200377109555 0.979715507266 0.00255710549304 0.0 0.0 0.0 0.0 0.0 0.0
20.356024646 10.7209901445 18.8503660514 -0.417114731256 0.0876718194986 -0.904615361927 0.200377109555 0.979715507266 0.00255710549304 0.0 0.0 0.0 0.0 0.0 0.0
20.6984714398 11.0494415182 18.5983045696 -0.85769346383 0.176680718875 -0.482851784382 0.200377109555 0.979715507266 0.00255710549304 0.0 0.0 0.0 0.0 0.0 0.0
20.8454069816 11.4181672674 18.2361770084 -0.972420109625 0.198565659207 0.122355258901 0.200377109555 0.979715507266 0.00255710549304 0.0 0.0 0.0 0.0 0.0 0.0
20.7706793288 11.8321560648 17.9019403323 -0.717708097776 0.145012185765 0.681077493657 0.200377109555 0.979715507266 0.00255710549304 0.0 0.0 0.0 0.0 0.0 0.0
20.5323500926 12.2792003945 17.7229552923 -0.190326780143 0.0363661584767 0.981047001564 0.200377109555 0.979715507266 0.00255710549304 0.0 0.0 0.0 0.0 0.0 0.0
20.2506358608 12.7345343911 17.7675999471 0.409362863361 -0.0860959804267 0.908300351346 0.200377109555 0.979715507266 0.00255710549304 0.0 0.0 0.0 0.0 0.0 0.0
20.0622359066 13.1702428064 18.0192916957 0.853528710892 -0.175848816918 0.490475211679 0.200377109555 0.979715507266 0.00255710549304 0.0 0.0 0.0 0.0 0.0 0.0
20.0683978489 13.5658664782 18.3827872841 0.973424730916 -0.198793747827 -0.113689661213 0.200377109555 0.979715507266 0.00255710549304 0.0 0.0 0.0 0.0 0.0 0.0
20.2964519893 13.916175109 18.7203673108 0.723500420871 -0.146213610282 -0.67466193102 0.200377109555 0.979715507266 0.00255710549304 0.0 0.0 0.0 0.0 0.0 0.0
20.6894280733 14.2331543428 18.904158129 0.198706204656 -0.0380844776296 -0.979318853487 0.200377109555 0.979715507266 0.00255710549304 0.0 0.0 0.0 0.0 0.0 0.0
21.127699243 14.5414522186 18.8647131837 -0.401579820899 0.0845135848124 -0.911916170176 0.200377109555 0.979715507266 0.00255710549304 0.0 0.0 0.0 0.0 0.0 0.0
21.4744302798 14.8690149688 18.6173969188 -0.849298958438 0.175003523392 -0.49806128739 0.200377109555 0.979715507266 0.00255710549304 0.0 0.0 0.0 0.0 0.0 0.0
21.6275635924 15.2364697776 18.2565475677 -0.974355222145 0.199006697533 0.105015405616 0.200377109555 0.979715507266 0.00255710549304 0.0 0.0 0.0 0.0 0.0 0.0
21.5585926014 15.6492881695 17.9196364817 -0.729237646608 0.147403900066 0.668194990265 0.200377109555 0.979715507266 0.00255710549304 0.0 0.0 0.0 0.0 0.0 0.0
21.3233918659 16.0957072849 17.7350404647 -0.207070496922 0.0397998965022 0.977516126487 0.200377109555 0.979715507266 0.00255710549304 0.0 0.0 0.0 0.0 0.0 0.0
21.0409894041 16.551198788 17.7732692795 0.393766196579 -0.0829247531615 0.915462543059 0.200377109555 0.979715507266 0.00255710549304 0.0 0.0 0.0 0.0 0.0 0.0
20.8483459592 16.9877875911 18.0201778098 0.84500452858 -0.174144902671 0.505609433806 0.200377109555 0.979715507266 0.00255710549304 0.0 0.0 0.0 0.0 0.0 0.0
20.8483213232 17.3846800581 18.3823400264 0.975211512451 -0.199204492109 -0.0963331526899 0.200377109555 0.979715507266 0.00255710549304 0.0 0.0 0.0 0.0 0.0 0.0
21.0705961822 17.7361638548 18.7225430979 0.734919338075 -0.148582964472 -0.661677163874 0.200377109555 0.979715507266 0.00255710549304 0.0 0.0 0.0 0.0 0.0 0.0
6.8226501735 7.5956150665 6.58479148359 0.994822494686 0.0515261731727 -0.0875971320627 0.0514723653379 0.487750407693 0.871464362669 0.0 0.0 0.0 0.0 0.0 0.0
6.98692694876 7.48499430582 7.08425248361 0.754464562711 0.552739093454 -0.353924735192 0.0514723653379 0.487750407693 0.871464362669 0.0 0.0 0.0 0.0 0.0 0.0
7.32318394483 7.50037043889 7.5030363291 0.227472929388 0.843957190827 -0.485790414115 0.0514723653379 0.487750407693 0.871464362669 0.0 0.0 0.0 0.0 0.0 0.0
7.71129340231 7.70812664016 7.81108423441 -0.385939472954 0.814541841194 -0.433096192734 0.0514723653379 0.487750407693 0.871464362669 0.0 0.0 0.0 0.0 0.0 0.0
8.01142794478 8.10155767977 8.02040784896 -0.852727016957 0.475668427677 -0.215861486751 0.0514723653379 0.487750407693 0.871464362669 0.0 0.0 0.0 0.0 0.0 0.0
8.11718333691 8.60341735243 8.18052583081 -0.995549310383 -0.043919374266 0.0833826070607 0.0514723653379 0.487750407693 0.871464362669 0.0 0.0 0.0 0.0 0.0 0.0
7.99600323242 9.09526560234 8.35965088056 -0.760145776097 -0.546821471633 0.350948254367 0.0514723653379 0.487750407693 0.871464362669 0.0 0.0 0.0 0.0 0.0 0.0
7.70154787434 9.46246588059 8.61877459594 -0.235950152512 -0.841976949559 0.485182792297 0.0514723653379 0.487750407693 0.871464362669 0.0 0.0 0.0 0.0 0.0 0.0
7.35330767158 9.63773748669 8.98849574409 0.377886878888 -0.817251307243 0.43508827561 0.0514723653379 0.487750407693 0.871464362669 0.0 0.0 0.0 0.0 0.0 0.0
7.09120679474 9.6267166316 9.45739527836 0.848158367067 -0.482038229593 0.219696448731 0.0514723653379 0.487750407693 0.871464362669 0.0 0.0 0.0 0.0 0.0 0.0
7.02244364437 9.5058151469 9.97637462502 0.996200311146 0.0363092307289 -0.0791617321503 0.0514723653379 0.487750407693 0.871464362669 0.0 0.0 0.0 0.0 0.0 0.0
7.18076438627 9.39319035248 10.4773090524 0.765769101439 0.540862207239 -0.347945047474 0.0514723653379 0.487750407693 0.871464362669 0.0 0.0 0.0 0.0 0.0 0.0
7.51364221893 9.40385511523 10.8989293952 0.244409407119 0.839932588485 -0.484538221931 0.0514723653379 0.487750407693 0.871464362669 0.0 0.0 0.0 0.0 0.0 0.0
7.90223318364 9.60598253795 11.210099235 -0.369805507273 0.819898536442 -0.43704722483 0.0514723653379 0.487750407693 0.871464362669 0.0 0.0 0.0 0.0 0.0 0.0
8.20652697133 9.99500585785 11.4216441463 -0.843525126633 0.488371322432 -0.223514679976 0.0514723653379 0.487750407693 0.871464362669 0.0 0.0 0.0 0.0 0.0 0.0
8.31853917987 10.4953534361 11.5822388792 -0.996775447398 -0.0286963221034 0.0749348287674 0.0514723653379 0.487750407693 0.871464362669 0.0 0.0 0.0 0.0 0.0 0.0
8.2033363938 10.9891596868 11.7599150086 -0.771334110499 -0.534861754094 0.344915343218 0.0514723653379 0.487750407693 0.871464362669 0.0 0.0 0.0 0.0 0.0 0.0
7.91230797298 11.3610441838 12.0162146014 -0.252850049003 -0.837824263293 0.483856752103 0.0514723653379 0.487750407693 0.871464362669 0.0 0.0 0.0 0.0 0.0 0.0
7.56364237553 11.5419466136 12.3828093561 0.361695973536 -0.822483327192 0.438972891211 0.0514723653379 0.487750407693 0.871464362669 0.0 0.0 0.0 0.0 0.0 0.0
7.29742538663 11.5353639431 12.8494679951 0.838827648495 -0.494667223903 0.227315889712 0.0514723653379 0.487750407693 0.871464362669 0.0 0.0 0.0 0.0 0.0 0.0
7.2224191866 11.4160218634 13.3679432984 0.997274675341 0.0210812281418 -0.0707022188073 0.0514723653379 0.487750407693 0.871464362669 0.0 0.0 0.0 0.0 0.0 0.0
7.37474178019 11.3014852503 13.8703020286 0.776840379481 0.528820569156 -0.341859372324 0.0514723653379 0.487750407693 0.871464362669 0.0 0.0 0.0 0.0 0.0 0.0
7.70414516272 11.3074933025 14.2947339042 0.261271435377 0.83565213454 -0.483138434711 0.0514723653379 0.487750407693 0.871464362669 0.0 0.0 0.0 0.0 0.0 0.0
8.09310537717 11.5039882852 14.6090343584 -0.353558895251 0.825005482653 -0.440865128107 0.0514723653379 0.487750407693 0.871464362669 0.0 0.0 0.0 0.0 0.0 0.0
8.40147183033 11.8885432935 14.8228395927 -0.834066290384 0.50092545455 -0.231099788464 0.0514723653379 0.487750407693 0.871464362669 0.0 0.0 0.0 0.0 0.0 0.0
8.51971284635 12.387284275 14.983965623 -0.997697956956 -0.013464528763 0.0664642245995 0.0514723653379 0.487750407693 0.871464362669 0.0 0.0 0.0 0.0 0.0 0.0
8.41052858168 12.8829560167 15.1602421754 -0.782287489059 -0.522739112485 0.338777367515 0.0514723653379 0.487750407693 0.871464362669 0.0 0.0 0.0 0.0 0.0 0.0
10.5494199728 25.9121461006 -0.548799908623 0.280073408375 -0.254962387007 0.92550152195 0.479196212801 0.872513090092 0.0953514407615 0.0 0.0 0.0 0.0 0.0 0.0
10.4754593416 26.3697969324 -0.277192391668 0.714629267259 -0.45092511817 0.534763076679 0.479196212801 0.872513090092 0.0953514407615 0.0 0.0 0.0 0.0 0.0 0.0
10.5643984743 26.7246593694 0.116314385442 0.877685519547 -0.475573857875 -0.0591408021844 0.479196212801 0.872513090092 0.0953514407615 0.0 0.0 0.0 0.0 0.0 0.0
10.8534060488 26.9711147305 0.496340014833 0.70729436884 -0.319544137802 -0.630576101517 0.479196212801 0.872513090092 0.0953514407615 0.0 0.0 0.0 0.0 0.0 0.0
11.3036413969 27.1447299953 0.732625802043 0.268190262079 -0.0421142572847 -0.962444997213 0.479196212801 0.872513090092 0.0953514407615 0.0 0.0 0.0 0.0 0.0 0.0
11.8150107237 27.3087453138 0.749522221854 -0.272803809148 0.251315533688 -0.928664947245 0.479196212801 0.872513090092 0.0953514407615 0.0 0.0 0.0 0.0 0.0 0.0
12.2641944136 27.5300480162 0.554729437721 -0.710155152243 0.44926635164 -0.542069557369 0.479196212801 0.872513090092 0.0953514407615 0.0 0.0 0.0 0.0 0.0 0.0
12.5514982142 27.8537609976 0.236371880929 -0.87770667984 0.476533371272 0.0504671202707 0.479196212801 0.872513090092 0.0953514407615 0.0 0.0 0.0 0.0 0.0 0.0
12.6387287496 28.2860997759 -0.0704816942095 -0.711802765293 0.322757395944 0.623830495155 0.479196212801 0.872513090092 0.0953514407615 0.0 0.0 0.0 0.0 0.0 0.0
12.5637038222 28.7920111128 -0.235133088349 -0.275473079503 0.0463604896816 0.96019023504 0.479196212801 0.872513090092 0.0953514407615 0.0 0.0 0.0 0.0 0.0 0.0
12.4258847976 29.3084903247 -0.180909088198 0.265513434854 -0.247649541717 0.931757651109 0.479196212801 0.872513090092 0.0953514407615 0.0 0.0 0.0 0.0 0.0 0.0
12.3485895689 29.7685178159 0.0857090978409 0.705626956162 -0.447573371738 0.549334757364 0.479196212801 0.872513090092 0.0953514407615 0.0 0.0 0.0 0.0 0.0 0.0
12.4321420271 30.1265209429 0.477548159106 0.877660999371 -0.477456594808 -0.0417895950904 0.479196212801 0.872513090092 0.0953514407615 0.0 0.0 0.0 0.0 0.0 0.0
12.7157573376 30.375687824 0.859861280854 0.716256955209 -0.325946074862 -0.617037381685 0.479196212801 0.872513090092 0.0953514407615 0.0 0.0 0.0 0.0 0.0 0.0
13.1626434437 30.5505552872 1.10152071203 0.282734918586 -0.0506031915478 -0.957862350663 0.479196212801 0.872513090092 0.0953514407615 0.0 0.0 0.0 0.0 0.0 0.0
13.6739789833 30.7138877512 1.12483539024 -0.258202840684 0.243964690276 -0.934779398019 0.479196212801 0.872513090092 0.0953514407615 0.0 0.0 0.0 0.0 0.0 0.0
14.1264571773 30.9328319741 0.935067075253 -0.701045023857 0.445846307391 -0.55655812339 0.479196212801 0.872513090092 0.0953514407615 0.0 0.0 0.0 0.0 0.0 0.0
14.419132136 31.2534068767 0.618431318529 -0.877548481618 0.478343458176 0.0331088874707 0.479196212801 0.872513090092 0.0953514407615 0.0 0.0 0.0 0.0 0.0 0.0
14.5117698907 31.6830201857 0.309342733745 -0.720656599385 0.329109931724 0.61019727843 0.479196212801 0.872513090092 0.0953514407615 0.0 0.0 0.0 0.0 0.0 0.0
14.440133951 32.187654114 0.13934863778 -0.289975226309 0.054842039785 0.95546152136 0.479196212801 0.872513090092 0.0953514407615 0.0 0.0 0.0 0.0 0.0 0.0
14.3023981492 32.704789287 0.187152025671 0.250872583368 -0.240261259978 0.93772995786 0.479196212801 0.872513090092 0.0953514407615 0.0 0.0 0.0 0.0 0.0 0.0
14.2218487607 33.1671568982 0.448710986963 0.696409704259 -0.444085290121 0.56373910536 0.479196212801 0.872513090092 0.0953514407615 0.0 0.0 0.0 0.0 0.0 0.0
14.3000459863 33.5282952536 0.83877429506 0.877369135152 -0.479193893837 -0.024425658481 0.479196212801 0.872513090092 0.0953514407615 0.0 0.0 0.0 0.0 0.0 0.0
14.5782395338 33.7802013458 1.22326977354 0.725001362771 -0.33224872559 -0.60331070629 0.479196212801 0.872513090092 0.0953514407615 0.0 0.0 0.0 0.0 0.0 0.0
15.0216971647 33.9563713305 1.47024055753 0.297193451297 -0.0590767115885 -0.952987929962 0.479196212801 0.872513090092 0.0953514407615 0.0 0.0 0.0 0.0 0.0 0.0
