t = 100
b = 30 30 30
E = -0.455120912197252 -0.709796406625962 0.25467549442871
25.2723044794974 3.28794537480436 0.415285404522607 0.924604487985112 -0.0156236391609401 -0.38060783428915 0.379386357399133 0.127580210349246 0.916400110662124 0.120727605398861 -0.536044549425708 -0.662689039725902 0.0320902324696214 -0.194168728862359 -0.225614887835521
25.5248180836839 3.29792026719937 0.926751139611869 0.699873633466279 0.264082324276582 -0.663654512768219 0.679568030366275 0.039886464119404 0.732527302257486 -0.0867975943045469 0.0928941414971416 -0.150824548637047 0.220034941124485 0.52787510926624 -0.653018827190723
25.8771771648835 3.11677840085019 1.13429159447522 0.293499704016111 0.925096700618134 -0.240943767497349 0.502809383955161 0.0649743044512201 0.861951823346487 -0.0344829689478412 0.0030991923612389 -0.249713677657319 0.339292601177951 0.0458316933799111 0.0646904306685496
26.2530019531517 3.21878766119917 1.43935272157876 -0.429718392667458 0.901175118405887 0.0567925403039885 0.442950506495983 0.155573869891785 0.882944789549016 0.0418324161757625 0.304781911537148 -0.0996944904732248 0.378504707936089 0.153650166931385 0.192603171378456
26.5018408661826 3.5211209700374 1.76189315383255 -0.82197659770538 0.474949172501008 0.314289103658106 0.487989067371717 0.302827743309714 0.81863417763666 -0.382057628644563 0.280416709991149 0.0932007125181392 0.348719014674874 0.262988351882799 0.435302103528514
26.6343735420054 3.78881864287299 2.18668983578149 -0.968272030269555 -0.0114543245541824 0.249635644176805 0.242739355830899 0.194282838977838 0.950437618084235 -0.702466635048339 0.243544201555435 0.601927147464779 0.451393225431628 0.508726194156894 0.406174366822886
24.6558475027643 5.27065703979097 3.8160978377497 -0.759488330959965 -0.325966445773453 0.562959357323602 0.591224740497699 0.015101709253722 0.806365381925603 -9.05806837298422 5.07701722155973 6.73067023748583 -0.2660700653751 -0.949480194528244 -0.914688368529115
26.9114221837422 4.67579590047815 3.21339930456986 -0.33588169176461 -0.936019802301302 0.105120405380398 0.244364106090475 0.0211873262861633 0.969451991319259 -0.540508448989412 0.3515604038829 1.11075246387884 0.170758246458817 0.51090544112548 -0.117695428454137
26.8766207305068 4.70250155294977 3.78356011772777 0.102134899621343 -0.857645455481578 -0.503996643092903 0.314364575929922 -0.452855045041354 0.834324340957912 0.861908670942146 1.42181716181401 0.532430664815052 0.543920851785075 2.09002477668185 0.391001048121813
26.7468878581261 4.06366029196031 3.94696875089387 0.673555051671658 -0.738118051223296 0.0387971776387623 0.1073447054312 0.149618733777454 0.982899400364881 -0.316661918827125 -0.232783084173014 0.413417660260213 0.22593132350029 -0.214964699950801 -0.0906597411081819
26.8661698193989 4.04709112447044 4.37238271045045 0.937512798731536 -0.0211666404727144 -0.347306214194068 0.347750991796903 0.0908047106805239 0.933179314507752 0.229388733362472 -0.227580183954373 0.290218301794444 0.0552842700408634 0.178309720028174 -0.0561182082804712
27.2543170573032 3.85293653293736 4.60763507792377 0.72797708512624 0.614677112754624 -0.303679588097327 0.433008599204908 -0.0687922390168228 0.89876084934545 0.271967738576852 0.479345410363581 0.0358823855219708 0.531061302861864 0.0507711291187461 0.283504332193629
27.5093368783926 3.63723506843642 5.03770067548157 0.361921193407897 0.852376821458968 -0.377447595044283 0.600830656040804 0.0962866386967317 0.793556105466495 0.704629891123188 0.327775971925367 0.194828972307762 0.59749798851878 0.243074369233593 -0.0970658268954536
28.1045766795163 3.54057890070067 5.10052684440091 -0.250260047416583 0.96488497898563 0.079792022109698 0.544684997020827 0.0721789267546608 0.835528779106961 0.142320343652349 -0.054428867637027 -0.133414425337861 0.358076353022076 -0.619348548514632 -0.40992032877552
28.2394208260089 3.76399653450694 5.49156974958277 -0.805670341315389 0.564687021729767 0.178951809110749 0.351669774815643 0.212855668382034 0.911603376232523 -0.305123161984573 0.160062626023755 0.123877448509645 0.466529578182378 0.615760526132631 0.225692081387723
28.3688795590192 4.00087312209486 5.73237232459169 -0.880997556343963 0.100517396269674 0.46231962936307 0.465898482374811 0.354402952574063 0.810763246515237 -0.449556741802931 -0.578622293800344 0.492781096713628 0.488645769635651 -0.0522573733662516 0.166561295169792
28.5370974287881 4.35988823778517 6.02299551024274 -0.858216495124662 -0.357346394234463 0.368466942367484 0.318637666471101 0.191885737571626 0.928250927354582 0.951965959780008 0.614085899407487 -0.0293538019881097 0.68098138119193 0.0561172649977785 -0.473093411514635
28.3959871692806 4.58487286111204 6.42200446704357 -0.391685334079131 -0.881286847081595 0.264416289834311 0.175378127432252 0.210600292768418 0.961711972089335 0.317225999435096 0.0151261510953606 1.75075717698514 0.554819711165059 -0.414837241047903 0.0723958147620266
28.173962817183 4.59180277715248 6.83889468209499 0.425442544968305 -0.897223051334093 0.118276452815504 0.0902112435953545 0.172088810868737 0.980942027827458 -0.429573583313369 -0.302364661206487 -0.0215580318337758 0.169227328233572 -0.513441004616055 0.143010074557908
28.2488274910666 4.57515072906775 7.35765063870826 0.670467740864384 -0.694363385650788 -0.261404626090479 0.461259208608169 0.114134933894094 0.879893766817538 -0.187388373006937 -0.191127413807377 -0.00472783713242764 0.475599566815894 0.113476090493801 -0.286873950002235
28.4326436803816 4.35559782889756 7.7807672166391 0.728730264824109 -0.375508539374043 -0.572665198025694 0.543979840689803 -0.19055099298142 0.817175709629331 1.18787048382492 0.540279217804779 0.190192020205347 0.284944194175306 0.347174826630547 -0.382448765266441
28.6012248545331 4.05812997397914 8.07696618051288 0.771420924086223 0.411935302374503 -0.48499375975419 0.521586301368116 0.0272429849798761 0.852763409470131 0.386359548785581 0.0987852682584511 -0.338031044383706 0.576542028145912 0.125371323131465 -0.436106534828688
28.96922734906 3.86015895420798 8.37880559701579 0.325574416113237 0.923343131531428 -0.203564834432052 0.475027491591281 0.0264187624527595 0.879574222775171 0.295659101508588 -0.159407457764872 -0.22444024471332 0.481401555665345 -0.232514223609861 -0.181848746155289
29.3425969371763 3.76117905063659 8.70465901700749 -0.190366001081363 0.972400258371145 -0.134901466020188 0.423839818487406 0.205355792466981 0.882150037253493 -0.101519424429969 -0.129917859510375 0.605225366109673 0.334607205222231 -0.0536773238794058 0.0193396388238072
29.7043304524007 3.95154536404277 8.9308120740691 -0.814827761279159 0.546867893802889 0.192330726630703 0.391955777211542 0.275280652057975 0.877833193314409 -0.191997053567819 0.67725170044274 0.0847681036280698 0.236029012316219 0.186406237299286 0.144916853520992
3.96054711658224 16.207555779303 24.3044244977975 0.0220477044665676 0.890167602781454 -0.455099351463767 0.314158391333999 0.425982756631935 0.848435664620868 -0.247896518442628 0.558466893868224 -0.833183322325864 0.117695489651568 -0.431169963357241 -0.0868573067958761
4.21010168232747 16.4824451863478 24.5794476250002 -0.422536205770365 0.837246284122382 -0.347104733239445 0.436412127289915 0.523595296917476 0.731705065180086 -0.323776285050024 0.229603470971734 0.155707048963281 0.329541977517264 0.0826021688028954 -0.0314980422540471
4.54603107586516 16.7723381895323 24.8565733533264 -0.815543604794933 0.577660485477789 -0.0345958765350732 0.43801777422767 0.65525463984725 0.615452413215258 -0.486527912744978 -0.333533055098816 -0.0105295834867508 0.254841601421982 0.233270377307495 -0.130064047052853
4.74936596446685 17.1952222216257 24.9648097630102 -0.912967221599934 0.0733983604276095 0.401376897906868 0.339172839119777 0.683359242940962 0.646515131179898 -0.365229792582002 -0.345744389740551 -0.175714508336885 0.391541263383427 -0.306824493029449 -0.363862484469864
4.77196726677536 17.6244003492475 25.2342903571091 -0.720468090405455 -0.446023669587261 0.531025893332695 0.127335227286791 0.667629878209814 0.733522987203896 0.0340422289352288 -0.391415580478139 0.0801257639732722 0.496673878978326 0.282083518838532 -0.138944246147835
4.65794566487705 18.0016128304906 25.5136598118415 -0.200813920933899 -0.706548251849059 0.678574403109256 0.102313916120684 0.673769747093898 0.731823802340241 -0.26769926538317 0.257037619117662 0.0314306289153125 0.579204005320954 0.0400705613011756 -0.267942922122298
4.50876651378783 18.3272866894192 25.8604082970624 0.399817078766974 -0.785955087442766 0.471615083256983 0.0659528284112148 0.537863958228264 0.840447782296033 -0.092300451548937 0.157245341576579 0.184856081750419 0.436014586027311 0.209578035314135 -0.0259369555422282
4.48103127858579 18.360854406719 26.3469561847147 0.839752236036793 -0.542967995222248 0.00134885482241779 0.185299630464561 0.288917008586275 0.939250181119238 0.174441275606441 -0.12486294137231 -0.260564871000316 0.39970914095747 -0.0803135764569248 -0.241624991780073
4.59903545799868 18.2398918882276 26.7882449527011 0.910171115014934 0.162900801309063 -0.380856604779985 0.323111153957165 0.296134703721635 0.898834416858945 0.302536144735688 -0.365244330968592 0.0279294118733173 0.7355120359091 -0.117736215188632 0.236961483765265
4.90659366513817 18.1788842538897 27.1295735378906 0.444525143185496 0.760569115357066 -0.473214442408132 0.3671980548634 0.327133216989878 0.870717710990812 0.326777398100464 0.0622523381407502 -0.132822323727433 0.587112136328612 -0.425749129246123 0.585822287064434
5.27495004260874 18.3426245391243 27.4568119660836 -0.0502888474393998 0.846798028512678 -0.529531882486372 0.497707230301393 0.480925084707586 0.721802231230498 0.292852371533151 0.380025001950075 -0.243620973346239 0.560704153510432 -0.479028050712261 0.1201300629161
5.65723355938078 18.4977110325087 27.7012826974859 -0.473874355245752 0.719985303599954 -0.507014930006241 0.505491048616288 0.693862604645975 0.512867798649146 0.129066522278972 0.523552653438537 0.232756618678075 0.655059021909788 0.274325660069133 0.0125573218245613
5.99516039822729 18.8432492810201 27.7342263177555 -0.888004393246267 0.457452197171811 0.0467500382583719 0.398442695800382 0.714709349065172 0.574833762098199 -0.402788992705322 -0.0478979431143342 -0.148457189087432 0.641668858261528 -0.084999374455559 0.0760343856150489
6.08125406023782 19.3169444389988 27.8565042938718 -0.88031604343138 -0.103881611481074 0.462873803290854 0.253399973455702 0.721892247660333 0.643940931526819 -0.248418626466236 -0.130013857922067 -0.629408753771371 0.644858689524786 -0.0193681823416898 0.0510025917106251
6.14064994971895 19.745679152011 28.1009936803913 -0.679333189664257 -0.510026359330665 0.527616727476464 0.0876178741700636 0.65747334219467 0.748366087272358 0.21472810590666 -0.0591944439027039 0.151551531386869 0.428375581600619 0.0172635258893274 0.0915561500010896
6.08485912713327 20.03677504789 28.4963888131714 -0.360121997178817 -0.833138879264844 0.41975187972088 0.180441524999598 0.379238515083529 0.907534510164592 -0.101604511546388 -0.581460429039104 0.0532196210127807 0.317454183817783 0.255939624534355 -0.530410056604523
5.89960569758681 20.3264129942627 28.8362682774568 0.388020495318702 -0.890939537018738 0.235937952536228 0.500892851157032 0.418740921797346 0.75747097284523 0.226158708808112 0.126564750270487 0.136489095237996 0.375204614198896 -0.0694546821921375 -0.137400919907696
6.00228069311783 20.4370273811015 29.2484839664376 0.718398198535699 -0.687268674637111 -0.107543849436049 0.46059765445715 0.354098106777024 0.813919045992801 0.864595799762893 0.0601276007707218 0.219873587326257 0.360240499180351 0.426159387489523 -0.227156935056649
6.12407972375405 20.3695899959035 29.7647571329232 0.87367884625599 -0.0716222143301462 -0.481202049917623 0.48573561944205 0.183950979262798 0.854530773392928 1.21229653434936 -0.262932466556923 -0.304325887382907 0.632775401898876 0.463394941180777 0.154702127455037
8.36020450681609 18.8354484441634 27.3913491575434 0.869563094633446 0.338189303139091 -0.359844288027941 0.258826371698475 0.30845755349366 0.915348420156206 8.91068429033603 -6.169150241948 -11.5357219410645 0.380561618317848 -0.525605469855906 -0.659949364451523
7.06591047856837 19.9123430892128 29.1483799972108 0.182979298752089 0.748855956710265 -0.636971909975436 0.145342486877322 0.620185705820058 0.770872970580672 2.14070748097476 -1.91867492673492 -5.66873082374242 -0.330579894065488 0.122487796780345 -0.12178245231672
6.84037585034675 20.4948731440721 30.6286988685204 -0.444887825947765 0.782971413300451 -0.434776343996994 0.395757330094043 0.607368627225597 0.688824628505056 -0.48535632495382 -0.46753084886056 -0.241939191658699 0.112988670232772 -0.558690826313308 -0.302869596359597
7.13508776259536 20.8818781133572 30.8338211059861 -0.913042713274983 0.400504440224714 0.077130281492721 0.302151791836455 0.537165992260925 0.787500395104092 -0.209573493133367 -0.179726414751459 -0.642051706708441 0.393752233213844 0.13671423740001 0.107729544520904
7.31589988808873 21.3076166200969 31.0412363017613 -0.896332515517903 -0.0668783978725835 0.438309461352617 0.269084053234795 0.703641396384032 0.657633973685306 -0.431573162002634 -0.167287209092513 -0.221787137102893 0.357721924390513 0.156661205810251 0.0578388526266095
7.2773300710059 21.6974454173616 31.2516691941678 -0.599155899523224 -0.359285974778811 0.715489816322383 0.342793101103243 0.692483712914454 0.63479057932673 -0.308428617649385 -0.432816784693609 0.364544752848623 0.49089405345449 -0.509599426314262 -0.0707359236882919
7.31633278137197 22.1679545601225 31.4678709479604 -0.143246130529985 -0.680602018553803 0.718513270563349 0.39671934334889 0.625631802539485 0.671713102132196 0.280611812184869 -0.188573902351736 0.0601239910818455 0.416523493399321 -0.0723340501183736 -0.00561016465115255
7.29349549915544 22.4747541347323 31.8751320848728 0.398065302185598 -0.807413675990204 0.435461884183666 0.140495966428805 0.522749997123606 0.84082888211165 0.625527259327735 -0.164770877989438 0.492934618218237 0.140398464388044 0.0113233497268425 -0.00193095392854862
6.19039601250453 11.626705864969 14.8378468722887 -0.571891776110147 0.776858710657745 -0.263496163746954 0.693257184587952 0.62941500916032 0.351042880310311 -0.881702435619647 0.0581189713369546 -0.132545952497878 -0.0457925038615783 0.336128699530057 -0.560761715471042
6.52376397558954 12.0002570439195 14.8173349389455 -0.796467202741791 0.520546729712205 0.307686501425844 0.568776376195356 0.817664463257157 0.0889839970980302 0.546915186466199 0.308068701190818 0.173832337921365 0.529383797268041 0.366397099244924 -0.516142561792953
6.544375404496 12.4804927620352 14.7907346263942 -0.439529187397909 0.197164188845663 0.876322006061526 0.508015929165437 0.859149222036906 0.0615006515918876 -0.594139455606749 0.230710735315173 0.17934310138561 0.735642615488075 0.234058584595063 -0.0422937608579405
6.61557945644298 12.9743386637717 14.7392220228495 0.0860532467631335 -0.360491189039528 0.928784594200341 0.619076986914505 0.749767324717981 0.233650439459814 -0.135559409993097 -0.176149083658682 0.0207144915258481 0.631645724701599 -0.29715879079056 0.0795055582994904
6.812333275097 13.4018664198382 15.0176242892217 0.39240388287279 -0.731972523763649 0.556987700132691 0.594226201974455 0.663966133316751 0.453920789004984 -0.0488565722599771 0.096934448745284 0.0333967428562325 0.425408900036469 -0.0344481387305932 0.0704980522772841
7.08809643460911 13.6320432216408 15.4643225874433 0.633183254591197 -0.773166191736356 -0.0359567420582296 0.671567010574705 0.525695694630242 0.522151008982029 0.281565148229954 -0.278163986743724 -0.704448728769434 0.453389120053194 -0.19291693838493 0.109261764785497
7.37628590351337 13.7452367672849 15.8271686001971 0.635967670711279 -0.494127507339595 -0.592775682396587 0.769240704220469 0.467370856380158 0.435698413313163 0.164551399102824 0.0354392338675218 0.218986926942878 0.717929919771561 -0.00542587163346106 0.0222384142146238
7.74667546569056 13.7678061123781 16.081970016044 0.452411556313419 -0.0885212948981058 -0.887405006124321 0.844141395843679 0.363472412703982 0.394097701733526 -0.211685055382867 0.0809635233128502 -0.283297984396323 0.472485312312564 -0.0261460153692652 0.0608745300719292
8.17941974171159 13.6954838547601 16.233220044319 0.0750321040929557 0.596181613900674 -0.799335693046316 0.750894334461329 0.493670758759555 0.438687544040307 -0.272015562233034 0.106653964832976 -0.427657715042897 0.593484835277335 -0.561196151461425 0.0347631821703501
8.61765409467946 13.7619756320671 16.1370659712386 -0.270376693449941 0.936956954529454 -0.221377507164118 0.891979304368766 0.330321503660847 0.308643010667665 -0.101227187969282 0.238329007593341 -0.856705805586764 0.367666726915971 -0.346059811715335 0.615919233252699
9.1030269759227 14.0108108299618 16.1956855997749 -0.512348247530773 0.858391362849132 0.0257569849316215 0.847976892830415 0.500935020964414 0.173202702517464 -0.00647079166908171 0.439554685497385 1.02833903993502 0.314584763900095 0.169920238213066 0.531193323560626
9.48218763852657 14.3921977938841 16.1513547503999 -0.660516114544961 0.499878106649731 0.560214442808465 0.670705494496058 0.728193852293697 0.141023893730679 -0.0190524432038252 0.563427088782994 0.817893953715309 0.207762355276666 0.0949665874316142 0.023755628883064
9.39398222693607 14.9523733183211 17.0602331519921 -0.647348778828816 0.500938893485273 0.574456002714263 0.724417169711439 0.63870645003657 0.259371771871532 -0.938103534413137 0.137132248637112 4.08849918538198 0.288243481751852 -0.315286291896785 -1.26602311889603
9.63974793287957 15.4983456433504 16.2999705226228 -0.205663077584326 0.166392588670954 0.964373432015287 0.712174538458398 0.701323156523069 0.0308729305982966 -0.733104315790574 0.250881731725377 1.52567201293011 0.178363634082148 -0.877798679660224 -1.53685921214287
10.011534018353 15.7908710214375 16.2130529199267 0.0464715393629098 -0.625047953028975 0.779201737277222 0.657972676304709 0.606074044036839 0.446929631209738 0.281188507785954 0.452963165423117 -0.0172820585539187 -0.026505614781301 0.388485631322143 -0.801809089520241
10.1774162794564 16.0053293969384 16.533824189075 0.526056169019939 -0.842757028711818 0.114128785155392 0.745162083876643 0.521436908844556 0.415736577888833 0.223904262740334 0.413443647289136 0.0308768192373966 0.360325870650397 -0.05112001330888 -0.442519485248511
10.4801539892632 16.1206538640146 16.8457648324715 0.570217751386254 -0.664057655390002 -0.483610409384299 0.821432696593214 0.453740233649335 0.345496756530508 0.531028848416156 0.345121494280645 0.0840118975332349 0.471551502490925 -0.0910155935548037 -0.30617134342243
10.7901806268683 16.0795473568281 17.1806645462077 0.453246436216133 -0.0267743216569744 -0.890982987960085 0.767664417855362 0.519754701395472 0.374895017246397 0.24560170245273 -0.0536078139109801 -0.25321959179122 0.472577919367697 -0.282663577557865 -0.000468655127106088
11.2353352871039 16.1049870545873 17.3385480234571 0.0406107630013214 0.358518711205381 -0.932638719144694 0.848400281970885 0.480682412928189 0.221723393550008 0.119276906863315 -0.00815705808452617 -0.201255706786885 0.38542712044724 0.0209056938746597 -0.0376085629077169
11.702608289576 16.186047351989 17.2736434646509 -0.318754076639563 0.665009969075441 -0.675394300735431 0.841321901813848 0.526694590296274 0.121532510787911 0.471142817245106 -0.00606237424319802 -0.624133532072014 0.548575606410768 -0.135740557245927 -0.419884686780029
12.1283127473997 16.3259277886427 17.1919420237994 -0.598792587169616 0.724537611060691 -0.341310090137688 0.741574177841384 0.662535394732528 0.105425204378534 0.198720966723018 0.546596744265692 0.389577289406039 0.82829142978558 0.275767460598225 -0.21959303440399
12.4275901101208 16.6093728638234 16.9909484458432 -0.614640746712033 0.645261400591353 0.453711758052154 0.692883169320625 0.716550852419446 -0.0804219264916699 0.0176264482868676 0.445270587419264 0.307210160312117 0.376664684995196 -0.0380710848772126 -0.110291864578031
12.5814872221079 17.0121056370873 16.8717359282733 -0.332574739943627 0.142258553745946 0.932285593167482 0.645063526278944 0.755450182706179 0.11483882591007 -0.302933025789532 -0.199003662079326 0.193606959770191 0.721259658564845 -0.199668205923461 -0.063980051761686
12.7479840698265 17.4738876534903 16.9734683023257 -0.096522639152291 -0.345774758312489 0.933339743988209 0.490976526578765 0.799153069025986 0.346837594121535 0.661542326053295 -0.106771372801509 -0.298784744368149 0.474868889911512 0.164052732755265 0.186632377946932
12.8220720258408 17.8873437738082 17.2397762342649 0.486034684552831 -0.737379473598932 0.469086007478239 0.653634793134607 0.663001297265019 0.364953038564732 0.0511238511648135 -0.264150903625873 0.30628893275168 0.329228053614157 -0.280458935139852 0.366012427865156
