t = 100
b = 30 30 30
E = -0.503012991094107 -0.689921975910427 0.18690898481632
10.549425869611 18.4224973467042 19.855021353545 0.830957324422735 -0.359097076957584 0.424922462244814 0.376066654477328 0.925417861666475 0.0466426392404669 -2.42018143751836 -7.25461630258258 4.49218896366476 -0.246053689490668 -0.442731626559341 -0.427278330367161
11.3438616636633 20.1367543512904 19.1585317814283 0.802559159633369 -0.435773644485127 -0.407430984185484 0.575425898280727 0.745682162134556 0.335921168111044 -0.0935732494446873 -0.803879744857749 -0.260909650753327 0.190935302052661 -0.129601346317546 0.0727028229686674
11.7439400085703 20.3838690792872 19.3203479294772 0.422022666553685 -0.0876266160794127 -0.902340472046074 0.723224216442339 0.632711799507887 0.27680751275975 -0.118378848050391 -1.04556313344327 -0.082428912000161 0.256195935778447 0.0913982921056781 0.0206426426657221
12.2210680889272 20.7634106490274 19.3474513683279 0.0570011322119255 0.0437756091190614 -0.997413880718782 0.566173789901497 0.821442258892363 0.0684085946686655 -0.289033552849059 -0.0725565396553196 -0.520328161025957 0.566371264322415 0.515201142727177 -0.262371104943656
12.6903288739592 20.917430967339 19.2930534219933 -0.453453346160183 0.468246374403587 -0.758370144868937 0.621721603702633 0.775854328763404 0.1072948808824 -0.00253911987245492 0.228371762794359 -0.533536847381223 0.645540486508468 0.680204070535771 0.391055368820688
13.0428124098814 21.1877468797924 18.9837081324117 -0.755713608295493 0.652669947059991 -0.0540256001683984 0.651539719535417 0.740922284100457 -0.162880518886069 -0.388883375658312 -0.220327682911004 -0.852567088295095 0.622816964771498 -0.0787520635976097 0.437676770656316
13.4268516766599 20.2574788143781 17.7869440758264 -0.511797056615914 0.716781231468211 0.473590878235645 0.78018607183452 0.618580937402207 -0.0930978055376287 0.152467287593305 -5.59538563513244 -4.71037006682111 0.392160931023109 -0.737279168042961 0.0889474007209524
13.5100995194091 21.9440231485386 18.8708601017302 -0.66938764839192 0.140192589972601 0.729565690934118 0.37300605241692 0.912702500322597 0.166854776825939 -0.0600595111959539 -0.260494185996134 0.275313167139411 0.414460378016949 0.182738572534866 -0.294626011310731
13.4352193440678 22.4694937073214 18.9442981658672 -0.106821234427243 -0.319402974039633 0.941578910575709 0.236255337281004 0.911721020142452 0.336077506104471 -0.200735959374994 -0.382961723193784 0.0172254579879998 0.666139335837071 -0.0646889250006607 -0.306674049969066
13.3858596752472 22.9683514284011 19.1989785017052 0.373432242693584 -0.54066849815897 0.753807545986659 0.418042003996325 0.82348658519925 0.383550012171673 0.544584601005659 -0.839622148872697 -0.0555391791607497 0.499790407050788 0.291809665137361 0.182949580906593
13.4900330872171 23.2918408000965 19.556420389284 0.778271788571847 -0.617958117036839 0.11144806280026 0.551555788679435 0.757594161818631 0.349051830104189 0.0147454913036967 -0.951480545111461 0.112439691346859 0.501888395170862 -0.0638091152907797 -0.239716855298828
13.6351238071637 23.5598713762285 19.8954274084048 0.828477016290093 -0.431567125376823 -0.356897086848462 0.551667968984331 0.738591447500006 0.38748549610707 0.48489592012615 -0.191126912472607 -0.187716051409583 0.673776756975407 0.105469232346316 0.0886987886928329
14.0040442706377 23.6575379240375 20.2623114895193 0.600634320458113 -0.0809419179284178 -0.795416054597384 0.628291574916586 0.663046265566248 0.406963430088308 0.383366835377628 -0.131566065519461 -0.368581354835243 0.500725463859224 -0.391175334517708 -0.0796105116382867
14.4187996571966 23.8709622592458 20.4561242312285 0.192442221603438 0.0926165867686351 -0.976927860274501 0.639024609228988 0.743693805869394 0.196384710173773 -0.37492980345055 -0.49269332849531 -0.338194168729992 0.283184450975067 0.573774280716205 -0.145434206979446
14.836941766173 24.1622161283362 20.4187981136606 -0.359424411650779 0.298959226618592 -0.883989456530641 0.480330722999593 0.871435094355601 0.099414051947798 0.108962801862524 0.413206088537561 -0.0843338975708315 0.39150189802371 0.233784198325149 -0.553546974481011
15.1733699602168 24.3960075180684 20.2316814447708 -0.73036801315831 0.592986834315192 -0.33901189090828 0.589054527643812 0.7980685062082 0.126890918976969 -0.126355285207549 0.0969545628280772 -0.0419271040208745 0.372896121856215 0.154552194581583 -0.0182112268603975
15.4468905414505 24.7841073734987 20.0337921280915 -0.816550206724773 0.427775601192313 0.387625690291302 0.53675772116868 0.809739961781542 0.237091172022328 -0.133449115328265 0.342154508485776 0.0620343703386562 0.421390734072807 -0.270824024661585 0.0124383383953135
15.496822462111 25.2173006700688 19.8629388019092 -0.323931581640719 0.039144546241279 0.945270291226298 0.503830089985497 0.852814659748198 0.137340010756481 -0.351280553287547 0.383179223688643 0.122874670963451 0.204224734717041 -0.0536884740612625 0.42838910938742
15.6569558252342 25.7442819479941 20.004495990784 -0.246353360107189 -0.375030112963809 0.893679090967953 0.406980636271433 0.796828888778354 0.446576271501431 0.075670235879364 -0.357255463195104 0.386995574306129 0.537053220049294 -0.094778623765374 -0.459497263834063
15.5700735658152 26.163504502897 20.1612835816818 0.315303366082504 -0.560563905719264 0.76573610111029 0.404298173773106 0.809352597993155 0.426017893127326 0.363431402686549 -0.370611742152711 0.333948618983315 0.625522972738478 0.187702665947222 -0.0348776184974366
15.5112613674481 26.5587320049434 20.3963034134204 0.764953917376658 -0.60551373900484 0.2195415609303 0.472717301173208 0.759323275501342 0.447176031583559 -0.00843511394849982 -0.465846833931422 0.152404778634973 0.49381620663472 0.0344465212480361 -0.0635258403364362
15.7209762680462 26.7814884750545 20.7647573278051 0.8035233820817 -0.389653363821414 -0.450022569002739 0.570404104214683 0.720228002121485 0.394855248918374 0.407286741191078 -0.0866206235250495 -0.234077843082968 0.499208690222562 -0.183165684898001 0.147957336107499
16.0349496631253 26.9459662646177 21.0743869651318 0.506091179224534 -0.0450520341407154 -0.861302452425631 0.655209494570847 0.66949109069312 0.349974404422954 0.292133284328703 -0.168940677180359 -0.139329598354902 0.543077745823253 -0.310879773313871 -0.0580565938310268
16.468440584923 27.0827524300429 21.2785905274758 0.0770387737100933 0.41970835887044 -0.904383659204375 0.545668241069602 0.741422087159115 0.390562850584473 0.127036227041505 0.294802189515782 -0.148123071426261 0.412405561673568 -0.193663438092106 0.546512327931784
16.8533869998007 27.4434684315483 21.4013513007911 -0.422131620342924 0.30080165508212 -0.855174334414585 0.526218206045305 0.849452992740165 0.0390370937092997 -0.212954324454703 0.612847754753116 -0.151024623906354 0.0360593658217294 0.234677383832944 -0.13154725187294
8.57117268023861 3.63036411109802 1.25866295154825 -0.264532017426316 0.958540870643846 -0.105934409677289 0.857929074578143 0.284076381825068 0.42808666916845 0.0388317293777778 0.499764247007916 -0.138271371225303 0.174400350777582 -0.118079051761978 -0.499857244832418
8.9424632577262 3.91470023576198 1.30311015782337 -0.577766393614582 0.567338303981214 0.586782007256343 0.796020489884593 0.232791677709294 0.558712175883951 -0.37221318881143 0.164750589855895 -0.61416902127216 0.514036011626028 0.20314972820735 -0.124202035678597
9.24327458923576 4.2830913915198 1.53864274468601 -0.47481388473067 0.0305415984608877 0.879556062130091 0.837711295134091 0.322059052745393 0.441041535504578 -0.00787845084356306 -0.413260236979775 0.126866535671752 0.249942736807951 0.36929494418559 0.486924237601265
9.54404576988229 4.58427343144493 1.90908083420187 -0.305582082674153 -0.678489719063076 0.668035309636422 0.759611011331662 0.249318642644327 0.600692273772133 -0.513932586237273 -0.159925630706853 0.184765724693735 0.214500956547001 -0.239428744806362 -0.0748415307985233
9.7519275576884 4.83097367398184 2.30030428949446 -0.0296371270907237 -0.957197688038142 0.287913368881334 0.692335026216714 0.188100765155616 0.696627732712459 -0.232970696389789 -0.496293013812304 -0.611397848812678 0.57983026908399 0.156745426585281 0.0320202650335889
9.80663568949926 4.84659039446657 2.81740943422159 0.454444676560204 -0.869494665567833 -0.193543135183005 0.699369761481396 0.213705749743255 0.682064272967465 -0.397282887607145 -0.52397326574128 -0.356681691598841 0.384693458063704 -0.0689590962348143 0.279793503805917
10.1145264853499 4.85893287122109 3.2267153184145 0.379101976638729 -0.663434631726708 -0.645086088948396 0.876080496223501 0.0328741597377158 0.481042757865083 -0.00148104233361149 -0.524861934925779 -0.341340837303259 0.317946541134838 0.381732327696187 -0.315136818760437
10.3550906030163 4.53014532511862 3.51121404492625 0.444437898721517 -0.29112502448367 -0.847184196537554 0.895015765493831 0.184112814788566 0.406262392740672 0.617805047965772 -0.206987013202589 -0.299690741577934 0.501179882611774 0.0443688314824269 -0.353226407292312
10.6649504810918 4.26818480704903 3.66684477627125 0.512676008406258 0.584902231665888 -0.628532076025495 0.729519754988879 0.0892575591215946 0.678110533781437 -0.0124616969187379 0.548518088723789 -0.0846943164424399 0.166866275818581 -0.195121428157318 0.19232111798438
11.1282829143172 4.28719943050605 3.89241471101289 0.0398287591904785 0.869310935421338 -0.492658147047218 0.835565853468377 0.241402036843396 0.493512555226524 -0.140091535460295 0.285354180629218 0.0666924889971988 0.169186124947075 0.286170629152257 -0.35204167652286
11.5806837800447 4.45178173242205 3.89488604463036 -0.37258412883169 0.923691505064012 -0.089302597876964 0.879915093205725 0.382213730408345 0.28224455034603 -0.138175064758943 0.0545902280250404 0.846003761028638 0.350282498275353 0.364732161536973 -0.157291124999766
12.0034103642988 4.66524736514974 3.81220579818315 -0.5031470510137 0.64471235757008 0.57549014091657 0.848180544582947 0.240773221375805 0.47182401580911 -0.132734109500179 -0.0931541582198899 -0.0994474690449716 0.739122554536214 -0.208283437164719 -0.260263577305345
12.3130293433895 4.97741137902521 3.94417664054368 -0.50065700482669 0.0097804089370744 0.8655904273849 0.803726647205399 0.376633951079245 0.460619397590938 -0.345427627762467 0.122419280248497 0.275036700908941 0.307660303056413 0.0816044555292064 0.26933236037523
12.6290473131794 5.32516632301463 4.1871849235964 -0.373416386244241 -0.602646420897093 0.705249867027253 0.714923231416353 0.297498663948009 0.632755246698544 -0.546664402180109 -0.0400175200017141 0.255175897265369 0.268173012291582 0.204452780978115 0.0888994423250932
12.7930951765597 5.56646250630952 4.60838438475465 0.0116603652087678 -0.963837507609181 0.26623519190058 0.680668317422561 0.202694370805455 0.703992555903145 -0.723006243553808 0.158357683404618 0.273104621905495 0.490650265800752 -0.262476455410491 -0.136226555319323
13.0517880640678 5.62841755068726 5.09257267970974 0.159093478306601 -0.983505546530286 -0.0860580488841899 0.694485611774704 0.0495327183935577 0.717799506471081 0.306415726059767 -0.30148056361462 0.047545702288789 0.569274620857782 0.041957396650476 -0.17405832482929
13.1594924011826 5.61612062860513 5.56229380207616 0.567799963263595 -0.58962435317753 -0.57440943990512 0.773888662597002 0.144550261071544 0.616604769069128 0.422134510318495 0.130200595009609 0.0785975525128643 0.444090777992992 -0.359503033755281 0.0270490269247475
13.4865552631296 5.47168601232163 5.88821107294416 0.599393163110738 0.0656659457573159 -0.797756667949675 0.798296868925581 0.0240908464047835 0.601782040129484 0.0253531573337568 0.0217521837220605 0.43630199043156 0.155078247447249 -0.335762740797204 0.130575801408946
13.7302752537268 5.42491580764308 6.14344115552937 0.52873985472742 0.532498130083558 -0.66096882572658 0.719841360274291 0.131293031504286 0.681608712515313 -0.378112976600092 0.918461157210298 0.166753748082263 0.085630010461353 -0.0705268118061442 0.0847684682728959
13.8830451081172 6.05905031495453 7.38666357061653 0.141253255138934 0.917638385053789 -0.371466274766233 0.851924258025951 0.0784528981656337 0.517754848474951 -1.67648179229513 4.22270564331968 5.15533349810976 0.14275967589344 -0.231568797294742 -0.0433902052296282
14.5056580036635 5.5652463721793 8.04187205984606 -0.23068087240772 0.948427193475382 0.217421421964115 0.830553340212877 0.0755150870150853 0.551795706304219 -2.25336923753297 2.19676877762736 7.95059206094633 -0.0172914594720102 -0.730668506883334 -0.045382329698899
14.9874804845171 5.33139172018823 6.09614860730837 -0.524170500141286 0.741933101148439 0.418067513778875 0.80910215298099 0.280700899754995 0.5162950639488 -0.734503180139655 0.261138054061318 0.0522388618326296 0.542103035987113 -0.201648927433543 -0.976534650879727
15.4222328135192 5.68337130165373 6.08760417882745 -0.489430029041523 0.150413718764162 0.858972550067642 0.841874655986247 0.338343559028096 0.420440939984195 -0.690808160311124 -0.289806811593166 0.679169495305537 0.49599490143784 -0.165114170206687 -0.0287702941473939
15.8095161430062 6.00168161869462 6.30184601987133 -0.515058221203358 -0.394841895214949 0.760798785148123 0.653083052800674 0.394093288710641 0.646662892006835 -0.398176932962767 -0.379566149979443 0.27761022979114 0.325876317167935 0.320638874989147 -0.319544031399136
15.9810248579583 6.25855016185255 6.67767529558064 -0.0954033707644028 -0.90577175819539 0.412886909443774 0.603733912435196 0.277133602662345 0.74746385875631 0.0705889585206702 0.279612191652396 -0.159497806965525 0.400870646598938 -0.261065760600256 -0.116228706665889
16.1331345546408 6.40215658838107 7.12991128153143 0.387709945520972 -0.907948141419687 -0.159094476172116 0.74734752537954 0.208591953696048 0.630841465600455 -0.38198365919462 0.328460738710545 -0.10392459184177 0.376028155728822 -0.257077934373811 0.132615691691686
16.3692173083781 6.2825509886954 7.51302954519229 0.576638349902203 -0.389946575066225 -0.717934377949855 0.802479864808717 0.105400727188539 0.587296036682229 0.479836172679362 -0.495635037423687 -0.23876992689855 0.107919352715013 0.0102207480409925 0.65751230511537
2.37430226628484 1.1528052081391 21.5151724130887 -0.190761946247844 0.981621923380714 -0.00530669347654489 0.606072443852493 0.122029247969295 0.785992966492745 -0.14758953133668 0.30565941887616 -0.118342863140159 0.239902694188023 0.00854740357476469 -0.135735969952194
2.68859080965164 1.3679600241674 21.8538945802936 -0.811938854283304 0.556018179795211 0.177760969139467 0.347212944581859 0.215214294944613 0.91275728399305 -0.127976595393122 -0.054264203514893 -0.296923091285652 0.290512651071936 0.0372265593798723 0.0890784671561147
2.81577412774246 1.67454211142316 22.2002352448376 -0.891930543779206 -0.239852113113516 0.383315483948835 0.326960455261705 0.24346043523218 0.913139507285055 -0.279918367841646 0.409545451280819 0.0231434557753958 0.629355773609186 -0.181340066346708 0.072823953679031
2.91222963058517 2.05720239571966 22.4202741083608 -0.587954530712926 -0.648433544794174 0.483573461009216 0.301978760778044 0.378643650584264 0.874892966412382 -0.328702444167688 -0.400679096114701 -0.0877770628623783 0.408382655546253 -0.0224728025489009 0.75299717742407
2.89376808062462 2.30655855376889 22.8805795740659 -0.256935516428748 -0.941584498294002 0.217721505763109 0.269785547955793 0.146446963703497 0.95171893308226 -0.63458452240792 0.0129717588897753 0.216987340445882 0.340451669778967 -0.332367246211424 -0.262468863240171
2.69968869269183 2.38552136241378 23.3092670242125 0.4884002252581 -0.871559309038703 0.043005538871266 0.294736454160781 0.211148827030686 0.931958409345266 -0.293896808147972 -0.0191868572665412 0.114491188528857 0.709255732294128 -0.313861936659513 0.463475878660249
2.82122209448066 2.26560142993689 23.8073625457213 0.647376210462995 -0.73072099398019 -0.216681226093724 0.204095745751165 -0.107709667561717 0.973007422983593 0.608422626133464 -0.269034326974052 -0.169460372663579 0.415303257785038 0.190669777533795 -0.397407589069731
2.79921098914071 2.03527375584022 24.2245467481423 0.911528521113596 -0.204462240152404 -0.356806432958625 0.351214339278131 -0.0642937032414157 0.934084949280424 0.517004742828345 0.0985061897959099 0.0541854604898647 0.663080538251077 0.0532960791569935 -0.0884308300929945
3.04469442779603 1.84266321184374 24.6140700347417 0.814983832673085 0.335673161662142 -0.472360843587135 0.507007615028812 -0.0183139470905271 0.861746924852372 -0.0120595651235701 0.419429175684574 0.16121586369829 0.583024700217057 0.296531046491427 -0.192012738675476
3.35446365819026 1.60739551537076 24.8678247079739 0.372569737167568 0.887850426997303 -0.270024613210082 0.594919639609749 -0.00519436438361464 0.803768331037845 0.168974190635318 0.384877025418524 -0.169644363956585 0.585963473798482 -0.451331764411461 -0.442231088288045
3.79413593292797 1.58248122413018 25.0941938337792 -0.248399713670219 0.966891232646063 0.0584705678079279 0.500046621191742 0.0762991002683877 0.862630689329308 -0.323415662092991 0.354317427456566 0.095382717228707 0.490153942828493 0.0292640661902514 0.380128524010289
4.2377503640032 1.69917643900416 25.4352889581398 -0.834754527109339 0.492851846533754 0.245523565909887 0.412276551708454 0.263874823106051 0.872008030750266 -0.135607035514769 0.412213523435414 -0.215113950455828 0.179533371988675 0.0633078918253118 0.429291673119918
5.44796720868548 2.51678327251597 24.084444277284 -0.920079244278352 0.246015420562619 0.3048450124748 0.362357398980937 0.238833801919524 0.900919204462005 3.5674463214923 1.56620406583056 -6.46647720795484 0.258381512187693 0.0860371323437783 -0.383164745709073
4.58653156603039 2.32217516931498 25.7450037952116 -0.873602161031844 -0.474200532488275 0.109329778691866 0.179677697545734 -0.10551831343425 0.978049943509601 -0.243566156808054 -0.310832215689666 -0.675211284908204 0.0193829640862347 0.478108761284635 -0.287161912152463
4.40469267236989 2.61144049153183 26.3259820964541 -0.517820747856703 -0.79445640478429 0.317333550038699 0.225394120226783 0.231136112629362 0.946453101466484 0.42185377456987 -0.773127768138571 -0.90417125426121 0.494908837724925 0.25221190261773 -0.412464789837711
4.3492069391729 2.73587046130441 26.856962671645 -0.0269131384633724 -0.999351369924266 -0.0239250939972361 0.0136728440089172 -0.0242995431304776 0.999611167021982 0.362657414458641 -0.190457300886542 -0.690763078799374 0.288873433811997 0.0555618710670358 -0.569468712095836
4.16035467586879 2.69566122745289 27.2384749970445 0.814778400497426 -0.570222771872242 -0.104795180680467 0.202034344574574 0.109828071434869 0.973200802099321 -0.64326198551158 0.204556999299233 -0.31156476478578 0.412199513424322 -0.349381714735936 0.211858068544755
4.62185463575545 2.68758919944752 27.425705496476 0.86172212436164 -0.0517852072317322 -0.504730773568115 0.507098515033855 0.0547472985284642 0.860147493435667 1.18429046634469 0.663176184111933 -1.31764896815943 0.0639555953913351 0.638162017134289 0.464630188612521
5.06460792625334 3.58105414131408 27.8456384406579 0.754426529151239 0.55896471491954 -0.344091471425451 0.457907677025048 -0.0726026267911567 0.886030080511704 2.30513016743928 5.83046368551763 -1.29549681146501 0.434868114412378 0.352725232953862 0.0869857278385889
5.08796586066147 2.13142839851577 28.3458539931442 0.545077025607375 0.837948659959934 -0.0270732890623843 0.495300062704694 -0.295797231987069 0.816811934277312 0.32698756353991 1.04204468510496 -0.594326464537323 0.364252712112694 -0.701097920849943 -0.262083979086788
5.35416595098797 2.04254484775448 28.7723727237362 -0.094067085016456 0.991707815394438 -0.0875607022792434 0.326945252679309 0.113844842779346 0.938160985551465 0.0391177289409115 0.361759058695442 0.0466057633500667 0.225264433703526 -0.0330289807317034 -0.424425278271331
5.68167087063012 2.20037848007996 29.0873529995868 -0.719577306506042 0.68695771938545 0.101476465362095 0.399865973272195 0.290435330754264 0.869341363070479 -0.292999906400314 0.179393938344722 0.674687870338321 0.269474628541963 -0.105714274376207 -0.318247022499778
5.9413104691066 2.46348760803133 29.450971152216 -0.94177759705005 0.225525090084766 0.249385795118 0.30741485848146 0.277090423628937 0.910338884986519 -0.187496656357296 -0.611671783886327 0.62027413809175 0.646869053307698 0.282208075631177 -0.11611697761782
6.15314728264725 2.90403723750804 29.6702514475612 -0.682218540181163 -0.461310311925087 0.567248217577414 0.401404266223748 0.412141907086986 0.817932485480216 -0.103880584591149 -0.09332836718376 -0.0954864395220256 0.498461851073247 -0.354567360220539 -0.122755590585639
6.08181620554158 3.20826942277895 30.094151093002 -0.172146054652292 -0.907414226297703 0.383360195652913 0.403811759560985 0.289963340590277 0.867673443716775 0.0596762374540062 -0.168319127461171 0.415675774495149 0.214612632212638 -0.193887709463379 0.52059578648651
