
#id1 id2 FENE BEXC STCK NEXC HB CRSTCK CXSTCK total, t = 100
0 1 2.72933e-05 0 -1.2614 0 0 0 0 -1.26138
1 2 0.0548946 0 -1.28001 0 0 0 0 -1.22512
2 3 0.233371 0 -0.974504 0 0 0 0 -0.741133
3 4 0.275201 0 -1.13656 0 0 0 0 -0.861361
4 5 0.139963 0 -1.31389 0 0 0 0 -1.17393
5 6 0.16661 0 -1.38557 0 0 0 0 -1.21896
6 7 0.0413829 0 -1.01372 0 0 0 0 -0.972341
7 8 0.0112908 0 -1.0521 0 0 0 0 -1.04081
8 9 0.076599 0 -1.37284 0 0 0 0 -1.29624
9 10 0.0913611 0 -1.13347 0 0 0 0 -1.04211
10 11 0.305034 0 -1.26508 0 0 0 0 -0.960041
11 12 0.122912 0 -1.21328 0 0 0 0 -1.09037
12 13 0.0990946 0 -1.39197 0 0 0 0 -1.29287
13 14 0.163825 0 -1.12478 0 0 0 0 -0.960954
14 15 0.134879 0 -1.35877 0 0 0 0 -1.22389
15 16 0.0757409 0 -1.08041 0 0 0 0 -1.00467
16 17 0.0578121 0 -1.16442 0 0 0 0 -1.1066
17 18 0.62203 0 -1.37524 0 0 0 0 -0.753211
18 19 0.210328 0 -1.35237 0 0 0 0 -1.14204
19 20 0.165856 0 -1.43384 0 0 0 0 -1.26798
20 21 0.152978 0 -1.36894 0 0 0 0 -1.21596
21 22 0.0907688 0 -1.28303 0 0 0 0 -1.19226
22 23 0.0351631 0 -1.11917 0 0 0 0 -1.08401
23 24 0.0106329 0 -1.00778 0 0 0 0 -0.99715
25 26 0.054445 0 -1.03956 0 0 0 0 -0.985112
26 27 0.0363815 0 -1.20888 0 0 0 0 -1.1725
27 28 0.0694008 0 -1.08042 0 0 0 0 -1.01102
28 29 0.344273 0 -1.18424 0 0 0 0 -0.839963
29 30 0.0555831 0 -1.24169 0 0 0 0 -1.18611
30 31 0.194506 0 -0.133592 0 0 0 0 0.0609138
31 32 0.0682408 0 -0 0 0 0 0 0.0682408
32 33 0.00605199 0 -1.00901 0 0 0 0 -1.00296
33 34 0.0426878 0 -1.34388 0 0 0 0 -1.3012
34 35 0.114629 0 -1.17957 0 0 0 0 -1.06494
35 36 0.112304 0 -1.30989 0 0 0 0 -1.19759
36 37 0.00273641 0 -0.949596 0 0 0 0 -0.94686
37 38 1.63341 0 0 0 0 0 0 1.63341
38 39 1.27291 0 0 0 0 0 0 1.27291
39 40 0.00364511 0 -0.367072 0 0 0 0 -0.363427
40 41 0.184961 0 -0.802541 0 0 0 0 -0.61758
41 42 0.17519 0 -1.27151 0 0 0 0 -1.09632
42 43 0.164586 0 -1.13724 0 0 0 0 -0.972657
43 44 0.0674492 0 -1.06682 0 0 0 0 -0.999368
44 45 0.00739263 0 -1.26075 0 0 0 0 -1.25335
45 46 0.108895 0 -1.22028 0 0 0 0 -1.11138
46 47 0.163213 0 -1.06654 0 0 0 0 -0.903326
47 48 0.566757 0 -1.217 0 0 0 0 -0.650245
48 49 0.0603589 0 -1.32642 0 0 0 0 -1.26606
49 50 0.0583069 0 -0.884927 0 0 0 0 -0.82662
50 51 0.0732283 0 -1.12327 0 0 0 0 -1.05004
52 53 0.00758063 0 -1.10108 0 0 0 0 -1.0935
53 54 0.0798127 0 -0.866752 0 0 0 0 -0.786939
54 55 0.11388 0 -1.13473 0 0 0 0 -1.02085
55 56 0.0217346 0 -1.20081 0 0 0 0 -1.17908
56 57 0.436046 0 -1.09301 0 0 0 0 -0.656962
57 58 0.026547 0 -1.03232 0 0 0 0 -1.00577
58 59 0.350687 0 -0.926968 0 0 0 0 -0.576281
59 60 0.0169963 0 -1.16872 0 0 0 0 -1.15172
60 61 0.00316056 0 -1.12962 0 0 0 0 -1.12645
61 62 0.0312131 0 -1.05796 0 0 0 0 -1.02674
62 63 0.059 0 -1.04216 0 0 0 0 -0.983165
61 64 0 0 0 0 0 -0.00359106 0 -0.00359106
60 64 0 0 0 0 0 -0.0255692 0 -0.0255692
63 64 1.12385 0 0 0 0 0 0 1.12385
64 65 1.24783 0 0 0 0 0 0 1.24783
65 66 0.00124577 0 -0.844307 0 0 0 0 -0.843061
66 67 0.0414892 0 -1.08622 0 0 0 0 -1.04473
67 68 0.0426405 0 -1.3004 0 0 0 0 -1.25776
68 69 0.0315158 0 -1.40534 0 0 0 0 -1.37383
69 70 0.196129 0 -1.34225 0 0 0 0 -1.14612
70 71 0.106328 0 -1.11592 0 0 0 0 -1.00959
71 72 0.111903 0 -1.35664 0 0 0 0 -1.24474
72 73 0.0143747 0 -1.31419 0 0 0 0 -1.29982
73 74 0.248644 0 -1.21031 0 0 0 0 -0.961668
74 75 0.0254538 0 -0.866027 0 0 0 0 -0.840573
75 76 0.000340177 0 -1.24391 0 0 0 0 -1.24357
#Total energy per particle is  -0.849857 and should be -0.84985710

