
#id1 id2 FENE BEXC STCK NEXC HB CRSTCK CXSTCK total, t = 100
0 1 1.39692 0 0 0 0 0 0 1.39692
1 2 0.0442417 0 -1.22662 0 0 0 0 -1.18238
2 3 0.0303911 0 -1.13986 0 0 0 0 -1.10947
3 4 0.0219363 0 -1.21238 0 0 0 0 -1.19044
4 5 0.0345162 0 -0.904831 0 0 0 0 -0.870314
5 6 1.70417 0 0 0 0 0 0 1.70417
6 7 1.83247 0 0 0 0 0 0 1.83247
7 8 0.0123505 0 -0.812387 0 0 0 0 -0.800036
8 9 7.97117e-07 0 -1.18374 0 0 0 0 -1.18374
9 10 0.0055351 0 -1.28353 0 0 0 0 -1.278
10 11 0.198803 0 -1.12551 0 0 0 0 -0.926707
11 12 0.00491659 0 -1.04545 0 0 0 0 -1.04053
12 13 0.144785 0 -1.27178 0 0 0 0 -1.12699
13 14 0.385986 0 -1.27021 0 0 0 0 -0.884222
14 15 0.000667949 0 -1.19553 0 0 0 0 -1.19486
15 16 0.422394 0 -1.14899 0 0 0 0 -0.726594
16 17 0.0918603 0 -1.12197 0 0 0 0 -1.03011
17 18 0.17238 0 -1.25862 0 0 0 0 -1.08624
18 19 0.187003 0 -1.2614 0 0 0 0 -1.0744
19 20 0.152277 0 -1.22057 0 0 0 0 -1.0683
20 21 0.036839 0 -1.27477 0 0 0 0 -1.23793
21 22 0.486977 0 -1.37665 0 0 0 0 -0.889678
22 23 0.104228 0 -1.16487 0 0 0 0 -1.06064
23 24 0.0398016 0 -1.1946 0 0 0 0 -1.1548
25 26 0.0158083 0 -1.16941 0 0 0 0 -1.1536
26 27 0.0763603 0 -1.33735 0 0 0 0 -1.26099
27 28 0.00389643 0 -1.15203 0 0 0 0 -1.14813
28 29 0.00172188 0 -0.70997 0 0 0 0 -0.708249
29 30 0.0104513 0 -1.27857 0 0 0 0 -1.26811
30 31 1.97112 0 0 0 0 0 0 1.97112
30 32 0 0 0 0 0 -0 -0.000443158 -0.000443158
31 32 1.99622 0 0 0 0 0 0 1.99622
32 33 0.0145264 0 -1.24947 0 0 0 0 -1.23495
33 34 0.0731729 0 -1.24861 0 0 0 0 -1.17544
34 35 0.0578934 0 -1.28297 0 0 0 0 -1.22508
35 36 0.0433921 0 -1.01122 0 0 0 0 -0.967826
36 37 0.0368556 0 -1.32833 0 0 0 0 -1.29147
37 38 1.85464 0 0 0 0 0 0 1.85464
38 39 1.54327 0 0 0 0 0 0 1.54327
39 40 0.807245 0 -0.805561 0 0 0 0 0.0016844
40 41 0.0218067 0 -1.32403 0 0 0 0 -1.30222
41 42 0.085866 0 -1.31718 0 0 0 0 -1.23132
42 43 0.117715 0 -1.00941 0 0 0 0 -0.891699
43 44 0.12991 0 -1.34367 0 0 0 0 -1.21376
44 45 0.0182758 0 -1.38213 0 0 0 0 -1.36386
45 46 0.0033023 0 -1.24515 0 0 0 0 -1.24185
46 47 0.23755 0 -1.1508 0 0 0 0 -0.913248
47 48 0.189852 0 -0.897709 0 0 0 0 -0.707857
48 49 0.112951 0 -1.1815 0 0 0 0 -1.06855
49 50 0.368962 0 -1.24104 0 0 0 0 -0.872077
50 51 0.0209837 0 -1.17816 0 0 0 0 -1.15718
52 53 0.0296738 0 -0.873285 0 0 0 0 -0.843611
53 54 0.088359 0 -1.10021 0 0 0 0 -1.01185
54 55 0.0698655 0 -1.03896 0 0 0 0 -0.969095
55 56 0.0330235 0 -1.12973 0 0 0 0 -1.0967
56 57 0.0850836 0 -1.34324 0 0 0 0 -1.25816
57 58 0.172958 0 -1.31532 0 0 0 0 -1.14236
58 59 0.15475 0 -1.31613 0 0 0 0 -1.16138
59 60 0.0918239 0 -1.40973 0 0 0 0 -1.31791
60 61 0.258808 0 -1.14034 0 0 0 0 -0.881529
61 62 0.0877346 0 -1.05765 0 0 0 0 -0.969915
62 63 0.0154436 0 -0.986583 0 0 0 0 -0.97114
63 64 2.05036 0 0 0 0 0 0 2.05036
64 65 1.88942 0 0 0 0 0 0 1.88942
65 66 0.218505 0 -1.23746 0 0 0 0 -1.01896
66 67 0.111839 0 -1.33784 0 0 0 0 -1.226
67 68 0.100504 0 -1.25859 0 0 0 0 -1.15809
68 69 0.0467737 0 -0.909025 0 0 0 0 -0.862251
69 70 1.17269 0 0 0 0 0 0 1.17269
70 71 1.47257 0 0 0 0 0 0 1.47257
71 72 0.0230812 0 -1.01875 0 0 0 0 -0.995665
72 73 0.109306 0 -1.35888 0 0 0 0 -1.24958
73 74 0.531146 0 -1.1881 0 0 0 0 -0.656953
74 75 0.070604 0 -0.826974 0 0 0 0 -0.75637
75 76 0.0330892 0 -1.25445 0 0 0 0 -1.22136
#Total energy per particle is  -0.615554 and should be -0.61555410

