t = 0
b =  30.0 30.0 30.0
E = 0. 0. 0.
24.6390804272 27.2940803849 23.7061057871 -0.492299203697 0.841362802168 -0.223047369784 0.497253830907 0.482168262193 0.721285238018 0.0 0.0 0.0 0.0 0.0 0.0
25.02812748 27.663813184 23.7311087895 -0.817692503505 0.538360267851 0.203831282465 0.497253830907 0.482168262193 0.721285238018 0.0 0.0 0.0 0.0 0.0 0.0
25.2307815008 28.1562652231 23.8025751391 -0.832430750142 0.0308256668734 0.553271022629 0.497253830907 0.482168262193 0.721285238018 0.0 0.0 0.0 0.0 0.0 0.0
25.243682906 28.6557439739 24.0001596358 -0.530914637299 -0.488420120327 0.692513851097 0.497253830907 0.482168262193 0.721285238018 0.0 0.0 0.0 0.0 0.0 0.0
25.1355623029 29.043887343 24.3556026866 -0.0276951773277 -0.822106937866 0.56865908932 0.497253830907 0.482168262193 0.721285238018 0.0 0.0 0.0 0.0 0.0 0.0
25.0211285832 29.2446314097 24.8406715947 0.486046143549 -0.843461584814 0.228761232037 0.497253830907 0.482168262193 0.721285238018 0.0 0.0 0.0 0.0 0.0 0.0
25.0174890972 29.2531083816 25.3778866328 0.815130408234 -0.544371073767 -0.198046841981 0.497253830907 0.482168262193 0.721285238018 0.0 0.0 0.0 0.0 0.0 0.0
25.1996586135 29.1374959501 25.8699568871 0.834533002577 -0.0384648903958 -0.549613609563 0.497253830907 0.482168262193 0.721285238018 0.0 0.0 0.0 0.0 0.0 0.0
25.5720599539 29.0131154456 26.2367427018 0.536882556593 0.482054747935 -0.692372977823 0.497253830907 0.482168262193 0.721285238018 0.0 0.0 0.0 0.0 0.0 0.0
26.0668436901 28.9986193361 26.4457020744 0.0352614511617 0.819433728 -0.572088275949 0.497253830907 0.482168262193 0.721285238018 0.0 0.0 0.0 0.0 0.0 0.0
26.5696652751 29.1709131706 26.5242539065 -0.479756069106 0.845496134596 -0.234457673236 0.497253830907 0.482168262193 0.721285238018 0.0 0.0 0.0 0.0 0.0 0.0
26.963126449 29.5359378757 26.5493611046 -0.812506237626 0.550340423718 0.192247319462 0.497253830907 0.482168262193 0.721285238018 0.0 0.0 0.0 0.0 0.0 0.0
27.1713768006 30.0264126977 26.6182910853 -0.836571702093 0.0461011846679 0.545914341294 0.497253830907 0.482168262193 0.721285238018 0.0 0.0 0.0 0.0 0.0 0.0
27.1889306063 30.5273962861 26.8116622572 -0.542809590201 -0.475652665208 0.692179377666 0.497253830907 0.482168262193 0.721285238018 0.0 0.0 0.0 0.0 0.0 0.0
27.0827509489 30.9199548346 27.16281574 -0.0428250396997 -0.816698115083 0.575473895841 0.497253830907 0.482168262193 0.721285238018 0.0 0.0 0.0 0.0 0.0 0.0
26.9668093223 31.126347022 27.6451485155 0.47342945938 -0.847466296574 0.240136259576 0.497253830907 0.482168262193 0.721285238018 0.0 0.0 0.0 0.0 0.0 0.0
26.9587859559 31.1395592404 28.1822203589 0.809820191523 -0.556267863115 -0.186433156567 0.497253830907 0.482168262193 0.721285238018 0.0 0.0 0.0 0.0 0.0 0.0
27.1353611276 31.025970182 28.6767947584 0.838546693435 -0.0537339681563 -0.542173499533 0.497253830907 0.482168262193 0.721285238018 0.0 0.0 0.0 0.0 0.0 0.0
27.5030830444 30.9001324638 29.0477806917 0.548695286757 0.469214359689 -0.69193306537 0.497253830907 0.482168262193 0.721285238018 0.0 0.0 0.0 0.0 0.0 0.0
27.9958800692 30.8812521737 29.2610404609 0.0503853669452 0.813900307443 -0.578815691168 0.497253830907 0.482168262193 0.721285238018 0.0 0.0 0.0 0.0 0.0 0.0
28.5001624399 31.0479004842 29.3423591751 -0.467066796168 0.849371920711 -0.24579655861 0.497253830907 0.482168262193 0.721285238018 0.0 0.0 0.0 0.0 0.0 0.0
28.8979769197 31.4081631509 29.367648556 -0.807072474477 0.562152940561 0.180604796064 0.497253830907 0.482168262193 0.721285238018 0.0 0.0 0.0 0.0 0.0 0.0
29.1118192036 31.896568598 29.4341068059 -0.840457826199 0.061362659595 0.538391369162 0.497253830907 0.482168262193 0.721285238018 0.0 0.0 0.0 0.0 0.0 0.0
29.1340790996 32.3989616652 29.6232913853 -0.554539198043 -0.46274032168 0.691634059691 0.497253830907 0.482168262193 0.721285238018 0.0 0.0 0.0 0.0 0.0 0.0
29.0299317679 32.7958730616 29.9701339704 -0.0579418571498 -0.811040518143 0.582113407439 0.497253830907 0.482168262193 0.721285238018 0.0 0.0 0.0 0.0 0.0 0.0
3.24906107247 16.0670357034 16.2222311557 0.947787502464 0.0771923037238 -0.309419130662 0.219952634546 0.544312872455 0.809533406004 0.0 0.0 0.0 0.0 0.0 0.0
3.5240542779 15.9941003773 16.678020885 0.632347771474 0.552339412588 -0.543191926683 0.219952634546 0.544312872455 0.809533406004 0.0 0.0 0.0 0.0 0.0 0.0
3.94319117773 16.0470708377 17.0099899974 0.0766685498107 0.817643543988 -0.570597028072 0.219952634546 0.544312872455 0.809533406004 0.0 0.0 0.0 0.0 0.0 0.0
4.37980467591 16.2864231697 17.2118914994 -0.508138335756 0.772311222756 -0.381222778623 0.219952634546 0.544312872455 0.809533406004 0.0 0.0 0.0 0.0 0.0 0.0
4.70058802446 16.7018238693 17.326893257 -0.899894971948 0.433564955643 -0.0470156218701 0.219952634546 0.544312872455 0.809533406004 0.0 0.0 0.0 0.0 0.0 0.0
4.81624028584 17.2160557141 17.4311778021 -0.949766462856 -0.0698998869374 0.30505355569 0.219952634546 0.544312872455 0.809533406004 0.0 0.0 0.0 0.0 0.0 0.0
4.71539325212 17.7143538774 17.6049993148 -0.638805795277 -0.546808593807 0.54122778722 0.219952634546 0.544312872455 0.809533406004 0.0 0.0 0.0 0.0 0.0 0.0
4.46893041727 18.0880070046 17.9021937187 -0.0851521258083 -0.815975573737 0.57178053354 0.219952634546 0.544312872455 0.809533406004 0.0 0.0 0.0 0.0 0.0 0.0
4.20305715267 18.2756584741 18.3297255132 0.500852259923 -0.77513979082 0.385104295506 0.219952634546 0.544312872455 0.809533406004 0.0 0.0 0.0 0.0 0.0 0.0
4.05135317647 18.2866168039 18.8450418439 0.896574498306 -0.439815441725 0.0521204970097 0.219952634546 0.544312872455 0.809533406004 0.0 0.0 0.0 0.0 0.0 0.0
4.10402338538 18.19731919 19.3722390436 0.951673094856 0.0626021470039 -0.300664749709 0.219952634546 0.544312872455 0.809533406004 0.0 0.0 0.0 0.0 0.0 0.0
4.3736275062 18.1222917374 19.8308997041 0.645215171545 0.541236133434 -0.539222431167 0.219952634546 0.544312872455 0.809533406004 0.0 0.0 0.0 0.0 0.0 0.0
4.79030844567 18.1706390784 20.1666445945 0.0936292171418 0.814245463787 -0.572920495706 0.219952634546 0.544312872455 0.809533406004 0.0 0.0 0.0 0.0 0.0 0.0
5.22833216814 18.4045936985 20.3717922398 -0.493528042251 0.777909328989 -0.388956485207 0.219952634546 0.544312872455 0.809533406004 0.0 0.0 0.0 0.0 0.0 0.0
5.55385615785 18.8158727747 20.4882772421 -0.893185747043 0.446032434158 -0.0572214029715 0.219952634546 0.544312872455 0.809533406004 0.0 0.0 0.0 0.0 0.0 0.0
5.67577842842 19.3288249582 20.5917186238 -0.953507253265 -0.0552996396746 0.296253046943 0.219952634546 0.544312872455 0.809533406004 0.0 0.0 0.0 0.0 0.0 0.0
5.5803486906 19.8291715872 20.7626908969 -0.65157541218 -0.535622455834 0.537176011238 0.219952634546 0.544312872455 0.809533406004 0.0 0.0 0.0 0.0 0.0 0.0
5.33639231708 20.2074230605 21.0561124586 -0.102099178248 -0.812453345892 0.574016827759 0.219952634546 0.544312872455 0.809533406004 0.0 0.0 0.0 0.0 0.0 0.0
5.06916243266 20.400475768 21.4803811743 0.486166240508 -0.78061962635 0.392779054365 0.219952634546 0.544312872455 0.809533406004 0.0 0.0 0.0 0.0 0.0 0.0
4.91275415806 20.4155862071 21.9941838878 0.889728976228 -0.452215459494 0.062317951302 0.219952634546 0.544312872455 0.809533406004 0.0 0.0 0.0 0.0 0.0 0.0
4.95915963159 20.327614118 22.5221919803 0.955268798405 0.0479929210637 -0.291818783361 0.219952634546 0.544312872455 0.809533406004 0.0 0.0 0.0 0.0 0.0 0.0
5.22331865777 20.2505820168 22.9836799719 0.657886032824 0.52996798851 -0.535088683275 0.219952634546 0.544312872455 0.809533406004 0.0 0.0 0.0 0.0 0.0 0.0
5.63744282583 20.2943561353 23.3231944813 0.110561364106 0.810599356529 -0.575069446207 0.219952634546 0.544312872455 0.809533406004 0.0 0.0 0.0 0.0 0.0 0.0
6.07676946033 20.5229064025 23.5316218923 -0.478767415323 0.783270476504 -0.396571711877 0.219952634546 0.544312872455 0.809533406004 0.0 0.0 0.0 0.0 0.0 0.0
6.40696104743 20.9300031996 23.6496507692 -0.886204449107 0.458364046872 -0.0674097538793 0.219952634546 0.544312872455 0.809533406004 0.0 0.0 0.0 0.0 0.0 0.0
6.53514230248 21.4415840955 23.7523135905 -0.956957596127 -0.040682547606 0.287362296648 0.219952634546 0.544312872455 0.809533406004 0.0 0.0 0.0 0.0 0.0 0.0
6.44518504337 21.9438914034 23.9204806564 -0.6641465529 -0.524273162072 0.532960606238 0.219952634546 0.544312872455 0.809533406004 0.0 0.0 0.0 0.0 0.0 0.0
21.6220388339 23.4172112126 1.54423262431 0.39811579793 -0.643787481766 0.65348411592 0.415899533674 0.76162353839 0.496947848027 0.0 0.0 0.0 0.0 0.0 0.0
21.541852195 23.6667022466 2.01328425156 0.801930512287 -0.564851596955 0.194551090669 0.415899533674 0.76162353839 0.496947848027 0.0 0.0 0.0 0.0 0.0 0.0
21.6444656416 23.7874353413 2.52668380605 0.901078417463 -0.271319146646 -0.338295146649 0.415899533674 0.76162353839 0.496947848027 0.0 0.0 0.0 0.0 0.0 0.0
21.9524799418 23.8463212279 2.96296897122 0.657891566617 0.125291983688 -0.742617401761 0.415899533674 0.76162353839 0.496947848027 0.0 0.0 0.0 0.0 0.0 0.0
22.4104606453 23.9337674262 3.22997447628 0.164760710253 0.474302594649 -0.864806890043 0.415899533674 0.76162353839 0.496947848027 0.0 0.0 0.0 0.0 0.0 0.0
22.9059985579 24.1293309159 3.29984722355 -0.390965494589 0.643117719986 -0.658441781998 0.415899533674 0.76162353839 0.496947848027 0.0 0.0 0.0 0.0 0.0 0.0
23.3124158737 24.47149311 3.2196281459 -0.798157371441 0.567601671146 -0.201923632412 0.415899533674 0.76162353839 0.496947848027 0.0 0.0 0.0 0.0 0.0 0.0
23.5368931916 24.943040123 3.09338056989 -0.902115918404 0.276444257643 0.33130868111 0.415899533674 0.76162353839 0.496947848027 0.0 0.0 0.0 0.0 0.0 0.0
23.5557331575 25.4776026132 3.04265481815 -0.663345545391 -0.11973895124 0.738671287493 0.415899533674 0.76162353839 0.496947848027 0.0 0.0 0.0 0.0 0.0 0.0
23.4233634854 25.9848706057 3.16030920965 -0.172559109138 -0.470431330618 0.865400321832 0.415899533674 0.76162353839 0.496947848027 0.0 0.0 0.0 0.0 0.0 0.0
23.251658959 26.3849037615 3.47523163173 0.383785417711 -0.642398982302 0.663349305185 0.415899533674 0.76162353839 0.496947848027 0.0 0.0 0.0 0.0 0.0 0.0
23.1674383306 26.6385020492 3.94136454881 0.794323447821 -0.570308520271 0.20928079689 0.415899533674 0.76162353839 0.496947848027 0.0 0.0 0.0 0.0 0.0 0.0
23.2642837572 26.7620984917 4.45520303012 0.903084719725 -0.28154831634 -0.324296985133 0.415899533674 0.76162353839 0.496947848027 0.0 0.0 0.0 0.0 0.0 0.0
23.566987374 26.8215159866 4.89511800347 0.668749007833 0.114176800206 -0.734668920546 0.415899533674 0.76162353839 0.496947848027 0.0 0.0 0.0 0.0 0.0 0.0
24.0221323482 26.9069600867 5.16756517326 0.180344366979 0.46652424142 -0.865927850035 0.415899533674 0.76162353839 0.496947848027 0.0 0.0 0.0 0.0 0.0 0.0
24.5183868265 27.0987484024 5.24262406239 -0.376576114088 0.641631323448 -0.668206311754 0.415899533674 0.76162353839 0.496947848027 0.0 0.0 0.0 0.0 0.0 0.0
24.9288007678 27.4367965984 5.16536530173 -0.790429033396 0.572971938195 -0.216622023824 0.415899533674 0.76162353839 0.496947848027 0.0 0.0 0.0 0.0 0.0 0.0
25.1590363861 27.9054537657 5.03872754392 -0.903984747648 0.286630934042 0.317260592684 0.415899533674 0.76162353839 0.496947848027 0.0 0.0 0.0 0.0 0.0 0.0
25.1832086526 28.4394484635 4.9844093482 -0.674101542449 -0.108605954168 0.730610605717 0.415899533674 0.76162353839 0.496947848027 0.0 0.0 0.0 0.0 0.0 0.0
25.0537194514 28.9486864306 5.09663386304 -0.188115890898 -0.462581624594 0.866389434481 0.415899533674 0.76162353839 0.496947848027 0.0 0.0 0.0 0.0 0.0 0.0
24.8813492269 29.3524789019 5.40635187673 0.369338132736 -0.640814801885 0.673012431826 0.415899533674 0.76162353839 0.496947848027 0.0 0.0 0.0 0.0 0.0 0.0
24.7931696414 29.6101976188 5.86948309543 0.786474424739 -0.575591722088 0.223946754153 0.415899533674 0.76162353839 0.496947848027 0.0 0.0 0.0 0.0 0.0 0.0
24.8842669258 29.7367101847 6.38366298379 0.904815933633 -0.291691723689 -0.310200039613 0.415899533674 0.76162353839 0.496947848027 0.0 0.0 0.0 0.0 0.0 0.0
25.1816170307 29.7967316129 6.82713276336 0.679402741623 0.103026837365 -0.726496652062 0.415899533674 0.76162353839 0.496947848027 0.0 0.0 0.0 0.0 0.0 0.0
25.6338370119 29.8802380119 7.10499760823 0.195873089063 0.458603780387 -0.866785040016 0.415899533674 0.76162353839 0.496947848027 0.0 0.0 0.0 0.0 0.0 0.0
