t = 0
b =  30.0 30.0 30.0
E = 0. 0. 0.
13.740833241 24.1407914338 0.102393855572 0.137753943447 -0.0802513065515 0.987209997347 0.446422181742 0.894761521778 0.0104429303036 0.0 0.0 0.0 0.0 0.0 0.0
13.6194658989 24.6349364335 0.27495048286 0.630030820521 -0.322584963807 0.706399395752 0.446422181742 0.894761521778 0.0104429303036 0.0 0.0 0.0 0.0 0.0 0.0
13.6417141021 25.0555481806 0.608530874637 0.882948455326 -0.442363199979 0.157215853343 0.446422181742 0.894761521778 0.0104429303036 0.0 0.0 0.0 0.0 0.0 0.0
13.8652304336 25.3753232224 0.97794862513 0.800419209841 -0.394080260561 -0.45169662026 0.446422181742 0.894761521778 0.0104429303036 0.0 0.0 0.0 0.0 0.0 0.0
14.2712023491 25.6052676563 1.24440211682 0.413797324242 -0.196079641485 -0.889001995861 0.446422181742 0.894761521778 0.0104429303036 0.0 0.0 0.0 0.0 0.0 0.0
14.7714993777 25.7905157298 1.30820757558 -0.130033083159 0.0764149116678 -0.988560649914 0.446422181742 0.894761521778 0.0104429303036 0.0 0.0 0.0 0.0 0.0 0.0
15.2421553609 25.9931825848 1.14667060309 -0.62446174823 0.319878162289 -0.712548585212 0.446422181742 0.894761521778 0.0104429303036 0.0 0.0 0.0 0.0 0.0 0.0
15.5704652689 26.268765677 0.822708158185 -0.881646954706 0.441814350978 -0.165827399811 0.446422181742 0.894761521778 0.0104429303036 0.0 0.0 0.0 0.0 0.0 0.0
15.6978037259 26.6450603644 0.46094535227 -0.803879742737 0.395897880989 0.443894387265 0.446422181742 0.894761521778 0.0104429303036 0.0 0.0 0.0 0.0 0.0 0.0
15.6418977702 27.1115999862 0.2003682859 -0.42070517635 0.199573186953 0.8849732751 0.446422181742 0.894761521778 0.0104429303036 0.0 0.0 0.0 0.0 0.0 0.0
15.4900920563 27.6236323223 0.141520905435 0.122302320347 -0.0725726974927 0.989836019761 0.446422181742 0.894761521778 0.0104429303036 0.0 0.0 0.0 0.0 0.0 0.0
15.3661651602 28.1191217096 0.308306676819 0.618845120759 -0.31714700081 0.718643511339 0.446422181742 0.894761521778 0.0104429303036 0.0 0.0 0.0 0.0 0.0 0.0
15.3833040289 28.5423174282 0.638907259225 0.880278313256 -0.441231856105 0.17442631788 0.446422181742 0.894761521778 0.0104429303036 0.0 0.0 0.0 0.0 0.0 0.0
15.6011023667 28.8649343313 1.00926832628 0.807279057078 -0.397685352262 -0.436058349993 0.446422181742 0.894761521778 0.0104429303036 0.0 0.0 0.0 0.0 0.0 0.0
16.0029199911 29.0968988458 1.28022987873 0.42758099013 -0.20305153415 -0.880877160198 0.446422181742 0.894761521778 0.0104429303036 0.0 0.0 0.0 0.0 0.0 0.0
16.5022047155 29.2825777567 1.3503954548 -0.114562243741 0.0687249566256 -0.991036009762 0.446422181742 0.894761521778 0.0104429303036 0.0 0.0 0.0 0.0 0.0 0.0
16.9753749729 29.4839225237 1.19465434127 -0.613181365837 0.314391687359 -0.72468370998 0.446422181742 0.894761521778 0.0104429303036 0.0 0.0 0.0 0.0 0.0 0.0
17.3087705187 29.7569328857 0.873721553235 -0.878842635205 0.440615759717 -0.18301195271 0.446422181742 0.894761521778 0.0104429303036 0.0 0.0 0.0 0.0 0.0 0.0
17.4418338581 30.1303816239 0.511071184825 -0.810616893994 0.399442538255 0.428189105191 0.446422181742 0.894761521778 0.0104429303036 0.0 0.0 0.0 0.0 0.0 0.0
17.3901170511 30.5948833014 0.246026536417 -0.434424241963 0.206514418187 0.876713963089 0.446422181742 0.894761521778 0.0104429303036 0.0 0.0 0.0 0.0 0.0 0.0
17.2393732244 31.1064599469 0.180828863481 0.106813442776 -0.0648719820871 0.992160528535 0.446422181742 0.894761521778 0.0104429303036 0.0 0.0 0.0 0.0 0.0 0.0
17.1129775253 31.6032490221 0.341794214243 0.607470914779 -0.311612431765 0.73066872115 0.446422181742 0.894761521778 0.0104429303036 0.0 0.0 0.0 0.0 0.0 0.0
17.1250548404 32.0290060337 0.669315522981 0.877340029885 -0.439966108733 0.191583650471 0.446422181742 0.894761521778 0.0104429303036 0.0 0.0 0.0 0.0 0.0 0.0
17.3371218429 32.3544727569 1.04050833087 0.813892999295 -0.401169305152 -0.42028725213 0.446422181742 0.894761521778 0.0104429303036 0.0 0.0 0.0 0.0 0.0 0.0
