
#id1 id2 FENE BEXC STCK NEXC HB CRSTCK CXSTCK total, t = 100
0 1 0.145917 0 -1.28984 0 0 0 0 -1.14393
1 2 0.203228 0 -1.1708 0 0 0 0 -0.967567
2 3 0.162184 0 -1.27324 0 0 0 0 -1.11105
3 4 0.465808 0 -1.09459 0 0 0 0 -0.628785
4 5 0.500925 0 -1.24877 0 0 0 0 -0.747841
5 6 0.122696 0 -1.32734 0 0 0 0 -1.20465
6 7 0.0550022 0 -1.36074 0 0 0 0 -1.30573
7 8 0.0190645 0 -1.23187 0 0 0 0 -1.2128
8 9 0.0322933 0 -1.33125 0 0 0 0 -1.29896
9 10 0.452575 0 -1.23816 0 0 0 0 -0.785585
10 11 0.0287779 0 -1.38366 0 0 0 0 -1.35488
11 12 0.331969 0 -1.35075 0 0 0 0 -1.01878
12 13 0.292141 0 -1.12794 0 0 0 0 -0.835801
13 14 0.0231741 0 -1.15525 0 0 0 0 -1.13207
14 15 0.0771471 0 -1.18286 0 0 0 0 -1.10571
15 16 0.00754043 0 -0.999682 0 0 0 0 -0.992141
16 17 0.31251 0 -1.22379 0 0 0 0 -0.911279
17 18 0.10357 0 -1.21832 0 0 0 0 -1.11475
18 19 0.529466 0 -1.34515 0 0 0 0 -0.815687
19 20 0.31541 0 -1.23784 0 0 0 0 -0.922431
20 21 0.103508 0 -1.29471 0 0 0 0 -1.1912
21 22 0.0132689 0 -1.23109 0 0 0 0 -1.21782
22 23 0.000699759 0 -1.29252 0 0 0 0 -1.29182
#Total energy per particle is  -1.01297 and should be -1.0129710

