t = 0
b =  30.0 30.0 30.0
E = 0. 0. 0.
27.1424795436 22.1831128451 19.3756065735 0.477274726241 0.482359861749 -0.734532367881 0.0555942741483 0.817630524089 0.573052879549 0.0 0.0 0.0 0.0 0.0 0.0
27.5270924713 22.446179847 19.6431019015 -0.12763251486 0.575051537831 -0.808100037117 0.0555942741483 0.817630524089 0.573052879549 0.0 0.0 0.0 0.0 0.0 0.0
27.8826115632 22.840329865 19.7263908007 -0.684050029664 0.449271520342 -0.57465699154 0.0555942741483 0.817630524089 0.573052879549 0.0 0.0 0.0 0.0 0.0 0.0
28.0822014293 23.3368913402 19.6786866205 -0.980585501492 0.152805740856 -0.122892147125 0.0555942741483 0.817630524089 0.573052879549 0.0 0.0 0.0 0.0 0.0 0.0
28.0582667995 23.8682848888 19.6029691715 -0.904580146788 -0.201713494357 0.37556147863 0.0555942741483 0.817630524089 0.573052879549 0.0 0.0 0.0 0.0 0.0 0.0
27.8281330968 24.3536978401 19.6128609734 -0.484909670546 -0.479598400595 0.731333019601 0.0555942741483 0.817630524089 0.573052879549 0.0 0.0 0.0 0.0 0.0 0.0
27.4874642194 24.7297863208 19.7894601601 0.118986096794 -0.575275855988 0.809258919189 0.0555942741483 0.817630524089 0.573052879549 0.0 0.0 0.0 0.0 0.0 0.0
27.1739182265 24.9747406521 20.1505299429 0.677677056621 -0.452396395592 0.579733825289 0.0555942741483 0.817630524089 0.573052879549 0.0 0.0 0.0 0.0 0.0 0.0
27.01484874 25.1165712108 20.6437500695 0.978907172481 -0.157643980847 0.12995815853 0.0555942741483 0.817630524089 0.573052879549 0.0 0.0 0.0 0.0 0.0 0.0
27.0789211743 25.222466819 21.1665941623 0.90823408706 0.197000017889 -0.36919078544 0.0555942741483 0.817630524089 0.573052879549 0.0 0.0 0.0 0.0 0.0 0.0
27.3500255973 25.3732685876 21.605281204 0.492507687101 0.476800416165 -0.72807797748 0.0555942741483 0.817630524089 0.573052879549 0.0 0.0 0.0 0.0 0.0 0.0
27.7333971631 25.632757026 21.8780028478 -0.110330617477 0.575456364661 -0.810356173061 0.0555942741483 0.817630524089 0.573052879549 0.0 0.0 0.0 0.0 0.0 0.0
28.0916188611 26.0234207608 21.9660037765 -0.671252475846 0.455486819106 -0.584766510063 0.0555942741483 0.817630524089 0.573052879549 0.0 0.0 0.0 0.0 0.0 0.0
28.2968285362 26.5179127304 21.9207071608 -0.977154295898 0.162470215638 -0.137014273118 0.0555942741483 0.817630524089 0.573052879549 0.0 0.0 0.0 0.0 0.0 0.0
28.2792958587 27.0494397908 21.8441781373 -0.91181886179 -0.192271539107 0.362791976941 0.0555942741483 0.817630524089 0.573052879549 0.0 0.0 0.0 0.0 0.0 0.0
28.0539140431 27.5371385478 21.8503475563 -0.50006819729 -0.473966121537 0.724767489402 0.0555942741483 0.817630524089 0.573052879549 0.0 0.0 0.0 0.0 0.0 0.0
27.7145416661 27.9167967124 22.0217277473 0.101666736056 -0.575593050104 0.811391715173 0.0555942741483 0.817630524089 0.573052879549 0.0 0.0 0.0 0.0 0.0 0.0
27.3983442248 28.1652484232 22.3780647053 0.664776776596 -0.458542555534 0.589754662604 0.0555942741483 0.817630524089 0.573052879549 0.0 0.0 0.0 0.0 0.0 0.0
27.2336826706 28.309175344 22.8688362572 0.975327005233 -0.167284077694 0.144059953539 0.0555942741483 0.817630524089 0.573052879549 0.0 0.0 0.0 0.0 0.0 0.0
27.291346938 28.414969854 23.3924462801 0.915334197984 0.187528418103 -0.356365540429 0.0555942741483 0.817630524089 0.573052879549 0.0 0.0 0.0 0.0 0.0 0.0
27.5576616646 28.5635114729 23.8348227668 0.507590625349 0.471095732554 -0.721401807474 0.0555942741483 0.817630524089 0.573052879549 0.0 0.0 0.0 0.0 0.0 0.0
27.9396816902 28.8194393788 24.1127556887 -0.0929951123189 0.575685901908 -0.812365466665 0.0555942741483 0.817630524089 0.573052879549 0.0 0.0 0.0 0.0 0.0 0.0
28.300503477 29.2065949041 24.205509877 -0.658250452021 0.461563372171 -0.594697903043 0.0555942741483 0.817630524089 0.573052879549 0.0 0.0 0.0 0.0 0.0 0.0
28.5112770526 29.6989638147 24.1627026596 -0.97342543964 0.172085200419 -0.151094663237 0.0555942741483 0.817630524089 0.573052879549 0.0 0.0 0.0 0.0 0.0 0.0
28.5001582686 30.2305595521 24.085453409 -0.918779827934 -0.182771016084 0.349911965302 0.0555942741483 0.817630524089 0.573052879549 0.0 0.0 0.0 0.0 0.0 0.0
16.4744958672 26.0533482902 23.5175427054 0.95690290908 -0.29034874844 -0.00586744188552 0.229695712157 0.744336822627 0.627058668945 0.0 0.0 0.0 0.0 0.0 0.0
16.6105673089 26.0987903671 24.0353309658 0.879328600547 0.117439198709 -0.461507580508 0.229695712157 0.744336822627 0.627058668945 0.0 0.0 0.0 0.0 0.0 0.0
16.9470817327 26.171002713 24.4479185586 0.467682655076 0.48061003079 -0.741813273301 0.229695712157 0.744336822627 0.627058668945 0.0 0.0 0.0 0.0 0.0 0.0
17.3902044325 26.3527701305 24.6914097924 -0.121643750295 0.661189076802 -0.74029170111 0.229695712157 0.744336822627 0.627058668945 0.0 0.0 0.0 0.0 0.0 0.0
17.8055984356 26.685255619 24.7661515097 -0.664755661154 0.590571338045 -0.45752093465 0.229695712157 0.744336822627 0.627058668945 0.0 0.0 0.0 0.0 0.0 0.0
18.0694613649 27.1523618625 24.7366013155 -0.955315782219 0.295585674139 -0.000930315774425 0.229695712157 0.744336822627 0.627058668945 0.0 0.0 0.0 0.0 0.0 0.0
18.1155600315 27.6868468697 24.7068390558 -0.88293546559 -0.111697929301 0.456013745618 0.229695712157 0.744336822627 0.627058668945 0.0 0.0 0.0 0.0 0.0 0.0
17.9603935309 28.1958703304 24.7810251438 -0.475113203691 -0.476545621911 0.739710560906 0.229695712157 0.744336822627 0.627058668945 0.0 0.0 0.0 0.0 0.0 0.0
17.6969249606 28.5962652017 25.0238282774 0.11321250776 -0.660345665338 0.742378966806 0.229695712157 0.744336822627 0.627058668945 0.0 0.0 0.0 0.0 0.0 0.0
17.459263185 28.8461342577 25.4358567198 0.658526894701 -0.593269350113 0.463005191301 0.229695712157 0.744336822627 0.627058668945 0.0 0.0 0.0 0.0 0.0 0.0
17.3717126358 28.9607675467 25.9534272102 0.953655904362 -0.300800089845 0.00772800258722 0.229695712157 0.744336822627 0.627058668945 0.0 0.0 0.0 0.0 0.0 0.0
17.50154798 29.0068334457 26.472759299 0.88647509168 0.105948153664 -0.450485183515 0.229695712157 0.744336822627 0.627058668945 0.0 0.0 0.0 0.0 0.0 0.0
17.8334553492 29.0770502298 26.889403276 0.482507570595 0.472444922238 -0.737551516689 0.229695712157 0.744336822627 0.627058668945 0.0 0.0 0.0 0.0 0.0 0.0
18.2753503344 29.2549608487 27.1379223616 -0.104772643655 0.659451965995 -0.744409697469 0.229695712157 0.744336822627 0.627058668945 0.0 0.0 0.0 0.0 0.0 0.0
18.6933623921 29.583193564 27.2167532333 -0.652247978876 0.595922182422 -0.468454188315 0.229695712157 0.744336822627 0.627058668945 0.0 0.0 0.0 0.0 0.0 0.0
18.9626945025 30.0472667595 27.188799958 -0.951923401917 0.30599159846 -0.0145251008827 0.229695712157 0.744336822627 0.627058668945 0.0 0.0 0.0 0.0 0.0 0.0
19.0150356435 30.5810907496 27.1575356854 -0.889947209259 -0.100190309665 0.444922315221 0.229695712157 0.744336822627 0.627058668945 0.0 0.0 0.0 0.0 0.0 0.0
18.8645132901 31.0920763554 27.2276914687 -0.48986519268 -0.468308244055 0.735336305068 0.229695712157 0.744336822627 0.627058668945 0.0 0.0 0.0 0.0 0.0 0.0
18.6023261507 31.4963110822 27.4654671858 0.0963248007076 -0.658508046832 0.746383738452 0.229695712157 0.744336822627 0.627058668945 0.0 0.0 0.0 0.0 0.0 0.0
18.3620962526 31.750438879 27.8733810996 0.645919391841 -0.598529632951 0.473867510728 0.229695712157 0.744336822627 0.627058668945 0.0 0.0 0.0 0.0 0.0 0.0
18.2691037002 31.8681318272 28.3893131273 0.950118406818 -0.311159804629 0.0213210930355 0.229695712157 0.744336822627 0.627058668945 0.0 0.0 0.0 0.0 0.0 0.0
18.3926906685 31.9148958881 28.9101052989 0.893351553912 0.0944248357851 -0.439325564371 0.229695712157 0.744336822627 0.627058668945 0.0 0.0 0.0 0.0 0.0 0.0
18.7199171516 31.9831840933 29.3307531943 0.497185509633 0.464135902386 -0.733065094741 0.229695712157 0.744336822627 0.627058668945 0.0 0.0 0.0 0.0 0.0 0.0
19.1604770873 32.1572720921 29.5842988782 -0.0878696222535 0.657513979731 -0.748300939424 0.229695712157 0.744336822627 0.627058668945 0.0 0.0 0.0 0.0 0.0 0.0
19.5810071399 32.4812404232 29.6672693395 -0.639541615545 0.60109150313 -0.479244746295 0.229695712157 0.744336822627 0.627058668945 0.0 0.0 0.0 0.0 0.0 0.0
5.14057456937 6.2451028098 24.1949945049 0.964908986066 -0.213440950708 0.152949694903 0.0238123247185 0.6512037459 0.758529270706 0.0 0.0 0.0 0.0 0.0 0.0
5.16782850032 6.21836860071 24.7309307021 0.934954367256 0.254141116564 -0.247533076619 0.0238123247185 0.6512037459 0.758529270706 0.0 0.0 0.0 0.0 0.0 0.0
5.40820530871 6.24956586714 25.2104417267 0.549794952722 0.62517072464 -0.553973893802 0.0238123247185 0.6512037459 0.758529270706 0.0 0.0 0.0 0.0 0.0 0.0
5.77390789388 6.42327081992 25.5636743847 -0.044240756432 0.758687522129 -0.649950766779 0.0238123247185 0.6512037459 0.758529270706 0.0 0.0 0.0 0.0 0.0 0.0
6.12952579722 6.76991861724 25.768750745 -0.621468662552 0.603966245381 -0.49900047686 0.0238123247185 0.6512037459 0.758529270706 0.0 0.0 0.0 0.0 0.0 0.0
6.34347989938 7.2542405392 25.8600799309 -0.962590233366 0.219788094236 -0.158471562938 0.0238123247185 0.6512037459 0.758529270706 0.0 0.0 0.0 0.0 0.0 0.0
6.33801152755 7.78866316416 25.915285519 -0.938007680874 -0.24789122857 0.242263347247 0.0238123247185 0.6512037459 0.758529270706 0.0 0.0 0.0 0.0 0.0 0.0
6.11872427536 8.26657897576 26.0257150448 -0.557060327766 -0.621392529122 0.550958361385 0.0238123247185 0.6512037459 0.758529270706 0.0 0.0 0.0 0.0 0.0 0.0
5.77245510392 8.6028483408 26.2617355464 0.0355235574124 -0.758816418732 0.650335082501 0.0238123247185 0.6512037459 0.758529270706 0.0 0.0 0.0 0.0 0.0 0.0
5.43428352851 8.76614547932 26.6459999505 0.614611449208 -0.607953264131 0.502638632752 0.0238123247185 0.6512037459 0.758529270706 0.0 0.0 0.0 0.0 0.0 0.0
5.23621265229 8.79085965214 27.1448408467 0.960198175694 -0.226118500051 0.163981362751 0.0238123247185 0.6512037459 0.758529270706 0.0 0.0 0.0 0.0 0.0 0.0
5.25701898043 8.76403010577 27.6810612998 0.940989561576 0.241622462699 -0.236975168582 0.0238123247185 0.6512037459 0.758529270706 0.0 0.0 0.0 0.0 0.0 0.0
5.49232390874 8.79227840736 28.1632632557 0.564283280509 0.617567012157 -0.547900871357 0.0238123247185 0.6512037459 0.758529270706 0.0 0.0 0.0 0.0 0.0 0.0
5.85625722859 8.96130112882 28.5205711908 -0.0268036531362 0.758887528527 -0.650669872689 0.0238123247185 0.6512037459 0.758529270706 0.0 0.0 0.0 0.0 0.0 0.0
6.21408065488 9.30331228627 28.7295589078 -0.607707430822 0.611893984887 -0.506238510767 0.0238123247185 0.6512037459 0.758529270706 0.0 0.0 0.0 0.0 0.0 0.0
6.43337715318 9.78480469684 28.8231495405 -0.957732995212 0.232431686066 -0.169478674747 0.0238123247185 0.6512037459 0.758529270706 0.0 0.0 0.0 0.0 0.0 0.0
6.43435838509 10.3192799176 28.8781075039 -0.94389978228 -0.235335296341 0.231668943341 0.0238123247185 0.6512037459 0.758529270706 0.0 0.0 0.0 0.0 0.0 0.0
6.22017763193 10.8001104501 28.9858744102 -0.571463260896 -0.613694465073 0.544801656555 0.0238123247185 0.6512037459 0.758529270706 0.0 0.0 0.0 0.0 0.0 0.0
5.87573181047 11.14104931 29.2178288713 0.0180817076582 -0.758900846098 0.650955111847 0.0238123247185 0.6512037459 0.758529270706 0.0 0.0 0.0 0.0 0.0 0.0
5.53540771483 11.3089966981 29.5981685706 0.600757133163 -0.615788107546 0.509799836759 0.0238123247185 0.6512037459 0.758529270706 0.0 0.0 0.0 0.0 0.0 0.0
5.33202622661 11.3365751678 30.0947171587 0.955194879655 -0.238727171508 0.174963080287 0.0238123247185 0.6512037459 0.758529270706 0.0 0.0 0.0 0.0 0.0 0.0
5.34638144125 11.3097357711 30.6311485865 0.94673812136 0.22903020829 -0.226345075612 0.0238123247185 0.6512037459 0.758529270706 0.0 0.0 0.0 0.0 0.0 0.0
5.57654564045 11.3351038177 31.1159846472 0.578599722143 0.609775182779 -0.541660952999 0.0238123247185 0.6512037459 0.758529270706 0.0 0.0 0.0 0.0 0.0 0.0
5.93860166452 11.4994701364 31.4773490766 -0.00935838518805 0.758856370432 -0.651190778253 0.0238123247185 0.6512037459 0.758529270706 0.0 0.0 0.0 0.0 0.0 0.0
6.29852444439 11.8368177886 31.6902745476 -0.593761085522 0.619635335556 -0.513322339519 0.0238123247185 0.6512037459 0.758529270706 0.0 0.0 0.0 0.0 0.0 0.0
6.52309936613 12.315411335 31.7861881752 -0.95258402231 0.245004476952 -0.180434161711 0.0238123247185 0.6512037459 0.758529270706 0.0 0.0 0.0 0.0 0.0 0.0
6.53053273002 12.8498536597 31.8409718299 -0.949504362667 -0.222707678702 0.22100397083 0.0238123247185 0.6512037459 0.758529270706 0.0 0.0 0.0 0.0 0.0 0.0
9.64427454038 3.04524182661 11.7255294767 -0.626454661921 -0.198239365982 0.753827374358 0.747175340024 0.12271943333 0.653199014041 0.0 0.0 0.0 0.0 0.0 0.0
9.78599109878 3.41260640796 12.0911040704 -0.377280269579 -0.730794540367 0.568857572646 0.747175340024 0.12271943333 0.653199014041 0.0 0.0 0.0 0.0 0.0 0.0
9.84170660787 3.61338635083 12.5863497657 0.0152292049656 -0.985708650633 0.167769268294 0.747175340024 0.12271943333 0.653199014041 0.0 0.0 0.0 0.0 0.0 0.0
9.9008936147 3.58947397578 13.119838471 0.401952849925 -0.866135564354 -0.297057386036 0.747175340024 0.12271943333 0.653199014041 0.0 0.0 0.0 0.0 0.0 0.0
10.0517057863 3.36812597158 13.5856129357 0.635967886905 -0.417503096162 -0.649026972876 0.747175340024 0.12271943333 0.653199014041 0.0 0.0 0.0 0.0 0.0 0.0
10.3474868578 3.05160812347 13.9034416816 0.628368090834 0.189745778541 -0.754420361568 0.747175340024 0.12271943333 0.653199014041 0.0 0.0 0.0 0.0 0.0 0.0
10.7865044553 2.77834283155 14.0493002824 0.3820407513 0.724907059596 -0.573196841664 0.747175340024 0.12271943333 0.653199014041 0.0 0.0 0.0 0.0 0.0 0.0
11.3126082541 2.67032012668 14.064498645 -0.00943025703291 0.984664028911 -0.174206258273 0.747175340024 0.12271943333 0.653199014041 0.0 0.0 0.0 0.0 0.0 0.0
11.8365624255 2.78675161818 14.0399866856 -0.397318553054 0.870330670938 0.29096819521 0.747175340024 0.12271943333 0.653199014041 0.0 0.0 0.0 0.0 0.0 0.0
12.2699478203 3.1015750135 14.0818009355 -0.634258887958 0.425344139923 0.645598966604 0.747175340024 0.12271943333 0.653199014041 0.0 0.0 0.0 0.0 0.0 0.0
12.5587538816 3.5133556189 14.27077949 -0.630233667083 -0.181237741224 0.754955896746 0.747175340024 0.12271943333 0.653199014041 0.0 0.0 0.0 0.0 0.0 0.0
12.7038981586 3.88382307549 14.6318502651 -0.386772139139 -0.718964374346 0.577492459524 0.747175340024 0.12271943333 0.653199014041 0.0 0.0 0.0 0.0 0.0 0.0
12.7608777144 4.09040258033 15.1245604644 0.00363059094961 -0.983544421211 0.180629981771 0.747175340024 0.12271943333 0.653199014041 0.0 0.0 0.0 0.0 0.0 0.0
12.8186848635 4.0727831034 15.6584452738 0.392653998836 -0.874459498472 -0.28485684603 0.747175340024 0.12271943333 0.653199014041 0.0 0.0 0.0 0.0 0.0 0.0
12.9659975039 3.85583055628 16.1273969561 0.63250158774 -0.43315279208 -0.642121795471 0.747175340024 0.12271943333 0.653199014041 0.0 0.0 0.0 0.0 0.0 0.0
13.2574889012 3.54014081657 16.449976955 0.632051248599 0.172715901951 -0.755433939109 0.747175340024 0.12271943333 0.653199014041 0.0 0.0 0.0 0.0 0.0 0.0
13.6930564005 3.26382167215 16.6003557636 0.391474072782 0.712966937175 -0.581744099097 0.747175340024 0.12271943333 0.653199014041 0.0 0.0 0.0 0.0 0.0 0.0
14.217860427 3.1500233635 16.6181259866 0.00216935161724 0.982349912795 -0.187039949596 0.747175340024 0.12271943333 0.653199014041 0.0 0.0 0.0 0.0 0.0 0.0
14.7431589573 3.26015174837 16.5932604472 -0.387959542496 0.87852173253 0.278723803898 0.747175340024 0.12271943333 0.653199014041 0.0 0.0 0.0 0.0 0.0 0.0
15.1800220977 3.57053918982 16.6319300077 -0.630696120078 0.440928457976 0.638595724278 0.747175340024 0.12271943333 0.653199014041 0.0 0.0 0.0 0.0 0.0 0.0
15.4731180376 3.98143628713 16.8161674836 -0.633820696965 -0.164180909694 0.755854452253 0.747175340024 0.12271943333 0.653199014041 0.0 0.0 0.0 0.0 0.0 0.0
15.6217345297 4.35490834092 17.1727020056 -0.396146194158 -0.706915204812 0.585951436605 0.747175340024 0.12271943333 0.653199014041 0.0 0.0 0.0 0.0 0.0 0.0
15.6800494844 4.56723905152 17.6628041761 -0.00796912897957 -0.98108059463 0.193435673605 0.747175340024 0.12271943333 0.653199014041 0.0 0.0 0.0 0.0 0.0 0.0
15.7365478759 4.55593240971 18.1970000145 0.383235541535 -0.882517063756 -0.272569535869 0.747175340024 0.12271943333 0.653199014041 0.0 0.0 0.0 0.0 0.0 0.0
15.8804048212 4.34345597545 18.6690636186 0.628842622464 -0.448670545462 -0.635021021548 0.747175340024 0.12271943333 0.653199014041 0.0 0.0 0.0 0.0 0.0 0.0
