
#id1 id2 FENE BEXC STCK NEXC HB CRSTCK CXSTCK total, t = 100
0 1 0.235632 0 -0.0779588 0 0 0 0 0.157674
1 2 0.133238 0 -1.24 0 0 0 0 -1.10676
2 3 0.0528784 0 -0.760028 0 0 0 0 -0.70715
3 4 0.128099 0 -1.24851 0 0 0 0 -1.12041
4 5 0.104102 0 -1.00345 0 0 0 0 -0.899349
5 6 1.70676 0 0 0 0 0 0 1.70676
6 7 1.74905 0 0 0 0 0 0 1.74905
7 8 0.0206176 0 -1.19816 0 0 0 0 -1.17755
8 9 0.207342 0 -1.22207 0 0 0 0 -1.01473
9 10 0.087963 0 -1.29902 0 0 0 0 -1.21106
10 11 0.0776107 0 -1.30118 0 0 0 0 -1.22356
11 12 0.145305 0 -1.32291 0 0 0 0 -1.17761
12 13 0.0671116 0 -1.37061 0 0 0 0 -1.3035
13 14 0.578292 0 -1.32654 0 0 0 0 -0.748248
14 15 0.327824 0 -1.20704 0 0 0 0 -0.879217
15 16 0.123547 0 -1.3754 0 0 0 0 -1.25186
16 17 0.201133 0 -1.39824 0 0 0 0 -1.19711
17 18 0.0977429 0 -0.97887 0 0 0 0 -0.881127
18 19 0.318625 0 -1.3065 0 0 0 0 -0.987878
19 20 0.281914 0 -1.34211 0 0 0 0 -1.06019
20 21 0.0598617 0 -1.33327 0 0 0 0 -1.2734
21 22 0.124026 0 -1.28271 0 0 0 0 -1.15868
22 23 0.0706061 0 -0.988267 0 0 0 0 -0.917661
23 24 0.00993964 0 -1.26215 0 0 0 0 -1.25221
25 26 2.21466 0 0 0 0 0 0 2.21466
26 27 0.045206 0 -1.07372 0 0 0 0 -1.02852
27 28 0.00982478 0 -1.1007 0 0 0 0 -1.09087
28 29 0.18654 0 -1.06716 0 0 0 0 -0.880623
29 30 0.085303 0 -1.36438 0 0 0 0 -1.27907
30 31 1.71085 0 0 0 0 0 0 1.71085
31 32 0.484811 0 -0.00100898 0 0 0 0 0.483802
32 33 0.656515 0 -0.000307937 0 0 0 0 0.656207
33 34 0.0889491 0 -0.979609 0 0 0 0 -0.89066
34 35 0.00878408 0 -0.35638 0 0 0 0 -0.347596
35 36 0.0624102 0 -0.874725 0 0 0 0 -0.812315
36 37 0.0959867 0 -0.976099 0 0 0 0 -0.880112
37 38 0.183032 0 -1.28084 0 0 0 0 -1.09781
38 39 0.0420125 0 -1.2405 0 0 0 0 -1.19848
39 40 0.156059 0 -1.3596 0 0 0 0 -1.20354
40 41 0.242605 0 -1.32342 0 0 0 0 -1.08082
41 42 0.446773 0 -1.42496 0 0 0 0 -0.978191
42 43 0.0840538 0 -1.33437 0 0 0 0 -1.25032
43 44 0.0940419 0 -1.37801 0 0 0 0 -1.28397
44 45 0.0670192 0 -1.24058 0 0 0 0 -1.17356
45 46 0.0836183 0 -1.34883 0 0 0 0 -1.26521
46 47 0.151193 0 -1.13116 0 0 0 0 -0.979972
47 48 0.223649 0 -1.15922 0 0 0 0 -0.935572
48 49 0.102719 0 -0.692705 0 0 0 0 -0.589986
50 51 0.00841471 0 -1.34095 0 0 0 0 -1.33254
51 52 0.200215 0 -1.06568 0 0 0 0 -0.865462
52 53 0.163893 0 -1.33163 0 0 0 0 -1.16774
53 54 0.179672 0 -1.37769 0 0 0 0 -1.19802
54 55 0.0959271 0 -1.25404 0 0 0 0 -1.15811
55 56 2.06172 0 0 0 0 0 0 2.06172
55 57 0 0 0 0 0 -0 -0.000124377 -0.000124377
56 57 2.03965 0 0 0 0 0 0 2.03965
57 58 0.00149572 0 -1.27566 0 0 0 0 -1.27416
58 59 0.328243 0 -1.40024 0 0 0 0 -1.07199
59 60 0.0272253 0 -1.14969 0 0 0 0 -1.12246
60 61 0.154188 0 -0.452596 0 0 0 0 -0.298408
61 62 2.15104 0 0 0 0 0 0 2.15104
62 63 1.9727 0 0 0 0 0 0 1.9727
63 64 0.228118 6.03497 -0.301037 0 0 0 0 5.96205
64 65 0.133406 0 -1.18705 0 0 0 0 -1.05364
65 66 0.180958 0 -0.182692 0 0 0 0 -0.00173406
66 67 0.189387 0 -0.442361 0 0 0 0 -0.252974
67 68 0.198523 0 -0.370629 0 0 0 0 -0.172106
67 69 0 0 0 4.60692e-05 0 0 0 4.60692e-05
68 69 0.0179252 0 0 0 0 0 0 0.0179252
65 70 0 0 0 0 0 0 -3.54994e-14 -3.54994e-14
69 70 1.79542 0 0 0 0 0 0 1.79542
70 71 1.90017 0 0 0 0 0 0 1.90017
71 72 0.0105798 0 -1.19572 0 0 0 0 -1.18514
72 73 0.369344 0 -1.37924 0 0 0 0 -1.00989
73 74 0.000750799 0 -1.17581 0 0 0 0 -1.17506
74 75 0.0908271 0 -1.21397 0 0 0 0 -1.12315
75 76 0.00948297 0 -1.14339 0 0 0 0 -1.13391
77 78 0.074131 0 -1.14935 0 0 0 0 -1.07522
78 79 0.0552429 0 -1.33028 0 0 0 0 -1.27504
79 80 0.119672 0 -0.943947 0 0 0 0 -0.824275
80 81 0.172593 0 -1.34915 0 0 0 0 -1.17656
81 82 0.197743 0 -1.38321 0 0 0 0 -1.18547
82 83 0.201385 0 -1.34007 0 0 0 0 -1.13868
83 84 0.316923 0 -1.33185 0 0 0 0 -1.01492
84 85 0.508311 0 -1.27854 0 0 0 0 -0.770228
85 86 0.0310399 0 -1.30679 0 0 0 0 -1.27575
86 87 0.00173735 0 -1.18517 0 0 0 0 -1.18343
87 88 0.00186065 0 -0.848441 0 0 0 0 -0.84658
88 89 1.65593 0 0 0 0 0 0 1.65593
89 90 0.134507 0 -0 0 0 0 0 0.134507
90 91 0.713765 0 -0 0 0 0 0 0.713765
91 92 0.535524 0 -0.197164 0 0 0 0 0.33836
92 93 0.079524 0 -0.496425 0 0 0 0 -0.416901
93 94 0.494032 0 -1.25853 0 0 0 0 -0.764499
94 95 0.149148 0 -1.16067 0 0 0 0 -1.01152
95 96 0.24429 0 -0.853065 0 0 0 0 -0.608775
96 97 0.294673 0 -1.24965 0 0 0 0 -0.954979
97 98 0.269303 0 -1.2739 0 0 0 0 -1.0046
98 99 0.252916 0 -1.35059 0 0 0 0 -1.09768
99 100 0.47084 0 -1.33146 0 0 0 0 -0.86062
100 101 0.136088 0 -1.3689 0 0 0 0 -1.23281
#Total energy per particle is  -0.48715 and should be -0.4871510

