
#id1 id2 FENE BEXC STCK NEXC HB CRSTCK CXSTCK total, t = 100
0 1 0.0059202 0 -0.853641 0 0 0 0 -0.847721
1 2 0.0189348 0 -1.03977 0 0 0 0 -1.02083
2 3 0.0545858 0 -1.2373 0 0 0 0 -1.18271
3 4 0.0399559 0 -0.940535 0 0 0 0 -0.900579
4 5 0.177982 0 -1.33821 0 0 0 0 -1.16023
5 6 0.30508 0 -1.27224 0 0 0 0 -0.967158
6 7 0.171271 0 -1.33057 0 0 0 0 -1.1593
7 8 0.195869 0 -1.25883 0 0 0 0 -1.06296
8 9 0.153203 0 -1.43328 0 0 0 0 -1.28007
9 10 0.0574074 0 -1.25699 0 0 0 0 -1.19958
10 11 0.0262031 0 -1.05166 0 0 0 0 -1.02545
11 12 0.0813372 0 -1.26976 0 0 0 0 -1.18842
12 13 0.0809893 0 -1.35028 0 0 0 0 -1.26929
13 14 0.320598 0 -1.4008 0 0 0 0 -1.0802
14 15 0.300762 0 -1.21435 0 0 0 0 -0.913588
15 16 0.0454392 0 -1.37 0 0 0 0 -1.32456
16 17 0.0335034 0 -1.32271 0 0 0 0 -1.2892
17 18 0.0576274 0 -1.21749 0 0 0 0 -1.15986
18 19 0.0853424 0 -1.35531 0 0 0 0 -1.26997
19 20 0.0792998 0 -1.34353 0 0 0 0 -1.26423
20 21 0.181624 0 -0.949539 0 0 0 0 -0.767915
21 22 0.133094 0 -1.14052 0 0 0 0 -1.00743
22 23 0.00962083 0 -1.41927 0 0 0 0 -1.40965
#Total energy per particle is  -1.07295 and should be -1.0729510

