t = 100
b = 30 30 30
E = -0.779538588764344 -0.969152817616528 0.189614228852184
5.24683420629028 29.6289044343346 4.92986668655769 0.0572722767691878 -0.100279077729557 0.993309557722151 0.190567820537202 0.977746876784023 0.0877201887578228 0.377588543724792 0.113836561828785 0.477260989449852 0.250065632129536 0.299836776409124 -0.851693141313319
4.95718118725101 29.9870158804671 5.11720496808214 0.581000860664915 -0.185461093955818 0.79249105329151 0.179026808736351 0.97896609974928 0.0978501818603589 0.456296476941632 -0.11466979060969 -0.103645878909911 0.301312059490781 0.45612450970424 0.0318055133993959
4.93933859347636 30.3593908189365 5.38247223883496 0.980522017894564 -0.184307194148426 0.0678771787989142 0.153883178124831 0.935643728196897 0.317632913029833 0.2919278575197 0.325382535996068 0.316388792741602 0.511144702102399 -0.0439174677174373 -0.199676742711502
5.09645931390084 30.5835111093644 5.81838875756983 0.83107390628718 -0.00988080701264435 -0.556074107440196 0.239096649719476 0.909079190726015 0.341185732802796 0.282454534320168 -0.160314125040188 -0.506118356889626 0.730870016512482 0.000673085551547113 0.190932582612372
5.38996055344681 30.8743976946507 6.00175824870325 0.312683507972825 0.114544570878429 -0.942925472605212 0.420098904083797 0.87365697424177 0.245438979000403 0.146972037022264 0.622687770357814 -0.302217355068331 0.599909419928392 -0.400657612895385 0.248960885698024
5.73080427616245 31.1759181465064 6.02806582564681 -0.236596212855478 0.16698098344061 -0.957151745584465 0.46888627168878 0.882438789882012 0.0380438961244016 0.22589477287909 0.310192389568519 -0.217597844387422 0.513282556497059 -0.35508672012333 -0.00370870056976344
6.00361475420207 31.5193192710669 5.93978949656136 -0.655415331507514 0.193094285276908 -0.730167941533754 0.188191702360344 0.978026003162568 0.0897156682491072 -0.498041137091333 0.0394708145428915 0.350710688705697 0.458734578401834 -0.0801740454029181 -0.0629380459335513
6.12961011174165 31.8688250016826 5.74912642185125 -0.965925311491789 0.241163173155187 -0.0939600841629652 0.232173923082716 0.967802490397086 0.0972290586818767 -0.470007676949603 -0.188491573673416 0.0432725860369199 0.249293427258522 0.12990967771761 -0.0503104414091131
6.10806765876356 32.3463751348718 5.61406382967075 -0.884883989156285 0.147256729297142 0.44192268930522 0.168196256421784 0.985718285538107 0.00832843581265219 -0.232131527613913 -0.615958366234375 0.458080600416322 0.191787955297101 0.453317366798154 -0.0091928816822261
5.97714838629184 32.8131042808101 5.42252280846628 -0.442194148062724 0.0737522295212051 0.89388188568392 0.292964159182749 0.953826876427742 0.0662281877044137 -0.234254181538607 -0.0513461313355802 -0.00934621871005533 0.227092521800986 0.0582482460066758 -0.0729281430792767
5.87191036975445 33.3404324783551 5.53609758598448 -0.0373551597726425 -0.217716414584039 0.975296899366318 0.178973922047557 0.958739956398234 0.22087533165269 0.151530775534114 0.0712236903931057 0.176393314340186 0.330785715479174 0.239481115470965 -0.344496960836377
5.61557651643308 33.6741808007912 5.62089661199104 0.737247894707418 -0.153434643902592 0.657969021003616 0.0937953773802788 0.987684589713777 0.12522563562817 0.25142553325713 -0.120180366095541 0.187786717007106 0.0466482844477917 -0.17893729646398 0.0532735276694601
5.67917149999522 34.1051147050711 5.79685863693996 0.926932339428686 -0.359237948730724 0.108371653972442 0.3354956533919 0.922806247494334 0.189396878164542 0.24946767151731 -0.456000592692025 -0.20585145112954 0.329324861167132 0.267882586920452 -0.436392214963352
5.76040758074432 34.3189134425052 6.16872004908775 0.797067836641137 -0.0223851240836101 -0.603474649351706 0.259848805006426 0.914782749840442 0.309274967341426 0.104801232765201 -0.14207548808567 -0.0321633524891263 0.69068319034084 0.00339074099736058 0.338985126100247
6.12908829455037 34.6287021218887 6.29727839097046 0.421314827343448 -0.0565170511286172 -0.905151655905027 0.439558291974512 0.885719793410371 0.149294488803296 0.0920446619044303 -0.0131472075364467 -0.187022691212554 0.352571191686176 0.233978677759821 0.0274528414354317
6.45780990604885 34.9117548522416 6.44376575081695 -0.285739600575648 0.165649000030307 -0.943881968881773 0.309831824630785 0.948017026467742 0.072579892697171 0.485908791014597 -0.286241198177892 -0.131420171798637 0.390406224273532 -0.110167960861961 0.116599625418598
6.66169083541236 35.3054528837886 6.30354033976424 -0.783923208788459 0.0560770630784379 -0.618320019804091 0.203415300438563 0.964140634197259 -0.170455096060249 -0.380102004813758 -0.216889356152285 -0.503198201505588 0.735059154566001 0.188561378124167 -0.107382493527489
6.8289685626697 35.5119748442259 5.94108571458771 -0.919613595805181 0.376976673344031 0.110450471130953 0.340782827252103 0.905453806134446 -0.253022463173739 -0.58767296031742 -0.447763006654011 -0.337847086820629 0.646050680584236 -0.527655573125587 0.860446153900657
6.90474836739389 36.0363167289935 5.9183469918667 -0.929669997229925 0.0186372923417845 0.36792150073965 0.00862531795521984 0.999546825371923 -0.0288380633596777 0.041678007896058 -0.632752497353475 -0.0249499683853458 0.278264218170643 0.259243082833891 -0.317787324391215
6.79925388767546 36.5191772844747 5.81383655781211 -0.513441643478106 -0.161854265673222 0.842722230174682 -0.0254430483266539 0.984490828220676 0.173580945323083 -0.41366765013466 -0.395925846563125 -0.0181143451087438 0.384812523483197 0.231508846863928 -0.371278804690204
6.51499160480384 36.8704281013123 5.9246221971294 0.254354995722161 -0.129847124257719 0.958354392523484 0.115226247786997 0.987955916244748 0.103275847793748 -0.291266643569821 -0.787315353678862 0.370819850089962 0.507321640767365 -0.164611913984112 -0.15080461644654
6.40087786016667 37.3587756357197 6.0125578472141 0.653502501236007 -0.290990697873643 0.69875516172381 0.289254613462198 0.949092546849188 0.124719634890974 0.370767218620831 -0.193579640476891 -0.275695292432442 0.466941962933111 0.268002118579449 0.273909215769017
6.33294634917322 37.7180982619202 6.28683582122448 0.988711305793413 -0.149270464537253 0.012967804649425 0.134254378254879 0.921016600384686 0.365655675043864 -0.00513044111378906 -0.230936626573798 0.029840740710418 0.371941267663093 -0.166283673596972 -0.00167523510736874
6.42398763238166 38.0552272384432 6.65213784226162 0.778571336067454 0.0628485834324571 -0.62440100473578 0.230147803556833 0.897052189917287 0.377265484924009 0.0110758398076511 -0.350490676673351 -0.110953714608751 0.439603771300552 -0.0639125478263892 0.579529221703527
6.6984379821695 38.4801843491693 6.84515037152299 0.326136943340657 -0.0604646411897337 -0.943386772655108 0.423460636386277 0.901570481742139 0.0886094932216494 0.421865497805062 0.217779863895948 0.167126352983118 0.365102950258699 0.230892174354683 0.206620485167097
