t = 100
b = 30 30 30
E = -0.846313610710516 -0.993826146870488 0.147512536159972
4.4461638672311 19.3820934993035 22.7506943125564 0.838937063607743 -0.295719775342035 -0.456874493648483 0.497912036957827 0.0781668662284705 0.863697531515364 -0.126685674326149 0.528599792239746 -0.629058457961406 0.285348260669094 -0.185256318217533 -0.641369134549053
4.71317983423329 19.1622249112328 23.1320868080191 0.723221240908877 0.431179231554585 -0.539476957994961 0.60002652118999 -0.00554641814090984 0.799960808791738 -0.277982486502934 0.245813190958775 -0.45414456769906 0.251318046592344 0.00315397403118314 -0.163241403058833
5.02248684650082 19.0471327131855 23.3829293927741 0.390489580281077 0.885557445719356 -0.251606397355203 0.594094670865719 -0.0336214232388723 0.803692108518104 0.38948721825662 0.313468266154155 -0.323045552308934 0.310225170336618 -0.352894246636698 -0.263958041925336
5.46421185820714 19.0780063093785 23.6520484197854 -0.18844813713 0.980828895956934 0.0496171065805373 0.548399573148553 0.0631841619670021 0.83382585150682 0.0785310039058106 0.32258289803687 0.226582489432631 0.333303977002951 -0.100996722043025 0.161329244859961
5.92772952473836 19.1882057651394 23.9054070705582 -0.616382552121076 0.693844846755367 0.37235971705574 0.625768520269837 0.144557386564446 0.76649644657292 0.0272720041879618 0.284015918745188 0.115555127979589 0.145506058321738 -0.213045739352381 -0.0859131171674636
6.14876229496386 19.4691113950371 24.2250748941417 -0.809460778052988 0.107434822656359 0.577261542572401 0.587104583956357 0.163189287366244 0.792891761113898 -0.600663257092301 -0.352363036718127 0.468298970143288 0.404180886840255 -0.23283208809775 -0.000323863552908998
6.29759551399044 19.7628348911827 24.550905486613 -0.679852535621586 -0.493850245891305 0.542136832628722 0.390273736952646 0.382236710474375 0.837604558610454 -0.467227196380308 0.254176119946607 0.757371370580007 0.452045950570229 0.275490861831888 -0.221262912235424
6.33182082804676 20.1132211753024 24.9048636727931 -0.355126829985038 -0.837891515482385 0.414514927485069 0.401767436534704 0.263574678164443 0.876989851661475 -0.0537833489514161 0.15331597696444 0.286049583211476 0.576597078296847 0.0944312675261932 0.0889047947692744
6.37666838863827 20.2325235770676 25.3517992632377 0.0492762062093036 -0.998222633266014 0.033515874516851 0.408830183199722 0.0507754018679586 0.911196808288866 0.368977168362602 -0.116310574660289 0.211812854565102 0.311867073861215 -0.414452757211421 -0.443527138593242
6.38556496924355 20.1676648027561 25.8207425032228 0.640341074297276 -0.685495648216738 -0.346495174043208 0.511507371696898 0.0440479230188326 0.858149096004495 0.467440401245054 -0.433339194600047 -0.0365721771948723 0.544586680125198 0.047744663500461 -0.221230776380464
6.48171319620345 19.9565663592258 26.2347644712918 0.888508283704463 -0.002950760753478 -0.458850961807078 0.458508506242453 -0.0334484632387027 0.888060265502538 0.16154960395466 0.41508872068745 0.165419319216632 0.418056391442977 0.0598780751893618 0.495738671123131
6.77253162007805 19.7376215318263 26.5411150850415 0.680378474572747 0.575228721108268 -0.454089123512188 0.530822833562914 0.0403924828485128 0.846519609109498 -0.301314993297565 -0.136232151746004 -0.382696296940322 0.554483192747734 0.131446043418528 0.159973314640348
7.18449665315052 19.5532333831206 26.7282430362074 0.244337159919624 0.95708848305522 -0.155823205330924 0.651650109858757 -0.0430660707306793 0.757296067827378 0.298258942559214 0.190144500195677 -0.0484467276484639 0.31595116208602 -0.259132498003945 0.374212558617413
7.54564175109494 19.6561403608581 26.9897041302141 -0.283343076547359 0.952793717963956 -0.109090388102179 0.583095935632559 0.261468972691795 0.769176825106553 -0.170453703111569 0.715761695608282 -0.0303318390245599 0.386913797445868 0.108412312846359 -0.103069118141823
7.89542745350617 19.7753376402879 27.1306254716426 -0.687121731991899 0.655272999026495 0.313816671267914 0.593014598526088 0.256276341619507 0.763319072221821 -0.425257125002444 0.25519707661571 -0.183077445010605 0.541971694857986 0.0169636693375781 -0.086187035888605
8.21263465490926 20.1531448060851 27.3339772425044 -0.90275110628922 0.277947111889269 0.328307367247235 0.387574173152402 0.194447581683468 0.901097263980923 -0.017874991910274 0.190298424188112 0.565226267435732 0.623595475635368 0.198656345037561 -0.167558526583372
8.34941429744383 20.525764705013 27.605586018149 -0.782587616037049 -0.388992078860532 0.486046980867671 0.370758050524386 0.335959589587289 0.86583457409385 -0.272658000687093 -0.0659033294394218 -0.204196750619575 0.352333742154503 0.349342680732435 -0.00571966402328353
8.29697540453683 20.7739111068016 27.9835216304471 -0.206248572282586 -0.920522417811852 0.331813029685348 0.406004522493238 0.228028252353281 0.884965155951655 -0.615326883763212 -0.0397507615610802 0.0295739012108055 0.292133657671243 -0.281331462922059 0.174037156099361
8.30176085291521 20.7968890107507 28.4897304289995 0.306617304007842 -0.945216346433979 -0.112034686485583 0.409421449445343 0.0247127423393002 0.912010548611234 -0.345537011374101 -0.100992858833103 -0.00136831937799074 0.419257550140725 -0.209368882171791 -0.0135248603837404
8.37148844997216 20.660590786597 28.9316275783724 0.633883361503024 -0.675875291267657 -0.376011111014747 0.522140607568971 0.015303539209456 0.852722035407054 0.105257841665708 -0.282821536833375 -0.201756691748297 0.498401106272744 0.116803539693488 0.357706296571571
8.42560976300417 20.4224398280116 29.334626918522 0.893270956698773 0.188393358286653 -0.408135801695139 0.361459102435328 0.238729296695538 0.901307673043258 0.127788560690201 -0.36738770374106 -0.697178448830462 0.357167077825214 -0.329784623217818 0.352064840618769
8.7502587789658 20.4926207146037 29.779252956501 0.621158956332264 0.319058645449313 -0.71579537140918 0.724369520937376 0.114826048308171 0.67978206729531 0.52687224249951 0.467943736821216 0.249665215956923 0.160521658671947 0.473706900222758 -0.214973411844024
9.10287595052161 20.1978387990088 30.0560185335291 0.276400515666193 0.834419893456785 -0.4768082186846 0.679340025258314 0.181295851265561 0.711075824584631 -0.478395505111577 0.185264278768923 0.0592709339825217 0.411449162222869 -0.132378528492091 -0.152899539457331
9.52496672386094 20.0033698747551 30.4168303337868 -0.191252651297721 0.952860418687136 -0.23554050272761 0.373207260427379 0.292541244853676 0.880417993611819 0.124957776494388 0.0273234348644272 0.600949299401921 0.120009385906958 -0.0735230823804161 -0.263892599561778
9.92759575008188 20.2811890368786 30.5782473011304 -0.849897724689243 0.426029963767129 0.310116461165633 0.471569049820921 0.352291729595251 0.808401540837051 -0.339570354878382 0.909075232487702 0.477838532793514 0.200502355186944 0.425224094071548 0.545818701868661
