t = 0
b =  30.0 30.0 30.0
E = 0. 0. 0.
18.4873301573 5.67452748889 18.1497158934 0.285041221452 -0.501451384089 0.816883107592 0.496337259339 0.806298748569 0.321763349447 0.0 0.0 0.0 0.0 0.0 0.0
18.4247761854 6.04201872491 18.5366555452 0.711720886855 -0.59016127357 0.381002690794 0.496337259339 0.806298748569 0.321763349447 0.0 0.0 0.0 0.0 0.0 0.0
18.524459012 6.27498268005 19.0104447724 0.868005888003 -0.454659028253 -0.199627018262 0.496337259339 0.806298748569 0.321763349447 0.0 0.0 0.0 0.0 0.0 0.0
18.8220038081 6.4043070954 19.4387290145 0.694520940015 -0.146424216608 -0.704415085494 0.496337259339 0.806298748569 0.321763349447 0.0 0.0 0.0 0.0 0.0 0.0
19.2778646743 6.50025410596 19.7064418157 0.257175875144 0.217439603008 -0.941584084555 0.496337259339 0.806298748569 0.321763349447 0.0 0.0 0.0 0.0 0.0 0.0
19.7923487894 6.64576648086 19.7595204952 -0.277874604446 0.498694482046 -0.821029547447 0.496337259339 0.806298748569 0.321763349447 0.0 0.0 0.0 0.0 0.0 0.0
20.2434913796 6.90495627865 19.6254454635 -0.707355875991 0.590486989627 -0.388552158382 0.496337259339 0.806298748569 0.321763349447 0.0 0.0 0.0 0.0 0.0 0.0
20.5333921757 7.29874760429 19.4027999551 -0.868100823887 0.457943617432 0.191542691898 0.496337259339 0.806298748569 0.321763349447 0.0 0.0 0.0 0.0 0.0 0.0
20.6254093616 7.79692719194 19.2238166093 -0.699039754917 0.151419808567 0.698867271103 0.496337259339 0.806298748569 0.321763349447 0.0 0.0 0.0 0.0 0.0 0.0
20.5580804134 8.32962292972 19.20414008 -0.264401795733 -0.212630917178 0.940680489578 0.496337259339 0.806298748569 0.321763349447 0.0 0.0 0.0 0.0 0.0 0.0
20.4304810675 8.81384944324 19.3988916979 0.270686826213 -0.495899602487 0.825113462724 0.496337259339 0.806298748569 0.321763349447 0.0 0.0 0.0 0.0 0.0 0.0
20.3645847922 9.18503562676 19.7817279555 0.702936997238 -0.590767737812 0.396072036219 0.496337259339 0.806298748569 0.321763349447 0.0 0.0 0.0 0.0 0.0 0.0
20.4589230276 9.42155628586 20.2548488463 0.868129650532 -0.461193332433 -0.183443778817 0.496337259339 0.806298748569 0.321763349447 0.0 0.0 0.0 0.0 0.0 0.0
20.751151444 9.55294791033 20.6861537219 0.703505335236 -0.156403869321 -0.693266235264 0.496337259339 0.806298748569 0.321763349447 0.0 0.0 0.0 0.0 0.0 0.0
21.2037439238 9.64868726786 20.9594285374 0.271607581101 0.207806038679 -0.93970525814 0.496337259339 0.806298748569 0.321763349447 0.0 0.0 0.0 0.0 0.0 0.0
21.7182493603 9.79179601844 21.0184975097 -0.26347843413 0.493066958254 -0.829134542416 0.496337259339 0.806298748569 0.321763349447 0.0 0.0 0.0 0.0 0.0 0.0
22.1726948794 10.0472993977 20.888565237 -0.698464587111 0.591003496747 -0.403561751637 0.496337259339 0.806298748569 0.321763349447 0.0 0.0 0.0 0.0 0.0 0.0
22.4679253739 10.4375220426 20.6666410503 -0.868092365743 0.464407925775 0.175330895782 0.496337259339 0.806298748569 0.321763349447 0.0 0.0 0.0 0.0 0.0 0.0
22.5652741863 10.9336064888 20.4846835469 -0.707917340899 0.161376019315 0.687612404516 0.496337259339 0.806298748569 0.321763349447 0.0 0.0 0.0 0.0 0.0 0.0
22.5012532185 11.4664766037 20.4594673126 -0.278792682501 -0.202965334947 0.938658464509 0.496337259339 0.806298748569 0.321763349447 0.0 0.0 0.0 0.0 0.0 0.0
22.3736814501 11.9530807641 20.6482183049 0.256249977145 -0.490196765062 0.833092480302 0.496337259339 0.806298748569 0.321763349447 0.0 0.0 0.0 0.0 0.0 0.0
22.3045218719 12.3279445565 21.0268727543 0.693938986202 -0.591194248478 0.411020734265 0.496337259339 0.806298748569 0.321763349447 0.0 0.0 0.0 0.0 0.0 0.0
22.3935457075 12.5680456013 21.499219393 0.86798897236 -0.467587152656 -0.16720466062 0.496337259339 0.806298748569 0.321763349447 0.0 0.0 0.0 0.0 0.0 0.0
22.6804276567 12.70156014 21.933451724 0.712275435916 -0.1663358799 -0.681906209422 0.496337259339 0.806298748569 0.321763349447 0.0 0.0 0.0 0.0 0.0 0.0
23.1296728139 12.7971584096 22.2122435131 0.285956552758 0.198109174618 -0.937540188401 0.496337259339 0.806298748569 0.321763349447 0.0 0.0 0.0 0.0 0.0 0.0
23.6441017763 12.9379156718 22.2773229868 -0.249002005732 0.48728924149 -0.83698697497 0.496337259339 0.806298748569 0.321763349447 0.0 0.0 0.0 0.0 0.0 0.0
24.1017707237 13.1897505319 22.1516112533 -0.689360539152 0.591339978478 -0.418448416073 0.496337259339 0.806298748569 0.321763349447 0.0 0.0 0.0 0.0 0.0 0.0
