
#id1 id2 FENE BEXC STCK NEXC HB CRSTCK CXSTCK total, t = 100
0 1 0.0166882 0 -1.31727 0 0 0 0 -1.30059
1 2 0.049654 0 -1.04917 0 0 0 0 -0.999518
2 3 0.00701325 0 -1.27559 0 0 0 0 -1.26857
3 4 0.00342939 0 -1.40029 0 0 0 0 -1.39686
4 5 0.133842 0 -1.30624 0 0 0 0 -1.1724
5 6 0.212319 0 -1.23157 0 0 0 0 -1.01925
6 7 0.22384 0 -1.40908 0 0 0 0 -1.18524
7 8 0.12296 0 -1.40211 0 0 0 0 -1.27915
8 9 0.0916983 0 -1.05306 0 0 0 0 -0.961362
9 10 0.0194914 0 -1.31634 0 0 0 0 -1.29685
10 11 0.0792485 0 -1.22115 0 0 0 0 -1.1419
11 12 0.133159 0 -1.2004 0 0 0 0 -1.06724
12 13 0.00734676 0 -1.25043 0 0 0 0 -1.24309
13 14 0.182131 0 -0.845988 0 0 0 0 -0.663857
14 15 0.0232338 0 -1.22951 0 0 0 0 -1.20628
15 16 0.0124048 0 -1.2278 0 0 0 0 -1.21539
16 17 0.437452 0 -1.21351 0 0 0 0 -0.776056
17 18 0.118654 0 -1.29703 0 0 0 0 -1.17837
18 19 0.081159 0 -1.2041 0 0 0 0 -1.12294
19 20 0.235013 0 -1.28673 0 0 0 0 -1.05172
20 21 0.0755495 0 -0.971773 0 0 0 0 -0.896223
21 22 0.263634 0 -0.893883 0 0 0 0 -0.630249
22 23 0.18142 0 -1.38386 0 0 0 0 -1.20244
23 24 0.149897 0 -1.04527 0 0 0 0 -0.895369
24 25 0.000461637 0 -1.29053 0 0 0 0 -1.29007
#Total energy per particle is  -1.05619 and should be -1.0561910

