t = 0
b =  30.0 30.0 30.0
E = 0. 0. 0.
19.2648335681 1.58281974526 8.23218549809 0.683670752118 0.516406194276 -0.515673293095 0.53827883524 0.120321644058 0.834133441066 0.0 0.0 0.0 0.0 0.0 0.0
19.7259340409 1.39028104795 8.42967044978 0.264838456926 0.915465535669 -0.302957826662 0.53827883524 0.120321644058 0.834133441066 0.0 0.0 0.0 0.0 0.0 0.0
20.2474044483 1.4064227483 8.55809615535 -0.254610395915 0.966724214293 0.0248563833048 0.53827883524 0.120321644058 0.834133441066 0.0 0.0 0.0 0.0 0.0 0.0
20.7108364079 1.64292926371 8.69218787428 -0.677328502489 0.650708201141 0.343227237677 0.53827883524 0.120321644058 0.834133441066 0.0 0.0 0.0 0.0 0.0 0.0
21.0198713141 2.02776473405 8.90451825283 -0.842718186639 0.0874772631141 0.531200326003 0.53827883524 0.120321644058 0.834133441066 0.0 0.0 0.0 0.0 0.0 0.0
21.1368085831 2.43254064927 9.23793576241 -0.687945142188 -0.508987749712 0.517361529284 0.53827883524 0.120321644058 0.834133441066 0.0 0.0 0.0 0.0 0.0 0.0
21.0969287353 2.72129279092 9.68928584887 -0.27181023639 -0.9120798066 0.306968437767 0.53827883524 0.120321644058 0.834133441066 0.0 0.0 0.0 0.0 0.0 0.0
20.9950897356 2.80213631196 10.2106094004 0.247589922637 -0.968657495801 -0.0200470954967 0.53827883524 0.120321644058 0.834133441066 0.0 0.0 0.0 0.0 0.0 0.0
20.9496888665 2.66217432636 10.7273632158 0.672926530572 -0.657226007257 -0.339446402011 0.53827883524 0.120321644058 0.834133441066 0.0 0.0 0.0 0.0 0.0 0.0
21.0576816212 2.37239765172 11.1667402133 0.842607098811 -0.0961033703227 -0.529884345161 0.53827883524 0.120321644058 0.834133441066 0.0 0.0 0.0 0.0 0.0 0.0
21.3577466907 2.06071421079 11.4853300576 0.692167142572 0.501530543759 -0.51901036639 0.53827883524 0.120321644058 0.834133441066 0.0 0.0 0.0 0.0 0.0 0.0
21.815591282 1.8633546731 11.6856114725 0.278761316453 0.908624619124 -0.310955672037 0.53827883524 0.120321644058 0.834133441066 0.0 0.0 0.0 0.0 0.0 0.0
22.3369795242 1.87311614592 11.8150105322 -0.240550594427 0.970517010289 0.0152362810247 0.53827883524 0.120321644058 0.834133441066 0.0 0.0 0.0 0.0 0.0 0.0
22.8035342509 2.10410700178 11.9478827027 -0.668473312693 0.663693763067 0.335639716188 0.53827883524 0.120321644058 0.834133441066 0.0 0.0 0.0 0.0 0.0 0.0
23.1177104648 2.48638687181 12.157263957 -0.842431843189 0.104722158888 0.528528011574 0.53827883524 0.120321644058 0.834133441066 0.0 0.0 0.0 0.0 0.0 0.0
23.2398543137 2.89253816125 12.4871231882 -0.696336431748 -0.494035144314 0.520619678847 0.53827883524 0.120321644058 0.834133441066 0.0 0.0 0.0 0.0 0.0 0.0
23.2032682509 3.186074124 12.9356576915 -0.285691167762 -0.905100236364 0.314919225828 0.53827883524 0.120321644058 0.834133441066 0.0 0.0 0.0 0.0 0.0 0.0
23.1015588775 3.27329245939 13.4559780423 0.233492947359 -0.97230261615 -0.0104243062509 0.53827883524 0.120321644058 0.834133441066 0.0 0.0 0.0 0.0 0.0 0.0
23.0530742289 3.13887438284 13.9739221722 0.663969187984 -0.670110976028 -0.3318074701 0.53827883524 0.120321644058 0.834133441066 0.0 0.0 0.0 0.0 0.0 0.0
23.1559413774 2.85170448822 14.4162307788 0.842192433121 -0.113332972455 -0.527131428534 0.53827883524 0.120321644058 0.834133441066 0.0 0.0 0.0 0.0 0.0 0.0
23.4507863177 2.53870033896 14.7383797597 0.700452692209 0.48650212218 -0.522189344099 0.53827883524 0.120321644058 0.834133441066 0.0 0.0 0.0 0.0 0.0 0.0
23.9052994711 2.33659436376 14.9414956632 0.292599262582 0.901506926718 -0.318858797302 0.53827883524 0.120321644058 0.834133441066 0.0 0.0 0.0 0.0 0.0 0.0
24.4265106357 2.33998692087 15.0719276937 -0.226417518899 0.974014177403 0.00561153762585 0.53827883524 0.120321644058 0.834133441066 0.0 0.0 0.0 0.0 0.0 0.0
24.8961099197 2.56540604037 15.2036388745 -0.659414499451 0.676477157444 0.327949955589 0.53827883524 0.120321644058 0.834133441066 0.0 0.0 0.0 0.0 0.0 0.0
25.2153956478 2.94502814919 15.410106258 -0.841888886839 0.121935155277 0.525694702394 0.53827883524 0.120321644058 0.834133441066 0.0 0.0 0.0 0.0 0.0 0.0
3.75528678054 13.0386209328 2.85479986169 -0.376420261604 0.563286084378 -0.735538288466 0.525002101714 0.783844274328 0.331603598892 0.0 0.0 0.0 0.0 0.0 0.0
4.18556977855 13.3163904383 2.69236296461 -0.752514728086 0.609525879021 -0.249398850875 0.525002101714 0.783844274328 0.331603598892 0.0 0.0 0.0 0.0 0.0 0.0
4.4443170206 13.7331013872 2.47307559162 -0.842716267992 0.424196601494 0.331491379891 0.525002101714 0.783844274328 0.331603598892 0.0 0.0 0.0 0.0 0.0 0.0
4.51096706286 14.2465079647 2.32935168912 -0.612755808224 0.0777079428714 0.786442493195 0.525002101714 0.783844274328 0.331603598892 0.0 0.0 0.0 0.0 0.0 0.0
4.43793939934 14.7776280703 2.36489737768 -0.14999917218 -0.298303262456 0.942610954717 0.525002101714 0.783844274328 0.331603598892 0.0 0.0 0.0 0.0 0.0 0.0
4.33071941981 15.2407499377 2.61531126303 0.369744657227 -0.560984071012 0.740665754928 0.525002101714 0.783844274328 0.331603598892 0.0 0.0 0.0 0.0 0.0 0.0
4.30778274653 15.5759954686 3.03455993052 0.749016309553 -0.610537651837 0.25732925157 0.525002101714 0.783844274328 0.331603598892 0.0 0.0 0.0 0.0 0.0 0.0
4.45558436458 15.7720689224 3.512466809 0.843724142994 -0.428137771084 -0.323770936775 0.525002101714 0.783844274328 0.331603598892 0.0 0.0 0.0 0.0 0.0 0.0
4.79571292757 15.8705483579 3.91657009226 0.617887068197 -0.0830811930141 -0.781865133077 0.525002101714 0.783844274328 0.331603598892 0.0 0.0 0.0 0.0 0.0 0.0
5.2766888672 15.9500894329 4.14244719383 0.157304365671 0.293539319325 -0.942915693236 0.525002101714 0.783844274328 0.331603598892 0.0 0.0 0.0 0.0 0.0 0.0
5.79352234193 16.0965428049 4.15338663346 -0.363040895362 0.558639336537 -0.745736816825 0.525002101714 0.783844274328 0.331603598892 0.0 0.0 0.0 0.0 0.0 0.0
6.22760063315 16.3703380312 3.99433534223 -0.745460850528 0.611502929847 -0.265240055647 0.525002101714 0.783844274328 0.331603598892 0.0 0.0 0.0 0.0 0.0 0.0
6.49175110002 16.7835253697 3.77482257197 -0.844667765136 0.432046336324 0.316025837248 0.525002101714 0.783844274328 0.331603598892 0.0 0.0 0.0 0.0 0.0 0.0
6.56335952326 17.2951976841 3.62734790125 -0.622971273678 0.0884481162024 0.777228230903 0.525002101714 0.783844274328 0.331603598892 0.0 0.0 0.0 0.0 0.0 0.0
6.49296162506 17.8270317494 3.65704243022 -0.164597579825 -0.288753022038 0.943148625074 0.525002101714 0.783844274328 0.331603598892 0.0 0.0 0.0 0.0 0.0 0.0
6.38504370337 18.2930445542 3.90172771796 0.356309486528 -0.556252059513 0.750751087976 0.525002101714 0.783844274328 0.331603598892 0.0 0.0 0.0 0.0 0.0 0.0
6.35834654033 18.6322596846 4.31754673982 0.741848621772 -0.612421639541 0.273130660667 0.525002101714 0.783844274328 0.331603598892 0.0 0.0 0.0 0.0 0.0 0.0
6.50075379398 18.8318732829 4.79562590437 0.845547062558 -0.435921999563 -0.308256671131 0.525002101714 0.783844274328 0.331603598892 0.0 0.0 0.0 0.0 0.0 0.0
6.83590352713 18.9321184478 5.20343795104 0.628008037484 -0.0938083037241 -0.772532139789 0.525002101714 0.783844274328 0.331603598892 0.0 0.0 0.0 0.0 0.0 0.0
7.3142077122 19.0109800068 5.43515127214 0.171878259236 0.283944735091 -0.943309732493 0.525002101714 0.783844274328 0.331603598892 0.0 0.0 0.0 0.0 0.0 0.0
7.83169155186 19.1545667772 5.45183711004 -0.349550943347 0.553822421742 -0.755708186525 0.525002101714 0.783844274328 0.331603598892 0.0 0.0 0.0 0.0 0.0 0.0
8.26949524299 19.424397386 5.29625924304 -0.738179898373 0.613293710956 -0.281000465729 0.525002101714 0.783844274328 0.331603598892 0.0 0.0 0.0 0.0 0.0 0.0
8.53903080306 19.8340283155 5.07662731103 -0.846361968297 0.439764465654 0.300464030075 0.525002101714 0.783844274328 0.331603598892 0.0 0.0 0.0 0.0 0.0 0.0
8.61563812582 20.3439035688 4.92548616413 -0.632996976047 0.0991613473803 0.767777217362 0.525002101714 0.783844274328 0.331603598892 0.0 0.0 0.0 0.0 0.0 0.0
8.54795376798 20.8763826544 4.94935985809 -0.179145849453 -0.279114824653 0.943399003223 0.525002101714 0.783844274328 0.331603598892 0.0 0.0 0.0 0.0 0.0 0.0
