t = 100
b = 30 30 30
E = -0.672933915547544 -0.842386399424273 0.16945248387673
19.3645004915749 1.52157607604717 7.99799247868977 0.765253786341921 0.45978129593269 -0.450541545108896 0.497904538947019 0.0208526167304732 0.866981037661184 -0.116230852877777 -0.0871262358091669 -0.392293327335102 0.124965371273807 -0.186939826486963 -0.271705557192395
19.7737815007784 1.48899141339942 8.36360415190081 0.283006900075748 0.832049790316117 -0.477074547269954 0.696665727847583 0.163545375843106 0.698505302791063 -0.192048787323729 0.316629642681088 -0.167373551607862 0.190414079548756 -0.0978993727700472 -0.478121563504008
20.1950186550128 1.58307012001364 8.64669861924723 -0.188755804151136 0.981919006284698 -0.014359422359489 0.671383288020537 0.139704616724734 0.727823457209617 -0.0841100204781883 0.290548254920875 0.220940955836254 0.409285204354349 0.0721379670241086 -0.128318981725779
20.627699025263 1.73507481637261 8.86742829574748 -0.631407391310711 0.721176512381997 0.28500706340897 0.579679822590375 0.194840772269047 0.791206836809612 0.00661417118974936 0.0516668066278975 0.367937601788736 0.406152300488455 0.15493315809876 -0.169731678135798
20.8441636075563 2.10054519047881 9.07045006316848 -0.778462005476729 0.160559583165203 0.606809201912881 0.626887284511954 0.149945542879678 0.764544666892692 0.237811374581799 0.0036313400487661 0.462956422483166 0.186593233919977 -0.204668261201767 0.134545222159281
21.0301429094899 2.32472281050876 9.40404163124667 -0.658980473379105 -0.54315228157668 0.520317418246528 0.592736501020235 0.0508580131892692 0.803789017493176 -0.572137634526705 0.229111912288819 0.27176742488103 -0.0815546917676938 0.26677648813869 0.380891989577079
19.9279514417023 4.4396558199546 9.26868788718181 -0.153532869687163 -0.95009372029416 0.271568524040972 0.50924317470659 0.15944367774094 0.845723940576031 -4.80972076704486 6.62645567694479 -1.47910555822027 0.0893414269210544 -0.0171685071437425 0.11286322390435
20.8229629629882 2.927743433408 10.0901089941113 0.093052486942017 -0.991060310512591 -0.095606366467693 0.740458046012029 0.00468765633472613 0.672086151406017 -0.480616310415456 -0.151265276139678 -0.00417331877096177 -0.169242217004559 0.280609366126494 -0.342583505470294
21.0266810537284 2.65258305147631 10.5794975527853 0.577250373787658 -0.723096082804035 -0.3793599116325 0.538668819468074 -0.0119464980942945 0.842432825893879 0.421883562782681 0.589601626926307 -0.857631328766842 0.356287996417385 0.15245239288672 -0.222244599309853
21.133685852145 2.46887946083894 11.0350026428854 0.849767039493485 -0.0785823751580563 -0.521268327953488 0.518381156207681 -0.055126869832838 0.85337089804008 0.254250197171967 0.23813108976964 -0.259815986106118 0.536666113949766 -0.0620907823666514 -0.00264394732862282
21.4172405499474 2.1918664193508 11.3278737945794 0.655452982209292 0.677609084734023 -0.333507424367694 0.509988349722495 -0.0714080979309845 0.857212138295968 0.395584092362107 0.354308825266625 -0.236464738700777 0.294900622021215 -0.0269417930557151 0.531543500793316
21.7603308222408 2.15237820375852 11.7346076560487 0.381823859017327 0.741637073900179 -0.551529582207127 0.652003516536265 0.206803010475118 0.72946817021194 -0.168170248806137 0.52607544024999 -0.348525284789228 0.499009068864798 0.156759933564097 -0.763788050729483
22.2930386877283 2.16745595941957 11.8084373785937 -0.04294859140323 0.99315088167888 0.108658303981339 0.685908031443243 -0.0497663048293232 0.725984414809428 -0.0728453678691335 0.513634967134298 0.23709751760997 0.656993606779685 0.148327578296795 0.256068886243045
22.8018164548581 2.26064070367 11.9810579831503 -0.537055937263149 0.63292616596971 0.557651566660969 0.798529620612178 0.168383403380986 0.577925051098877 -0.502360961345159 0.335015115728418 -0.268391912036125 0.344217550691014 -0.534176989393749 -0.111782203119593
23.1308183276685 2.47590039709529 12.2773982510309 -0.77714608471452 0.166359371630056 0.606933607219297 0.623997847258432 0.32886302617198 0.708855192267239 0.121126625413319 0.114460460420711 0.483810973889615 0.447594666069089 -0.274863587791435 -0.100173062393642
23.3823413375153 2.8090936421871 12.5667701118678 -0.697420752015376 -0.481436655055771 0.530869967730556 0.458115767731739 0.270158849017049 0.84684356516736 0.0859396509210778 -0.34774891243898 0.321464497358529 0.403729446552738 0.194519719158485 0.0700027249667361
23.4003215504036 3.00914183337663 13.0117230504277 -0.336322407678901 -0.913100713596266 0.230508580563692 0.295917092000008 0.12990434476325 0.946339169606198 0.286953568093849 -0.277068283178568 -0.150394823252513 0.559280387759239 0.0986308392394027 -0.207868188541402
23.3630422392627 3.07017522787309 13.5000205227725 0.148760131734786 -0.984335208233607 -0.0946282299322321 0.259928729105933 -0.0534053406324071 0.964149790904602 0.713149073893709 -0.336496171144689 0.478262655889596 0.825635358904549 -0.00862080075477279 0.0098971736085601
23.2354949981314 2.99232955166523 13.9463191344113 0.778128012701891 -0.595103975856396 -0.200917731770008 0.220055685043166 -0.0413126926209197 0.974612052011516 0.15756086748068 -0.29359233951576 -0.481189382554342 0.637357398327514 -0.530696606093254 -0.0889325182085128
23.2811121426725 2.83794222485329 14.4571761437272 0.875077135472447 -0.0687556551962016 -0.47907467873755 0.48182662093278 0.0304172408141651 0.875738420271135 0.226218046862649 -0.298907700184512 -0.0311680454592809 0.334239938072937 0.0653283646325605 0.234768180358032
23.5613463828699 2.64521682597232 14.8486769912725 0.640553046042968 0.440609065596709 -0.628931894103371 0.670384624604004 0.0786033274793155 0.73783863708455 0.271000463225835 0.0826041000424014 0.495990685238286 0.390513500798011 -0.29382612592089 -0.382705306153937
23.9578579363221 2.55129232208736 15.0597885449113 0.334246944548139 0.854453156982751 -0.397729385759568 0.725766482503195 0.0358788247488667 0.687004811498315 0.0141011777748783 0.107539009235648 0.30893623215162 0.589251294285676 -0.110411339994543 -0.248592183146566
24.3731590377293 2.36050719299861 15.258261951092 -0.13630103319803 0.990654823012518 0.00499314369400378 0.641338356071796 0.0843959941185147 0.762602328615337 0.162521025814071 -0.23958959684082 0.287415493641759 0.618634350312977 -0.397521523753742 -0.292263976386038
24.8024556498948 2.41476607047624 15.3294036051134 -0.550394264120971 0.61158582634034 0.568356237710833 0.753308043597458 0.0702527372716071 0.653904754581743 0.165192398527123 -0.35197069095987 0.543552262131953 0.117469954925905 -0.750516246764778 0.344213414718815
25.169022633714 2.61963739704255 15.6227514594635 -0.785199043727798 -0.0488341401624199 0.617314808825911 0.608099146399948 0.127467367335323 0.783560705525153 -0.226375682202968 0.188063167085524 0.357658886610395 -0.0309080072533777 0.0627527682185879 0.403341024180699
3.79196292063146 12.8931444986073 2.56687392262029 -0.193678328868073 0.498179372138006 -0.84516619947197 0.451477824524325 0.810096569828253 0.374047060180163 -0.148536893292779 -0.315466989568164 -0.512806202809547 -0.227154272387872 -0.0688935641041854 -0.569248466004038
4.11577449191027 13.2419274121941 2.52018793299182 -0.802082908649029 0.479754240571922 -0.355666638229766 0.381868097286787 0.869886680526274 0.31220794385794 -0.234109479797781 -0.181333451778085 -0.273163667894995 -0.0663589264183553 0.227387078307484 -0.163496985912687
4.2215860433528 13.7103854177736 2.45584851335453 -0.928497512578589 0.229191393402588 0.292170421742263 0.315674189665435 0.901517107903787 0.296001000609181 -0.247982166748544 -0.191676575820504 -0.318344962042054 0.320020152105165 0.515402455967122 0.0320650840518682
4.27032563709082 14.1982835694631 2.41006888799174 -0.480856067701834 0.031931274660541 0.876217849299256 0.457020252676707 0.861973661736787 0.219394116768888 -0.362343282622257 0.399824365633913 0.0292639213917521 0.632480741019838 -0.214326541650305 0.332266966588323
4.22732159716545 14.6822576379442 2.53833370370563 0.188223879707108 -0.292443657407189 0.937575793474942 0.527590720686979 0.835307251506442 0.154627642607358 -0.616275105098981 -0.011112708688188 0.787293057726929 0.201285150606521 -0.376476749998364 0.593660215761136
4.3394290724335 15.2024974113096 2.648454091303 0.396995304122003 -0.620362539549289 0.676420674933098 0.642246722580592 0.714258326913539 0.278126001811937 0.208790354998327 -0.306087458081595 -0.139962768156222 -0.164714209823505 -0.105744083148241 0.294368455655367
4.52964676564355 15.5325507134944 3.01523284227001 0.744036206235151 -0.668085539304491 -0.00846895689093325 0.660829076894023 0.733966657157606 0.156836740763181 0.44503059433305 -0.188660943633474 0.0717720311964212 0.0944492139635754 0.315805855266563 0.158400180340134
4.59316475821629 15.7319797535887 3.53605815542685 0.878874172218996 -0.378265067023669 -0.290681284709757 0.474740309193271 0.753429930726509 0.454933908105084 0.764478937882682 -0.0436563222404114 0.138965600388678 0.360235386392318 -0.0590201854886524 0.131547583895634
4.86935685267397 15.9366548507544 3.87179071094344 0.65136936337247 -0.100666478447372 -0.752053251851682 0.573997055362209 0.713595608377681 0.401632382089006 0.379989811740135 0.206494488553773 -0.31559921184191 0.563097703747666 0.160863139048026 -0.0512152025780606
5.3355563926612 16.0302714761352 3.95935117093739 0.203928280740677 0.373334672217048 -0.905005171051067 0.726957395336686 0.56141606453175 0.395404651685341 -0.0203753668553534 0.237319904213395 -0.772965253223467 0.702239765110128 0.12896208423622 0.0917104932731859
5.77019076452066 16.1394167789884 3.95650140669259 -0.232228424167825 0.723160202980898 -0.650468416315484 0.726255079590131 0.573769863926033 0.378604790615752 -0.203636191118286 0.427238786576041 -0.263540306430538 0.397026639183397 -0.033332922469057 0.351568939398739
6.16328105389312 16.4677466993156 4.00344590308486 -0.725790312553095 0.597372820384831 -0.341136361498757 0.504664610859143 0.799364998898888 0.326081446684497 -0.302613199057195 -0.0408317537984039 -0.188004051289592 0.331457264103674 0.207811078401407 -0.161863470956462
6.44037109866231 16.8638141118355 3.80309722260683 -0.850605560671608 0.341791340385347 0.399560686414727 0.442737399339496 0.875500490015396 0.193603645448956 -0.241441043478916 -0.0455071211719697 0.37902009253442 0.323455792599615 0.102253020934135 0.121581134710726
6.50527404376555 17.3481673620899 3.7653886425973 -0.719608108950628 -0.088795877324946 0.688679419249091 0.296507131823497 0.857528793097311 0.420390024383371 0.126730664616145 -0.7070253148151 0.0970990330418352 0.603472256577731 0.195241035715157 -0.144403302114506
6.44628811677346 17.7922117116641 3.72996015979281 -0.0683190351753821 -0.288180736487812 0.955135725485852 0.326099916423354 0.898335135946706 0.294368332245948 -0.634989083779545 -0.340956479427085 -0.0439838294355141 0.693500063614039 0.163698659194738 0.183776961224608
6.27558478997516 18.1913054256874 3.96852589554987 0.525336090722816 -0.491848812133571 0.694338981396579 0.358194224678374 0.86801621227301 0.343867178497891 0.0938812969330557 -0.450062722320616 0.173577642167787 0.567604928742201 -0.276648171637675 0.273980758273
6.37833353544 18.5076679514715 4.27842002172813 0.746269573514334 -0.614189631767141 0.256617810565503 0.420826277842316 0.734027311113855 0.533018796607635 -0.298728949337097 -0.139784074665828 0.193853327428289 0.412761658962904 0.350820448615966 0.0733059518093688
6.48908736686306 18.6192850800708 4.73576679875957 0.888789663753273 -0.302571548619147 -0.344243043883045 0.428486908695048 0.815116217788144 0.389851768578684 0.0671146744115523 -0.141191907222814 -0.0305917050057542 0.355875693056178 -0.774138122048877 0.0683850924292172
6.84892899864854 18.8557071622906 4.98081758420181 0.556327244195571 -0.164499711354178 -0.814518092598395 0.588916109828418 0.769585014210797 0.246812889202531 0.0489968410953704 -0.123368430104139 -0.415611035492442 0.18916294535907 0.0299307938178066 -0.0971107620365089
7.2515373403958 19.0163428031568 5.17080443884443 0.0874550553145626 0.194085191367089 -0.977078519174119 0.600558790575753 0.772278784806266 0.207158149715724 0.276462626837805 -0.0710139263573465 -0.65675952965724 0.463143118098661 0.151664823416211 -0.0654336774991215
7.66830879918494 19.1076855526416 5.15971940838854 -0.390477875714343 0.640444812336772 -0.661329988088754 0.612771930921478 0.716919236813649 0.332471427706573 -0.797060668053696 -0.139767806631609 -0.67648706583941 0.382536041806445 0.0686091370617702 0.509612019076069
8.04309897437006 19.4592989982602 5.22970864271277 -0.803967676512613 0.472704680137327 -0.360813166887848 0.449571596671042 0.880295390433292 0.151543024125496 -0.0266829008251352 0.270204180863303 -0.142032697490176 0.506150329154865 0.257053623935721 -0.166946942579796
8.33109088523215 19.7522665379226 5.00454932348396 -0.807864470210258 0.453749173586697 0.37612041494153 0.461977160256404 0.883804178126646 -0.0739403757562 -0.157232350383597 -0.412622164333716 0.0224359055109135 0.443315924379876 -0.291054375511598 0.193537335094205
8.45996643218869 20.2200176889569 4.89421624408875 -0.538049249351648 0.044768066368787 0.841723653134209 0.461775892488298 0.851061892919883 0.249913109098255 -0.387746262201627 0.0980156842542583 -0.0155606353291672 0.338201887726737 -0.270750205717286 0.370994922957985
10.108894693634 18.9882723573358 5.5849002924956 -0.305103290562373 -0.467338388623659 0.829763034484431 0.397866104990635 0.729069095266085 0.55692072893718 5.64833043157176 -7.26390113968504 2.26332390495866 0.0761003973853605 0.514516415530925 -0.0297596961227183
