t = 100
b = 30 30 30
E = -0.618231844797687 -0.831687144040119 0.213455299242432
25.7479924184324 26.4755613052463 3.02728884253835 -0.130407366782244 0.980779027674943 0.145142341104689 0.751514354713683 0.00229487551109739 0.659712661012886 -0.238078166961224 0.16984172548207 -0.118167177239009 0.25186941420341 -0.28437468569802 0.205686927804631
26.1846569796721 26.6534373236608 3.20878723894253 -0.689666676179884 0.500282656620204 0.523523668385334 0.637539297900759 0.0766771790171824 0.766592548386608 0.329956897857883 0.198053594813417 -0.341383326961259 0.141979414425398 -0.147221376771926 0.609707030450249
26.4252216480085 26.8103689138306 3.77032242825588 -0.891029173690098 0.227621385902361 0.392753608832764 0.444636953941174 0.263307458883529 0.856134945995843 0.0126498369914312 -0.0262162975803142 0.251994852805434 0.416462665509885 0.251578871648605 -0.467390678369003
26.5105342957011 27.1750161619443 4.1748901314817 -0.743310392549575 -0.378049052896614 0.551877209914192 0.51059118162694 0.212372371278654 0.833183356352405 -0.337770124630673 -0.285822243080384 0.751323001953177 0.413447763646949 0.372010211323248 0.381764597619231
26.5604192696583 27.35186805963 4.63181349697147 -0.386894980223018 -0.869144152317899 0.308059405916013 0.554778353730397 0.0474565732235861 0.830643565384501 -0.251055280044126 -0.217516575926524 0.413554127661872 0.339909761972765 0.0388643507001106 0.0134298235871462
26.6410120384526 27.362592249904 5.09118901894598 0.201685852574904 -0.971944092677309 -0.12102636323366 0.538454532873296 0.00680963397338555 0.842626979162592 -0.170797945438781 -0.847991345119781 0.595407475113061 0.139730089421256 0.33253737684006 0.51701585081544
25.7560485973441 27.2924503544018 6.54429131223895 0.531063812235382 -0.577945506283399 -0.619637075598529 0.711634490726512 -0.0927315356455101 0.696402968720584 -3.32956735759621 -0.790399227291191 4.44436430364036 -0.013800399208036 0.50726943655101 0.643479735519429
26.4534899617333 27.295275653925 6.71942850694909 0.600805220493915 -0.0525365312392074 -0.797667151269865 0.797599675570099 -0.0274483213672514 0.602562219195871 -0.957190978287439 0.703301524213404 2.35873823014063 0.190376206618275 1.57915980246153 0.793003343894446
27.0427594066502 26.8376644219629 6.42824177614482 0.690159236500212 0.493657788558321 -0.529133346397002 0.57547213119673 0.0689327566649171 0.814911027092269 -0.581146974578712 -0.725388326168641 0.880232866887641 0.044135035816344 0.389188886223267 0.343283461676114
27.4731349083 26.9302248497112 6.65577159258974 0.314025951339185 0.744521910883713 -0.589130468352457 0.66649257377966 0.269044694524463 0.695271516935023 -0.148180834834336 0.111591540727222 0.645381865859284 0.158900379528485 0.597572907233784 -0.407468325096874
27.8950217139947 26.8851305703622 6.71604454935779 -0.148198679567748 0.988246671748309 -0.0374906381984695 0.588842940827387 0.118633609505623 0.799493551319443 0.191247266683307 0.237549595771899 0.439532047086973 0.537355281985544 -0.0897953408461387 -0.093453264952029
28.3186605644837 26.860444837885 6.76172195615471 -0.517485153076056 0.800560063933132 0.302179717870107 0.69516752075834 0.18740552149229 0.69398931891231 0.0626103246295174 0.096135311988888 0.461063455887654 0.506653837064639 -0.356305555182601 -0.307327437644068
28.7047297411419 27.1158814159426 6.89197250638587 -0.762034992282676 0.311023304110634 0.567949871506636 0.636941949928618 0.202025926743594 0.743969328168337 -0.048371764401975 0.168321525441625 0.530738839505268 0.617907765613075 -0.223985396786456 -0.153290498059306
28.8365479455265 27.408561724958 7.15810384022167 -0.636067701718392 -0.353669157574826 0.685810386808071 0.638165513800585 0.258522115658758 0.725197198040312 -0.130538134536455 0.247416400440364 0.588268179157662 0.424356012187625 -0.0148071317970173 0.24675299233985
28.9359743302962 27.6430415028428 7.5514264866175 -0.255682850161841 -0.872619253783759 0.416127143408615 0.573971478102258 0.209344574781109 0.791663737125286 0.281043536274456 -0.115867020900906 0.257569689640119 0.440589464757692 -0.161312641617736 0.19388209730115
28.9173538772194 27.6908264853998 8.04729570544947 0.25266893976527 -0.967007677089794 0.0324721646833567 0.392688022726015 0.133162430200409 0.909980092862159 -0.209671082713494 -0.288718749392786 0.398803715454476 0.385553338011769 -0.446489148957033 0.0550996162098537
28.8906616020718 27.7511401112582 8.58532271694044 0.282988192558252 -0.901891784567915 -0.326356830618442 0.48049813880745 -0.161175856533034 0.86205786841776 0.755229829158988 0.255427718655095 -0.102369701021478 0.497097416468943 0.0855147758722596 -0.19366945061362
29.0333970393871 27.5481803495015 8.95539327322059 0.758967941561761 -0.259193797159038 -0.597315762436242 0.587836207910726 -0.12177018463959 0.799762776724342 0.465827953050412 -0.22396773066456 -0.19005936358586 0.357593960401552 -0.119453812234566 -0.2960612883782
29.3236576335038 27.3002823774068 9.24820357946848 0.689779725791681 0.543601892593404 -0.478226721296949 0.611850652961937 -0.0845162370883514 0.786444955214705 0.438601620571337 0.152674565706714 -0.647421811154868 0.50759805604943 0.0707026380224843 0.186154816222975
29.7435675370272 27.092014561695 9.39272927984803 0.420113730130705 0.891301412166891 -0.170546557126312 0.466831934236261 -0.0511077556664748 0.88286795365806 -0.0734710633382099 0.241331537166364 -0.293754341625232 0.314844899947135 -0.249357842952533 0.249976517096064
30.1385729500007 27.0378891913108 9.67691907354333 -0.0647816986086114 0.997839276249845 0.0109540455566802 0.415248655316573 0.0169739420672941 0.909549517365292 0.0915358871924224 0.368241923394707 0.523565259949671 0.0677729375946595 -0.19653482569407 0.0316380965656098
30.5567517191805 27.0903647337459 9.9490515061056 -0.60474143369689 0.751711212605321 0.263093010183712 0.540027862402043 0.14423284380392 0.82919640344016 -0.55959795087398 0.203761949737986 0.368008891729308 0.143067022706944 0.135229994056773 -0.0936401130562983
30.9440084434122 27.2466613328719 10.2378334119054 -0.848249088953743 0.287584383063326 0.44471180204098 0.524141988290378 0.33565828356509 0.782693159569483 0.377245689577852 -0.175652388675403 0.718943331469656 0.539042210534899 0.142430394053561 -0.138497195907317
31.1231914058505 27.6355353023001 10.3728818995097 -0.513632203180945 -0.43582960293387 0.739076720750123 0.640926996808598 0.377785333581621 0.668199606903622 -0.0810882350792675 0.0327411422224791 0.229719433553275 0.520216017413378 -0.441353286651601 0.283052554007153
31.2461483992035 27.9163517849533 10.8610678879432 -0.183622559404712 -0.899495751655673 0.396471981925129 0.562852656479663 0.234458137104165 0.792607185712812 -0.176861007091254 -0.0544857838751063 0.595827466308316 0.064439120355727 -0.212495800173024 0.508370785821149
9.81456359274285 18.4311287975741 21.5885180873489 0.756749277411898 -0.609617737733193 -0.236001328747518 0.63322178538614 0.593933297308656 0.496259298602931 0.608363737661443 0.381314681377232 -0.0447407139998158 0.361917646361853 0.676334765179346 -0.546714068893186
10.1195580457435 18.4849508406827 21.9482149359443 0.670659907218823 -0.244569422771005 -0.700286347728575 0.713755268262493 0.469759257089922 0.519499327705724 0.258721839478289 0.42475115016675 0.0944213961350197 0.690662711005641 0.325256408675945 -0.270573406643803
10.5840946089614 18.4632112723747 22.1267569668113 0.393321836525557 0.228591019501657 -0.89053015837525 0.684703099079074 0.57358393188198 0.449647670337214 0.0836572244624391 0.246785730780268 -0.151834896723717 0.74716868311789 -0.101136472752942 -0.249981897640331
11.0123751795629 18.6219227628699 22.255926799346 -0.0897210140626933 0.529616954623156 -0.843478456993433 0.51944256456875 0.747472655260844 0.414082036138739 -0.0813991116377194 0.162105775942232 0.234144652499118 0.25998547947379 0.158467083698549 -0.0544821144522483
11.3025853230767 18.9246687350235 22.3492973251225 -0.657618260794447 0.504337097502319 -0.559626841143247 0.381238821679135 0.863498475411094 0.330192708780584 0.115644790266478 0.580894433294258 0.235076132354308 0.424468466702325 0.199476676295912 -0.61537308872845
11.5257638597549 19.257431557178 22.1208913593607 -0.815623139813133 0.491669744031377 0.304991208797004 0.566533122540729 0.785689902415123 0.248458212481675 -0.697668747638049 0.315110801766778 0.00453351562307056 0.400719484890359 0.0918414638226286 0.00612401166897531
11.6351457772163 19.7819832974784 22.0376392850897 -0.688378864925023 0.0391326404579049 0.724294867901137 0.486819626577664 0.765166889015973 0.42133853851939 -0.334693018119508 0.0121733040939938 0.0670233909370907 0.58592181611053 -0.199810609298976 0.0482012487928325
11.7180989760497 20.267709884181 22.1420190073773 -0.228144982583974 -0.305114721604442 0.924583557290702 0.38538904086531 0.843766578238553 0.373541339317561 0.0692706855802633 -0.0394773133819538 0.527958015088921 0.407023012195634 -0.222007579330502 0.0120803659483596
11.6818000256032 20.729396654118 22.3691879585758 0.328828199783753 -0.617932146072341 0.714165078515506 0.316294946490901 0.7846052695154 0.533246625635809 -0.129971849630428 -0.634530894296897 0.349033103405691 0.323500346827457 0.049053880855 0.0434970679238621
11.6812467118779 21.0620161605981 22.727052875656 0.615620162965312 -0.739716818123506 0.271718097982918 0.452493476461089 0.614105172857646 0.646625375885639 0.361675998221643 0.491557109249378 0.19419455690545 0.678861708537102 0.101875587532382 0.0257933641981976
11.8172301545388 21.1783086764988 23.1858709386482 0.866123200007355 -0.443571129102119 -0.230380417227758 0.45558447154602 0.510996322764315 0.72892073925441 0.00285945910568141 -0.432624513276305 0.262076500085772 0.639808364290657 -0.0749613704708914 -0.21590046206919
12.0622956867929 21.2900945372075 23.6145659883755 0.752755454247586 -0.118308472144174 -0.647581819746808 0.563434107449146 0.62452207148066 0.540845701556145 0.558676870019049 -0.06221785862664 -0.524823601618903 0.826632427812517 -0.125278521300699 -0.187988323015203
12.4217724564695 21.3956597809319 23.9399624940311 0.324412676465817 0.348911275994552 -0.879213977209518 0.644465539711903 0.598846400807282 0.475444047298346 0.00714913391845183 0.482256135817124 -0.480624740737548 0.422146782476708 0.113171924050608 0.183624816763347
12.8503960511408 21.6239198118247 24.0005959919401 -0.319296325354167 0.679747238669899 -0.660297986255418 0.606618937602396 0.681915324520548 0.408662253344933 -0.373641291387815 0.260451735095686 -0.469637230350608 0.452550108437703 0.182098637628134 0.241775950905758
13.1501080079477 21.9652259698441 23.9829629571198 -0.532735046105044 0.55850907829366 -0.635815125760148 0.499273232265535 0.81404630433167 0.296740184054356 -0.351033729822912 0.292426134613738 0.612797817834099 0.488037447348235 0.128977309547155 -0.77313434153678
13.5181156529624 22.2758951485269 23.7422671622627 -0.86196195761044 0.504187336322362 0.0530716350570628 0.489064426263988 0.7993673667796 0.349038224382636 -0.870959424284748 -0.226150981414441 -0.205977295714104 0.295425792885914 0.34278409145862 -0.173206677015116
13.6158720081866 22.7780526415365 23.6608802246034 -0.743269032292422 0.0178017144453398 0.668755654472218 0.466258678978231 0.730644006389649 0.498760524768543 -0.487081405650501 0.303071449617664 0.190802973963131 0.307741203194443 -0.155140902888171 -0.263927159294643
13.5627285887893 23.1889463363342 23.8073991776717 -0.211393877811804 -0.258355655719215 0.942637186004061 0.538599895231342 0.773998521366465 0.332920895379676 -0.517803234646322 -0.331499038834104 0.267260187040532 0.236434743945341 -0.222462075401772 0.384407325929945
13.7500199489861 23.608150530703 24.0929048953176 -0.0275853568591092 -0.70720090583111 0.706474211352698 0.394213197941616 0.641768567870261 0.657821361652118 0.125204764262129 -0.304197035009416 0.0801851598871769 0.259787295232096 0.37383776731964 -0.459412878545482
13.6274090073143 23.8987016098031 24.4700594121578 0.739370081300804 -0.590430533414286 0.323610180744594 0.383285332171115 0.764248776419346 0.518667566417514 0.172331711985754 -0.053714957422206 -0.489332865584699 0.525819913448571 -0.0084211894231908 0.244178344410379
13.8512197149679 24.1119540308957 24.8842080040922 0.850390655456954 -0.462028149216002 -0.251725253527176 0.516241513134145 0.640266912709358 0.568817074698341 0.175806289307086 0.0688361526976027 -0.0194457337650976 0.316027135065094 0.0633172909310758 -0.040997186940693
14.1331632029593 24.2759836371549 25.2371955371666 0.656027561777302 -0.120635364640689 -0.745033440776893 0.694570580340589 0.482724776501381 0.533430775332394 0.721585584032291 0.490198694717532 0.0549905809488163 0.505560549642171 0.15056760266619 0.14834831689568
14.5761034734828 24.3518668241897 25.4703009769368 0.249788732723371 0.448549277550013 -0.858142771773382 0.706987028436315 0.521086623138733 0.478161023473771 0.559998295674031 -0.0580372103400191 -0.492822669053641 0.508758927197831 -0.110790808838204 0.148437277241848
15.0377748265764 24.5727178438836 25.5036522148067 -0.384206460169327 0.704274002839718 -0.596978569060789 0.522921985345329 0.698891143639054 0.487958653360222 0.237063904752708 0.609060883439026 -0.697865201280392 0.286962275312036 -0.00719627876766141 0.826318861353123
16.2529926078263 25.0917565124613 23.70134984658 -0.505026722824969 0.763474884553929 -0.40255930486458 0.355045332727294 0.608886188909028 0.709366134986993 3.97745075008742 1.41368032348191 -7.97650250687248 -0.571432993375509 -0.262670022866287 -0.428986215999293
