
#id1 id2 FENE BEXC STCK NEXC HB CRSTCK CXSTCK total, t = 100
0 1 0.000250028 0 -1.11603 0 0 0 0 -1.11578
1 2 0.00779191 0 -1.05546 0 0 0 0 -1.04767
2 3 0.251794 0 -0.812843 0 0 0 0 -0.561049
3 4 0.0463602 0 -1.23742 0 0 0 0 -1.19106
4 5 0.141024 0 -1.15922 0 0 0 0 -1.01819
5 6 1.97497 0 0 0 0 0 0 1.97497
6 7 1.91794 0 0 0 0 0 0 1.91794
7 8 0.0301146 0 -1.16793 0 0 0 0 -1.13782
8 9 0.0932426 0 -1.28223 0 0 0 0 -1.18899
9 10 0.0214742 0 -1.36939 0 0 0 0 -1.34792
10 11 0.093228 0 -1.09355 0 0 0 0 -1.00033
11 12 0.230701 0 -1.23946 0 0 0 0 -1.00876
12 13 0.170458 0 -1.40499 0 0 0 0 -1.23453
13 14 0.130621 0 -1.36521 0 0 0 0 -1.23459
14 15 0.401906 0 -1.38468 0 0 0 0 -0.982778
15 16 0.143711 0 -1.32585 0 0 0 0 -1.18214
16 17 0.320084 0 -1.15214 0 0 0 0 -0.832056
17 18 0.0811417 0 -1.18364 0 0 0 0 -1.1025
18 19 0.248558 0 -1.34794 0 0 0 0 -1.09939
19 20 0.103327 0 -1.31869 0 0 0 0 -1.21537
20 21 0.0427286 0 -0.916812 0 0 0 0 -0.874084
21 22 0.056329 0 -1.2479 0 0 0 0 -1.19157
22 23 0.0737669 0 -1.31641 0 0 0 0 -1.24265
23 24 2.93427e-05 0 -1.00034 0 0 0 0 -1.00031
25 26 0.0106818 0 -1.15821 0 0 0 0 -1.14753
26 27 0.144486 0 -1.27433 0 0 0 0 -1.12984
27 28 0.169498 0 -1.09314 0 0 0 0 -0.923641
28 29 0.104672 0 -1.39355 0 0 0 0 -1.28888
29 30 0.327569 0 -1.33419 0 0 0 0 -1.00662
30 31 0.0751437 0 -1.4018 0 0 0 0 -1.32666
31 32 0.0735674 0 -1.31866 0 0 0 0 -1.24509
32 33 0.192938 0 -1.1519 0 0 0 0 -0.958963
33 34 0.134957 0 -1.28625 0 0 0 0 -1.15129
34 35 0.0706465 0 -1.00783 0 0 0 0 -0.937183
35 36 0.365203 0 -1.09679 0 0 0 0 -0.731584
36 37 0.114377 0 -1.2395 0 0 0 0 -1.12512
37 38 0.0655067 0 -1.3096 0 0 0 0 -1.24409
38 39 0.281327 0 -1.26835 0 0 0 0 -0.987024
39 40 0.36198 0 -1.3666 0 0 0 0 -1.00462
40 41 0.0654676 0 -1.0095 0 0 0 0 -0.944029
41 42 0.180311 0 -1.08014 0 0 0 0 -0.899832
42 43 0.0492159 0 -1.2713 0 0 0 0 -1.22208
43 44 0.238222 0 -1.14051 0 0 0 0 -0.902285
44 45 0.0717926 0 -1.25324 0 0 0 0 -1.18145
45 46 0.0588513 0 -1.33259 0 0 0 0 -1.27374
46 47 0.0999433 0 -1.29043 0 0 0 0 -1.19049
47 48 0.0177473 0 -1.3871 0 0 0 0 -1.36935
48 49 2.11617 0 0 0 0 0 0 2.11617
#Total energy per particle is  -0.859837 and should be -0.85983710

