
#id1 id2 FENE BEXC STCK NEXC HB CRSTCK CXSTCK total, t = 100
0 1 0.000507047 0 -1.3714 0 0 0 0 -1.37089
1 2 0.0968351 0 -1.11094 0 0 0 0 -1.01411
2 3 9.05834e-05 0 -1.3522 0 0 0 0 -1.35211
3 4 0.00801279 0 -1.31397 0 0 0 0 -1.30595
4 5 0.0609413 0 -1.2236 0 0 0 0 -1.16266
5 6 2.30864 0 0 0 0 0 0 2.30864
5 7 0 0 0 0 -0 -0 -0.0500464 -0.0500464
6 7 2.2206 0 0 0 0 0 0 2.2206
7 8 0.0529631 0 -1.08407 0 0 0 0 -1.03111
8 9 0.0570641 0 -0.87537 0 0 0 0 -0.818306
9 10 0.0169471 0 -0.958735 0 0 0 0 -0.941788
10 11 0.000894221 0 -1.34005 0 0 0 0 -1.33916
11 12 0.0732651 0 -1.34614 0 0 0 0 -1.27287
12 13 0.203263 0 -0.99615 0 0 0 0 -0.792887
13 14 0.0394139 0 -1.12934 0 0 0 0 -1.08993
14 15 0.115675 0 -1.15358 0 0 0 0 -1.0379
15 16 0.01889 0 -1.2831 0 0 0 0 -1.26421
16 17 0.824405 0 -1.17871 0 0 0 0 -0.354305
17 18 0.265354 0 -1.30882 0 0 0 0 -1.04347
18 19 0.296282 0 -1.26274 0 0 0 0 -0.966454
19 20 0.1783 0 -1.33178 0 0 0 0 -1.15348
20 21 0.176019 0 -1.21198 0 0 0 0 -1.03596
21 22 0.0637782 0 -1.16471 0 0 0 0 -1.10093
22 23 0.355015 0 -1.35527 0 0 0 0 -1.00025
23 24 0.355595 0 -1.19462 0 0 0 0 -0.839022
24 25 0.335593 0 -1.23142 0 0 0 0 -0.895823
25 26 0.155979 0 -1.37794 0 0 0 0 -1.22197
27 28 6.74744e-06 0 -1.38441 0 0 0 0 -1.38441
28 29 0.176063 0 -1.28786 0 0 0 0 -1.1118
29 30 0.260911 0 -1.17774 0 0 0 0 -0.916826
30 31 0.112441 0 -1.23313 0 0 0 0 -1.12069
31 32 0.0257635 0 -0.669523 0 0 0 0 -0.64376
32 33 2.09285 0 0 0 0 0 0 2.09285
33 34 1.96885 0 0 0 0 0 0 1.96885
34 35 1.45527e-05 0 -1.00691 0 0 0 0 -1.00689
35 36 0.0810793 0 -1.12935 0 0 0 0 -1.04827
36 37 0.120095 0 -1.2498 0 0 0 0 -1.12971
37 38 0.0057962 0 -1.21733 0 0 0 0 -1.21153
38 39 0.0404439 0 -1.24395 0 0 0 0 -1.2035
39 40 0.134655 0 -1.24909 0 0 0 0 -1.11444
40 41 0.04561 0 -1.36856 0 0 0 0 -1.32295
41 42 0.142173 0 -1.30577 0 0 0 0 -1.1636
42 43 0.34573 4.09228e-05 -1.0186 0 0 0 0 -0.672827
43 44 0.0262743 0 -1.24382 0 0 0 0 -1.21754
44 45 0.0873285 0 -1.35448 0 0 0 0 -1.26715
45 46 0.175247 0 -1.3425 0 0 0 0 -1.16725
46 47 0.164008 0 -1.20729 0 0 0 0 -1.04328
47 48 0.140715 0 -0.409695 0 0 0 0 -0.268979
48 49 0.186761 0 -1.26311 0 0 0 0 -1.07635
49 50 0.0816695 0 -0.793748 0 0 0 0 -0.712078
50 51 0.230685 0 -1.27794 0 0 0 0 -1.04725
51 52 0.179259 0 -1.30087 0 0 0 0 -1.12161
52 53 0.18825 0 -1.26911 0 0 0 0 -1.08086
53 54 0.000547608 0 -1.27994 0 0 0 0 -1.27939
55 56 0.00108969 0 -1.27344 0 0 0 0 -1.27235
56 57 0.223863 0 -1.12073 0 0 0 0 -0.896871
57 58 0.236684 0 -1.27935 0 0 0 0 -1.04266
58 59 0.114419 0 -1.35553 0 0 0 0 -1.24111
59 60 0.0340223 0 -1.37111 0 0 0 0 -1.33709
60 61 0.138135 0 -1.22582 0 0 0 0 -1.08769
61 62 0.164767 0 -1.39248 0 0 0 0 -1.22771
62 63 0.107081 0 -1.23062 0 0 0 0 -1.12354
63 64 0.0135723 0 -1.32229 0 0 0 0 -1.30872
64 65 0.136723 0 -1.08753 0 0 0 0 -0.950811
65 66 0.221625 0 -1.20744 0 0 0 0 -0.985813
66 67 0.0691029 0 -1.27263 0 0 0 0 -1.20352
67 68 0.54066 0 -1.23564 0 0 0 0 -0.694982
68 69 0.183912 0 -1.15409 0 0 0 0 -0.970175
69 70 0.0314654 0 -1.40527 0 0 0 0 -1.3738
70 71 0.0554343 0 -1.18178 0 0 0 0 -1.12635
71 72 0.141643 0 -1.2724 0 0 0 0 -1.13076
72 73 0.416803 0 -1.20542 0 0 0 0 -0.788614
73 74 0.449447 0 -1.12955 0 0 0 0 -0.680107
74 75 0.159807 0 -0.960784 0 0 0 0 -0.800977
75 76 0.36915 0 -1.2661 0 0 0 0 -0.896952
76 77 0.0128043 0 -1.01343 0 0 0 0 -1.00062
77 78 0.341113 0 -1.38428 0 0 0 0 -1.04317
78 79 0.54892 0 -0.478758 0 0 0 0 0.0701625
#Total energy per particle is  -0.841398 and should be -0.84139810

