t = 0
b =  30.0 30.0 30.0
E = 0. 0. 0.
7.75461212049 10.3459388715 1.22092379589 -0.47029492632 0.164635849984 0.867016562228 0.826377158925 0.426942371079 0.367179796536 0.0 0.0 0.0 0.0 0.0 0.0
7.91413632866 10.843938757 1.3443468211 -0.199350071807 -0.388020163331 0.899833263288 0.826377158925 0.426942371079 0.367179796536 0.0 0.0 0.0 0.0 0.0 0.0
8.02821868169 11.2534894341 1.67288686699 0.147331207941 -0.793260829246 0.590788263214 0.826377158925 0.426942371079 0.367179796536 0.0 0.0 0.0 0.0 0.0 0.0
8.1758851882 11.4822162802 2.13609711607 0.438038898545 -0.897128443515 0.0572929244925 0.826377158925 0.426942371079 0.367179796536 0.0 0.0 0.0 0.0 0.0 0.0
8.42340267542 11.5064426693 2.61236728909 0.562328287972 -0.660161962906 -0.49796895413 0.826377158925 0.426942371079 0.367179796536 0.0 0.0 0.0 0.0 0.0 0.0
8.79910291358 11.3801851183 2.97512542334 0.472979759172 -0.172388915269 -0.864044101482 0.826377158925 0.426942371079 0.367179796536 0.0 0.0 0.0 0.0 0.0 0.0
9.28261890272 11.2146315086 3.14092467748 0.203938312061 0.380877563467 -0.901854448634 0.826377158925 0.426942371079 0.367179796536 0.0 0.0 0.0 0.0 0.0 0.0
9.81262263652 11.1358989514 3.10114618167 -0.142582709468 0.789442287909 -0.597035212547 0.826377158925 0.426942371079 0.367179796536 0.0 0.0 0.0 0.0 0.0 0.0
10.3101246372 11.2371197887 2.92527349037 -0.434934175814 0.898084688404 -0.0653923173176 0.826377158925 0.426942371079 0.367179796536 0.0 0.0 0.0 0.0 0.0 0.0
10.7084833788 11.5430590589 2.73449461829 -0.562046877057 0.665529700598 0.491094212562 0.826377158925 0.426942371079 0.367179796536 0.0 0.0 0.0 0.0 0.0 0.0
10.9787235171 12.0007058453 2.65566068741 -0.475628572784 0.180128852472 0.861005840433 0.826377158925 0.426942371079 0.367179796536 0.0 0.0 0.0 0.0 0.0 0.0
11.1405441073 12.4994130093 2.77309306495 -0.208511021624 -0.373705958302 0.903806954272 0.826377158925 0.426942371079 0.367179796536 0.0 0.0 0.0 0.0 0.0 0.0
11.2548346036 12.9129338883 3.09654826616 0.137823352769 -0.785563627486 0.603236695338 0.826377158925 0.426942371079 0.367179796536 0.0 0.0 0.0 0.0 0.0 0.0
11.4005419374 13.1473855137 3.55751129105 0.431796331162 -0.898972540665 0.0734867302645 0.826377158925 0.426942371079 0.367179796536 0.0 0.0 0.0 0.0 0.0 0.0
11.6446772585 13.1769163203 4.03522561841 0.561722664096 -0.670846755626 -0.484182072269 0.826377158925 0.426942371079 0.367179796536 0.0 0.0 0.0 0.0 0.0 0.0
12.0168572786 13.0535275877 4.40257062716 0.478241165438 -0.187855072165 -0.857902010455 0.826377158925 0.426942371079 0.367179796536 0.0 0.0 0.0 0.0 0.0 0.0
12.4980523874 12.8873172855 4.57435684564 0.213067852265 0.366505893981 -0.905690631512 0.826377158925 0.426942371079 0.367179796536 0.0 0.0 0.0 0.0 0.0 0.0
13.0278163198 12.8046520134 4.53969085617 -0.133053500289 0.781625143352 -0.609392239318 0.826377158925 0.426942371079 0.367179796536 0.0 0.0 0.0 0.0 0.0 0.0
13.5272507026 12.9001582174 4.36611388657 -0.428625603547 0.899791932688 -0.0815755469124 0.826377158925 0.426942371079 0.367179796536 0.0 0.0 0.0 0.0 0.0 0.0
13.9289798656 13.2007720207 4.17394176849 -0.561355673779 0.676112723077 0.477233059636 0.826377158925 0.426942371079 0.367179796536 0.0 0.0 0.0 0.0 0.0 0.0
14.2027479851 13.6555057405 4.09055494136 -0.480817338177 0.195566985967 0.854732847917 0.826377158925 0.426942371079 0.367179796536 0.0 0.0 0.0 0.0 0.0 0.0
14.3669137773 14.1548189609 4.20200449381 -0.217608456964 -0.359277918817 0.907505336903 0.826377158925 0.426942371079 0.367179796536 0.0 0.0 0.0 0.0 0.0 0.0
14.4814757148 14.5722347684 4.52031991637 0.128273515269 -0.777627135436 0.61550137572 0.826377158925 0.426942371079 0.367179796536 0.0 0.0 0.0 0.0 0.0 0.0
14.6252776042 14.8123904459 4.97893889688 0.425422234433 -0.900542802071 0.0896581512666 0.826377158925 0.426942371079 0.367179796536 0.0 0.0 0.0 0.0 0.0 0.0
14.8660545053 14.8472673633 5.4579954558 0.560945934055 -0.681327201926 -0.470247703858 0.826377158925 0.426942371079 0.367179796536 0.0 0.0 0.0 0.0 0.0 0.0
15.2346990497 14.7268357236 5.82985903583 0.483356894813 -0.203264006586 -0.851498594164 0.826377158925 0.426942371079 0.367179796536 0.0 0.0 0.0 0.0 0.0 0.0
15.7135248135 14.5600700473 6.00762348453 0.222132489936 0.352022583249 -0.90925093225 0.826377158925 0.426942371079 0.367179796536 0.0 0.0 0.0 0.0 0.0 0.0
7.75841662317 12.3956017921 11.5031325374 0.176188136635 0.931407893999 -0.318491876671 0.567392819038 0.16830126877 0.806064558106 0.0 0.0 0.0 0.0 0.0 0.0
8.28264514493 12.4538129802 11.6055093739 -0.328944991091 0.943718552222 0.03450343502 0.567392819038 0.16830126877 0.806064558106 0.0 0.0 0.0 0.0 0.0 0.0
8.73189064563 12.727144842 11.7157512696 -0.709106417035 0.597494754323 0.37439031488 0.567392819038 0.16830126877 0.806064558106 0.0 0.0 0.0 0.0 0.0 0.0
9.01949531625 13.1366756518 11.9113354493 -0.81986645952 0.0242727096774 0.572040054645 0.567392819038 0.16830126877 0.806064558106 0.0 0.0 0.0 0.0 0.0 0.0
9.12021140162 13.5517394266 12.2373161775 -0.619145526598 -0.558170943193 0.552362213651 0.567392819038 0.16830126877 0.806064558106 0.0 0.0 0.0 0.0 0.0 0.0
9.07979324473 13.8395681173 12.6892078897 -0.183200856559 -0.928556122624 0.322832732687 0.567392819038 0.16830126877 0.806064558106 0.0 0.0 0.0 0.0 0.0 0.0
8.99761444682 13.9157324106 13.2146893334 0.322344881841 -0.946167306439 -0.0293463009005 0.567392819038 0.16830126877 0.806064558106 0.0 0.0 0.0 0.0 0.0 0.0
8.98891417486 13.7762178366 13.7334812869 0.705426410311 -0.604313711465 -0.370376184132 0.567392819038 0.16830126877 0.806064558106 0.0 0.0 0.0 0.0 0.0 0.0
9.14101587534 13.4989499331 14.1678459776 0.820504651403 -0.0328712339184 -0.570693962652 0.567392819038 0.16830126877 0.806064558106 0.0 0.0 0.0 0.0 0.0 0.0
9.48015163691 13.2141890308 14.4721209616 0.623859457321 0.551059574971 -0.554195563266 0.567392819038 0.16830126877 0.806064558106 0.0 0.0 0.0 0.0 0.0 0.0
9.96149618142 13.055042176 14.6500670495 0.190199625029 0.925633638105 -0.32714900374 0.567392819038 0.16830126877 0.806064558106 0.0 0.0 0.0 0.0 0.0 0.0
10.4861967364 13.1068935381 14.7534395116 -0.31572022478 0.948544006353 0.0241869319466 0.567392819038 0.16830126877 0.806064558106 0.0 0.0 0.0 0.0 0.0 0.0
10.9389288563 13.3749655363 14.8623253857 -0.701692682634 0.611086647778 0.366333847803 0.567392819038 0.16830126877 0.806064558106 0.0 0.0 0.0 0.0 0.0 0.0
11.231710107 13.7823347551 15.0547170719 -0.821080358679 0.0414672548876 0.569304410103 0.567392819038 0.16830126877 0.806064558106 0.0 0.0 0.0 0.0 0.0 0.0
11.3373260642 14.1991564359 15.3768817163 -0.628525878731 -0.54390624143 0.555986708744 0.567392819038 0.16830126877 0.806064558106 0.0 0.0 0.0 0.0 0.0 0.0
11.2996695275 14.4919946719 15.8257835485 -0.19718390906 -0.922640663 0.33144036113 0.567392819038 0.16830126877 0.806064558106 0.0 0.0 0.0 0.0 0.0 0.0
11.2170649126 14.5745169397 16.3502372214 0.309071524401 -0.950848470968 -0.0190257210642 0.567392819038 0.16830126877 0.806064558106 0.0 0.0 0.0 0.0 0.0 0.0
11.2049131613 14.4402932686 16.8703539806 0.697905518343 -0.617813047476 -0.362263613733 0.567392819038 0.16830126877 0.806064558106 0.0 0.0 0.0 0.0 0.0 0.0
11.351848995 14.165239094 17.3078927376 0.821593537508 -0.0500601179649 -0.56787150282 0.567392819038 0.16830126877 0.806064558106 0.0 0.0 0.0 0.0 0.0 0.0
11.6860671013 13.8787737138 17.6159851677 0.633144435462 0.536711487322 -0.55773551368 0.567392819038 0.16830126877 0.806064558106 0.0 0.0 0.0 0.0 0.0 0.0
12.1646105017 13.7146517341 17.7969417699 0.204153176774 0.919577425237 -0.335706478053 0.567392819038 0.16830126877 0.806064558106 0.0 0.0 0.0 0.0 0.0 0.0
12.6896906251 13.7601474574 17.9013740699 -0.30239928703 0.953080524791 0.0138630612995 0.567392819038 0.16830126877 0.806064558106 0.0 0.0 0.0 0.0 0.0 0.0
13.1458388215 14.0228979163 18.0089664551 -0.694065205844 0.624492398319 0.358165791886 0.567392819038 0.16830126877 0.806064558106 0.0 0.0 0.0 0.0 0.0 0.0
13.4437748324 14.4280014371 18.1982027439 -0.822044148807 0.0586491687704 0.566395349923 0.567392819038 0.16830126877 0.806064558106 0.0 0.0 0.0 0.0 0.0 0.0
13.5543258537 14.8464740377 18.5165488705 -0.637714775793 -0.529475860556 0.559441844899 0.567392819038 0.16830126877 0.806064558106 0.0 0.0 0.0 0.0 0.0 0.0
10.6798078226 20.399005708 18.8967312979 0.497096303245 0.74373911186 -0.446931089532 0.44011826962 0.227780520893 0.868568905182 0.0 0.0 0.0 0.0 0.0 0.0
11.1710964692 20.351445094 19.1090013049 -0.0358151854527 0.970974112155 -0.236487940528 0.44011826962 0.227780520893 0.868568905182 0.0 0.0 0.0 0.0 0.0 0.0
11.6542210431 20.5252180594 19.2673638783 -0.555119886399 0.829319813422 0.0638009309506 0.44011826962 0.227780520893 0.868568905182 0.0 0.0 0.0 0.0 0.0 0.0
12.0108060214 20.8880345024 19.440269876 -0.863525261393 0.372593052081 0.339850762066 0.44011826962 0.227780520893 0.868568905182 0.0 0.0 0.0 0.0 0.0 0.0
12.1705503893 21.3357835433 19.6906448656 -0.843862952211 -0.225688039168 0.486785606671 0.44011826962 0.227780520893 0.868568905182 0.0 0.0 0.0 0.0 0.0 0.0
12.1379361706 21.7320869886 20.0519826496 -0.503602998848 -0.738226471035 0.44878246068 0.44011826962 0.227780520893 0.868568905182 0.0 0.0 0.0 0.0 0.0 0.0
11.9905256326 21.9601116866 20.5156204096 0.0279841535704 -0.970300324067 0.240279354634 0.44011826962 0.227780520893 0.868568905182 0.0 0.0 0.0 0.0 0.0 0.0
11.8494940831 21.9669563952 21.034029856 0.548939658177 -0.83374086143 -0.0595098954936 0.44011826962 0.227780520893 0.868568905182 0.0 0.0 0.0 0.0 0.0 0.0
11.8335933461 21.7837498481 21.5388740199 0.861343808861 -0.380429306132 -0.336690341371 0.44011826962 0.227780520893 0.868568905182 0.0 0.0 0.0 0.0 0.0 0.0
12.0140359574 21.5138244288 21.9669696099 0.846509045658 0.217413703005 -0.485956497399 0.44011826962 0.227780520893 0.868568905182 0.0 0.0 0.0 0.0 0.0 0.0
12.3874403323 21.2934584699 22.284291401 0.510071343133 0.732657611407 -0.450599655306 0.44011826962 0.227780520893 0.868568905182 0.0 0.0 0.0 0.0 0.0 0.0
12.8771154859 21.2401018366 22.4988989865 -0.0201509905865 0.969552643853 -0.244052470538 0.44011826962 0.227780520893 0.868568905182 0.0 0.0 0.0 0.0 0.0 0.0
13.3621972205 21.407754759 22.6578748037 -0.542717626075 0.838098416844 0.0552143281276 0.44011826962 0.227780520893 0.868568905182 0.0 0.0 0.0 0.0 0.0 0.0
13.7235664552 21.7664522419 22.8294367286 -0.859096761664 0.388236589017 0.333504280403 0.44011826962 0.227780520893 0.868568905182 0.0 0.0 0.0 0.0 0.0 0.0
13.8891045561 22.2136482674 23.0770209649 -0.849090674164 -0.209122809946 0.485090380659 0.44011826962 0.227780520893 0.868568905182 0.0 0.0 0.0 0.0 0.0 0.0
13.8610924111 22.6131747419 23.4351815686 -0.51650084351 -0.727032957065 0.452382535024 0.44011826962 0.227780520893 0.868568905182 0.0 0.0 0.0 0.0 0.0 0.0
13.7153438825 22.8469740309 23.8964627854 0.0123162930266 -0.968731128451 0.247807000901 0.44011826962 0.227780520893 0.868568905182 0.0 0.0 0.0 0.0 0.0 0.0
13.5724028533 22.8599510286 24.4142316159 0.536454263925 -0.842392147818 -0.0509145559768 0.44011826962 0.227780520893 0.868568905182 0.0 0.0 0.0 0.0 0.0 0.0
13.5517465905 22.6809047098 24.9203944718 0.856784290921 -0.396014306184 -0.330292821793 0.44011826962 0.227780520893 0.868568905182 0.0 0.0 0.0 0.0 0.0 0.0
13.7263943337 22.4115869175 25.3512670685 0.851607641127 0.200815991376 -0.484187322408 0.44011826962 0.227780520893 0.868568905182 0.0 0.0 0.0 0.0 0.0 0.0
14.0951660656 22.1880451366 25.6717691499 0.522891010348 0.721352936348 -0.454130964061 0.44011826962 0.227780520893 0.868568905182 0.0 0.0 0.0 0.0 0.0 0.0
14.5831308196 22.1289357804 25.8887520637 -0.00448065753329 0.967835840423 -0.251542659801 0.44011826962 0.227780520893 0.868568905182 0.0 0.0 0.0 0.0 0.0 0.0
15.0700742077 22.2904446344 26.0483958202 -0.530150048706 0.846621727369 0.0466109064854 0.44011826962 0.227780520893 0.868568905182 0.0 0.0 0.0 0.0 0.0 0.0
15.4361698755 22.6449409378 26.2186645344 -0.854406572738 0.403761865327 0.327056210106 0.44011826962 0.227780520893 0.868568905182 0.0 0.0 0.0 0.0 0.0 0.0
15.6075035381 23.0914747711 26.463485722 -0.854059754872 -0.192493879891 0.483247391418 0.44011826962 0.227780520893 0.868568905182 0.0 0.0 0.0 0.0 0.0 0.0
15.5841542528 23.4941296184 26.8184631677 -0.529241357012 -0.715617981813 0.455844809266 0.44011826962 0.227780520893 0.868568905182 0.0 0.0 0.0 0.0 0.0 0.0
15.4401643834 23.7336593242 27.2773504519 -0.00335531917942 -0.966866847949 0.255259162754 0.44011826962 0.227780520893 0.868568905182 0.0 0.0 0.0 0.0 0.0 0.0
15.295409669 23.7527917017 27.7944240704 0.523805460507 -0.850786833398 -0.042303707393 0.44011826962 0.227780520893 0.868568905182 0.0 0.0 0.0 0.0 0.0 0.0
