t = 100
b = 30 30 30
E = -0.470187551244603 -0.73192623340027 0.261738682155667
28.7536685265581 11.046743488506 0.213690642733694 0.465152159808641 -0.384878940323225 0.797183517453335 0.503627051948927 0.855652128864216 0.119243900852598 -0.0327964029721141 -0.658679826362628 -0.184579191895841 -0.138996461840009 0.391472629039195 -0.768878774366298
28.8174260943565 11.4102600618923 0.45348500979434 0.809032090055796 -0.583935804870224 0.0669771172611352 0.562659991921194 0.802379821075175 0.198998088254236 -0.65389011674886 -0.373291376972929 -0.230746352572998 0.466324981244442 0.845748431160954 -0.183286984082673
29.0253444851051 11.5394120620594 0.78474761730425 0.741443474745289 -0.100609001843489 -0.663429940399495 0.455740714898263 0.801177588136216 0.3878334274415 -0.189854600968125 -0.531938672728289 0.000495737159136695 0.815811151040662 -0.0607894228862512 0.357437723556495
29.3404845912125 11.7974275116949 1.13175405909925 0.397355943836502 -0.223047577428726 -0.890144884207515 0.664384005073321 0.73904371329162 0.111391999432366 -0.337434809752331 -0.136269086939221 0.285679821570381 0.586413338266389 0.0380007102047076 -0.236947639839334
29.6691217010613 12.0452019266337 1.21267056929122 -0.179800871517447 0.0965484586314231 -0.978953483718432 0.50409283622932 0.863617604975389 -0.00741136758070548 -0.513194111702865 0.135901927940191 0.53720551258832 0.366146427890628 -0.0842538854539803 -0.0834082810997979
29.7277443009299 12.4179927927627 0.886493679202198 -0.832425869012064 0.336339688740185 -0.440389227953221 0.382188513139735 0.923931999287531 -0.0167774370902135 -1.51555385998493 0.508204158831713 -0.34864210076261 0.17446846878769 0.236774547773728 0.881678408866545
29.4462610597782 13.1133725486326 1.40689613179402 -0.991080303380262 0.126747145744073 0.0411688600902618 0.132318293459987 0.972671547423383 0.190792591939908 -4.02219082313093 1.47243087042191 3.40690135693634 -0.197641099275324 1.02759333254584 0.492024892835059
30.1963280127509 13.030605193139 0.509058526163921 -0.759309636599603 0.416807857689358 0.499719888495495 0.390462754142328 0.906160637388213 -0.162516526506754 -0.838866570047925 -0.133607198664876 1.09231303524516 0.486271129627023 -0.795138448815286 -0.53556983958575
30.2419977932959 13.4903804156423 0.26472121592625 -0.375782301418818 0.159422966949229 0.912892031363842 0.17254888632161 0.979901680787169 -0.100097284652992 -0.965452143128779 -0.152861504438937 0.631123126145552 0.44370363722861 -0.158324793153598 -0.278622013625447
30.1626650529232 14.0116004584434 0.143458289436145 0.203169048316269 -0.0115893990520754 0.979075025309405 0.248493268211937 0.967802785802915 -0.04010917050253 -0.0740228478130013 -0.269834079479312 -0.248881028279048 0.437355268535531 0.179836331585621 0.30003555697822
30.1749166498155 14.4956990517692 0.327867368049336 0.757212783768344 -0.265645355234199 0.596708661115513 0.266396128091508 0.959726908153995 0.0892033999509109 -0.180626370886695 -0.120262735504179 0.0620068345561382 0.292665712594024 0.0062537183988032 0.0080629640274397
30.2591589136269 14.8392643941201 0.672626810616896 0.971324510425509 -0.17521945074404 -0.160706956179478 0.216868260000546 0.929989164831048 0.296796561542753 0.0634833060406608 -0.353504376676412 -0.00419424341550189 0.333070183067122 -0.365005885932272 0.296103613292966
30.5222851371235 15.3412847487827 0.875842907969343 0.787624362122624 -0.369069121492035 -0.493392064330324 0.448010798871615 0.892772521068474 0.0473648667882013 0.54009208019945 0.32548194047362 -0.357893043364339 0.459862539349114 0.72043909994985 0.292580149314506
30.9959063649844 15.6061026629055 1.07500958575494 0.233124944907011 -0.202796948412634 -0.951065738508667 0.657890949574432 0.753112829028095 0.000674832186075288 0.460487490281121 0.229419111053106 -0.671665216046352 0.568309798881582 0.101910500504856 -0.38434351720117
31.4530207597533 15.618501373019 1.13311083358196 -0.225979234608759 0.318869906682418 -0.920464692185699 0.591813336098437 0.795477528160943 0.130278025172109 0.177065001635078 0.00402901672061661 -0.604313225264734 0.590679665362767 -0.58340874543373 0.245597945544911
31.7653654717441 16.0118690886348 1.17455582722766 -0.654693131880918 0.178707393951625 -0.734466101134571 0.312645745984718 0.948663075094295 -0.047863226600766 -0.470239606794065 0.482781043176023 -0.191182588483131 0.461063336278766 0.0133410920314201 -0.190438349894769
31.9755633766599 16.2944922482051 0.903924709826641 -0.931413738384224 0.357740071828039 0.0670102337683129 0.338064310102085 0.91855768896454 -0.204851613020045 -0.333039706121625 0.168827035922176 -0.105513393413893 0.27371133311428 0.098437318445195 0.127444921384789
32.1044943551704 16.618439129195 0.64000913946767 -0.750129525312724 0.262116913343146 0.607124616957744 0.329243398458496 0.944244625019233 -0.000868508894068351 -0.0214013699884884 -0.11032105923545 -0.445637866596707 0.580511023578195 0.0822714121753114 0.149609358890572
31.9779935752905 17.0993042175585 0.534592237488414 -0.308975674882763 0.0204509590748331 0.950849973433969 0.268322763562207 0.961029536372061 0.06652072577585 0.0165359391899128 -0.477429077534726 0.37352652655434 0.389921007458926 -0.291851721567112 -0.0311690180767382
31.985971915216 17.6512965199413 0.541244261362515 0.0118300602673407 -0.318883273111334 0.94772010122335 0.199332000702417 0.929515637479722 0.310269753843116 0.36020515906404 -0.103183996094641 0.63385411976416 0.698949127290141 0.606988738893454 -0.0651283910214395
31.7498995874645 18.010148729804 0.679363643041935 0.790564935205037 -0.209381270933667 0.575470631794038 0.0554526490959492 0.960347090958247 0.273236830122263 0.157351148452046 -0.34539594669604 0.142960493863162 0.6900593165481 -0.0902628484874968 0.110122458005932
31.8113864384463 18.3046666690721 1.02288661522124 0.988258842293873 -0.146971097577611 -0.0417593037725982 0.152642607308979 0.937779306765562 0.311881540700157 0.243679961115829 -0.521251672560744 0.00940923139821086 0.59302571558568 -0.641488757384072 0.218462317627641
32.0335707638663 18.6820337171525 1.25843441649153 0.831209097590435 -0.229279976947052 -0.506480018498985 0.401778699313356 0.877401067397848 0.26218529477482 0.110250639776705 -0.045767017608686 -0.153939293052911 0.350298140038682 0.149604041705161 0.12535194092897
32.2899904577189 18.9945706161035 1.46826633626039 0.439089463938142 -0.112085312382215 -0.891424257647767 0.437565446048859 0.893242640054208 0.103217962961716 -0.258494125201076 -0.137709841374484 0.0534913383952384 0.306156347517017 0.0417379407128131 -0.149808522221349
32.6407501582341 19.2766339417468 1.46423733444466 -0.158385170007609 0.0515321619477451 -0.986031670787462 0.480716363575554 0.876313022132091 -0.0314189093434012 -0.399035208470757 0.0844049574726418 -0.0666668452539838 0.622852096059132 -0.0885252051210343 -0.540736770097382
33.0727544056706 19.3963799012234 1.40899473944211 -0.569640442635773 0.4584083039136 -0.682181408901917 0.676571349646105 0.73279575825236 -0.0725360512965918 -0.209181923510417 -0.267106678940658 -0.0241927388559233 0.682403120044987 -0.245725287110064 0.0429129295480214
33.4377524531728 19.6132820338717 1.14453200575106 -0.757486773977391 0.651636487854084 -0.0397939158802235 0.652831262053074 0.755589149529605 -0.0538169429173047 -0.459385323851908 -0.875051051204017 -0.424769887862841 0.301621384268528 -0.479677753126589 0.393977077642615
11.656995641074 6.09741158183427 5.53596816398572 0.99106292431861 0.0291909345547547 -0.13016163147414 0.10669838662511 0.41215537656978 0.904844340594738 0.364191954859346 0.0344922242172626 -0.274485244463952 0.369879798902298 0.369585442190168 -0.427594534398399
11.8760922693209 5.87666191317191 5.89215985098519 0.642096793809251 0.744518503340463 -0.182767032983823 0.0818325086409502 0.170479343858842 0.981957289928805 0.376984187115285 -0.209121927874135 -0.216614407869704 0.513686993294374 -0.186521137784874 0.322802364879164
12.0751301957289 5.98679379113096 6.34597701199054 0.437526966628069 0.769015302561635 -0.466031658264592 0.191111972082095 0.426903816517763 0.88387172572154 -0.756773644324503 0.248092789992028 0.495036602750479 0.340625712217498 0.303488409822456 -0.174692539429711
12.3568356324762 6.21848425450945 6.64258410044122 -0.309288505056509 0.821636985347247 -0.478803892396679 0.228520485561108 0.552952677015936 0.801262509899302 -0.145203379922684 0.430937778768988 0.410488503636178 0.176849527546171 -0.0118359829081452 -0.327461602885823
12.604965168178 6.55733715494856 6.80099329267869 -0.879367119839472 0.443572486922237 -0.173080323105726 0.0875135372578165 0.507879518608085 0.856971211192001 -0.385388311239531 0.148493497624364 0.237473666276916 0.447804454543758 0.0936601901717859 0.17366590870605
12.5692221862273 7.00494190895739 6.96554048328975 -0.975209778838336 -0.135664571680297 0.174816741277708 0.0872372685878406 0.490325716561398 0.867162171660006 -0.373894836385088 0.289414870325532 -0.232900347719851 0.496227337185003 -0.275941483265752 -0.0684608773620505
12.5699839045544 7.44188729663712 7.25604822037295 -0.837061320054738 -0.460981737047991 0.294659241167826 0.0304481773850724 0.498488964471774 0.866361092534899 -0.515093130057308 -0.183679729634072 0.229024884861571 0.343422997850832 0.370122202875211 0.191519172344092
12.3641796768997 7.7745888841075 7.49651195391933 -0.094516366007705 -0.870221354308713 0.483509393169052 -0.00443459803305722 0.486046866264377 0.873921426811722 -0.249084399718468 -0.730842554897807 -0.410077222794132 0.309186430477606 -0.233891292239594 -0.195692418453007
12.2116594722948 7.85847509187151 7.95410500896737 0.47140034015152 -0.817374360812235 0.331180849533113 -0.0624444376306089 0.343645565092689 0.937020972216179 -0.0276299826880463 -0.190714250065795 0.251347176418259 0.530849467230777 0.168697935673487 0.195038789150577
11.9802308547462 7.84005074707236 8.34042716060584 0.910703562859048 -0.344189263084725 0.228369555243498 -0.08154849101598 0.392172673821738 0.916269785675458 0.000912445007209648 -0.0684493062870406 -0.501113127670533 0.668652310805567 -0.120555136742469 0.306513078969099
12.019101233916 7.91709306716636 8.84121925275457 0.980000036188329 -0.162632623770398 -0.11467538561284 0.139488946075789 0.150416439573317 0.978732659929709 0.0647147082289061 0.635368391183822 -0.264339124067974 0.25971085040936 0.278180244069725 -0.31795192555161
12.1021975542561 7.72861563188865 9.27590770307254 0.783529215106788 0.494905324100038 -0.37570010730267 0.197128683585562 0.37541840521063 0.905649593066671 0.341028115725743 -0.035710965457438 -0.132539926367807 0.739008164752599 0.308154312236163 0.00252402910778775
12.4781895867474 7.71563498947338 9.57288191517124 0.115880531801636 0.927954271745681 -0.354220911448146 0.387762613188746 0.286060436979105 0.876247382540779 -0.364446496833837 -0.0044447055787935 -0.408144126566157 0.544441550931356 -0.289219395005897 0.120410714639407
12.7891525196233 7.94081849615282 9.85852958691675 -0.372895651434068 0.868492825540749 -0.326602091176727 0.283879743417849 0.441896683965994 0.850963863592946 0.0566006802031265 0.0459327365537317 -0.874404211638875 0.588635926468067 -0.465062849707731 -0.0828783107081234
13.055356950166 8.23094142952691 10.1655710048845 -0.844602988926946 0.517450933531499 -0.137441636020881 0.166083313940481 0.497270289018799 0.851550629525984 -0.302744443334476 0.384859648543808 -0.172412504813626 0.24494503210963 -0.346467754120667 -0.00677116897768813
13.1967468899239 8.57132023546052 10.5526371709829 -0.994483414749498 -0.0880267997158176 0.0570429761942757 0.0240488868649999 0.337990455165514 0.940842168040329 -0.52570780799477 -0.111654960015728 -0.0685574575249549 0.299120281966727 0.410441332537868 0.110760606950328
13.064063823541 8.88993730596237 10.9243250090211 -0.79295977127491 -0.604407821007522 0.0768496483423935 -0.304694460138102 0.50261522402451 0.809035917955898 -0.226791782358261 -0.955969536197131 -0.313103212046162 0.277422271893622 0.445726826751338 -0.524208666036751
12.793171886377 9.22231524775666 11.0549877786822 -0.277064946591746 -0.88562615001054 0.372694538274361 0.0129306268709155 0.384407754814974 0.92307278055256 -0.0702174214887603 -0.246839752842 -0.315325028814603 0.736845619657189 0.0656991992207919 0.0416590473665716
12.6026226083112 9.47344973717387 11.4844523898863 0.287339002844379 -0.911667265387056 0.293766874445941 -0.0654638140695321 0.287291575524301 0.955603435199547 0.1777111043773 -0.430020573780585 -0.207413744791618 0.138379915534451 0.0712385795456142 -0.146736800324757
12.7305213111735 9.57728431800182 11.7557965942199 0.883373856976128 -0.460458853253409 -0.0873393188514895 0.216254260989384 0.235136465424297 0.947599503636292 1.67657363427217 -0.142159494552718 0.0575883557429789 0.201788349292291 0.620184253077998 0.465311016636136
13.8069301712146 10.1770551980219 12.0411579268782 0.950286405352589 0.139007768541093 -0.278626043613044 0.208725923542065 0.379631997507831 0.901284037638235 5.55519018080295 2.78896688195784 -2.61988085581835 0.175891015248945 0.03775572044638 0.279735480963383
13.6610984360668 10.2447716435955 12.7484844698638 0.71570991188572 0.618239917029477 -0.324867062522817 0.211806365310153 0.251108652746123 0.944501135347381 3.65170495473815 2.83956758829284 -0.158908282446675 0.395838321187899 -0.640172855572204 -0.391343475562262
13.6259263577222 9.87765433650957 13.1414521409157 0.480635901756417 0.795370638798502 -0.369289271031593 0.303652928919179 0.244114256491303 0.92097937924155 4.14748872883036 1.07775131741491 -0.889222150902439 0.562794784457823 -1.48337239399007 -0.992841896604614
13.4256904159557 9.76359421706378 13.9343571290599 -0.175341367891967 0.8881368857113 -0.424815446002863 0.223239634319051 0.456128029285439 0.861458745177771 -0.408274100759959 1.15081858515851 0.334800308707794 0.321528223866537 0.0883357042646573 -0.258976426547231
13.4946047298115 10.2941382186951 13.9374854801631 -0.841976558798211 0.528912854471169 -0.106426254278909 0.191012704204503 0.476726923815845 0.858047474784988 1.18036212240841 1.58590200760409 0.811006142221251 0.333789360914472 0.228269689767264 -0.0478562004260154
13.5400872851368 10.4699073596853 14.2172495442065 -0.998258422324389 0.0507921485862002 0.030002700228049 0.053544549363371 0.566689880392719 0.822189421245848 0.438579040235146 0.290308067530942 0.961755083783027 0.469142403943256 -0.306026314263633 -0.324040017274618
13.548684522515 10.8514628192652 14.3703720588342 -0.807879315509122 -0.415033873984269 0.418422964374822 0.114876169680856 0.585461938360238 0.802519574155658 0.00675111028837156 0.241995469949291 0.571990755351234 0.164635996151309 -0.361730040805725 0.00550363801403589
13.4348750934059 11.2681005738999 14.6180229989441 -0.189915836270824 -0.89369384054512 0.406501138582674 0.0937008911739253 0.395647924698025 0.913609732590821 0.0678356116958583 1.02548822108207 1.03374265890097 -0.0332224752511395 -0.299533252715223 0.255596614896852
26.0607368728395 24.9981863712001 12.4513892871443 0.635876810155683 0.686303960803263 -0.353054463353385 0.490257387847311 -0.00588068013589349 0.871557796164057 -0.422362875665192 0.751888971731469 0.0124162689814617 0.197624724733913 -0.231225482911037 -0.883517076219225
26.4778782349375 24.8797533261067 12.6054814472279 -0.0617922400164811 0.967122143556867 0.246690817302303 0.654702594835551 -0.147283072669462 0.741398739867224 -0.348264482189982 0.0164529121171189 -0.415426849233781 0.11069023150101 -0.310797771464276 -0.162249158857139
26.8845638616164 24.9630333230381 12.8609685369726 -0.570452396099104 0.617475439910476 0.541579196678472 0.64876390783697 -0.0656100855525046 0.758156045522776 -0.327357094428411 -0.318068120290094 -0.486087115063976 0.305347494776789 -0.228527487105463 0.0825360872675575
27.2232816401253 25.1776817143441 13.094834783229 -0.779047215428603 0.043415504193677 0.625460159890767 0.621200296570211 0.188422688839058 0.760662188415415 0.00351869226964548 0.127598990035135 0.0842843442621277 0.153849644280926 -0.0628464302793049 0.167074659897222
27.4082884990835 25.4707316000265 13.5017660465327 -0.669311643999385 -0.507206328357331 0.542921306043575 0.531801432474967 0.183255761638385 0.826803751809581 -0.259733126821479 -0.633667383069026 -0.0257921016256918 0.265054206314499 -0.394273553868615 -0.0980932582165118
27.4324408162515 25.7002650341909 13.8932835735271 -0.205782008902046 -0.931238602922422 0.300746256789619 0.521732587060934 0.155601751995087 0.838798595177184 -0.475389644088053 -0.2262651259197 0.280293505048911 0.386047499921049 -0.205731432833932 -0.0352507227620041
27.4570230246601 25.7476898141741 14.3875959706971 0.207098702273812 -0.977545607846638 -0.0389177708357002 0.490254608219381 0.0692739886346591 0.868821854319835 0.447563458841152 -0.60532738685894 0.481997450286511 0.512667481589537 -0.109078086957854 0.138397064219621
27.4576526830481 25.7247224954011 14.8632016624846 0.551719692183631 -0.748842176415757 -0.367206560377981 0.374543204976443 -0.170929314120181 0.911317972633886 0.374450755079389 -0.116283006192244 -0.335243494135074 0.45644646922257 0.137878156219061 -0.234349966770908
27.5319193116806 25.5101207740925 15.2783511388928 0.787044674662162 -0.241467428905521 -0.567674240482264 0.524561057736292 -0.222313358105172 0.82183475094608 0.383140485441767 -0.0374783556406853 -0.107121712796895 0.520640674085939 0.0784533540826826 -0.1480430045494
27.7801572906685 25.2534460338416 15.5762950769172 0.713074509131695 0.490832060437429 -0.500608143836622 0.628157032783526 -0.130180380437691 0.767119089990737 0.273559009847366 0.194473664530316 0.19568401608977 0.625069465118496 -0.260222585643138 -0.0159703175167058
28.1476177302958 25.0980120325975 15.8145308342472 0.325918113887892 0.905287218083572 -0.272456081979017 0.733703206774924 -0.060462382726116 0.676774553450985 0.36929181184905 -0.454254761669191 -0.242415389514725 0.47233412820947 0.141471228793368 -0.00040444649204566
28.5384127005146 25.1134354009416 16.1443427542894 -0.0370383027364582 0.902661030452055 -0.428755320249637 0.660884210392562 0.343950771502573 0.667030596302212 -0.176510306845385 0.623759084198934 0.106285583030959 0.594219202290887 0.650872170513996 -0.545757013251329
28.9408626653162 25.3595326020226 16.1968160256395 -0.64683281769183 0.715595189745911 0.263686767742313 0.607159710416399 0.273982154530229 0.745849014713961 -0.754301604907477 -0.0552170293992677 0.128748031465149 0.601211611357732 0.105430046052647 -0.257150163076002
29.2246867561996 25.635790205289 16.4997441506316 -0.85833557847614 0.185046980827519 0.478557761209822 0.512010994199943 0.24849361454928 0.822250296499066 -0.33054088645459 0.265897153536575 -0.201610966500776 0.525867469002826 -0.00211996084353447 -0.356540055323456
29.4373363638928 25.9111534677179 16.8615912208983 -0.847227131906283 -0.294244357443333 0.442296654589505 0.404851109580438 0.181434405617523 0.896201439045755 0.223160760427038 -0.304812215590004 0.330711623441341 0.71698622330683 0.11699233540831 -0.250643425190182
29.4048922203545 26.1993820370547 17.1924068005971 -0.361445799896627 -0.842243669141982 0.399978021238594 0.381954780133933 0.257583615440065 0.887559075705832 0.081389468203715 -0.133354915586174 0.109148847746855 0.256808269787586 -0.233101504838452 0.0354722820065506
29.4303755335758 26.2646485341896 17.6202829127493 0.0818717676009304 -0.996641846457966 -0.00138771590314759 0.425552060435398 0.0336989440670267 0.904306202195398 -0.498605327583375 0.0979324156920272 -0.828716855747214 0.32152484378165 0.508195076248252 -0.304529068579491
29.4564737274403 26.1674793559985 18.0197706835254 0.574679614850031 -0.74372290103094 -0.341495927042404 0.399609224501893 -0.109140689625414 0.910165185044326 0.235360822492217 0.192081153124002 -0.188596765006178 0.55400418318418 0.244787650153408 -0.219513783114012
29.5397625010628 25.8225784376076 18.3841120553511 0.850379320332101 -0.307264945069175 -0.427133643799794 0.416116218324324 -0.104102745408994 0.903332605471586 0.0154654469381362 -0.0501916016171321 -0.362529789337877 0.68828393778945 -0.0453002692113891 -0.286747982792111
29.6157435785153 25.5854153939586 18.7621551050579 0.812824361112415 0.23275450141777 -0.533986692946785 0.555687601172998 -0.0348658693203772 0.830659703656539 -0.602613900995036 -0.0642005941484987 -2.04208175242196 0.291441437547606 0.71313371927342 -0.444034444788972
29.840498133022 25.383855307846 19.0439718180167 0.227753455095294 0.930418743724377 -0.287139699595753 0.650202461658207 0.0741913543723624 0.756129806942111 -1.44866479933215 0.322318850137158 -0.110394944890414 0.242630674081013 0.250441287275745 0.393246995830716
30.4132442931931 25.3183442100345 19.0829691521953 -0.309463377823255 0.899737353125908 0.307741778866081 0.708165972474995 0.00208121093448171 0.706042853270639 -0.116965267935598 -1.31724547991361 -1.36620775661501 0.441404709910688 -1.50676836568543 0.794064847872362
30.6864383071178 25.2055944750272 19.5322837424025 -0.544886430290497 0.838021760723744 0.0286041339746632 0.500203142265496 0.297477791541017 0.813205794479788 -1.59435069212891 -1.93263710572979 0.327753508550973 0.450110591790382 0.0387013186923402 -0.798824640986513
30.7771875455253 25.2199011306318 19.3795312157452 -0.915144478640218 -0.062614209478808 0.398233511166439 0.380511413536471 0.192049388385359 0.90461482336575 -2.32745389476715 -1.52129095112193 0.282608890502177 0.261578275569448 0.149163496025609 0.775172410603217
30.6561433708103 25.5584794277564 20.0687207584334 -0.412603344097025 -0.639504089099976 0.648685509161248 0.556647407717255 0.386681068610331 0.735269544187312 -2.47786899358008 -1.56036691312775 0.826425060813347 0.542826231334691 0.45635215415301 1.05401981926936
