
#id1 id2 FENE BEXC STCK NEXC HB CRSTCK CXSTCK total, t = 100
0 1 1.21313e-05 0 -1.32332 0 0 0 0 -1.32331
1 2 0.152533 0 -0.962011 0 0 0 0 -0.809478
2 3 0.161701 0 -1.38024 0 0 0 0 -1.21854
3 4 0.0336195 0 -1.27036 0 0 0 0 -1.23674
4 5 0.133633 0 -0.978236 0 0 0 0 -0.844603
5 6 0.144775 0 -0.0594249 0 0 0 0 0.0853499
6 7 0.00540911 0 -0.626415 0 0 0 0 -0.621006
7 8 0.287544 0 -0 0 0 0 0 0.287544
8 9 0.00190046 0 -0.981507 0 0 0 0 -0.979607
9 10 0.00956972 0 -1.37942 0 0 0 0 -1.36985
10 11 0.0425675 0 -1.32333 0 0 0 0 -1.28077
11 12 0.0528799 0 -1.10644 0 0 0 0 -1.05356
12 13 0.284564 0 -1.30433 0 0 0 0 -1.01977
13 14 0.0597976 0 -1.336 0 0 0 0 -1.2762
14 15 0.073162 0 -0.755594 0 0 0 0 -0.682432
15 16 0.25506 0 -1.37331 0 0 0 0 -1.11825
16 17 0.164368 0 -1.22286 0 0 0 0 -1.05849
17 18 0.322503 0 -1.43547 0 0 0 0 -1.11297
18 19 0.286133 0 -1.12647 0 0 0 0 -0.840337
19 20 0.21821 0 -0.558688 0 0 0 0 -0.340478
20 21 0.00682791 0 -0.428493 0 0 0 0 -0.421665
21 22 0.12854 0 -1.275 0 0 0 0 -1.14646
22 23 0.402655 0 -1.28238 0 0 0 0 -0.879722
23 24 0.256129 0 -1.33903 0 0 0 0 -1.0829
24 25 0.363879 0 -1.38346 0 0 0 0 -1.01958
25 26 0.0809012 0 -1.37007 0 0 0 0 -1.28917
27 28 0.0305871 0 -1.27309 0 0 0 0 -1.2425
28 29 0.00171479 0 -0.641947 0 0 0 0 -0.640232
29 30 0.103316 0 -1.21396 0 0 0 0 -1.11065
30 31 0.136342 0 -1.42971 0 0 0 0 -1.29337
31 32 0.151464 0 -1.32371 0 0 0 0 -1.17224
32 33 0.162442 0 -1.33831 0 0 0 0 -1.17587
33 34 0.0037665 0 -1.40369 0 0 0 0 -1.39992
34 35 0.182601 0 -1.37775 0 0 0 0 -1.19515
35 36 0.0587298 0 -1.14201 0 0 0 0 -1.08328
36 37 0.106551 0 -1.27502 0 0 0 0 -1.16847
37 38 0.0593361 0 -1.38141 0 0 0 0 -1.32207
38 39 0.0265951 0 -1.25174 0 0 0 0 -1.22514
39 40 0.191996 0 -0.946868 0 0 0 0 -0.754872
40 41 0.0150282 0 -0.852499 0 0 0 0 -0.837471
41 42 0.0467599 0 -1.3224 0 0 0 0 -1.27564
42 43 0.360182 0 -1.02725 0 0 0 0 -0.667068
43 44 0.471591 0 -0.562116 0 0 0 0 -0.0905252
44 45 1.08806 0 0 0 0 0 0 1.08806
45 46 1.69238 0 0 0 0 0 0 1.69238
46 47 0.0311935 0 -1.32821 0 0 0 0 -1.29701
47 48 0.0284757 0 -0.809539 0 0 0 0 -0.781063
48 49 0.0728024 0 -1.22568 0 0 0 0 -1.15287
49 50 0.0327934 0 -1.00216 0 0 0 0 -0.969364
50 51 0.157804 0 -1.15637 0 0 0 0 -0.998565
52 53 0.316502 0 -1.2674 0 0 0 0 -0.950895
53 54 0.0831874 0 -1.24454 0 0 0 0 -1.16136
54 55 0.0355541 0 -1.28679 0 0 0 0 -1.25124
55 56 0.166538 0 -1.13617 0 0 0 0 -0.969629
56 57 0.0128961 0 -1.324 0 0 0 0 -1.31111
57 58 1.6628 0 0 0 0 0 0 1.6628
58 59 1.29545 0 0 0 0 0 0 1.29545
59 60 0.0507303 0 -0.86169 0 0 0 0 -0.81096
60 61 0.179678 0 -0.619239 0 0 0 0 -0.439561
61 62 0.15001 0 -1.03199 0 0 0 0 -0.881978
62 63 0.0315824 0 -1.23207 0 0 0 0 -1.20048
63 64 0.010464 0 -0.97819 0 0 0 0 -0.967726
64 65 0.042764 0 -0.489365 0 0 0 0 -0.446601
65 66 0.092248 0 -0.0314321 0 0 0 0 0.0608159
66 67 0.0640521 0 -1.15748 0 0 0 0 -1.09343
67 68 0.0921181 0 -1.35642 0 0 0 0 -1.2643
68 69 0.055422 0 -1.30431 0 0 0 0 -1.24889
69 70 0.14478 0 -1.28322 0 0 0 0 -1.13844
70 71 0.0258972 0 -1.05028 0 0 0 0 -1.02438
71 72 0.0013247 0 -0.605584 0 0 0 0 -0.60426
72 73 0.0753629 0 -1.07165 0 0 0 0 -0.99629
73 74 0.450381 0 -1.237 0 0 0 0 -0.786624
74 75 0.196261 0 -1.12892 0 0 0 0 -0.932661
75 76 0.156924 0 -1.13466 0 0 0 0 -0.977738
76 77 0.706103 0 -1.25029 0 0 0 0 -0.544183
77 78 0.472953 0 -1.30894 0 0 0 0 -0.835983
77 79 0 0 0 0 0 -0 -3.7379e-05 -3.7379e-05
78 79 0.642541 0.276264 -0.000849888 0 0 0 0 0.917956
#Total energy per particle is  -0.770345 and should be -0.77034510

