t = 0
b =  30.0 30.0 30.0
E = 0. 0. 0.
1.47788392358 27.0244891092 7.74106080947 -0.783262438435 0.586168434622 0.207138887683 0.556356975364 0.512213106594 0.6542970651 0.0 0.0 0.0 0.0 0.0 0.0
1.70306488766 27.5117892373 7.76380329663 -0.797151906595 0.106737625953 0.594269229405 0.556356975364 0.512213106594 0.6542970651 0.0 0.0 0.0 0.0 0.0 0.0
1.74653504956 28.0234202106 7.92200947334 -0.508190037771 -0.413244591373 0.755626755225 0.556356975364 0.512213106594 0.6542970651 0.0 0.0 0.0 0.0 0.0 0.0
1.67416327635 28.4408520662 8.25246079267 -0.0261582771132 -0.776228279355 0.629909043329 0.556356975364 0.512213106594 0.6542970651 0.0 0.0 0.0 0.0 0.0 0.0
1.59582872305 28.6813426612 8.72649989825 0.465811450363 -0.844309866166 0.264878354355 0.556356975364 0.512213106594 0.6542970651 0.0 0.0 0.0 0.0 0.0 0.0
1.62367590453 28.7293727955 9.26091803304 0.780811619894 -0.591624018712 -0.200784049969 0.556356975364 0.512213106594 0.6542970651 0.0 0.0 0.0 0.0 0.0 0.0
1.82950911932 28.6425422163 9.74956743732 0.799168400553 -0.114170315123 -0.590165236779 0.556356975364 0.512213106594 0.6542970651 0.0 0.0 0.0 0.0 0.0 0.0
2.21751279617 28.52968651 10.1036886573 0.513907744459 0.406658600007 -0.7553327831 0.556356975364 0.512213106594 0.6542970651 0.0 0.0 0.0 0.0 0.0 0.0
2.72266175953 28.5095286445 10.2856317456 0.0334049441658 0.772991114025 -0.633536776631 0.556356975364 0.512213106594 0.6542970651 0.0 0.0 0.0 0.0 0.0 0.0
3.23542538097 28.6655741277 10.3231601058 -0.459788952917 0.845651380103 -0.27104955655 0.556356975364 0.512213106594 0.6542970651 0.0 0.0 0.0 0.0 0.0 0.0
3.64338009612 29.0143858696 10.298902711 -0.778301339525 0.597034548342 0.194413921772 0.556356975364 0.512213106594 0.6542970651 0.0 0.0 0.0 0.0 0.0 0.0
3.87392099644 29.4992916556 10.3189619758 -0.801124034744 0.121594309781 0.586016300784 0.556356975364 0.512213106594 0.6542970651 0.0 0.0 0.0 0.0 0.0 0.0
3.92184564784 30.0119148684 10.4726036748 -0.519586315083 -0.400041640014 0.754981289459 0.556356975364 0.512213106594 0.6542970651 0.0 0.0 0.0 0.0 0.0 0.0
3.85133058236 30.4333485767 10.7983433824 -0.0406490673026 -0.769695082428 0.637116263654 0.556356975364 0.512213106594 0.6542970651 0.0 0.0 0.0 0.0 0.0 0.0
3.77154956071 30.6793302667 11.2693137625 0.453731440762 -0.846928494413 0.277200117271 0.556356975364 0.512213106594 0.6542970651 0.0 0.0 0.0 0.0 0.0 0.0
3.79519663526 30.7322545798 11.8034719179 0.775731788496 -0.602399611481 -0.188028988202 0.556356975364 0.512213106594 0.6542970651 0.0 0.0 0.0 0.0 0.0 0.0
3.9956717954 30.6478618825 12.2947688597 0.803018660237 -0.129009044562 -0.58182273738 0.556356975364 0.512213106594 0.6542970651 0.0 0.0 0.0 0.0 0.0 0.0
4.37919508442 30.5340615695 12.6534392901 0.525225317197 0.393394215301 -0.75457230107 0.556356975364 0.512213106594 0.6542970651 0.0 0.0 0.0 0.0 0.0 0.0
4.88244350101 30.5099354802 12.8401049407 0.0478900948555 0.766340435571 -0.640647231808 0.556356975364 0.512213106594 0.6542970651 0.0 0.0 0.0 0.0 0.0 0.0
5.39660846623 30.6604967173 12.8807350347 -0.447639375202 0.848141111839 -0.283329568131 0.556356975364 0.512213106594 0.6542970651 0.0 0.0 0.0 0.0 0.0 0.0
5.8087340218 31.0043917475 12.8567801447 -0.773103162488 0.607718799556 0.181629735497 0.556356975364 0.512213106594 0.6542970651 0.0 0.0 0.0 0.0 0.0 0.0
6.04463068714 31.4868162972 12.8742277587 -0.80485213275 0.136413954805 0.577584865922 0.556356975364 0.512213106594 0.6542970651 0.0 0.0 0.0 0.0 0.0 0.0
6.0970612835 32.0003364122 13.023335861 -0.53082432137 -0.386716832096 0.754105849079 0.556356975364 0.512213106594 0.6542970651 0.0 0.0 0.0 0.0 0.0 0.0
6.02849045911 32.4257044132 13.3443424153 -0.0551274753923 -0.762927428923 0.644129412194 0.556356975364 0.512213106594 0.6542970651 0.0 0.0 0.0 0.0 0.0 0.0
5.94735332496 32.6771630827 13.8121782894 0.441513220169 -0.849289140036 0.289437442347 0.556356975364 0.512213106594 0.6542970651 0.0 0.0 0.0 0.0 0.0 0.0
5.96685914324 32.735026266 14.3459914376 0.770415661681 -0.612991707492 -0.175216650984 0.556356975364 0.512213106594 0.6542970651 0.0 0.0 0.0 0.0 0.0 0.0
6.16198123584 32.6531579704 14.8398639447 0.806624312658 -0.143808476597 -0.57330300914 0.556356975364 0.512213106594 0.6542970651 0.0 0.0 0.0 0.0 0.0 0.0
8.87437401357 28.0973458334 10.8591813175 -0.642032150439 -0.0859921445122 0.761839923399 0.414196961972 0.797290947517 0.439053552202 0.0 0.0 0.0 0.0 0.0 0.0
8.7356534491 28.6084920481 10.9495763079 -0.141766892183 -0.419978508916 0.896392882797 0.414196961972 0.797290947517 0.439053552202 0.0 0.0 0.0 0.0 0.0 0.0
8.5646171171 29.0239041485 11.2443040842 0.41235797863 -0.594408016116 0.690391199131 0.414196961972 0.797290947517 0.439053552202 0.0 0.0 0.0 0.0 0.0 0.0
8.4875777993 29.3038209229 11.696406556 0.809821159103 -0.543011980022 0.222098356189 0.414196961972 0.797290947517 0.439053552202 0.0 0.0 0.0 0.0 0.0 0.0
8.5951372402 29.4599580994 12.1991363551 0.899619741745 -0.285316614041 -0.330573365555 0.414196961972 0.797290947517 0.439053552202 0.0 0.0 0.0 0.0 0.0 0.0
8.90776502953 29.5510573447 12.6265119452 0.647637743659 0.0807753038533 -0.757654738833 0.414196961972 0.797290947517 0.439053552202 0.0 0.0 0.0 0.0 0.0 0.0
9.36802186291 29.6605693231 12.8811801136 0.14960733883 0.416179333323 -0.896890409517 0.414196961972 0.797290947517 0.439053552202 0.0 0.0 0.0 0.0 0.0 0.0
9.86238169389 29.8649493936 12.931402085 -0.405261395321 0.593469875916 -0.695382418417 0.414196961972 0.797290947517 0.439053552202 0.0 0.0 0.0 0.0 0.0 0.0
10.264362177 30.204610941 12.8231116123 -0.80616454978 0.545291290361 -0.229687020387 0.414196961972 0.797290947517 0.439053552202 0.0 0.0 0.0 0.0 0.0 0.0
10.4825774257 30.6685716552 12.662463976 -0.900792313426 0.289947426814 0.323270316851 0.414196961972 0.797290947517 0.439053552202 0.0 0.0 0.0 0.0 0.0 0.0
10.4954570382 31.1986258945 12.5755058186 -0.653194016757 -0.0755523118422 0.753411855925 0.414196961972 0.797290947517 0.439053552202 0.0 0.0 0.0 0.0 0.0 0.0
10.359441054 31.7114579819 12.6602879175 -0.1574363923 -0.412348464062 0.897319634559 0.414196961972 0.797290947517 0.439053552202 0.0 0.0 0.0 0.0 0.0 0.0
10.1875374392 32.1302952239 12.9496140553 0.398133949788 -0.592486540686 0.70032068164 0.414196961972 0.797290947517 0.439053552202 0.0 0.0 0.0 0.0 0.0 0.0
10.1063884709 32.4140751404 13.3985783145 0.802446547906 -0.547529074657 0.237258193028 0.414196961972 0.797290947517 0.439053552202 0.0 0.0 0.0 0.0 0.0 0.0
10.2081572183 32.5730457871 13.9016255863 0.901896286284 -0.294556158967 -0.315942649861 0.414196961972 0.797290947517 0.439053552202 0.0 0.0 0.0 0.0 0.0 0.0
10.5155132526 32.664872348 14.3326537211 0.658700546601 0.0703235662301 -0.749111597788 0.414196961972 0.797290947517 0.439053552202 0.0 0.0 0.0 0.0 0.0 0.0
10.9730200972 32.7727291681 14.5929218437 0.165253456379 0.408486192869 -0.897680525237 0.414196961972 0.797290947517 0.439053552202 0.0 0.0 0.0 0.0 0.0 0.0
11.4681964724 32.9737004287 14.6485636622 -0.390976184813 0.591458085313 -0.705205612731 0.414196961972 0.797290947517 0.439053552202 0.0 0.0 0.0 0.0 0.0 0.0
11.874249814 33.3094945785 14.5434538392 -0.798667436621 0.549725162494 -0.244811297539 0.414196961972 0.797290947517 0.439053552202 0.0 0.0 0.0 0.0 0.0 0.0
12.0982468883 33.7705985963 14.3825392731 -0.902931576249 0.299142459529 0.308590922614 0.414196961972 0.797290947517 0.439053552202 0.0 0.0 0.0 0.0 0.0 0.0
12.1164206813 34.2998921472 14.2919680176 -0.664156913849 -0.0650894652061 0.744754291901 0.414196961972 0.797290947517 0.439053552202 0.0 0.0 0.0 0.0 0.0 0.0
11.9831998849 34.8143485525 14.3711635264 -0.173057935767 -0.404592813872 0.897973054068 0.414196961972 0.797290947517 0.439053552202 0.0 0.0 0.0 0.0 0.0 0.0
11.8105305267 35.2365780131 14.6550520211 0.383788645488 -0.590384588116 0.710036839685 0.414196961972 0.797290947517 0.439053552202 0.0 0.0 0.0 0.0 0.0 0.0
11.7253458022 35.5242292883 15.1007934357 0.794827503718 -0.551879386631 0.252345758723 0.414196961972 0.797290947517 0.439053552202 0.0 0.0 0.0 0.0 0.0 0.0
11.8213420322 35.68607964 15.604057074 0.903898104478 -0.303705979234 -0.301215694974 0.414196961972 0.797290947517 0.439053552202 0.0 0.0 0.0 0.0 0.0 0.0
19.4136611667 18.3290475082 0.683184275226 0.925724894858 0.178974277087 -0.333169066965 0.314507588775 0.124951085076 0.940995325675 0.0 0.0 0.0 0.0 0.0 0.0
19.7156523768 18.0548075003 1.03286817416 0.626711837583 0.717209776419 -0.304700523863 0.314507588775 0.124951085076 0.940995325675 0.0 0.0 0.0 0.0 0.0 0.0
20.16050257 17.9440554835 1.3130955791 0.0896004751473 0.982965290582 -0.160471157424 0.314507588775 0.124951085076 0.940995325675 0.0 0.0 0.0 0.0 0.0 0.0
20.6257771944 18.0573704355 1.55674357865 -0.481551605837 0.875275856549 0.0447238846546 0.314507588775 0.124951085076 0.940995325675 0.0 0.0 0.0 0.0 0.0 0.0
20.981282115 18.3702045467 1.81058638912 -0.86975418065 0.435054490781 0.232927575209 0.314507588775 0.124951085076 0.940995325675 0.0 0.0 0.0 0.0 0.0 0.0
21.1385265428 18.7822093427 2.11752504768 -0.92752260072 -0.170451349757 0.332638185601 0.314507588775 0.124951085076 0.940995325675 0.0 0.0 0.0 0.0 0.0 0.0
21.0843421646 19.1553597481 2.50028859112 -0.632909677425 -0.711199872729 0.305973987869 0.314507588775 0.124951085076 0.940995325675 0.0 0.0 0.0 0.0 0.0 0.0
20.8858860055 19.3663921202 2.95279891472 -0.0978437859914 -0.981751673422 0.163065156533 0.314507588775 0.124951085076 0.940995325675 0.0 0.0 0.0 0.0 0.0 0.0
20.6651263523 19.3536341674 3.44247994589 0.474394595602 -0.87931959937 -0.0417948540738 0.314507588775 0.124951085076 0.940995325675 0.0 0.0 0.0 0.0 0.0 0.0
20.5525049621 19.1404352843 3.92263383875 0.866402538871 -0.442819308078 -0.230776300845 0.314507588775 0.124951085076 0.940995325675 0.0 0.0 0.0 0.0 0.0 0.0
20.6373800579 18.826295726 4.35018226657 0.929249672145 0.161915441897 -0.332081972551 0.314507588775 0.124951085076 0.940995325675 0.0 0.0 0.0 0.0 0.0 0.0
20.9340776457 18.5490647978 4.7020325983 0.639059318745 0.705135808414 -0.307224150771 0.314507588775 0.124951085076 0.940995325675 0.0 0.0 0.0 0.0 0.0 0.0
21.3764488253 18.4325695993 4.9838511752 0.106079645652 0.980463292072 -0.165646737599 0.314507588775 0.124951085076 0.940995325675 0.0 0.0 0.0 0.0 0.0 0.0
21.8430008635 18.539571039 5.22791057304 -0.467201458381 0.8832963786 0.0388626406531 0.314507588775 0.124951085076 0.940995325675 0.0 0.0 0.0 0.0 0.0 0.0
22.2030543146 18.8479199161 5.48082871105 -0.862984917184 0.45055040297 0.228607451972 0.314507588775 0.124951085076 0.940995325675 0.0 0.0 0.0 0.0 0.0 0.0
22.3663903266 19.2589717716 5.78585792493 -0.93090597761 -0.15336720355 0.331500470174 0.314507588775 0.124951085076 0.940995325675 0.0 0.0 0.0 0.0 0.0 0.0
22.3175262917 19.6350635684 6.16645268142 -0.645160293224 -0.699018045278 0.308450917365 0.314507588775 0.124951085076 0.940995325675 0.0 0.0 0.0 0.0 0.0 0.0
22.1215979477 19.8518141796 6.61735883422 -0.114307426938 -0.979100244646 0.168215704024 0.314507588775 0.124951085076 0.940995325675 0.0 0.0 0.0 0.0 0.0 0.0
21.8996132221 19.8453788594 7.10660976205 0.459972741961 -0.887205891391 -0.0359274676919 0.314507588775 0.124951085076 0.940995325675 0.0 0.0 0.0 0.0 0.0 0.0
21.7824792975 19.6367049282 7.58767102249 0.859501575854 -0.458247186704 -0.226421193756 0.314507588775 0.124951085076 0.940995325675 0.0 0.0 0.0 0.0 0.0 0.0
21.8612687842 19.3235735365 8.01711956468 0.93249139098 0.144807285696 -0.330893722752 0.314507588775 0.124951085076 0.940995325675 0.0 0.0 0.0 0.0 0.0 0.0
22.1526197128 19.04345097 8.37114087237 0.651212136249 0.692847049211 -0.309654194227 0.314507588775 0.124951085076 0.940995325675 0.0 0.0 0.0 0.0 0.0 0.0
22.5924144684 18.9212629102 8.65457649673 0.12252650327 0.977662634946 -0.170771860172 0.314507588775 0.124951085076 0.940995325675 0.0 0.0 0.0 0.0 0.0 0.0
23.0601391442 19.0219330789 8.8990846702 -0.452708996835 0.891047840018 0.0329895587149 0.314507588775 0.124951085076 0.940995325675 0.0 0.0 0.0 0.0 0.0 0.0
23.42466879 19.3257176307 9.15111281461 -0.855952780152 0.465909073141 0.22421769269 0.314507588775 0.124951085076 0.940995325675 0.0 0.0 0.0 0.0 0.0 0.0
23.5940839725 19.7357061704 9.45425138913 -0.934005791521 -0.136236340206 0.330261776493 0.314507588775 0.124951085076 0.940995325675 0.0 0.0 0.0 0.0 0.0 0.0
23.5505925056 20.114639632 9.83267314599 -0.657214386948 -0.686623290159 0.310833889723 0.314507588775 0.124951085076 0.940995325675 0.0 0.0 0.0 0.0 0.0 0.0
23.3572889984 20.337057293 10.2819494978 -0.130736248734 -0.976150572451 0.173315011382 0.314507588775 0.124951085076 0.940995325675 0.0 0.0 0.0 0.0 0.0 0.0
