
#id1 id2 FENE BEXC STCK NEXC HB CRSTCK CXSTCK total, t = 100
0 1 0.0227444 0 -1.25153 0 0 0 0 -1.22879
1 2 0.0261416 0 -1.32803 0 0 0 0 -1.30189
2 3 0.0509315 0 -1.22031 0 0 0 0 -1.16938
3 4 0.174046 0 -1.04039 0 0 0 0 -0.866343
4 5 0.17032 0 -1.11858 0 0 0 0 -0.948258
5 6 0.161639 0 -1.34725 0 0 0 0 -1.18561
6 7 0.195145 0 -1.25504 0 0 0 0 -1.05989
7 8 0.185312 0 -1.30373 0 0 0 0 -1.11842
8 9 0.184201 0 -1.21027 0 0 0 0 -1.02607
9 10 0.00238193 0 -1.26943 0 0 0 0 -1.26704
10 11 0.075785 0 -1.24942 0 0 0 0 -1.17364
11 12 0.277782 0 -1.37354 0 0 0 0 -1.09576
12 13 0.113341 0 -1.1371 0 0 0 0 -1.02376
13 14 0.20356 0 -1.303 0 0 0 0 -1.09944
14 15 0.172147 0 -1.32279 0 0 0 0 -1.15064
15 16 0.000768439 0 -1.24247 0 0 0 0 -1.24171
16 17 0.145033 0 -1.35857 0 0 0 0 -1.21354
17 18 0.104041 0 -1.3 0 0 0 0 -1.19596
18 19 0.0684478 0 -1.33546 0 0 0 0 -1.26701
19 20 0.120502 0 -1.16188 0 0 0 0 -1.04138
20 21 0.174035 0 -1.06608 0 0 0 0 -0.892048
21 22 0.133729 0 -1.05023 0 0 0 0 -0.916499
22 23 0.107972 0 -1.36209 0 0 0 0 -1.25412
23 24 0.349926 0 -1.28088 0 0 0 0 -0.930954
25 26 0.0724873 0 -1.02544 0 0 0 0 -0.952957
26 27 0.566964 0 -1.21109 0 0 0 0 -0.644125
27 28 0.0446915 0 -1.17848 0 0 0 0 -1.13379
28 29 0.223458 0 -1.03636 0 0 0 0 -0.812898
29 30 0.00265102 0 -1.03443 0 0 0 0 -1.03178
30 31 0.00824015 0 -1.11122 0 0 0 0 -1.10298
31 32 0.363214 0 -0.279845 0 0 0 0 0.083369
32 33 0.0618524 0 -1.36812 0 0 0 0 -1.30627
33 34 0.0573075 0 -1.13189 0 0 0 0 -1.07459
34 35 0.0478612 0 -1.22628 0 0 0 0 -1.17842
35 36 0.188741 0 -0.764849 0 0 0 0 -0.576108
36 37 0.207975 0 -1.3756 0 0 0 0 -1.16763
37 38 0.281898 0 -1.33215 0 0 0 0 -1.05025
38 39 0.0781699 0 -1.23079 0 0 0 0 -1.15262
39 40 0.0167717 0 -1.36079 0 0 0 0 -1.34402
40 41 0.153953 0 -1.08709 0 0 0 0 -0.933139
41 42 0.0997999 0 -1.28062 0 0 0 0 -1.18082
42 43 0.16404 0 -1.2192 0 0 0 0 -1.05516
43 44 0.233051 0 -1.20472 0 0 0 0 -0.971673
44 45 0.14567 0 -1.27599 0 0 0 0 -1.13032
45 46 0.0637323 0 -1.35799 0 0 0 0 -1.29425
46 47 0.0698118 0 -1.23588 0 0 0 0 -1.16607
47 48 0.112486 0 -1.10559 0 0 0 0 -0.993105
48 49 0.369726 0 -0.55838 0 0 0 0 -0.188654
49 50 0.00664344 0 -1.28631 0 0 0 0 -1.27966
50 51 0.0399127 0 -1.17076 0 0 0 0 -1.13084
51 52 0.0552627 0 -0.996899 0 0 0 0 -0.941637
#Total energy per particle is  -1.00714 and should be -1.0071410

