
#id1 id2 FENE BEXC STCK NEXC HB CRSTCK CXSTCK total, t = 100
0 1 0.000544962 0 -1.0982 0 0 0 0 -1.09766
1 2 0.122945 0 -1.11439 0 0 0 0 -0.991442
2 3 0.0132694 0 -1.21593 0 0 0 0 -1.20266
3 4 0.1742 0 -1.22566 0 0 0 0 -1.05146
4 5 0.0269728 0 -1.3745 0 0 0 0 -1.34753
5 6 0.0764133 0 -1.05514 0 0 0 0 -0.978722
6 7 0.0689053 0 -1.1399 0 0 0 0 -1.07099
7 8 0.0391385 0 -1.16582 0 0 0 0 -1.12669
8 9 0.0282897 0 -1.17636 0 0 0 0 -1.14807
9 10 0.00455647 0 -1.05928 0 0 0 0 -1.05473
10 11 0.000202205 0 -1.26582 0 0 0 0 -1.26562
11 12 0.0255392 0 -1.242 0 0 0 0 -1.21646
12 13 0.314668 0 -1.07231 0 0 0 0 -0.757643
13 14 0.299987 0 -1.23383 0 0 0 0 -0.933846
14 15 0.132895 0 -1.24651 0 0 0 0 -1.11362
15 16 0.00915827 0 -0.822198 0 0 0 0 -0.813039
16 17 0.209163 0 -1.00393 0 0 0 0 -0.794762
17 18 0.11656 0 -0.463257 0 0 0 0 -0.346698
18 19 0.0627352 0 -0.352269 0 0 0 0 -0.289534
19 20 0.0143091 0 -1.26808 0 0 0 0 -1.25377
20 21 0.121707 0 -1.17274 0 0 0 0 -1.05103
21 22 0.0320032 0 -1.42742 0 0 0 0 -1.39542
22 23 0.136887 0 -0.973097 0 0 0 0 -0.836209
23 24 0.0451437 0 -1.27187 0 0 0 0 -1.22672
25 26 0.00943044 0 -0.90825 0 0 0 0 -0.89882
26 27 0.218049 0 -1.31367 0 0 0 0 -1.09562
27 28 0.0880145 0 -1.3712 0 0 0 0 -1.28319
28 29 0.0674957 0 -1.24544 0 0 0 0 -1.17794
29 30 0.670851 0 -0.635454 0 0 0 0 0.0353966
30 31 0.51157 0 -0.759407 0 0 0 0 -0.247837
31 32 0.0629298 0 -0.737286 0 0 0 0 -0.674356
32 33 0.276376 0 -1.11197 0 0 0 0 -0.835592
33 34 0.183791 0 -1.1057 0 0 0 0 -0.921912
34 35 0.0924344 0 -1.33534 0 0 0 0 -1.24291
35 36 0.3384 0 -1.10128 0 0 0 0 -0.76288
36 37 0.0961578 0 -1.37515 0 0 0 0 -1.27899
37 38 0.240717 0 -1.09377 0 0 0 0 -0.853051
38 39 0.261229 0 -1.2773 0 0 0 0 -1.01607
39 40 0.13386 0 -1.19537 0 0 0 0 -1.06151
40 41 0.202803 0 -1.18015 0 0 0 0 -0.977346
41 42 0.0734463 0 -1.14809 0 0 0 0 -1.07465
42 43 0.0666219 0 -1.19302 0 0 0 0 -1.12639
43 44 0.130234 0 -1.20613 0 0 0 0 -1.0759
44 45 0.0154097 0 -1.22444 0 0 0 0 -1.20903
45 46 0.148204 0 -1.20753 0 0 0 0 -1.05933
46 47 0.00726973 0 -1.34555 0 0 0 0 -1.33828
47 48 0.130159 0 -1.35146 0 0 0 0 -1.2213
48 49 0.180809 0 -1.02056 0 0 0 0 -0.839753
49 50 0.127504 0 -1.35659 0 0 0 0 -1.22908
50 51 0.236851 0 -1.33061 0 0 0 0 -1.09376
51 52 0.0681196 0 -1.11038 0 0 0 0 -1.04226
#Total energy per particle is  -0.961635 and should be -0.96163510

