t = 0
b =  30.0 30.0 30.0
E = 0. 0. 0.
9.4188449457 25.3989311509 16.220969706 0.144127154598 -0.57857640975 0.802793062619 0.547007411114 0.722630212088 0.42259728911 0.0 0.0 0.0 0.0 0.0 0.0
9.35835180348 25.7477110763 16.625170455 0.600287675525 -0.690452260953 0.403646357543 0.547007411114 0.722630212088 0.42259728911 0.0 0.0 0.0 0.0 0.0 0.0
9.43469425578 25.9391023871 17.1213824039 0.828388872246 -0.540013754474 -0.148852347371 0.547007411114 0.722630212088 0.42259728911 0.0 0.0 0.0 0.0 0.0 0.0
9.69986797757 26.0073975456 17.5836634556 0.741771286477 -0.184414994122 -0.64479955684 0.547007411114 0.722630212088 0.42259728911 0.0 0.0 0.0 0.0 0.0 0.0
10.1341284875 26.0336553003 17.8989624279 0.373342387221 0.241246105751 -0.895776634192 0.547007411114 0.722630212088 0.42259728911 0.0 0.0 0.0 0.0 0.0 0.0
10.6534924063 26.1149051124 18.0100690884 -0.136925526892 0.57525377663 -0.806433191627 0.547007411114 0.722630212088 0.42259728911 0.0 0.0 0.0 0.0 0.0 0.0
11.1416441469 26.3272840411 17.9373492774 -0.595173144066 0.690712920037 -0.41071229672 0.547007411114 0.722630212088 0.42259728911 0.0 0.0 0.0 0.0 0.0 0.0
11.4941261506 26.6971110015 17.7710075855 -0.827304533045 0.543758677017 0.141045066455 0.547007411114 0.722630212088 0.42259728911 0.0 0.0 0.0 0.0 0.0 0.0
11.65802406 27.1908877695 17.6368171209 -0.745129098126 0.190221421439 0.639217050736 0.547007411114 0.722630212088 0.42259728911 0.0 0.0 0.0 0.0 0.0 0.0
11.652069768 27.7280255166 17.6483362031 -0.379866660935 -0.235584132477 0.894539790303 0.547007411114 0.722630212088 0.42259728911 0.0 0.0 0.0 0.0 0.0 0.0
11.5595248587 28.2114618532 17.8637656587 0.129713471777 -0.571887335708 0.810011907626 0.547007411114 0.722630212088 0.42259728911 0.0 0.0 0.0 0.0 0.0 0.0
11.4965481394 28.5645364536 18.2638373541 0.590013287868 -0.690920978657 0.417746958565 0.547007411114 0.722630212088 0.42259728911 0.0 0.0 0.0 0.0 0.0 0.0
11.5680649676 28.7601155952 18.7591344819 0.826157191401 -0.547462190232 -0.133227044411 0.547007411114 0.722630212088 0.42259728911 0.0 0.0 0.0 0.0 0.0 0.0
11.8279043536 28.8309007133 19.2240625007 0.74843016531 -0.196013362658 -0.633585865778 0.547007411114 0.722630212088 0.42259728911 0.0 0.0 0.0 0.0 0.0 0.0
12.2583484193 28.8570045793 19.5445646014 0.386362006332 0.229904218559 -0.893234823746 0.547007411114 0.722630212088 0.42259728911 0.0 0.0 0.0 0.0 0.0 0.0
12.7768637165 28.9355151191 19.661453796 -0.12249153848 0.568477343351 -0.813528938082 0.547007411114 0.722630212088 0.42259728911 0.0 0.0 0.0 0.0 0.0 0.0
13.2674570637 29.1436100872 19.5928990435 -0.584808499874 0.69107642097 -0.424749807363 0.547007411114 0.722630212088 0.42259728911 0.0 0.0 0.0 0.0 0.0 0.0
13.6247432949 29.5092359472 19.4275225591 -0.824946934689 0.551124012081 0.125398876612 0.547007411114 0.722630212088 0.42259728911 0.0 0.0 0.0 0.0 0.0 0.0
13.7939828464 30.0004905431 19.2907307526 -0.751674236638 0.2017903767 0.627906430804 0.547007411114 0.722630212088 0.42259728911 0.0 0.0 0.0 0.0 0.0 0.0
13.7918782321 30.5377432617 19.2970702367 -0.392827928766 -0.224206796544 0.891861833898 0.547007411114 0.722630212088 0.42259728911 0.0 0.0 0.0 0.0 0.0 0.0
13.7002284789 31.023888034 19.5067096539 0.115260276977 -0.565024059244 0.81698401516 0.547007411114 0.722630212088 0.42259728911 0.0 0.0 0.0 0.0 0.0 0.0
13.6348523096 31.3812355542 19.9025806031 0.579559176448 -0.691179235138 0.431720309818 0.547007411114 0.722630212088 0.42259728911 0.0 0.0 0.0 0.0 0.0 0.0
13.7015866727 31.581028746 20.3968622105 0.823673855073 -0.554743863703 -0.117561159203 0.547007411114 0.722630212088 0.42259728911 0.0 0.0 0.0 0.0 0.0 0.0
13.9560775171 31.6543680566 20.8643457479 0.754861065064 -0.207552023624 -0.622179178324 0.547007411114 0.722630212088 0.42259728911 0.0 0.0 0.0 0.0 0.0 0.0
14.382638965 31.6803958769 21.1900035221 0.399263935833 0.218492300314 -0.890420925319 0.547007411114 0.722630212088 0.42259728911 0.0 0.0 0.0 0.0 0.0 0.0
