
#id1 id2 FENE BEXC STCK NEXC HB CRSTCK CXSTCK total, t = 100
0 1 0.0100777 0 -1.29324 0 0 0 0 -1.28317
1 2 0.150549 0 -1.04851 0 0 0 0 -0.897965
2 3 0.131714 0 -1.2104 0 0 0 0 -1.07869
3 4 0.399514 0 -1.36024 0 0 0 0 -0.96073
4 5 0.0486623 0 -1.3458 0 0 0 0 -1.29713
5 6 0.127107 0 -1.17672 0 0 0 0 -1.04961
6 7 0.207835 0 -1.29661 0 0 0 0 -1.08877
7 8 0.226252 0 -1.19439 0 0 0 0 -0.968143
8 9 0.280876 0 -1.39039 0 0 0 0 -1.10951
9 10 0.288445 0 -1.31759 0 0 0 0 -1.02915
10 11 0.214891 0 -1.37947 0 0 0 0 -1.16457
11 12 0.0862923 0 -1.36377 0 0 0 0 -1.27748
12 13 0.140491 0 -1.34307 0 0 0 0 -1.20258
13 14 0.0966919 0 -1.24749 0 0 0 0 -1.1508
14 15 0.254631 0 -1.35402 0 0 0 0 -1.09939
15 16 0.116488 0 -1.14465 0 0 0 0 -1.02817
16 17 0.308137 0 -1.13556 0 0 0 0 -0.827425
17 18 0.310282 0 -1.30795 0 0 0 0 -0.997668
18 19 0.0909208 0 -1.34856 0 0 0 0 -1.25764
19 20 0.0937842 0 -1.3235 0 0 0 0 -1.22972
20 21 0.225708 0 -1.0956 0 0 0 0 -0.869894
21 22 0.0228452 0 -1.18214 0 0 0 0 -1.1593
22 23 0.00301905 0 -1.34538 0 0 0 0 -1.34236
23 24 0.11222 0 -1.06032 0 0 0 0 -0.948102
#Total energy per particle is  -1.05272 and should be -1.0527210

