
#id1 id2 FENE BEXC STCK NEXC HB CRSTCK CXSTCK total, t = 100
0 1 0.0104123 0 -0.527725 0 0 0 0 -0.517313
1 2 0.0836339 0 -1.23135 0 0 0 0 -1.14771
2 3 0.166658 0 -0.813173 0 0 0 0 -0.646515
3 4 0.286495 0 -1.37166 0 0 0 0 -1.08516
4 5 0.0662486 0 -1.23004 0 0 0 0 -1.1638
5 6 0.0304444 0 -0.768488 0 0 0 0 -0.738043
6 7 0.211197 0 -1.18305 0 0 0 0 -0.971857
7 8 0.0549943 0 -1.18687 0 0 0 0 -1.13188
8 9 0.316417 0 -1.31665 0 0 0 0 -1.00024
9 10 0.0208295 0 -1.12459 0 0 0 0 -1.10376
10 11 0.0689862 0 -0.943836 0 0 0 0 -0.874849
11 12 0.413585 0 -1.00301 0 0 0 0 -0.589427
12 13 0.000316167 0 -1.22807 0 0 0 0 -1.22776
13 14 0.0514003 0 -1.26276 0 0 0 0 -1.21136
14 15 0.163399 0 -1.24143 0 0 0 0 -1.07803
15 16 0.118532 0 -1.32071 0 0 0 0 -1.20218
16 17 0.0512362 0 -1.19994 0 0 0 0 -1.14871
17 18 0.55669 0 -1.35421 0 0 0 0 -0.797518
18 19 0.209805 0 -1.33082 0 0 0 0 -1.12102
19 20 0.133643 0 -1.08205 0 0 0 0 -0.94841
20 21 0.00661066 0 -1.26988 0 0 0 0 -1.26327
21 22 0.922901 0 -1.20443 0 0 0 0 -0.281525
22 23 0.107011 0 -1.22787 0 0 0 0 -1.12086
23 24 0.00222986 0 -1.08687 0 0 0 0 -1.08464
#Total energy per particle is  -0.938233 and should be -0.93823310

