t = 0
b =  30.0 30.0 30.0
E = 0. 0. 0.
25.3850095733 13.9793599863 3.02210723607 -0.118990501646 0.976210769453 -0.181256156093 0.598370096412 0.21618300125 0.771503815733 0.0 0.0 0.0 0.0 0.0 0.0
25.8834320123 14.1690235328 3.08758939763 -0.560990504742 0.800538364919 0.210779457922 0.598370096412 0.21618300125 0.771503815733 0.0 0.0 0.0 0.0 0.0 0.0
26.2539766482 14.5411698248 3.20111874325 -0.789860835826 0.320728051264 0.522736431828 0.598370096412 0.21618300125 0.771503815733 0.0 0.0 0.0 0.0 0.0 0.0
26.4444724816 14.9864260862 3.43380587495 -0.718649829611 -0.280932211353 0.636097095595 0.598370096412 0.21618300125 0.771503815733 0.0 0.0 0.0 0.0 0.0 0.0
26.4711520638 15.3676438411 3.81149135961 -0.374411737942 -0.775861629941 0.50779383777 0.598370096412 0.21618300125 0.771503815733 0.0 0.0 0.0 0.0 0.0 0.0
26.4124844786 15.5720039131 4.30492846557 0.112071632802 -0.9760282436 0.186571211115 0.598370096412 0.21618300125 0.771503815733 0.0 0.0 0.0 0.0 0.0 0.0
26.3793636256 15.5538783163 4.84089448497 0.555977116506 -0.805385409193 -0.205532937946 0.598370096412 0.21618300125 0.771503815733 0.0 0.0 0.0 0.0 0.0 0.0
26.4729777738 15.3521650901 5.3300092647 0.788657598208 -0.328763192508 -0.519551687555 0.598370096412 0.21618300125 0.771503815733 0.0 0.0 0.0 0.0 0.0 0.0
26.7463664463 15.0755102838 5.7006922209 0.721713872699 0.272761657638 -0.63618406462 0.598370096412 0.21618300125 0.771503815733 0.0 0.0 0.0 0.0 0.0 0.0
27.1842698188 14.8610315059 5.92635699955 0.380578980539 0.770659793716 -0.511119479106 0.598370096412 0.21618300125 0.771503815733 0.0 0.0 0.0 0.0 0.0 0.0
27.7089261818 14.8222246523 6.03551207687 -0.105144229269 0.975771389416 -0.191872058017 0.598370096412 0.21618300125 0.771503815733 0.0 0.0 0.0 0.0 0.0 0.0
28.2096149146 15.0058449176 6.10092991251 -0.55092138846 0.81017112025 0.200270765842 0.598370096412 0.21618300125 0.771503815733 0.0 0.0 0.0 0.0 0.0 0.0
28.5847210994 15.3741437152 6.21199947554 -0.78739430126 0.336773297161 0.516327377409 0.598370096412 0.21618300125 0.771503815733 0.0 0.0 0.0 0.0 0.0 0.0
28.7803407286 15.8192099966 6.44076588049 -0.724722954482 -0.264570332068 0.636222585765 0.598370096412 0.21618300125 0.771503815733 0.0 0.0 0.0 0.0 0.0 0.0
28.8107597374 16.2039674624 6.81455924388 -0.386717240574 -0.765399268764 0.514406196714 0.598370096412 0.21618300125 0.771503815733 0.0 0.0 0.0 0.0 0.0 0.0
28.7530265391 16.4142521408 7.305611516 0.0982088185958 -0.975440226464 0.197158293119 0.598370096412 0.21618300125 0.771503815733 0.0 0.0 0.0 0.0 0.0 0.0
28.7176800441 16.4021851889 7.84160602725 0.545823705617 -0.814895133639 -0.194993342343 0.598370096412 0.21618300125 0.771503815733 0.0 0.0 0.0 0.0 0.0 0.0
28.80675408 16.2043628657 8.33315179996 0.786071041188 -0.344757755225 -0.513063746934 0.598370096412 0.21618300125 0.771503815733 0.0 0.0 0.0 0.0 0.0 0.0
29.0750130344 15.9279530013 8.70774467543 0.727676845805 0.256358858442 -0.636212656096 0.598370096412 0.21618300125 0.771503815733 0.0 0.0 0.0 0.0 0.0 0.0
29.5091459487 15.7099801467 8.93731285591 0.392826050593 0.760080455695 -0.5176537403 0.598370096412 0.21618300125 0.771503815733 0.0 0.0 0.0 0.0 0.0 0.0
30.0328235737 15.6652676559 9.04888185001 -0.0912659289411 0.975034779962 -0.202429513854 0.598370096412 0.21618300125 0.771503815733 0.0 0.0 0.0 0.0 0.0 0.0
30.5356971272 15.842814374 9.11430703005 -0.540684456185 0.819557089609 0.189701069346 0.598370096412 0.21618300125 0.771503815733 0.0 0.0 0.0 0.0 0.0 0.0
30.915321642 16.2071791563 9.22297457482 -0.784687918763 0.35271595865 0.509761044668 0.598370096412 0.21618300125 0.771503815733 0.0 0.0 0.0 0.0 0.0 0.0
31.1160765209 16.6519455526 9.44784216577 -0.73057532172 -0.248127862097 0.636154276371 0.598370096412 0.21618300125 0.771503815733 0.0 0.0 0.0 0.0 0.0 0.0
31.1502967323 17.0401511948 9.81772114402 -0.398904945387 -0.754703759556 0.520861862548 0.598370096412 0.21618300125 0.771503815733 0.0 0.0 0.0 0.0 0.0 0.0
31.0935865489 17.2563220914 10.3063306002 0.0843160890326 -0.974555080786 0.207685318797 0.598370096412 0.21618300125 0.771503815733 0.0 0.0 0.0 0.0 0.0 0.0
31.0560962206 17.2503431266 10.8422819314 0.535504031539 -0.824156633134 -0.184394349878 0.598370096412 0.21618300125 0.771503815733 0.0 0.0 0.0 0.0 0.0 0.0
