t = 100
b = 30 30 30
E = -0.846137136555451 -1.00175612478073 0.155618988225279
25.329037035316 14.1043544716653 2.9090756545413 0.128479916091275 0.97182659392792 -0.19760027416637 0.790051153325927 0.0201332133992601 0.612710141263093 -0.29188591360395 0.552844377658212 -0.262743608743738 0.273453856691334 -0.0169869584671153 -0.373117365502542
25.7996646543828 14.1947525543225 3.17235414657313 -0.52113730697368 0.848486318641144 0.092123595727859 0.635140730968779 0.313455149788956 0.705933426957653 -0.425699522469636 -0.268896419302346 0.0155188045782002 0.32754762545151 -0.0925829514111998 -0.435119894958002
26.0540598416985 14.5545556014993 3.47434549781951 -0.823361051461569 0.375050666860898 0.425926587324624 0.564742050992973 0.467328519020536 0.680198765076489 -0.33159621303172 -0.0910526003458176 0.496943260085615 0.53224883570451 0.102869072313894 -0.301342080844586
26.2858762275232 14.9414123608494 3.53977553633663 -0.593159256942101 -0.252553950445234 0.764446517972797 0.669233524758964 0.373152059748896 0.642560434630201 -0.171045442931801 -0.607214451870298 -0.052673621048341 0.623433250609158 -0.47569006613553 -0.0213772173393006
26.331631729863 15.2752711932864 3.8284747709291 -0.191239152654133 -0.750393775999704 0.632721620269003 0.643140141615608 0.391165087737659 0.658301232921746 -0.388166488317531 -0.210391334320029 -0.37676896674917 0.266182122322121 -0.101863603912161 0.230164808833691
26.4444335900976 15.4244781747506 4.27534979400097 0.084613019682359 -0.963281905096205 0.254810693433918 0.487326183155136 0.263062220391946 0.83265319438017 0.19099595043027 -0.292061429593273 0.338192831482907 0.252240648015756 0.171301567773946 -0.159185713337433
26.5186079511802 15.4579180665201 4.67585068453472 0.530762958528967 -0.847475564107912 0.00870253984752666 0.389175083210937 0.252831258870824 0.88578721674689 0.428075945903471 0.0094216123904167 -0.053329597044424 0.471546147833705 -0.0454247396200659 -0.115453915635865
26.5498750395894 15.3579146451752 5.13905116516977 0.920080033347894 -0.279753120489456 -0.274209417572832 0.348048998820977 0.262580294701174 0.899951867732342 0.109702822578346 -0.189223272569962 -0.184537102786706 0.247277269200206 -0.278275021752106 -0.0861609081128916
26.7633796930922 15.2425550282772 5.62941768735569 0.76268415712269 0.245283644122568 -0.59845525428312 0.543798546549839 0.257727629547695 0.798661061359391 0.00827182254268033 0.44887744293358 -0.296042561045981 0.280823525101735 0.0350265811297559 0.0740545735330032
27.2434125145855 15.0498603432492 5.79702878778982 0.325085476194497 0.860348380121256 -0.392581177649413 0.710849630793173 0.0514815152686936 0.701457298605349 0.129972650582008 0.236095037439884 -0.408035861763678 0.249106529610871 -0.587415902153056 -0.00609416811123416
27.6336233049134 15.0720380701201 6.10801644875291 0.102163378693498 0.845945606501963 -0.523391413777149 0.618122066804658 0.358257370473666 0.69969754049505 -0.43483688423289 1.30812508596031 0.349679144810268 0.408544371044635 0.31797337662358 -0.542458511293003
28.0769476365056 15.2069980552788 6.17027767507567 -0.483344904703175 0.871451443247968 0.0833664704658432 0.568850313627809 0.240263354156009 0.786563870354284 -0.321782996354575 0.423551779899522 0.606192200957998 0.194156932482654 0.183119363706929 -0.0695570798041433
28.3939332143996 15.4263766909352 6.32279971295801 -0.783510943348293 0.361699094253914 0.505256615740874 0.595177987105387 0.20322202936707 0.777472733451965 0.400121771917553 0.206035258476408 0.250515534778893 0.314668953583141 -0.185342618189541 -0.236511826393456
28.6368994920024 15.7435398595686 6.68565555461637 -0.794365422265261 -0.199533705038052 0.573733176757762 0.506257007224858 0.304493273603289 0.806838008103552 -0.348546534518805 -0.446312116165338 0.606619699537203 0.287124973909359 0.650115543698055 -0.0510598291316968
28.6667232358443 16.1388537553253 6.99874626870324 -0.450454139852442 -0.735995795350322 0.505372276964084 0.409668189481538 0.332551519757133 0.849459444852399 -0.645609390462801 -0.220135932968951 0.531672875474546 0.388890186561625 -0.131740146809326 -0.319440612762686
28.6870385590174 16.3312951737418 7.32770506532759 0.0476408163314366 -0.881236632498624 0.470268259803868 0.688348254046975 0.370125709121166 0.623845753555849 0.203586991765884 0.346950033482635 0.241446580860695 0.246192019870665 -0.184819954989688 -0.0184555507935408
28.8099866093739 16.465401002592 7.77746058803041 0.397309855094999 -0.909874522195579 -0.119470154127418 0.675686227491201 0.201955383530667 0.708986619417549 0.0198211196620783 0.220408001057148 -0.149374380735472 -0.0302647313886718 -0.0849413352528134 -0.666013252346482
28.9351083651665 16.2990002972901 8.22643051184251 0.787646885748999 -0.355926760565372 -0.50291987959992 0.548937010120244 0.0347233215308713 0.835142104851904 0.479742604128252 -0.171948947641117 0.195655094646561 0.352196571420305 0.211173969332332 0.132154929379622
29.2100408843752 16.0747628241731 8.55757425245678 0.706925931161278 0.303623703352944 -0.638802203909764 0.671949805854232 -0.00639485956484533 0.740569005235376 0.278730148796689 0.161959699702961 -0.462321328227292 0.702446673568561 -0.29773015083093 -0.160700659646192
29.5406491125914 15.9117299766906 8.75294955151197 0.48975300609351 0.816537534539026 -0.30562776174232 0.673772346694485 -0.131988649182232 0.727055507935082 0.283860741376066 0.682489230615699 -0.378019197390746 0.752134259047128 -0.399970607719664 0.189989570328201
29.9825412476122 15.8032946421213 9.02644173949019 0.0665653711825987 0.986530635192276 -0.149419674106608 0.810077676874549 0.0339955096573218 0.585336103083053 0.0216099291930156 0.455690247881044 -0.210107177556346 0.411477473253878 -0.282167243734623 -0.148489337761167
30.4644888911998 15.8302763222542 9.13829431006856 -0.472272656920348 0.856746683492291 0.207228229093216 0.653800435065902 0.182800751949709 0.734253877861316 -0.540315676603971 0.114811652570911 0.0709651462572506 0.498519497737259 -0.0183334321323963 0.0499748078499753
30.7753646861176 16.1425913273627 9.29781477896933 -0.758407906628152 0.255968705955551 0.599414173326486 0.651488495157898 0.325218502586115 0.68541633289655 -0.266996078056964 -0.520945215100526 -0.0539897970499689 0.196926620159376 -0.332435923257127 0.0461382812817583
31.0571857686263 16.4331905677381 9.61436306727049 -0.748076826836964 -0.30663414059183 0.588520557033196 0.498238847086441 0.326265559575652 0.803311097211808 -0.417187340366286 -0.119739902003619 0.274594832988291 0.506099126486323 0.291993526101452 0.050823714698709
31.1009448313562 16.8268208553853 9.94097006194291 -0.300382135732104 -0.801638311850855 0.516862139708447 0.438681657917253 0.365063697907726 0.821149673389008 -0.159033717531056 -0.409121887117271 0.073169721533816 0.415002647976205 -0.500421757304153 0.0442091480353484
31.2036957141143 17.0789895774955 10.2636241702815 0.0355809646205952 -0.957345214864196 0.286747303795351 0.626794145480331 0.244856735088866 0.739712213942315 0.152238394793525 -0.326257459739826 -0.47087952138509 0.121131127119053 -0.227471297696402 0.0646570143844343
31.2434031532948 17.1272421758295 10.7051185100639 0.626597154930773 -0.691507741647123 -0.359434188397625 0.734799792792731 0.370512866525469 0.568145554226649 0.337384572791149 -0.651583208087043 -0.15372839951543 -0.447319609783156 -0.225476520033828 0.531440719745974
