t = 0
b =  30.0 30.0 30.0
E = 0. 0. 0.
7.20871332861 18.2263217523 17.8170442637 -0.265713120701 0.897119076216 0.352950280601 0.928541934631 0.139706636066 0.343935940941 0.0 0.0 0.0 0.0 0.0 0.0
7.63154723157 18.5304786951 17.6851915171 -0.367251033051 0.480944933835 0.796127282123 0.928541934631 0.139706636066 0.343935940941 0.0 0.0 0.0 0.0 0.0 0.0
7.97066625 18.9442670507 17.7348160095 -0.329264137835 -0.11794822988 0.936842218628 0.928541934631 0.139706636066 0.343935940941 0.0 0.0 0.0 0.0 0.0 0.0
8.23472949784 19.3311691035 17.9979937152 -0.166184291653 -0.672030889074 0.721635133109 0.928541934631 0.139706636066 0.343935940941 0.0 0.0 0.0 0.0 0.0 0.0
8.46091103117 19.5648816941 18.4256681721 0.0600317453816 -0.970797777752 0.232266795427 0.928541934631 0.139706636066 0.343935940941 0.0 0.0 0.0 0.0 0.0 0.0
8.70077680274 19.5773009007 18.9062878524 0.263440718668 -0.900742359789 -0.345343581133 0.928541934631 0.139706636066 0.343935940941 0.0 0.0 0.0 0.0 0.0 0.0
9.00069389443 19.384395858 19.3081864524 0.366764158439 -0.488479859733 -0.791752157383 0.928541934631 0.139706636066 0.343935940941 0.0 0.0 0.0 0.0 0.0 0.0
9.38421488757 19.0801418159 19.5296051233 0.330747762449 0.109364305984 -0.937360851653 0.928541934631 0.139706636066 0.343935940941 0.0 0.0 0.0 0.0 0.0 0.0
9.84312984358 18.8008173708 19.5373523586 0.169074761697 0.665659143383 -0.726850486543 0.928541934631 0.139706636066 0.343935940941 0.0 0.0 0.0 0.0 0.0 0.0
10.3405853968 18.6732299484 19.3794140025 -0.0568325678031 0.969058942984 -0.240197469303 0.928541934631 0.139706636066 0.343935940941 0.0 0.0 0.0 0.0 0.0 0.0
10.8250859645 18.7665395426 19.1667226258 -0.261148254605 0.904297048344 0.337710582413 0.928541934631 0.139706636066 0.343935940941 0.0 0.0 0.0 0.0 0.0 0.0
11.2500577792 19.0659836773 19.031012387 -0.366249353316 0.495977585997 0.78731673765 0.928541934631 0.139706636066 0.343935940941 0.0 0.0 0.0 0.0 0.0 0.0
11.5915430424 19.4784859184 19.0747710233 -0.33220619934 -0.100772053573 0.93780810102 0.928541934631 0.139706636066 0.343935940941 0.0 0.0 0.0 0.0 0.0 0.0
11.857301892 19.8680171667 19.3323030458 -0.171952356043 -0.659236705172 0.732010487497 0.928541934631 0.139706636066 0.343935940941 0.0 0.0 0.0 0.0 0.0 0.0
12.0838641966 20.1072753874 19.7566968819 0.0536290622045 -0.967246310626 0.248109851211 0.928541934631 0.139706636066 0.343935940941 0.0 0.0 0.0 0.0 0.0 0.0
12.3226512476 20.126049781 20.2376473663 0.258835903091 -0.907782871177 -0.330051865725 0.928541934631 0.139706636066 0.343935940941 0.0 0.0 0.0 0.0 0.0 0.0
12.6204399509 19.9378950407 20.6433625176 0.365706656887 -0.503437541648 -0.7828213607 0.928541934631 0.139706636066 0.343935940941 0.0 0.0 0.0 0.0 0.0 0.0
13.0015914981 19.6349816969 20.8706335152 0.333639337443 0.0921721269798 -0.938183932669 0.928541934631 0.139706636066 0.343935940941 0.0 0.0 0.0 0.0 0.0 0.0
13.4587961428 19.3530789923 20.8840454557 0.174816855552 0.652764063532 -0.737114743019 0.928541934631 0.139706636066 0.343935940941 0.0 0.0 0.0 0.0 0.0 0.0
13.9558502952 19.2199738765 20.7294320674 -0.0504214725452 0.965360018716 -0.256003338594 0.928541934631 0.139706636066 0.343935940941 0.0 0.0 0.0 0.0 0.0 0.0
14.4414108713 19.3069226074 20.5164627099 -0.256503840221 0.91119956283 0.32236801431 0.928541934631 0.139706636066 0.343935940941 0.0 0.0 0.0 0.0 0.0 0.0
14.868501389 19.6015793073 20.3769771515 -0.36513611048 0.510859158581 0.778266368872 0.928541934631 0.139706636066 0.343935940941 0.0 0.0 0.0 0.0 0.0 0.0
15.2123591189 20.0126863685 20.4148974364 -0.335047067619 -0.0835651811223 0.93848831798 0.928541934631 0.139706636066 0.343935940941 0.0 0.0 0.0 0.0 0.0 0.0
15.4798428591 20.404744744 20.6667461628 -0.17766804208 -0.646241711382 0.742162864399 0.928541934631 0.139706636066 0.343935940941 0.0 0.0 0.0 0.0 0.0 0.0
15.7068271635 20.6494923011 21.0877709376 0.0472100430956 -0.963400210903 0.263877330332 0.928541934631 0.139706636066 0.343935940941 0.0 0.0 0.0 0.0 0.0 0.0
15.9445729988 20.6746327497 21.5689465581 0.25415224359 -0.914546863109 -0.314659613322 0.928541934631 0.139706636066 0.343935940941 0.0 0.0 0.0 0.0 0.0 0.0
16.240252846 20.4913022122 21.9783955099 0.364537757545 -0.518241871612 -0.773652109047 0.928541934631 0.139706636066 0.343935940941 0.0 0.0 0.0 0.0 0.0 0.0
16.6190290864 20.1898384237 22.211490439 0.336429282663 0.0749518714528 -0.938721233771 0.928541934631 0.139706636066 0.343935940941 0.0 0.0 0.0 0.0 0.0 0.0
