t = 100
b = 30 30 30
E = -0.777724183858602 -0.992011225488167 0.214287041629566
7.17113677543815 18.3491655109595 17.7959671533065 -0.2782878990382 0.938073575819084 0.206333939950377 0.919056005417861 0.197644198081819 0.34098784543105 -0.328085252696301 0.496496911236195 0.453055519363818 0.237052860877985 0.0443476796173717 -0.455838004640637
7.58113250199053 18.5903223046011 17.7467482336681 -0.384220490554638 0.462255800015726 0.799183377467865 0.904253112896069 0.363074940741256 0.224728243767546 0.0762061317031469 -0.0338465546275955 -0.220043884551638 0.262390048500979 0.473177068906126 0.215962363113877
8.04051383913463 18.8283734948393 17.9863486163975 -0.580911357313461 0.143682001610948 0.801184977576741 0.792919680368905 0.32227762509246 0.517122228380919 0.0324641112432626 -0.358292701310169 -0.0094903039945929 0.473660354864636 0.25026038696385 -0.629102931286955
8.24494171862809 19.2212021041741 18.1356751748071 -0.184307271998179 -0.668606141201924 0.720414143553986 0.878701240032176 0.216306160662995 0.425553355255897 0.022247372288624 -0.345064321313291 0.161816036771494 0.643991247821063 -0.222543178082622 -0.235323706018435
8.53478264497829 19.3500871814732 18.5311792615471 -0.00912230897604353 -0.97122198491718 0.238001093261293 0.803836711771097 0.134447656040617 0.579456864121873 0.316944415085952 -0.481891469551793 0.307951810234226 0.36690064351804 0.0848725012991256 0.0197448699369836
8.95234135894129 19.4204764884936 18.9300477934234 0.207549969102963 -0.95150342544948 -0.227077354154275 0.856844499050364 0.0648364603442393 0.51148179168002 0.67388444944085 -0.144398237819993 0.202424070150504 0.4728490545428 -0.109606748688426 -0.326803153703001
9.27000675153277 19.3836959881087 19.2601508251649 0.399164122331115 -0.55739066491198 -0.727999678477189 0.91091880296124 0.150693660544179 0.384081027767501 0.364576497365879 0.168952622881025 0.267467849906948 0.314820687290347 0.252709010007833 0.0842764640475729
9.68206303048233 19.2523148803342 19.570325383269 0.229519519635853 0.0613249111177159 -0.971370128373353 0.972226690017573 -0.0613889914735932 0.225846277547437 0.534768017068589 0.311067555793866 0.421397950267537 0.365133536142781 0.183308976175478 -0.685369103448799
10.0121104033742 18.9473881399025 19.6275988267555 0.20996061423305 0.576940809906548 -0.789338789571205 0.97710987855412 -0.0955430618542024 0.190072877334988 0.054379468399916 0.0628188938845832 -0.0480568521394052 0.574869950652945 -0.00436971270398853 -0.141922569593382
10.4614840151198 18.7899946393857 19.5294376921159 -0.0895944045593803 0.911781381700231 -0.400783530060352 0.957605619850546 0.189481196579858 0.21699823815333 0.355457944543923 0.0784212882709005 -0.0401773051278734 0.38516370972789 -0.00836245145642009 -0.27144371262468
10.8433305996379 18.8990920492636 19.3855213136536 -0.259150635040835 0.858107488962926 0.44327459660255 0.940327914213223 0.119380729945672 0.318640135410843 0.654869541916269 0.446889072749218 0.0993522965736238 0.492654515612425 -0.186513421689505 0.068102454067243
11.2230306929511 19.1453935090073 19.3520099636023 -0.39574406381826 0.458212155334355 0.795881987246749 0.909527758381172 0.315464544316036 0.270631230593335 -0.583376568235026 0.138637430975097 0.784663946928405 0.468174604103817 0.23774019113874 0.0883455780993177
11.5313012637223 19.5300863951784 19.3058899161351 -0.336386966987985 -0.170325051074084 0.926192780561988 0.861236282628151 0.342202124235588 0.375725508593816 0.279914117383323 0.211567979576372 0.464032352805064 0.59754470181389 -0.428090716023664 0.040349731930478
11.7910868571891 19.8724500914171 19.489344326375 -0.115998962405383 -0.706329670765059 0.6983140542367 0.912830192642311 0.201318994163774 0.355262696004586 0.444708541202766 0.246875596775017 0.564766238236598 0.588370344854675 -0.476402996328185 0.0369695726139614
12.0550374686438 20.0261772609038 19.8267486528811 0.0331008288432622 -0.984083062308774 0.174598805451923 0.810730601089453 0.128599617850641 0.571119881276933 0.265275571716149 -0.490348886325615 0.0318226081906415 0.255401892704715 -0.0107312523363838 0.177296822558217
12.3584527655251 20.0183965857541 20.2147844947596 0.255321841295299 -0.868239358651274 -0.425406929179841 0.870731146832801 0.0152252730071509 0.491523495156597 0.178800111343514 -0.450513262696912 0.199755502932585 0.734096221577117 0.113671102327808 0.0668896698388561
12.6333049246475 19.816286323911 20.5233433634166 0.45057341556804 -0.413955826941629 -0.790964001833009 0.838842046961882 -0.10687451158879 0.533780621226641 -0.00737538645117866 -0.516845702913625 -0.251500225077629 0.842760777291494 0.0971130303409655 0.146023824415923
12.9881116991238 19.49146806535 20.6894626131142 0.453293520528067 0.1288598788147 -0.88199773055945 0.890132999137077 -0.117367405762069 0.440327178093035 0.194494314347705 0.219153579877903 -0.0826113901131657 0.407899422672394 -0.00238807243471879 0.537516978306886
13.4664739587687 19.2855284248235 20.8202403699051 0.164281078473823 0.721289609355803 -0.67286916149202 0.9242507677453 0.125769036806015 0.360475447837997 0.101362340030165 -0.613681741845587 -0.675543005574363 0.447371493165639 -0.265202227420589 -0.186892545306254
13.9398114082765 19.2249486129129 20.7295961100288 -0.0982720593368853 0.992312048255533 -0.0752282273731608 0.98365084611029 0.108320951690947 0.143866154171979 -0.123834338587071 0.198094008850243 0.435104779022167 0.229460608785072 -0.054219022074386 0.578711597542359
14.3747011553885 19.3317732917723 20.6489999652983 -0.330687240659106 0.755334663617985 0.565787403506385 0.92981374642353 0.158150750427394 0.332317044295706 -0.453824501009184 0.413538511958733 0.113755669134662 0.194141226003817 -0.188330516594312 0.418401280580255
14.8874254381059 19.6954840452213 20.4949361657979 -0.286321083380282 0.607435297508153 0.740974006766146 0.853540810847748 -0.189645794347911 0.485285949753748 -0.643014061662291 0.206110132243445 0.045941235318319 -0.202034450019477 0.247346237474661 -0.114115708554182
15.2754251466922 19.9234492961795 20.5439300564215 -0.396784711772521 -0.123887540928454 0.909512864456117 0.896976118258356 0.158082285107552 0.41284829571707 0.0710266675871776 -0.398221095256709 -0.0788822488870723 0.178373730156821 0.0701072692477599 -0.282354171759613
15.5090184351665 20.234721064245 20.7644604479894 -0.260797153853813 -0.62789888168604 0.733299202141748 0.823644854295199 0.251506513313577 0.508284874783039 -0.193560683202768 -0.578252670189225 0.156489746783473 0.430047275104648 0.496196092094737 0.176638042487732
15.7604747862752 20.4908705386292 21.1116915971098 -0.0237261869056671 -0.975816168926351 0.217301066148705 0.872315425531282 0.085974973191456 0.48132523852356 -0.405616850534478 -0.197000621057725 -0.451919519923102 0.560542731717451 0.246716038673705 -0.0399694648789946
15.9813749003296 20.5206708467992 21.5272762986484 0.321916364510149 -0.838044686681862 -0.440512021605419 0.849101479097726 0.0497371375606629 0.52588285931921 -0.29098881578004 0.0979650811372132 0.145706885246088 0.463086520154386 0.196886603872876 0.471005468938742
16.3075212152441 20.4510844886357 21.9158144228585 0.226616411929587 -0.471380489811863 -0.852317615137429 0.91145061749536 -0.205868851917958 0.356196124553793 0.228572667832685 0.00178032926588438 0.154611848207924 0.576305733828784 -0.175423585501813 0.0259067343859567
16.5624746774138 20.0314623829027 22.029752004908 0.426898712940235 0.353659198061782 -0.832275525037865 0.904159263895434 -0.183129530616241 0.385952708334901 0.483062795106992 -0.938892959349917 -0.227032426042294 0.723429667320889 -0.837583877897216 0.847725399979533
