
#id1 id2 FENE BEXC STCK NEXC HB CRSTCK CXSTCK total, t = 100
0 1 0.899124 0 -0.0168328 0 0 0 0 0.882291
1 2 0.0113395 0 -1.02134 0 0 0 0 -1.01
2 3 0.041982 0 -1.37134 0 0 0 0 -1.32936
3 4 0.139741 0 -1.15612 0 0 0 0 -1.01638
4 5 0.226095 0 -1.30422 0 0 0 0 -1.07813
5 6 0.186236 0 -1.12741 0 0 0 0 -0.941174
6 7 0.208799 0 -1.25251 0 0 0 0 -1.04371
7 8 0.220354 0 -1.34674 0 0 0 0 -1.12639
8 9 0.347643 0 -1.16597 0 0 0 0 -0.818328
9 10 0.198144 0 -1.29939 0 0 0 0 -1.10124
10 11 0.148772 0 -1.15181 0 0 0 0 -1.00304
11 12 0.14578 0 -1.18305 0 0 0 0 -1.03727
12 13 0.0936493 0 -1.08474 0 0 0 0 -0.991088
13 14 0.223271 0 -1.20286 0 0 0 0 -0.979585
14 15 0.206344 0.00649807 -1.06494 0 0 0 0 -0.852102
15 16 0.0312762 0 -1.35226 0 0 0 0 -1.32098
16 17 0.0742157 0 -1.11299 0 0 0 0 -1.03878
17 18 0.146027 0 -1.24359 0 0 0 0 -1.09757
18 19 0.0143472 0 -0.908998 0 0 0 0 -0.89465
19 20 0.0749271 0 -1.30505 0 0 0 0 -1.23012
18 21 0 0 0 0 0 -0.04752 -0 -0.04752
20 21 0.230205 0 -0 0 0 0 0 0.230205
21 22 0.893547 0 0 0 0 0 0 0.893547
22 23 0.00128413 0 -0.756442 0 0 0 0 -0.755158
23 24 0.0581457 0 -0.839333 0 0 0 0 -0.781188
24 25 0.000177519 0 -0.970486 0 0 0 0 -0.970309
25 26 0.00787697 0 -1.08405 0 0 0 0 -1.07618
26 27 0.0123055 0 -1.37726 0 0 0 0 -1.36496
28 29 0.00182662 0 -0.907898 0 0 0 0 -0.906072
29 30 3.68148e-05 0 -1.04326 0 0 0 0 -1.04323
30 31 0.0942463 0 -0.823639 0 0 0 0 -0.729393
31 32 0.00225996 0 -1.27716 0 0 0 0 -1.2749
32 33 0.0595107 0 -1.15945 0 0 0 0 -1.09994
33 34 0.0143843 0 -1.11335 0 0 0 0 -1.09897
34 35 0.0715843 0 -1.04981 0 0 0 0 -0.978226
35 36 0.0655049 0 -1.33894 0 0 0 0 -1.27343
36 37 0.0991789 0 -1.06119 0 0 0 0 -0.962016
37 38 0.172409 0 -1.17396 0 0 0 0 -1.00155
38 39 0.0752358 0 -1.27507 0 0 0 0 -1.19983
39 40 0.15106 0 -1.37991 0 0 0 0 -1.22885
40 41 0.0695699 0 -1.26198 0 0 0 0 -1.19241
41 42 0.329941 0 -1.13846 0 0 0 0 -0.80852
42 43 0.0848835 0 -1.23921 0 0 0 0 -1.15432
43 44 0.00993836 0 -1.33859 0 0 0 0 -1.32865
44 45 0.108485 0 -0.997866 0 0 0 0 -0.889381
45 46 0.0912194 0 -1.13603 0 0 0 0 -1.04481
46 47 0.000567017 0 -1.33592 0 0 0 0 -1.33535
47 48 0.0912634 0 -1.14889 0 0 0 0 -1.05763
48 49 0.0832775 0 -1.26278 0 0 0 0 -1.17951
49 50 0.0175078 0 -1.29833 0 0 0 0 -1.28082
50 51 0.00653107 0 -1.24793 0 0 0 0 -1.2414
51 52 1.37772 0 0 0 0 0 0 1.37772
53 54 0.0110383 0 -1.2222 0 0 0 0 -1.21116
54 55 0.089356 0 -1.27916 0 0 0 0 -1.1898
55 56 0.270641 0 -1.07112 0 0 0 0 -0.800475
56 57 2.48664e-06 0 -1.22627 0 0 0 0 -1.22627
57 58 0.0848978 0 -1.35997 0 0 0 0 -1.27507
58 59 0.651306 0 -1.36829 0 0 0 0 -0.716983
59 60 0.148767 0 -1.06599 0 0 0 0 -0.917225
60 61 0.277877 0 -1.25607 0 0 0 0 -0.978192
61 62 0.180062 0 -1.29396 0 0 0 0 -1.1139
62 63 0.158651 0 -1.24927 0 0 0 0 -1.09062
63 64 0.140183 0 -1.40502 0 0 0 0 -1.26484
64 65 0.00999366 0 -1.2353 0 0 0 0 -1.22531
65 66 0.0383257 0 -1.25803 0 0 0 0 -1.2197
66 67 0.319042 0 -1.39093 0 0 0 0 -1.07188
67 68 0.227218 0 -1.21539 0 0 0 0 -0.988173
68 69 0.0540397 0 -1.38027 0 0 0 0 -1.32623
69 70 0.0305883 0 -1.27732 0 0 0 0 -1.24673
70 71 5.52303e-06 0 -1.16471 0 0 0 0 -1.1647
71 72 0.650742 0 -1.11035 0 0 0 0 -0.459613
72 73 0.000487071 0 -1.05235 0 0 0 0 -1.05187
73 74 0.0971928 0 -1.21302 0 0 0 0 -1.11582
74 75 0.016577 0 -1.2488 0 0 0 0 -1.23222
75 76 0.0334761 0 -0.752482 0 0 0 0 -0.719006
76 77 0.965646 0 0 0 0 0 0 0.965646
#Total energy per particle is  -0.903471 and should be -0.90347110

