t = 100
b = 30 30 30
E = -0.664175193445899 -0.840785428112285 0.176610234666385
24.1399688328406 3.41892197072307 6.14539477683499 -0.782795436305513 0.476053825567014 0.40075422769911 0.598560048377013 0.752135927307254 0.275712343447133 -0.287770801322243 0.292873333284111 0.618635431869307 -0.0502851956421506 0.502673330427191 -0.694720236138986
24.1947827355849 3.8655697949117 6.11661871680313 -0.436358749762161 -0.0379735746859775 0.898971040261727 0.480905964997047 0.834588417647864 0.26868477646805 0.139830270425827 0.00728287460900105 0.0627331358100999 0.512629348441163 0.736816227005169 -0.0856460444423933
24.0863403723101 4.3075271223951 6.30755529329566 0.271740676402028 -0.350735026876416 0.89618180447455 0.338989919419317 0.906424022274493 0.251954794556639 0.57728844204353 -0.124184584295676 -0.0163998517378831 0.540690494376687 -0.0331270741919743 0.296379958311445
24.1383741457493 4.70586657742443 6.57967998742335 0.667715596428675 -0.610230792519573 0.426349790574357 0.507822222135916 0.792166438945218 0.338509686742186 0.160229809464303 -0.220634943259396 0.198000581434086 0.547491190262805 -0.271644015091376 0.00907984679784716
24.271446786388 4.97910568389289 6.94366505511033 0.819893209342922 -0.501465175824493 -0.276238463336357 0.570982028342576 0.680915947569508 0.458620632533521 0.0817859666135457 -0.214585410671411 -0.196043037540026 0.519229896055083 -0.194199140325648 0.469664394200678
24.5720346074389 5.18379098003015 7.20165878510077 0.606991485877249 -0.419154586605104 -0.67518193803051 0.762845491621904 0.545470785499641 0.347171812995645 0.554964795768959 -0.035476404476913 0.289898587738607 0.487771867066996 0.0643894636681464 0.0112852535341979
24.9755105501714 5.1957953051585 7.47798521831722 0.228584106265505 0.210619878266252 -0.950467494359459 0.721007170356773 0.619388982391505 0.310653880736158 0.0202104382384169 -0.243556546233708 -0.483603048693471 0.564695420695151 -0.305881206386791 0.320624114761984
25.4089998233462 5.47292430867975 7.44661283169931 -0.246127312883802 0.305260441985634 -0.919911565970237 0.741080578406347 0.670973467150592 0.0243735228826803 -0.33602962075145 -0.120913275770195 -0.526532635582479 0.566156452403272 0.321877163775093 -0.225326533200485
25.8456933669234 5.58265026050529 7.32278340841039 -0.558085517979766 0.677923198666347 -0.478498246746409 0.754887008268839 0.654209866257305 0.0464213580549747 0.0394725518035307 0.0974766950832639 -0.439390543841535 0.559324207200482 -0.231030658370882 0.0698160213567342
26.2125744895332 5.92327153073106 7.23787899993269 -0.808998834901471 0.584687293631045 -0.0605106323260876 0.567845609996487 0.803971015211224 0.176583835291423 -0.0197133508921543 0.255068471437918 0.540538368235171 0.470158614849822 0.177342196686902 0.129144284853339
26.3688682307697 6.30488443912321 7.0273766734938 -0.552457226611111 0.319025940892606 0.77007359795409 0.570789157657698 0.818057131577373 0.07058435164792 -0.294672165682193 -0.0482472559923911 0.178911628943136 0.281613789850716 0.0111141992036341 0.187085489009732
26.4363120761508 6.78380932166074 7.03322231088386 -0.169241892442758 -0.073489734067921 0.982830770890878 0.464756273411585 0.873428805785036 0.145339648035493 -0.065618540499552 0.230758944477536 0.147293509949162 0.389927045762774 -0.370505597532941 0.117033718583869
26.4208534952163 7.21286622136755 7.19658567163685 0.282520215767176 -0.356364408222467 0.890610250099752 0.58931351475182 0.797050409965738 0.131985249649261 -0.3910048552508 -0.40997617082946 0.381585599801158 0.490035749298778 0.110383354107578 0.34395362343204
26.5065107963368 7.63752083873969 7.4183384001178 0.671170447976486 -0.626403193635767 0.39642042307737 0.605069009664667 0.771864979721807 0.195232751897574 -0.075933107968841 -0.614034800090607 0.53920112148789 0.0659473976010597 0.0340786340978242 0.643399455818728
26.5742748959648 9.45096373690243 8.04157182878425 0.657767108188974 -0.688927951733959 -0.304500565330711 0.750349877903452 0.564062330055736 0.344686281208561 0.300538941305196 5.89472263963335 1.45889908645258 0.406142409622697 0.627280917972815 0.882610940072852
26.8655864078493 8.28866730028543 8.29293592735475 0.695765122080486 -0.287036751983728 -0.658422872581896 0.677404616838999 0.567011677657799 0.468636997263687 -1.05286817298542 -0.0685884970255242 0.756071514350314 0.779392038717432 0.041256943929279 -0.1350029737866
27.4153424270361 8.31457049421982 8.30814323239255 0.483194864405933 -0.0184335721391472 -0.875318690582328 0.662384405430436 0.66146766435451 0.351720501411925 -0.0710994274301149 0.321193848827229 -0.175036354730308 0.277157147360739 0.0934306975167366 0.100609642644818
27.852361132453 8.62095059379389 8.37566119746442 -0.0351084705843012 0.192515017687607 -0.980665718003614 0.585429387547477 0.799244794659294 0.135941425825614 0.0820487572112855 0.365387751029607 0.243757473401163 0.364643367947242 0.464163936793731 -0.386578822056853
28.2803567739851 8.71960049288433 8.18603094671724 -0.447988847488846 0.765024820009536 -0.462647704075137 0.811699149872311 0.564956130421573 0.148219249306703 0.0439427607056726 0.761044465091233 -0.138223287914712 0.55468315258931 -0.257060908907401 0.0475165406396945
28.5927823722433 9.05328546264815 7.97817236504913 -0.740898562790052 0.667895778020424 0.0706004968608279 0.669943939262961 0.742373297650218 0.00754259180889466 -0.0475870766076356 1.03470810762885 0.084665014195166 0.172313795409116 0.00567766718546443 0.274671731493545
28.7563415586109 9.48311684258513 7.86317229658173 -0.657652984729281 0.241664844317677 0.713505808083772 0.536846114937584 0.814801529653317 0.218848343234123 -0.273681604016474 0.873361658526371 -0.192195561560153 0.293043108796608 0.0686453004926488 0.517248566644191
28.1155826762115 10.3398899469035 7.3168726908392 -0.223543937737025 -0.0383364482824134 0.973939580585544 0.487778867929541 0.860699314190709 0.145836727771252 -3.47385189883251 2.35056700795657 -1.65785003389258 0.347067256734104 -0.359600331683317 0.107946625788621
28.7368312583424 10.407816568047 8.00350280668852 0.229630091591199 -0.572652164748397 0.786981197145789 0.516988678847588 0.756849571953601 0.399876624446754 -0.538449554561978 0.0268634177466108 0.656346728237674 0.444144847233767 0.476193206453277 0.139193692229209
28.9046256330905 10.6402538316202 8.35006623398613 0.586864065157613 -0.628494482168503 0.510475401696423 0.440087368859325 0.776800227088456 0.450449116217387 -0.39083291745366 0.195498166786103 0.0912299410326376 0.558239941625514 0.327654323696412 0.182426648034324
29.1375391549391 10.966932835067 8.69160394553241 0.73091071098976 -0.682085545290193 0.0229939845198423 0.650980587372035 0.706903942515 0.276606168274385 0.163098216409875 0.095713680184415 0.280661058811377 0.118834332222682 0.151243790763303 0.0550497860854846
29.4579792019093 11.200315462613 8.97614462297333 0.521380009662876 -0.534212316677946 -0.665417137647542 0.737004786952426 0.674948857275041 0.0356070933698151 0.182982821271322 0.0387279498298981 0.00897733412551084 0.299975602649182 0.0226749481023355 -0.389209262410197
29.8780797668104 11.200811408939 9.10181847425548 0.199639652516055 0.149910790452751 -0.968333955570821 0.720149398086243 0.647696857690954 0.248743861245665 0.286842301226663 0.138642066334115 0.199342086549808 0.356929636435343 -0.226909848580317 0.55543346599276
30.3033534432689 11.4384824772092 9.17598498076811 -0.287871100455918 0.461597606593372 -0.839081499888503 0.600081619793386 0.769775388488686 0.21759545429907 0.484369822340547 0.261909283286752 -0.42204557160559 0.0286357440083132 0.249293266074627 0.657734147229369
16.7705767874384 11.2653607140038 -0.242532243874143 0.52946168032108 -0.241170302642076 0.813330867532806 0.0887148549041764 0.969222946333023 0.229644151856642 0.482497933217983 0.00698639929131795 -0.0765650788513084 -0.00331283505090484 0.0983846971459666 -0.543638128634492
16.6521829036309 11.6676924169128 0.00339969959087943 0.940339765965846 -0.248187155471751 0.232731910664649 0.19110399929541 0.951210709138035 0.242234044755425 -0.126540426727439 -0.255487424543478 0.221025169034127 0.356598061333232 0.17031415158134 -0.480042292865347
16.8250797124288 11.9641995684581 0.302473728288087 0.878062159070642 0.00292719621008794 -0.478537519133623 0.0363615349878874 0.996682273587458 0.0728159677981585 0.23748374145646 -0.225653280680146 0.0804341594234604 0.434920219309019 -0.111298107844731 0.181754064802
16.9089481511726 12.4323327578402 0.47491000880778 0.510716449480634 -0.128198864541122 -0.850137424649569 0.168524396596473 0.984565253861476 -0.0472299721166276 -0.00848567191825311 -0.319472176521861 -0.0616597509413623 0.443179118809402 0.612741506142939 -0.114873955616575
17.1997471963578 12.8014233029833 0.510262128136747 -0.0883434030969177 0.0191090391875732 -0.995906706995947 0.338891294826051 0.940748805445994 -0.012011172178669 -0.08354821874516 -0.0601354328503237 -0.210750248774219 0.340138875018708 -0.0177626246455311 -0.130435024423954
17.4318369014248 13.2209632249352 0.43087662288489 -0.568319068275328 -0.0361947605952589 -0.822011715420072 0.0883477882812713 0.990571962188527 -0.104698326362151 -0.128692990584299 -0.0130832049258934 -0.377417220375153 0.466981584129009 -0.0543811564392275 -0.375689727115196
17.5697782718809 13.6944608839992 0.317335504615194 -0.872582775750984 -0.177219648201348 -0.455183904695147 -0.13873543348272 0.983403277523298 -0.116920298502749 -0.253096560371459 0.385007472424523 0.321420264990493 0.344605900611009 0.283292161659373 -0.551740509464841
17.5254410211022 14.0341430206668 0.0274646177261113 -0.968504706296872 -0.0548779487608058 0.242872251833457 -0.0529941403684707 0.998492542029472 0.0142879634190755 -0.401754642604129 0.44791251874787 -0.182392489345645 0.50660993946913 0.130495752856152 -0.385808333551049
17.336383562822 14.4133983672683 -0.145485700595001 -0.573309178184486 -0.0487545355973474 0.817887195264906 -0.0593079813717398 0.998078758565705 0.0179230800369802 0.00158297630917678 -0.0807049319139047 0.370103822838092 0.396101954592276 0.142236373927076 -0.154252605084282
17.1373303228315 14.7658670974929 -0.217565683163585 0.0287127817754687 -0.0139792066211919 0.999489890057431 -0.0573175424588019 0.99823392252887 0.0156082273375887 -0.0573568839177386 -0.064911204239446 0.103549618770973 0.232947678839455 -0.0267839109709617 -0.1731849360699
16.9704996673268 15.2273282423713 -0.127492060668532 0.620362749780571 -0.16118004961706 0.767574707819349 0.0402076312565848 0.983904920408779 0.174110124651646 0.199338550633511 0.33692898144133 0.225161935904136 0.132092265207582 0.331762073640662 -0.0472820794903057
16.8319346184853 15.6408494929007 0.100809545803057 0.956502328266411 -0.227133024549842 0.183067654274961 0.161670316517397 0.935071122694619 0.31544348474499 0.296854596776413 -0.152161299967556 0.137875799173962 0.641402882735368 -0.0341034875759438 -0.569900865639461
16.8838912515818 15.8253312002809 0.4748837959751 0.900818769212714 0.153508630840275 -0.406153328353862 -0.0601203097707814 0.970504360814064 0.233466735979152 0.527687124884796 -0.0404384848823861 -0.198712003851775 0.646123139044903 -0.344368933457797 0.162357683923037
17.0013839202047 16.2682105211116 0.719274988557574 0.584501413349569 0.0143358506493643 -0.811265963831223 0.132140174937048 0.984813947030445 0.112607044767092 0.501846001096612 -0.130923414898507 -0.595525235619388 0.174083543059769 0.151183406883339 -0.232320388530405
17.2667705828441 16.6930006042075 0.713942642160525 0.0154441397438553 -0.0981323133206947 -0.99505347151873 0.0482368302193826 0.994086555770761 -0.0972882769941959 -0.267751588676931 -0.012775679509621 -0.132136449918991 0.439588178056264 0.526823227095955 -0.0903538909519568
17.5543827237727 17.0674698205309 0.557064020839911 -0.717389723534658 0.0471957422608618 -0.695071526857437 0.146515431361053 0.985610075436987 -0.0842964538508772 0.156491132119593 0.260877595509581 -0.650206796224125 0.543135539317962 -0.100193795657023 -0.189562670756405
17.7153036102344 17.4291910333613 0.276132037238997 -0.989892047784195 0.0221225941272215 -0.140086421742169 0.0365452256161417 0.994190960867748 -0.101235681553635 -0.685120187725627 0.0678385112098531 0.130363634247127 0.40443654267863 -0.3560155339036 0.16173083128185
17.7021339186377 17.8186483065628 0.0432762498285169 -0.809069096392275 -0.0188386436306378 0.587411429549237 0.0143440916003414 0.99855538103972 0.0517810662709282 -0.432920502417758 0.250356491263493 -0.209220271925845 0.215020759172563 0.0854884795651704 0.467100937314026
17.5831843288293 18.2620207572649 -0.0579922339773692 -0.258407986518919 -0.17411806482527 0.95021476489084 -0.144626000908517 0.979509892976359 0.140155526221155 -0.0779976099921963 -0.547869438907827 0.201007293419914 0.177690147607174 0.366696084749158 0.205209755606909
17.3356070095186 18.6645868435908 0.0823566952053308 0.221095965899276 -0.306866225074694 0.925715710112898 -0.135260835521402 0.930384230448523 0.340719203286745 0.332702796122188 -0.0683554103477456 0.43180638896103 0.695769304431675 0.340625120623925 0.0392012208341172
17.0664542567312 18.9462459856541 0.239300477698942 0.728344813106132 -0.0672289530786582 0.681904672494603 -0.15210787676249 0.954481687657821 0.256569272261502 0.353385277112501 -0.116504244243715 0.541328075950398 0.548994064414421 -0.0770272083001006 0.272698120256205
16.9216525227319 19.3310412686197 0.516258041500673 0.99557582416184 -0.017335971858769 0.0923478443835899 0.0154792962268474 0.999664097277464 0.0207837644649799 0.379385326605106 -0.156391472659479 0.710255950350771 0.261937914112381 -0.108778642852293 0.195575265751075
16.9440230233682 19.8088330580861 0.77046079073333 0.866016882685714 -0.122408724837567 -0.48479969504632 0.0979151315842229 0.992315760236742 -0.0756435097867546 0.259820804811282 0.219484229444713 0.59297623642307 0.153189994678643 0.221094658452899 0.110593245094
17.2499166695218 20.3036811953116 0.820460601612668 0.514704066047918 -0.303274616177925 -0.801937723901441 0.243609498850278 0.948528289909069 -0.202357052489024 0.685738262614481 0.286946001183812 -0.578507858785785 0.229960337009514 0.538151333332422 0.207688577547028
18.1964596994054 19.4353562705984 1.66820201386983 0.146317940980821 0.0861655766852822 -0.985477773669619 0.274891511723503 0.953422569327441 0.124177085850944 3.57249511814394 -4.32486286024515 2.39794338899765 0.560317490040871 -0.132814214213095 -0.512825590369569
20.1361138620197 20.9968580919879 15.415852109972 0.858937926319723 -0.447781823525819 0.248428981202059 0.38416250366618 0.884244463369541 0.265576317803993 0.219918845837449 -0.619074685185682 0.0170284290654959 -0.0390922577379564 -0.335508761524457 -0.147245624402799
20.3754515009675 21.3454898933628 15.6926370402868 0.752882944239446 -0.489095601296129 -0.440400551948361 0.633375811613115 0.720306385208252 0.282831528449873 0.0638199208564292 -0.255140043878217 -0.04035548952963 0.183262964257993 -0.0860381239929561 -0.39978036253703
20.8298599494644 21.4260804891221 15.9506467858515 0.471814448258189 0.0341311382120832 -0.88103693072399 0.698488754899389 0.595323572387554 0.397118607848247 0.215618645286152 -0.279396837864925 -0.12446267883718 0.35972444020547 0.0911194456138492 0.204835333816118
21.2834536342962 21.606535683597 16.2670941694298 0.0274747304797701 0.261005724379406 -0.964946129153788 0.654591055525788 0.724854133612823 0.214701924164635 -0.32616599786139 0.0724396091829077 0.171945249326646 0.483308337751304 -0.0284676129459069 -0.0984715113718723
21.7104385593101 21.8301490228827 16.2114382322202 -0.488243875537403 0.551883069761247 -0.676049462767532 0.716650243135851 0.695617088060882 0.0502909971330549 0.276844748810489 0.855559446472479 -0.405106378403541 0.189309042218008 -0.393392076985287 -0.22817245939393
22.10514446292 22.1057280917066 16.1158603673626 -0.814755894032086 0.561912476634159 -0.142923344962219 0.536489518733263 0.824111744922072 0.181710512020189 -0.332796988593075 0.313911465568578 -0.0728807102102515 0.559853443402123 0.200503122580007 0.00395770199566038
22.3225224105482 22.4277662702399 16.0142371119867 -0.770819310267754 0.455202243908134 0.445677449414802 0.598560655198453 0.757000855832322 0.262058633303017 0.113494961141535 0.123614983211123 0.355208408881755 0.366918846255072 0.0450404460371601 -0.0146209550376763
22.5220325436565 22.8797246789102 16.0516200352825 -0.675766795591393 0.0730523392074214 0.733486522093265 0.49227954400373 0.785362431266945 0.37532197310631 0.0341387015929713 -0.263798446566792 0.99346150556437 0.417432354094306 0.191035122814253 -0.44532783837381
22.4721296040756 23.3228695614588 16.0991489196679 0.0648691715608836 -0.292019711374918 0.954209809113985 0.530404815346947 0.82005266969465 0.214905171234591 0.148266304816097 0.0317161254031321 0.777936084324173 0.244665534435481 0.0690590530514738 0.440213919804303
22.6707649060966 23.7379462438851 16.2117763904537 0.193968103770215 -0.637939343652579 0.745258113061319 0.592719594215423 0.681556294574933 0.429143777386832 0.10990566070041 -0.238233785917047 0.17960746123134 0.26759768108178 0.228920809357339 -0.708591930873478
22.6464455379655 24.0242539103999 16.5954169422047 0.782982452608104 -0.586205969399122 0.20808873487966 0.550100012054275 0.808701011123764 0.208308744010586 0.35660096774519 -0.264010196573883 0.0531891817628889 0.409570418675782 -0.155728168917279 -0.0445609942183126
22.9014331746803 24.2072266289312 16.9339170308643 0.75674648353585 -0.419239544384114 -0.501570379116204 0.627719834745714 0.680217586227425 0.378512518315705 0.662604436000521 -0.234461248079871 -0.13163088172987 0.120872744920091 0.203529264449946 0.0690647527311642
23.2345186180774 24.3180950700833 17.17386802698 0.540733628381171 0.072901733763728 -0.838028854849516 0.653048864937684 0.591566951319647 0.472837823845929 0.318032881409209 -0.267894113455582 -0.013925692220245 0.441259653297889 -0.252052792792219 0.00424913056262833
23.6352591136242 24.3629030831795 17.339653231799 0.0943579127179786 0.520923541046591 -0.848372047086696 0.477516262397136 0.724063358116148 0.497705088759723 0.181001946309004 0.151776154576928 -0.230635751969053 0.537715765666097 -0.323560207847965 0.258146632204382
24.0994345903424 24.5293489042361 17.3523162487069 -0.440714357439858 0.647300919565652 -0.621910166883098 0.722163876603241 0.667171435953081 0.182651292853414 0.0270038971531283 0.456244666669753 0.325960011302787 -0.000893501272245557 0.0139738552913897 0.362601257561956
24.4477034589817 24.8304843214261 17.3079833697391 -0.791064451022404 0.580477251380036 -0.193036462608888 0.536825096533105 0.810034240869934 0.235930552049015 0.0125563807774491 0.0894108873222474 0.156067397486741 0.500319526128305 -0.115792362766911 -0.419376337666099
24.6194182981472 25.237547738056 17.0889232101089 -0.730578047769711 0.459526925510383 0.505064948233286 0.594296166165315 0.792157916716221 0.138916470400801 -0.392679044843877 0.135452168027667 0.278416580807367 0.513831261204361 0.182328078903384 0.280205603630413
24.7705682128033 25.6855773318843 17.0174130165499 -0.697433214816592 0.0820944258657469 0.711932090142491 0.416242554572316 0.855078513532329 0.309164610727449 0.0113955403213366 -0.395399043043333 0.396105600286867 0.48740256030274 0.254697228245261 -0.311212764632507
24.7883607237896 26.1599804690457 17.0673727596693 -0.126493698316336 -0.288540240326938 0.949075210778117 0.495559944513411 0.810433380410395 0.312438730363801 -0.0974930360855332 0.248507709043526 0.351997729659473 0.37996648219162 -0.132973431684388 -0.0375281545327416
24.8308919516955 26.5173179998471 17.3325071424278 0.502804835141804 -0.604161360935397 0.618204035342587 0.596965243591981 0.759939478351816 0.257146588538387 0.0129674413101023 -0.80553114449531 0.666899015421876 0.29502321244236 -0.18928736739829 -0.19269677935216
24.974100284797 26.8315935017687 17.6418051089819 0.755544695729747 -0.651392473253392 0.0695696767474738 0.595922404756753 0.727517165162848 0.339992857218316 0.393769587671688 -0.143897626302577 0.0112579007167743 0.422973313786386 0.283073008540663 0.431876125079138
25.2435638158428 27.0560886089412 17.9645249731016 0.697945743951178 -0.553057137983505 -0.454971890874083 0.715257072149562 0.570050742821049 0.404288704712381 0.71872829121408 -0.0196683943678767 0.0666050056449253 0.428483980196071 0.253585707107204 0.0422713797433679
25.6215308272313 27.0492902418989 18.271466703188 0.442174973339768 0.0677388616165821 -0.89436716358815 0.734300426436458 0.54526603504682 0.404336151229741 0.413694452687992 -0.299724486178918 -0.592697156645082 0.470509098785991 -0.0408211037885228 0.269886750929811
26.1365942576205 27.1789589156389 18.3571614689387 -0.156087839212742 0.445945877345868 -0.881344852510768 0.701279419402997 0.678395356902467 0.219058892116402 0.789397313400954 -0.275503042046096 -0.561458950884795 0.447732418082161 0.0251782680706745 0.796459844014573
26.4323454694599 25.6793620835203 17.4510504793461 -0.460312597068358 0.642478213248477 -0.612645035875409 0.652406704838993 0.712833878837342 0.257358182177723 -0.261024086018212 -7.31229667636168 -4.24873511861551 0.139172537528148 -0.0151628473324185 0.0523388343355454
