t = 0
b =  30.0 30.0 30.0
E = 0. 0. 0.
24.0756756642 3.35977697299 6.13558378079 -0.66533883795 0.364788859239 0.651347310496 0.620176335584 0.755768073012 0.210228286863 0.0 0.0 0.0 0.0 0.0 0.0
24.0953550894 3.88725385714 6.03525452768 -0.295268381311 -0.023388744418 0.955128027875 0.620176335584 0.755768073012 0.210228286863 0.0 0.0 0.0 0.0 0.0 0.0
24.0477280779 4.40939927626 6.15264673857 0.186979470011 -0.402680573032 0.896039638575 0.620176335584 0.755768073012 0.210228286863 0.0 0.0 0.0 0.0 0.0 0.0
24.0427230424 4.83975364609 6.47429121328 0.598190694546 -0.62898731949 0.496530809596 0.620176335584 0.755768073012 0.210228286863 0.0 0.0 0.0 0.0 0.0 0.0
24.1740755946 5.12673033665 6.90911990165 0.782139273008 -0.616331267168 -0.0916183755003 0.620176335584 0.755768073012 0.210228286863 0.0 0.0 0.0 0.0 0.0 0.0
24.4837168186 5.27321429547 7.32306417845 0.668940064983 -0.369520661939 -0.644960207967 0.620176335584 0.755768073012 0.210228286863 0.0 0.0 0.0 0.0 0.0 0.0
24.9458429515 5.33546600777 7.58998975555 0.30159934219 0.017677020817 -0.953270874267 0.620176335584 0.755768073012 0.210228286863 0.0 0.0 0.0 0.0 0.0 0.0
25.476718664 5.40174719752 7.63961720686 -0.180324013174 0.39815890782 -0.899417997594 0.620176335584 0.755768073012 0.210228286863 0.0 0.0 0.0 0.0 0.0 0.0
25.966489512 5.55878872284 7.48422229732 -0.593739261076 0.62737356888 -0.503861186168 0.620176335584 0.755768073012 0.210228286863 0.0 0.0 0.0 0.0 0.0 0.0
26.3209174767 5.85884007292 7.21397221454 -0.781583036904 0.618238521996 0.0831209139928 0.620176335584 0.755768073012 0.210228286863 0.0 0.0 0.0 0.0 0.0 0.0
26.4971835636 6.29981891355 6.96266954672 -0.672490349641 0.374224324209 0.63852398922 0.620176335584 0.755768073012 0.210228286863 0.0 0.0 0.0 0.0 0.0 0.0
26.5201554541 6.82610220065 6.85691844233 -0.30790733511 -0.0119639510424 0.951341125391 0.620176335584 0.755768073012 0.210228286863 0.0 0.0 0.0 0.0 0.0 0.0
26.4729398579 7.34965830474 6.96802557742 0.173654823965 -0.393606921266 0.902727862451 0.620176335584 0.755768073012 0.210228286863 0.0 0.0 0.0 0.0 0.0 0.0
26.4653088843 7.78349169874 7.28490955715 0.589242612063 -0.625712041344 0.51115319176 0.620176335584 0.755768073012 0.210228286863 0.0 0.0 0.0 0.0 0.0 0.0
26.5919957827 8.07469401323 7.71831092302 0.780967280226 -0.620098695568 -0.0746171225058 0.620176335584 0.755768073012 0.210228286863 0.0 0.0 0.0 0.0 0.0 0.0
26.8967041971 8.22454481055 8.13470331348 0.675989421555 -0.378899487848 -0.6320391444 0.620176335584 0.755768073012 0.210228286863 0.0 0.0 0.0 0.0 0.0 0.0
27.3555044215 8.28802545769 8.40702236108 0.314191879695 0.00624997016662 -0.949338928206 0.620176335584 0.755768073012 0.210228286863 0.0 0.0 0.0 0.0 0.0 0.0
27.8859246947 8.35293078573 8.46293957012 -0.16697241027 0.389024960021 -0.905968981086 0.620176335584 0.755768073012 0.210228286863 0.0 0.0 0.0 0.0 0.0 0.0
28.3782836017 8.50651436565 8.31234112142 -0.584701089943 0.624002863413 -0.518406271057 0.620176335584 0.755768073012 0.210228286863 0.0 0.0 0.0 0.0 0.0 0.0
28.7373598769 8.80233941792 8.04357194692 -0.780292049866 0.621911646223 0.0661076486361 0.620176335584 0.755768073012 0.210228286863 0.0 0.0 0.0 0.0 0.0 0.0
28.9185685548 9.23992924951 7.78987201301 -0.679437014257 0.383545796825 0.625506167352 0.620176335584 0.755768073012 0.210228286863 0.0 0.0 0.0 0.0 0.0 0.0
28.9448995439 9.76494835756 7.67875622963 -0.320452497352 -0.000535513331409 0.947264435185 0.620176335584 0.755768073012 0.210228286863 0.0 0.0 0.0 0.0 0.0 0.0
28.8981833761 10.2898453953 7.78356940405 0.160277280978 -0.38441337302 0.909141106675 0.620176335584 0.755768073012 0.210228286863 0.0 0.0 0.0 0.0 0.0 0.0
28.8880024196 10.7271153926 8.09562132234 0.580115040571 -0.622246165249 0.52561987171 0.620176335584 0.755768073012 0.210228286863 0.0 0.0 0.0 0.0 0.0 0.0
29.0100587049 11.022544357 8.52748830693 0.779557397245 -0.623677235899 -0.057593140413 0.620176335584 0.755768073012 0.210228286863 0.0 0.0 0.0 0.0 0.0 0.0
29.3098151233 11.1758060758 8.94622693336 0.682832865201 -0.388162897304 -0.618925555587 0.620176335584 0.755768073012 0.210228286863 0.0 0.0 0.0 0.0 0.0 0.0
29.7652233149 11.2405860499 9.22388145991 0.32668871131 -0.00517898428521 -0.94511780431 0.620176335584 0.755768073012 0.210228286863 0.0 0.0 0.0 0.0 0.0 0.0
30.2951002085 11.3041854744 9.28609635323 -0.153569945951 0.379772511451 -0.912243997649 0.620176335584 0.755768073012 0.210228286863 0.0 0.0 0.0 0.0 0.0 0.0
16.6839463961 11.2843898022 -0.389976686237 0.70847053902 -0.0525361329752 0.703782246204 0.0265102654103 0.998502687861 0.0478496411957 0.0 0.0 0.0 0.0 0.0 0.0
16.5269063001 11.6622185481 -0.0417397709726 0.987425226931 -0.0336186119767 0.154470742046 0.0265102654103 0.998502687861 0.0478496411957 0.0 0.0 0.0 0.0 0.0 0.0
16.5949498156 12.0323839303 0.341708754801 0.891240562262 -0.00192881821502 -0.453526779628 0.0265102654103 0.998502687861 0.0478496411957 0.0 0.0 0.0 0.0 0.0 0.0
16.8661516454 12.4021096384 0.621775836889 0.456458707241 0.0304937658347 -0.889221895158 0.0265102654103 0.998502687861 0.0478496411957 0.0 0.0 0.0 0.0 0.0 0.0
17.2414032518 12.7787864013 0.699144759996 -0.151739442243 0.0513312584152 -0.987086745721 0.0265102654103 0.998502687861 0.0478496411957 0.0 0.0 0.0 0.0 0.0 0.0
17.5820658476 13.1671641262 0.551507228357 -0.70228924067 0.0526671477109 -0.709940838374 0.0265102654103 0.998502687861 0.0478496411957 0.0 0.0 0.0 0.0 0.0 0.0
17.7626415889 13.5675473291 0.242038660273 -0.986027614918 0.0339939070435 -0.16307653695 0.0265102654103 0.998502687861 0.0478496411957 0.0 0.0 0.0 0.0 0.0 0.0
17.7184523043 13.9756794442 -0.104603209541 -0.895157612755 0.00240581274245 0.445743267354 0.0265102654103 0.998502687861 0.0478496411957 0.0 0.0 0.0 0.0 0.0 0.0
17.4702118137 14.3843599643 -0.349637887536 -0.46420226727 -0.0300962900425 0.885217751961 0.0265102654103 0.998502687861 0.0478496411957 0.0 0.0 0.0 0.0 0.0 0.0
17.1161564018 14.7861800342 -0.392887151117 0.1431112806 -0.0511643090572 0.988383212547 0.0265102654103 0.998502687861 0.0478496411957 0.0 0.0 0.0 0.0 0.0 0.0
16.7947232107 15.1763371982 -0.2108344303 0.696054460276 -0.0527941516394 0.716045365799 0.0265102654103 0.998502687861 0.0478496411957 0.0 0.0 0.0 0.0 0.0 0.0
16.6319556557 15.5544599337 0.134440854182 0.984554913084 -0.0343666133427 0.171669912945 0.0265102654103 0.998502687861 0.0478496411957 0.0 0.0 0.0 0.0 0.0 0.0
16.6936174242 15.9247487986 0.518848300722 0.89900649353 -0.00288262405792 -0.437925810005 0.0265102654103 0.998502687861 0.0478496411957 0.0 0.0 0.0 0.0 0.0 0.0
16.9602077512 16.2943805693 0.803430545091 0.471910476498 0.0296965223013 -0.881146196005 0.0265102654103 0.998502687861 0.0478496411957 0.0 0.0 0.0 0.0 0.0 0.0
17.3343700861 16.6707816631 0.887155486356 -0.134472220478 0.0509934633389 -0.989604410164 0.0265102654103 0.998502687861 0.0478496411957 0.0 0.0 0.0 0.0 0.0 0.0
17.6778794741 17.0588067186 0.745300071186 -0.689766672639 0.0529171350888 -0.722095363598 0.0265102654103 0.998502687861 0.0478496411957 0.0 0.0 0.0 0.0 0.0 0.0
17.8641565274 17.4588942366 0.438842995163 -0.983007233581 0.0347367024912 -0.180250215611 0.0265102654103 0.998502687861 0.0478496411957 0.0 0.0 0.0 0.0 0.0 0.0
17.8263570509 17.866899987 0.0912978768195 -0.902786911481 0.00335921585041 0.43007500291 0.0265102654103 0.998502687861 0.0478496411957 0.0 0.0 0.0 0.0 0.0 0.0
17.5827672695 18.2756714709 -0.158211631078 -0.479582747916 -0.029294493055 0.877007537355 0.0265102654103 0.998502687861 0.0478496411957 0.0 0.0 0.0 0.0 0.0 0.0
17.2298565856 18.6777652741 -0.20780724324 0.125822919777 -0.050818734271 0.990750245574 0.0265102654103 0.998502687861 0.0478496411957 0.0 0.0 0.0 0.0 0.0 0.0
16.9056272403 19.0682749452 -0.0315613057496 0.6834263566 -0.0530360886935 0.728090371039 0.0265102654103 0.998502687861 0.0478496411957 0.0 0.0 0.0 0.0 0.0 0.0
16.7371849544 19.4466950382 0.310652854729 0.981384694272 -0.0351041463053 0.188816791525 0.0265102654103 0.998502687861 0.0478496411957 0.0 0.0 0.0 0.0 0.0 0.0
16.7924493405 19.81711314 0.695907808776 0.906498578712 -0.00383555182561 -0.422191443939 0.0265102654103 0.998502687861 0.0478496411957 0.0 0.0 0.0 0.0 0.0 0.0
17.0543501061 20.1866569277 0.984924209893 0.487218497252 0.0288902329196 -0.872802091185 0.0265102654103 0.998502687861 0.0478496411957 0.0 0.0 0.0 0.0 0.0 0.0
17.4273123435 20.5627862448 1.07498534686 -0.117164037173 0.0506401351597 -0.991820631518 0.0265102654103 0.998502687861 0.0478496411957 0.0 0.0 0.0 0.0 0.0 0.0
20.0711147763 21.2529897088 15.3135698357 0.747442735348 -0.656166847114 0.103799933161 0.606920440073 0.738004751907 0.294951802138 0.0 0.0 0.0 0.0 0.0 0.0
20.2978171826 21.410451356 15.7745437512 0.763863797493 -0.439191527 -0.472887831828 0.606920440073 0.738004751907 0.294951802138 0.0 0.0 0.0 0.0 0.0 0.0
20.6986423655 21.4677992807 16.1277228706 0.490080231849 -0.0553600028879 -0.869917603243 0.606920440073 0.738004751907 0.294951802138 0.0 0.0 0.0 0.0 0.0 0.0
21.2111813527 21.512527891 16.282604245 0.0301069924207 0.349503711891 -0.936451132938 0.606920440073 0.738004751907 0.294951802138 0.0 0.0 0.0 0.0 0.0 0.0
21.7305832298 21.6369258835 16.2240215541 -0.44130439679 0.621585123132 -0.647211220603 0.606920440073 0.738004751907 0.294951802138 0.0 0.0 0.0 0.0 0.0 0.0
22.1493897558 21.9030142243 16.0179070451 -0.745056867444 0.657515953746 -0.112084944766 0.606920440073 0.738004751907 0.294951802138 0.0 0.0 0.0 0.0 0.0 0.0
22.3983605453 22.3189833475 15.7862427694 -0.76574977747 0.443645480452 0.465624275548 0.606920440073 0.738004751907 0.294951802138 0.0 0.0 0.0 0.0 0.0 0.0
22.472778649 22.8360814719 15.660717562 -0.495521544381 0.0612266717766 0.866435048759 0.606920440073 0.738004751907 0.294951802138 0.0 0.0 0.0 0.0 0.0 0.0
22.4342426011 23.3671362181 15.7326962513 -0.0370363919035 -0.344453173162 0.938072660924 0.606920440073 0.738004751907 0.294951802138 0.0 0.0 0.0 0.0 0.0 0.0
22.3872641065 23.8196728526 16.0185086331 0.435519505074 -0.619269498666 0.653320785466 0.606920440073 0.738004751907 0.294951802138 0.0 0.0 0.0 0.0 0.0 0.0
22.4395622968 24.1310469854 16.4532455085 0.742614260575 -0.658814987993 0.120361420669 0.606920440073 0.738004751907 0.294951802138 0.0 0.0 0.0 0.0 0.0 0.0
22.6611394311 24.292244221 16.9154187735 0.767577442636 -0.448065648583 -0.458325260177 0.606920440073 0.738004751907 0.294951802138 0.0 0.0 0.0 0.0 0.0 0.0
23.0576858676 24.3513048778 17.2731167811 0.500925121029 -0.0670886780173 -0.862886511891 0.606920440073 0.738004751907 0.294951802138 0.0 0.0 0.0 0.0 0.0 0.0
23.5684182012 24.3950726684 17.4341197811 0.0439629709217 0.33937640299 -0.939622751045 0.606920440073 0.738004751907 0.294951802138 0.0 0.0 0.0 0.0 0.0 0.0
24.0891718955 24.5162013208 17.3809357454 -0.429701446861 0.61690671443 -0.659380597422 0.606920440073 0.738004751907 0.294951802138 0.0 0.0 0.0 0.0 0.0 0.0
24.5119751313 24.7779538781 17.1774458819 -0.740115100756 0.660063850928 -0.128628730583 0.606920440073 0.738004751907 0.294951802138 0.0 0.0 0.0 0.0 0.0 0.0
24.7660691067 25.190168011 16.9446350951 -0.769346653809 0.45245169478 0.450991341562 0.606920440073 0.738004751907 0.294951802138 0.0 0.0 0.0 0.0 0.0 0.0
24.8447904882 25.7055185219 16.8146277988 -0.50629055029 0.0729455751953 0.859272262875 0.606920440073 0.738004751907 0.294951802138 0.0 0.0 0.0 0.0 0.0 0.0
24.8081029228 26.237496979 16.8804916419 -0.0508862019894 -0.334273787991 0.941101285255 0.606920440073 0.738004751907 0.294951802138 0.0 0.0 0.0 0.0 0.0 0.0
24.759815846 26.6932777156 17.1608795526 0.423850665219 -0.614496950359 0.665390194993 0.606920440073 0.738004751907 0.294951802138 0.0 0.0 0.0 0.0 0.0 0.0
24.8081455417 27.0089838531 17.5929431792 0.737559578305 -0.661262447445 0.136886244922 0.606920440073 0.738004751907 0.294951802138 0.0 0.0 0.0 0.0 0.0 0.0
25.0246019665 27.1739551949 18.0562100296 0.771057276255 -0.456803285028 -0.443623078211 0.606920440073 0.738004751907 0.294951802138 0.0 0.0 0.0 0.0 0.0 0.0
25.4168209217 27.2347982134 18.4183529854 0.511617423565 -0.0787969172854 -0.855592576949 0.606920440073 0.738004751907 0.294951802138 0.0 0.0 0.0 0.0 0.0 0.0
25.9256630846 27.2776794722 18.5854635863 0.0578055578758 0.329145716748 -0.942508150959 0.606920440073 0.738004751907 0.294951802138 0.0 0.0 0.0 0.0 0.0 0.0
26.4476820264 27.3955895075 18.5377294246 -0.417967605708 0.612040389967 -0.671349120524 0.606920440073 0.738004751907 0.294951802138 0.0 0.0 0.0 0.0 0.0 0.0
