t = 100
b = 30 30 30
E = -0.858947554417958 -1.05285725171944 0.19390969730148
6.5086403723972 11.2763247005774 22.4429171348232 0.877021585537341 -0.302218356102959 0.373493086009589 -0.0379038058970213 0.731434685621584 0.680857168231249 0.706945126016809 -0.355912498817444 0.526240536328222 0.0987167290390983 -0.358681648132788 -0.424367294498711
6.50642159185294 11.4833391997267 22.9155379821817 0.993466129510393 -0.0539018857239068 -0.100595825695052 0.105817439210227 0.765225471340894 0.635005927829101 0.215024513945994 -0.539958793917824 0.103823586200567 0.121241740380495 0.395212081661598 -0.225010688958536
6.70695171203827 11.7046866932694 23.3231608008839 0.785315505840543 0.257857734174463 -0.562839968301351 0.0836145436457592 0.856626086897527 0.509117114781721 0.0124734262971404 -0.0770435848495334 -0.196956685854339 0.359934013760502 0.307880163554322 -0.287897769356274
6.91753867686971 11.9327539337346 23.6561035202242 0.1725285606428 0.586030875026567 -0.791708021014747 0.163306169276832 0.775619344396518 0.609709447864515 0.117040330213066 0.17455975990722 -0.120637952416317 0.0768593240889652 -0.0731515274872683 -0.189914587426907
7.10324993987108 12.2612611518269 23.9554532378427 -0.455022952224526 0.470487743782868 -0.756039203270081 -0.0503396026368005 0.834076173604775 0.549347560132636 -0.16798069009433 0.205410544886695 -0.14543979359693 0.461824355053542 0.228857680298114 -0.0933778225963664
7.32089743372957 12.6549581132022 23.9729899948525 -0.964816103112941 0.250850326080434 -0.0787647554327759 0.168076385533257 0.818806409187168 0.548913724292611 -0.522185963340466 0.411723620396585 0.184975250495543 0.361749593605202 -0.193381585467894 0.34932247067146
7.30510611127794 13.1972098271805 24.0436536957149 -0.950173402879265 -0.104342529822902 0.293739719672404 0.0914105893806876 0.807620911660059 0.582573985336067 -0.373438157518566 0.13687901831793 -0.0234641849577389 0.457915726327281 -0.208853099479017 0.110846431694426
7.28159159020734 13.7092400887714 24.1837760629813 -0.795994020151613 -0.451610035511094 0.403040668136743 -0.136603401677055 0.782695867619877 0.607228599944714 -0.160553720967631 -0.123004902104175 0.585072537329324 0.425668814872513 0.758758257211911 -0.23915373434385
7.03846241036743 14.1395604777761 24.2575237773877 -0.249443457689081 -0.676884118443394 0.692535727903445 -0.165616570017425 0.734424500276331 0.658172993774741 -0.116025182053415 -0.326083124930649 0.727748607151386 0.545994574705842 -0.210543139149339 -0.346726320766584
6.70438564235965 14.3452836139411 24.4466974133541 0.536500178371347 -0.461837448585843 0.706309854761189 -0.184665331523673 0.752426418493531 0.632260298162526 0.0769174748454749 -0.371913563380346 -0.00493050069600587 0.537029840064851 -0.195156742891139 0.0131539447915804
6.54518832953887 14.5991833461561 24.7852017491306 0.866214754672412 -0.376086075558902 0.328985021076757 -0.0203198376013749 0.631344291675512 0.775236334598827 0.0773150264329467 0.477395871145838 -0.183927719041469 0.461367611728364 0.0388263534326621 -0.150267191203964
6.55043084969719 14.7040099259699 25.2444634790295 0.992438694745191 -0.0279332100576135 -0.119520104105272 0.110827417940616 0.622428825976802 0.774789988258293 0.295197988115037 0.483548458697657 -0.275193754636637 0.626611804027379 0.161985935084846 -0.184821613782741
6.75052535355365 14.7366982402613 25.6343185408883 0.698590987060243 0.491013878772406 -0.520457380079302 0.17364666532709 0.589294654407896 0.789036460015847 0.599229177764976 0.730751551393791 0.332721953134992 0.550969705727095 -0.292149216246033 0.127741891058168
6.99906466292952 14.9073272230775 26.0067431075933 0.0818611052472632 0.752414359166164 -0.653583409092556 0.0319611846211005 0.65346521149717 0.756281416517087 0.13514384162047 -0.0910864823150719 -0.228049870076958 0.519143010675723 -0.224620484464685 0.165758853257434
7.23978008363742 15.2345637116149 26.2633933683848 -0.507608895852461 0.615292816899605 -0.603115112801297 0.0954037062212637 0.735839750627301 0.670401279316217 -0.0825854602046125 0.117680443829936 -0.0968218428680162 0.173668584030112 -0.417260843705666 -0.129915810225702
7.45490655641839 15.6501820800107 26.3492154665522 -0.951294554173209 0.28187085691809 -0.124849409924328 0.126175965677961 0.725502245754738 0.676554504738286 -0.435168014283054 0.105455117844002 -0.121513263198383 0.281444992272181 -0.128539396288932 0.525384173521858
7.45700216598761 16.0952486397021 26.6873500638303 -0.973452482105442 -0.127663781945346 -0.189979239023141 -0.203009010323974 0.864936809579345 0.458989700203784 -0.286278165371462 -0.734373221375127 0.0567244154269624 0.259220309321329 0.663672988351709 -0.577585844202744
7.30899240599817 16.4932224694603 26.560450586779 -0.666906525239618 -0.349389535253983 0.658150833845361 -0.0282896786084082 0.894491619773813 0.446188661423904 -0.125452298833583 -0.575247325855096 -0.157976035906505 0.638772178294951 -0.359758887350182 -0.215396686604055
7.1581045972944 16.929337622906 26.6825033237442 -0.24915681713582 -0.588813264303813 0.768908123644001 -0.0676331417491089 0.802587273682041 0.592688204796815 0.194599763801564 -0.0374733612185201 0.271321165331058 0.386407530442572 -0.210759648376428 -0.130243488124222
6.92775966443408 17.2291244168753 26.9240855227399 0.452295353071432 -0.596775374702159 0.662788010280095 -0.0833003429703532 0.711630242760814 0.697598260550208 0.246682391954904 -0.554450285321715 0.31452868081564 0.126474302562165 -0.0109730950526647 -0.141853521008175
6.74928171806439 17.445449843649 27.3057763543415 0.848938935682544 -0.449428870996677 0.278058006310418 0.0908439643668593 0.642400882720806 0.76096541480324 0.203365793791476 -0.6232569126945 -0.410481707080089 0.47066658332509 0.432457555480371 -0.332854515156024
6.725275135243 17.4962019281388 27.8136880370383 0.985656227482295 -0.0432162935365352 -0.163138084495982 0.143042427842881 0.726899912104601 0.671680923464477 0.488695384017106 -0.0105212111063052 0.198403803577233 0.593074048844418 0.138308014165772 0.195900514372934
6.91812427366353 17.5174866002219 28.2156538226059 0.504529314386706 0.613755387956416 -0.60725149845427 0.0540482606620991 0.679499333603458 0.731682529121061 0.429568740068958 -0.711512076947618 -0.60774185796438 0.0990222607710705 -0.323020205068805 0.212619258980494
7.01512708439248 17.7441734664305 28.5836202589171 -0.0690290835107971 0.591094765859695 -0.803642861964021 -0.00844775870772442 0.805189190894895 0.592957741484208 0.228532818297588 0.353134451615162 0.201072065433785 0.218760034794057 -0.0159927861086039 0.493577237014899
7.25114233198519 18.1643236322369 28.6914617153268 -0.797143057801196 0.41383311100789 -0.439664649925624 0.195247397925377 0.865726158654118 0.460865012950075 -0.0411750572002962 0.1032757244185 -0.806850148631976 0.329209220596858 -0.136890920858195 1.07370569290463
