
#id1 id2 FENE BEXC STCK NEXC HB CRSTCK CXSTCK total, t = 100
0 1 0.0212128 0 -1.3747 0 0 0 0 -1.35349
1 2 0.218293 0 -1.08725 0 0 0 0 -0.868955
2 3 0.158457 0 -1.27093 0 0 0 0 -1.11248
3 4 0.229933 0 -1.2194 0 0 0 0 -0.989468
4 5 0.0351241 0 -1.38978 0 0 0 0 -1.35465
5 6 1.51524 0 0 0 0 0 0 1.51524
6 7 1.6427 0 0 0 0 0 0 1.6427
7 8 0.00602744 0 -1.24207 0 0 0 0 -1.23604
8 9 0.0396433 0 -1.34869 0 0 0 0 -1.30904
9 10 0.070315 0 -1.37109 0 0 0 0 -1.30077
10 11 0.00544578 0 -0.997968 0 0 0 0 -0.992522
11 12 1.74827 0 0 0 0 0 0 1.74827
12 13 1.66342 0 0 0 0 0 0 1.66342
13 14 0.0449672 0 -0.951866 0 0 0 0 -0.906899
14 15 0.0605906 0 -1.38193 0 0 0 0 -1.32134
15 16 0.0999949 0 -1.32346 0 0 0 0 -1.22347
16 17 0.0541918 0 -1.40022 0 0 0 0 -1.34602
17 18 0.0651739 0 -1.19481 0 0 0 0 -1.12964
18 19 0.00742026 0 -1.14482 0 0 0 0 -1.1374
19 20 0.147973 0 -1.33579 0 0 0 0 -1.18782
20 21 0.00188574 0 -1.01636 0 0 0 0 -1.01447
21 22 0.0898997 0 -1.41037 0 0 0 0 -1.32047
22 23 0.360086 0 -0.907589 0 0 0 0 -0.547503
23 24 0.00768872 0 -1.15218 0 0 0 0 -1.1445
25 26 0.00733923 0 -1.00794 0 0 0 0 -1.0006
26 27 0.408352 0 -1.23207 0 0 0 0 -0.823723
27 28 0.397898 0 -1.32152 0 0 0 0 -0.923624
28 29 0.00789276 0 -1.06315 0 0 0 0 -1.05525
29 30 0.00960034 0 -1.1971 0 0 0 0 -1.1875
30 31 0.0156893 0 -1.40458 0 0 0 0 -1.38889
31 32 0.19473 0 -1.0647 0 0 0 0 -0.869974
32 33 0.0849665 0 -1.21778 0 0 0 0 -1.13282
33 34 0.412779 0 -1.07892 0 0 0 0 -0.666143
34 35 0.241806 0 -1.3094 0 0 0 0 -1.06759
35 36 0.18339 0 -0.248044 0 0 0 0 -0.0646545
36 37 0.719219 0 0 0 0 0 0 0.719219
37 38 1.61243 0 0 0 0 0 0 1.61243
38 39 0.0113418 0 -1.15891 0 0 0 0 -1.14757
39 40 0.0529809 0 -1.19787 0 0 0 0 -1.14489
40 41 0.00716134 0 -1.32981 0 0 0 0 -1.32265
41 42 0.00217854 0 -1.01744 0 0 0 0 -1.01526
42 43 1.81435 0 0 0 0 0 0 1.81435
43 44 1.26063 0 0 0 0 0 0 1.26063
44 45 0.0982869 0 -0.850764 0 0 0 0 -0.752477
45 46 0.0561397 0 -1.22294 0 0 0 0 -1.1668
46 47 0.0488483 0 -1.08089 0 0 0 0 -1.03205
47 48 0.00777706 0 -0.568617 0 0 0 0 -0.56084
48 49 0.0996753 0 -1.19461 0 0 0 0 -1.09494
#Total energy per particle is  -0.604778 and should be -0.60477810

