t = 0
b =  30.0 30.0 30.0
E = 0. 0. 0.
17.7127479121 13.6454913131 15.8138906609 -0.0991622325825 0.741762748992 0.663290943581 0.995069410621 0.0726270810211 0.0675438757242 0.0 0.0 0.0 0.0 0.0 0.0
18.0899655323 13.9929081915 15.653598797 -0.0814564421548 0.209913515683 0.974320873206 0.995069410621 0.0726270810211 0.0675438757242 0.0 0.0 0.0 0.0 0.0 0.0
18.4486151541 14.3881748625 15.7154034067 -0.0328039874735 -0.4016853718 0.915190013324 0.995069410621 0.0726270810211 0.0675438757242 0.0 0.0 0.0 0.0 0.0 0.0
18.7997871058 14.6918773403 15.9858256089 0.0283112505024 -0.860677270716 0.508363166219 0.995069410621 0.0726270810211 0.0675438757242 0.0 0.0 0.0 0.0 0.0 0.0
19.157412608 14.7993884071 16.3721292107 0.0786705710736 -0.99268348473 -0.0915993471117 0.995069410621 0.0726270810211 0.0675438757242 0.0 0.0 0.0 0.0 0.0 0.0
19.5329710694 14.6806172424 16.7375527385 0.0991416263921 -0.747552646112 -0.656761737015 0.995069410621 0.0726270810211 0.0675438757242 0.0 0.0 0.0 0.0 0.0 0.0
19.9311288676 14.3914414285 16.9532674077 0.0819471202847 -0.218414058823 -0.972409362556 0.995069410621 0.0726270810211 0.0675438757242 0.0 0.0 0.0 0.0 0.0 0.0
20.3479665144 14.052478123 16.9473213321 0.0336195330983 0.393703681102 -0.918622413444 0.995069410621 0.0726270810211 0.0675438757242 0.0 0.0 0.0 0.0 0.0 0.0
20.7724677349 13.803259584 16.7319752484 -0.0274806768008 0.856246810201 -0.515835450917 0.995069410621 0.0726270810211 0.0675438757242 0.0 0.0 0.0 0.0 0.0 0.0
21.1907047342 13.7492225323 16.3990444575 -0.0781405181308 0.993487460422 0.082926023722 0.995069410621 0.0726270810211 0.0675438757242 0.0 0.0 0.0 0.0 0.0 0.0
21.5911296 13.9216509785 16.0850166562 -0.0991134701831 0.753285614204 0.6501825155 0.995069410621 0.0726270810211 0.0675438757242 0.0 0.0 0.0 0.0 0.0 0.0
21.9689615471 14.2657909042 15.9191979799 -0.0824315578241 0.226897968886 0.970423799167 0.995069410621 0.0726270810211 0.0675438757242 0.0 0.0 0.0 0.0 0.0 0.0
22.328003218 14.661652229 15.9745874391 -0.0344325184655 -0.385692008344 0.92198485691 0.995069410621 0.0726270810211 0.0675438757242 0.0 0.0 0.0 0.0 0.0 0.0
22.6791959953 14.9695950483 16.2401433754 0.0266480103392 -0.851751143177 0.523268452748 0.995069410621 0.0726270810211 0.0675438757242 0.0 0.0 0.0 0.0 0.0 0.0
23.0364631873 15.0833811678 16.624978372 0.077604514485 -0.994215778198 -0.0742463851946 0.995069410621 0.0726270810211 0.0675438757242 0.0 0.0 0.0 0.0 0.0 0.0
23.4114203309 14.9705357694 16.9928889028 0.0990777660997 -0.75896121668 -0.643553780069 0.995069410621 0.0726270810211 0.0675438757242 0.0 0.0 0.0 0.0 0.0 0.0
23.8089622544 14.6846851377 17.2141013292 0.0829097178812 -0.23536459979 -0.968364334249 0.995069410621 0.0726270810211 0.0675438757242 0.0 0.0 0.0 0.0 0.0 0.0
24.2254034506 14.3451831381 17.2145750751 0.035242881663 0.377650963646 -0.92527708766 0.995069410621 0.0726270810211 0.0675438757242 0.0 0.0 0.0 0.0 0.0 0.0
24.6498782629 14.0917666875 17.0041318797 -0.0258133145284 0.847190612005 -0.530661605661 0.995069410621 0.0726270810211 0.0675438757242 0.0 0.0 0.0 0.0 0.0 0.0
25.0684689293 14.0314673636 16.6727243547 -0.0770626009549 0.994868382592 0.0655610925175 0.995069410621 0.0726270810211 0.0675438757242 0.0 0.0 0.0 0.0 0.0 0.0
25.4694931734 14.1979483188 16.3562614827 -0.0990345168607 0.76457902132 0.636876035526 0.995069410621 0.0726270810211 0.0675438757242 0.0 0.0 0.0 0.0 0.0 0.0
25.8479424962 14.538715086 16.1849745231 -0.0833815640422 0.243813306769 0.966231124639 0.995069410621 0.0726270810211 0.0675438757242 0.0 0.0 0.0 0.0 0.0 0.0
26.2073849889 14.9350591042 16.2339399787 -0.0360505609787 -0.369581159365 0.928498854978 0.995069410621 0.0726270810211 0.0675438757242 0.0 0.0 0.0 0.0 0.0 0.0
26.5586097551 15.2471570854 16.4945567776 0.0249766529338 -0.842565563989 0.538014346638 0.995069410621 0.0726270810211 0.0675438757242 0.0 0.0 0.0 0.0 0.0 0.0
26.9155279501 15.3671922198 16.8778139637 0.0765148188095 -0.995445223908 -0.0568708071093 0.995069410621 0.0726270810211 0.0675438757242 0.0 0.0 0.0 0.0 0.0 0.0
10.7952426678 20.3493032282 1.03994359993 0.704131152952 -0.173809874462 -0.688468915044 0.709619715012 0.137725097693 0.690993239859 0.0 0.0 0.0 0.0 0.0 0.0
11.1431846337 20.0401100158 1.30831097472 0.585200219968 0.430979025008 -0.68687537629 0.709619715012 0.137725097693 0.690993239859 0.0 0.0 0.0 0.0 0.0 0.0
11.6245230082 19.8291584857 1.42010508588 0.243941939392 0.872031787292 -0.424326398139 0.709619715012 0.137725097693 0.690993239859 0.0 0.0 0.0 0.0 0.0 0.0
12.1614679555 19.816986629 1.43517398122 -0.189993962451 0.981785093991 -0.000568726975816 0.709619715012 0.137725097693 0.690993239859 0.0 0.0 0.0 0.0 0.0 0.0
12.6551037731 20.0286127154 1.45011323524 -0.551747981428 0.71854182891 0.423405013074 0.709619715012 0.137725097693 0.690993239859 0.0 0.0 0.0 0.0 0.0 0.0
13.0229686209 20.4040304342 1.5615676753 -0.703883717527 0.182312509648 0.686520109702 0.709619715012 0.137725097693 0.690993239859 0.0 0.0 0.0 0.0 0.0 0.0
13.2303831532 20.8210062954 1.82951439598 -0.588602261029 -0.423180380132 0.688814738651 0.709619715012 0.137725097693 0.690993239859 0.0 0.0 0.0 0.0 0.0 0.0
13.3036257816 21.1415181756 2.254476458 -0.249700964661 -0.867899968301 0.429417132018 0.709619715012 0.137725097693 0.690993239859 0.0 0.0 0.0 0.0 0.0 0.0
13.3199490672 21.2641922307 2.77732416878 0.184065902959 -0.982889847999 0.00687677745928 0.709619715012 0.137725097693 0.690993239859 0.0 0.0 0.0 0.0 0.0 0.0
13.3782301812 21.1628165141 3.30173944119 0.547903056627 -0.7244634414 -0.418276179829 0.709619715012 0.137725097693 0.690993239859 0.0 0.0 0.0 0.0 0.0 0.0
13.5614058141 20.8962993331 3.73080864526 0.703582678633 -0.190801261031 -0.684519023196 0.709619715012 0.137725097693 0.690993239859 0.0 0.0 0.0 0.0 0.0 0.0
13.9049631409 20.5862889988 4.00384171644 0.59195947775 0.415349508431 -0.690701645103 0.709619715012 0.137725097693 0.690993239859 0.0 0.0 0.0 0.0 0.0 0.0
14.3834576491 20.3709575979 4.1194293259 0.255440974236 0.863702055367 -0.434475164119 0.709619715012 0.137725097693 0.690993239859 0.0 0.0 0.0 0.0 0.0 0.0
14.9201799355 20.3525071077 4.13597830802 -0.178123826136 0.98391975114 -0.0131843042495 0.709619715012 0.137725097693 0.690993239859 0.0 0.0 0.0 0.0 0.0 0.0
15.4162988902 20.5583411558 4.14952192757 -0.544016406887 0.730329883195 0.413115493234 0.709619715012 0.137725097693 0.690993239859 0.0 0.0 0.0 0.0 0.0 0.0
15.7884092877 20.9306539237 4.25723523681 -0.703228059193 0.199275482159 0.682465807916 0.709619715012 0.137725097693 0.690993239859 0.0 0.0 0.0 0.0 0.0 0.0
16.0002188271 21.3483915441 4.52051664843 -0.595271614465 -0.407487006258 0.69253595195 0.709619715012 0.137725097693 0.690993239859 0.0 0.0 0.0 0.0 0.0 0.0
16.0763361832 21.6732424885 4.94166165209 -0.261161530991 -0.859438368177 0.439500109255 0.709619715012 0.137725097693 0.690993239859 0.0 0.0 0.0 0.0 0.0 0.0
16.0929217601 21.8021844299 5.46299071948 0.172168184494 -0.984874724983 0.0194908270039 0.709619715012 0.137725097693 0.690993239859 0.0 0.0 0.0 0.0 0.0 0.0
16.14875308 21.7066241468 5.98876272151 0.540088328192 -0.736140707541 -0.407923346295 0.709619715012 0.137725097693 0.690993239859 0.0 0.0 0.0 0.0 0.0 0.0
16.3276975514 21.4432605661 6.42154858391 0.702819886214 -0.207734527687 -0.680360620222 0.709619715012 0.137725097693 0.690993239859 0.0 0.0 0.0 0.0 0.0 0.0
16.6668498379 21.1325438934 6.69924622152 0.598538418941 0.399593472371 -0.694317519504 0.709619715012 0.137725097693 0.690993239859 0.0 0.0 0.0 0.0 0.0 0.0
17.1424389759 20.9129145653 6.81867415871 0.266862199284 0.855109231429 -0.444491584756 0.709619715012 0.137725097693 0.690993239859 0.0 0.0 0.0 0.0 0.0 0.0
17.6788593606 20.8882074133 6.83678022518 -0.166199431579 0.985754696803 -0.0257958654564 0.709619715012 0.137725097693 0.690993239859 0.0 0.0 0.0 0.0 0.0 0.0
18.1773945797 21.0882030756 6.8490061233 -0.536119119679 0.741895471922 0.402700134414 0.709619715012 0.137725097693 0.690993239859 0.0 0.0 0.0 0.0 0.0 0.0
