t = 0
b =  30.0 30.0 30.0
E = 0. 0. 0.
22.7247177861 24.8237087972 10.6880453975 0.533565588307 -0.774278040839 0.340295868986 0.475423434569 0.607351023063 0.636472538801 0.0 0.0 0.0 0.0 0.0 0.0
22.7247378614 24.9096237586 11.2184261297 0.842369454844 -0.522931528381 -0.130216428191 0.475423434569 0.607351023063 0.636472538801 0.0 0.0 0.0 0.0 0.0 0.0
22.9167760805 24.8763364616 11.7191240231 0.831143081819 -0.0729145853419 -0.551257327197 0.475423434569 0.607351023063 0.636472538801 0.0 0.0 0.0 0.0 0.0 0.0
23.2982733912 24.8264282825 12.0941627913 0.50415155604 0.404803827735 -0.762866351069 0.475423434569 0.607351023063 0.636472538801 0.0 0.0 0.0 0.0 0.0 0.0
23.794692065 24.8687951488 12.2953061509 -0.0143755748433 0.728730498696 -0.684649693725 0.475423434569 0.607351023063 0.636472538801 0.0 0.0 0.0 0.0 0.0 0.0
24.287833826 25.0772761551 12.3403835912 -0.527441184497 0.775800269479 -0.346323171002 0.475423434569 0.607351023063 0.636472538801 0.0 0.0 0.0 0.0 0.0 0.0
24.6607453525 25.4626008573 12.3065166537 -0.840123069814 0.528130547197 0.123577314599 0.475423434569 0.607351023063 0.636472538801 0.0 0.0 0.0 0.0 0.0 0.0
24.8421507987 25.9683129343 12.3008191691 -0.8336281548 0.0798152001638 0.546528712281 0.475423434569 0.607351023063 0.636472538801 0.0 0.0 0.0 0.0 0.0 0.0
24.8335306808 26.4922188888 12.4197029216 -0.510423966258 -0.398823275851 0.761844714695 0.475423434569 0.607351023063 0.636472538801 0.0 0.0 0.0 0.0 0.0 0.0
24.7085594038 26.9252130649 12.7122492007 0.00669882089912 -0.7259421214 0.687723172632 0.475423434569 0.607351023063 0.636472538801 0.0 0.0 0.0 0.0 0.0 0.0
24.5851151232 27.1927287116 13.1615619987 0.521276613998 -0.777263417925 0.352324099168 0.475423434569 0.607351023063 0.636472538801 0.0 0.0 0.0 0.0 0.0 0.0
24.5804958631 27.2830671378 13.6911870862 0.837812706159 -0.533289346828 -0.116928790115 0.475423434569 0.607351023063 0.636472538801 0.0 0.0 0.0 0.0 0.0 0.0
24.7668560358 27.2518422406 14.1941582524 0.836049743769 -0.0867097367492 -0.541758477088 0.475423434569 0.607351023063 0.636472538801 0.0 0.0 0.0 0.0 0.0 0.0
25.1437937739 27.2008518561 14.5736355566 0.516657505714 0.39281235203 -0.760765060897 0.475423434569 0.607351023063 0.636472538801 0.0 0.0 0.0 0.0 0.0 0.0
25.6385036067 27.2394030597 14.7796964412 0.000978443186178 0.723098460801 -0.690744278757 0.475423434569 0.607351023063 0.636472538801 0.0 0.0 0.0 0.0 0.0 0.0
26.1334364756 27.4427845801 14.8283021458 -0.515072346267 0.778667374752 -0.358298196489 0.475423434569 0.607351023063 0.636472538801 0.0 0.0 0.0 0.0 0.0 0.0
26.510958587 27.8236633531 14.7952337652 -0.835438539823 0.53840753441 0.110271361051 0.475423434569 0.607351023063 0.636472538801 0.0 0.0 0.0 0.0 0.0 0.0
26.6980424569 28.3272721406 14.7873017449 -0.838407664313 0.0935976700524 0.53694698489 0.475423434569 0.607351023063 0.636472538801 0.0 0.0 0.0 0.0 0.0 0.0
26.6940112734 28.8522165198 14.9017668066 -0.522851699701 -0.386771514028 0.759627471894 0.475423434569 0.607351023063 0.636472538801 0.0 0.0 0.0 0.0 0.0 0.0
26.5707960285 29.2889963203 15.1893889744 -0.00865563275924 -0.720199733455 0.693712782031 0.475423434569 0.607351023063 0.636472538801 0.0 0.0 0.0 0.0 0.0 0.0
26.4456077318 29.5616065689 15.6351429928 0.508828853783 -0.780012033044 0.364245008016 0.475423434569 0.607351023063 0.636472538801 0.0 0.0 0.0 0.0 0.0 0.0
26.4364069884 29.65641305 16.1639266722 0.833000751608 -0.543484720175 -0.103605534397 0.475423434569 0.607351023063 0.636472538801 0.0 0.0 0.0 0.0 0.0 0.0
26.6170887925 29.627332172 16.6690934667 0.840701736867 -0.100478475531 -0.532094602099 0.475423434569 0.607351023063 0.636472538801 0.0 0.0 0.0 0.0 0.0 0.0
26.989408584 29.5753472224 17.05296928 0.529006076507 0.380701221878 -0.758432034317 0.475423434569 0.607351023063 0.636472538801 0.0 0.0 0.0 0.0 0.0 0.0
27.4823153272 29.6101431282 17.2639604872 0.0163321631724 0.71724616011 -0.696628456391 0.475423434569 0.607351023063 0.636472538801 0.0 0.0 0.0 0.0 0.0 0.0
17.1697399968 23.3076801421 14.1739493678 -0.389278917223 0.902000099226 -0.186702291371 0.61806390837 0.406069019129 0.673130713067 0.0 0.0 0.0 0.0 0.0 0.0
17.6065579265 23.6203482029 14.1632778082 -0.715811544126 0.64467103178 0.268352555569 0.61806390837 0.406069019129 0.673130713067 0.0 0.0 0.0 0.0 0.0 0.0
17.8802065922 24.0799690456 14.2137772222 -0.770395397685 0.142420661036 0.621455780033 0.61806390837 0.406069019129 0.673130713067 0.0 0.0 0.0 0.0 0.0 0.0
17.9782436028 24.5720546825 14.4059375007 -0.532293159339 -0.413937699982 0.738457563476 0.61806390837 0.406069019129 0.673130713067 0.0 0.0 0.0 0.0 0.0 0.0
17.9549443709 24.9697832076 14.7664292041 -0.0919638502933 -0.813034208108 0.574906972202 0.61806390837 0.406069019129 0.673130713067 0.0 0.0 0.0 0.0 0.0 0.0
17.9106819765 25.1821805595 15.2579709698 0.383304063032 -0.903245427366 0.192939610256 0.61806390837 0.406069019129 0.673130713067 0.0 0.0 0.0 0.0 0.0 0.0
17.9537937553 25.1886830877 15.7934933258 0.71294835431 -0.650298607309 -0.262328735404 0.61806390837 0.406069019129 0.673130713067 0.0 0.0 0.0 0.0 0.0 0.0
18.159422134 25.0469500279 16.2692178383 0.771731645924 -0.150292473923 -0.617934008581 0.61806390837 0.406069019129 0.673130713067 0.0 0.0 0.0 0.0 0.0 0.0
18.5409667655 24.870957794 16.6040842741 0.537321182587 0.406812283062 -0.738775820593 0.61806390837 0.406069019129 0.673130713067 0.0 0.0 0.0 0.0 0.0 0.0
19.0449937776 24.7876984328 16.7705467384 0.0987734184538 0.809362252174 -0.578944346689 0.61806390837 0.406069019129 0.673130713067 0.0 0.0 0.0 0.0 0.0 0.0
19.5715361935 24.8889332225 16.8050388206 -0.377300018753 0.904421969869 -0.199162236044 0.61806390837 0.406069019129 0.673130713067 0.0 0.0 0.0 0.0 0.0 0.0
20.0120730583 25.1963310286 16.7941318649 -0.710030870716 0.655876660083 0.256284937889 0.61806390837 0.406069019129 0.673130713067 0.0 0.0 0.0 0.0 0.0 0.0
20.2907583637 25.6532359401 16.8416450687 -0.773009123811 0.158152841457 0.614365179062 0.61806390837 0.406069019129 0.673130713067 0.0 0.0 0.0 0.0 0.0 0.0
20.393236215 26.1461917967 17.0292028345 -0.542308286746 -0.399655885812 0.739037817072 0.61806390837 0.406069019129 0.673130713067 0.0 0.0 0.0 0.0 0.0 0.0
20.3720948753 26.5480460816 17.385224294 -0.105575464636 -0.805628660171 0.582937632322 0.61806390837 0.406069019129 0.673130713067 0.0 0.0 0.0 0.0 0.0 0.0
20.3268876052 26.7662572881 17.8741264051 0.371267241617 -0.905529637139 0.205369694856 0.61806390837 0.406069019129 0.673130713067 0.0 0.0 0.0 0.0 0.0 0.0
20.3663107144 26.7780529853 18.4098425446 0.707059315523 -0.661404765309 -0.250221623284 0.61806390837 0.406069019129 0.673130713067 0.0 0.0 0.0 0.0 0.0 0.0
20.5669080169 26.6390814454 18.8885206571 0.77422773406 -0.16600116504 -0.610749563256 0.61806390837 0.406069019129 0.673130713067 0.0 0.0 0.0 0.0 0.0 0.0
20.9439905557 26.4622699347 19.2279783876 0.54725409203 0.392469053219 -0.739243532959 0.61806390837 0.406069019129 0.673130713067 0.0 0.0 0.0 0.0 0.0 0.0
21.445819682 26.374921757 19.3989255314 0.112369470838 0.801833716427 -0.586886524998 0.61806390837 0.406069019129 0.673130713067 0.0 0.0 0.0 0.0 0.0 0.0
21.9732634327 26.4703516003 19.4360918734 -0.365206191043 0.90656834482 -0.211561513971 0.61806390837 0.406069019129 0.673130713067 0.0 0.0 0.0 0.0 0.0 0.0
22.4174584206 26.7724337262 19.4250327616 -0.704033915025 0.666882502002 0.244139253334 0.61806390837 0.406069019129 0.673130713067 0.0 0.0 0.0 0.0 0.0 0.0
22.7011688555 27.2265317395 19.4696252003 -0.77538738387 0.173836846992 0.607087436506 0.61806390837 0.406069019129 0.673130713067 0.0 0.0 0.0 0.0 0.0 0.0
22.8081297119 27.7202558676 19.6526032392 -0.552158221796 -0.385252332587 0.739392952589 0.61806390837 0.406069019129 0.673130713067 0.0 0.0 0.0 0.0 0.0 0.0
22.7892260842 28.1261617142 20.004125925 -0.119154919669 -0.797977709941 0.590790723993 0.61806390837 0.406069019129 0.673130713067 0.0 0.0 0.0 0.0 0.0 0.0
