
#id1 id2 FENE BEXC STCK NEXC HB CRSTCK CXSTCK total, t = 100
0 1 0.000702629 0 -1.39895 0 0 0 0 -1.39824
1 2 0.282267 0 -0.883102 0 0 0 0 -0.600835
2 3 0.171351 0 -1.42849 0 0 0 0 -1.25714
3 4 0.0974881 0 -1.39933 0 0 0 0 -1.30185
4 5 0.114715 0 -1.33838 0 0 0 0 -1.22367
5 6 0.0800094 0 -1.43453 0 0 0 0 -1.35452
6 7 0.165622 0 -1.28603 0 0 0 0 -1.12041
7 8 0.137829 0 -1.33478 0 0 0 0 -1.19695
8 9 0.245882 0 -1.29877 0 0 0 0 -1.05289
9 10 0.0165741 0 -1.34453 0 0 0 0 -1.32796
10 11 0.00178296 0 -1.33732 0 0 0 0 -1.33554
11 12 1.78323 0 0 0 0 0 0 1.78323
12 13 1.71728 0 0 0 0 0 0 1.71728
13 14 0.0290677 0 -0.959751 0 0 0 0 -0.930683
14 15 9.13216e-05 0 -1.36979 0 0 0 0 -1.3697
15 16 0.0172454 0 -1.12184 0 0 0 0 -1.1046
16 17 0.138849 0 -1.25517 0 0 0 0 -1.11632
17 18 0.23573 0 -1.43052 0 0 0 0 -1.19479
18 19 0.0939075 0 -1.32242 0 0 0 0 -1.22851
19 20 0.00784095 0 -1.41523 0 0 0 0 -1.40739
20 21 0.00615306 0 -0.57629 0 0 0 0 -0.570137
21 22 0.012961 0 -1.35728 0 0 0 0 -1.34432
22 23 0.130596 0 -1.25935 0 0 0 0 -1.12875
23 24 0.00865371 0 -1.13155 0 0 0 0 -1.1229
25 26 0.0431519 0 -1.29645 0 0 0 0 -1.25329
26 27 0.032912 0 -0.895303 0 0 0 0 -0.862391
27 28 1.41805e-05 0 -1.02247 0 0 0 0 -1.02246
28 29 0.180123 0 -1.23802 0 0 0 0 -1.0579
29 30 0.275354 0 -1.3529 0 0 0 0 -1.07754
30 31 0.0452845 0 -1.37406 0 0 0 0 -1.32877
31 32 0.0697153 0 -1.39608 0 0 0 0 -1.32637
32 33 0.398152 0 -1.24184 0 0 0 0 -0.843685
33 34 0.207528 0 -1.09791 0 0 0 0 -0.890379
34 35 0.615824 0 -1.00374 0 0 0 0 -0.387914
35 36 0.0828716 0 -1.21544 0 0 0 0 -1.13256
36 37 0.884909 0 0 0 0 0 0 0.884909
37 38 1.36927 0 0 0 0 0 0 1.36927
38 39 0.0385263 0 -0.0774476 0 0 0 0 -0.0389213
39 40 0.382801 0 -0.935127 0 0 0 0 -0.552326
40 41 0.37699 0 -1.01823 0 0 0 0 -0.641236
41 42 0.273382 0 -1.32087 0 0 0 0 -1.04749
42 43 0.141511 0 -1.36353 0 0 0 0 -1.22202
43 44 0.125955 0 -1.30937 0 0 0 0 -1.18341
44 45 0.141489 0 -1.27899 0 0 0 0 -1.1375
45 46 0.0204097 0 -1.38621 0 0 0 0 -1.3658
46 47 0.0427764 0 -1.27936 0 0 0 0 -1.23658
47 48 0.408737 0 -1.05349 0 0 0 0 -0.644755
48 49 0.0443277 0 -1.28258 0 0 0 0 -1.23825
#Total energy per particle is  -0.828499 and should be -0.82849910

