t = 0
b =  30.0 30.0 30.0
E = 0. 0. 0.
29.019867879 8.30019670829 28.6872597686 0.662087161813 -0.73454459419 0.148609654159 0.596746214847 0.636689482225 0.488385563146 0.0 0.0 0.0 0.0 0.0 0.0
29.168416408 8.38207193664 29.1970782496 0.80215546094 -0.457406790741 -0.383830228445 0.596746214847 0.636689482225 0.488385563146 0.0 0.0 0.0 0.0 0.0 0.0
29.4998162996 8.35968127265 29.619402618 0.637471489132 -0.00649250005586 -0.770446589964 0.596746214847 0.636689482225 0.488385563146 0.0 0.0 0.0 0.0 0.0 0.0
29.9765278371 8.33581064307 29.866103662 0.230601440648 0.446888399949 -0.864357410775 0.596746214847 0.636689482225 0.488385563146 0.0 0.0 0.0 0.0 0.0 0.0
30.5058049804 8.41380823832 29.915774407 -0.263877950589 0.730488925238 -0.629884399948 0.596746214847 0.636689482225 0.488385563146 0.0 0.0 0.0 0.0 0.0 0.0
30.9749311364 8.65832080707 29.8218629832 -0.658105696593 0.736564494705 -0.156107774475 0.596746214847 0.636689482225 0.488385563146 0.0 0.0 0.0 0.0 0.0 0.0
31.2940420783 9.07073327556 29.6923667873 -0.802308085521 0.462806897932 0.376976804504 0.596746214847 0.636689482225 0.488385563146 0.0 0.0 0.0 0.0 0.0 0.0
31.4302668668 9.58864259099 29.6488024659 -0.641700218883 0.0132212229164 0.766841592736 0.596746214847 0.636689482225 0.488385563146 0.0 0.0 0.0 0.0 0.0 0.0
31.4202160702 10.1095656846 29.7800397096 -0.237299710437 -0.441387415733 0.865370438979 0.596746214847 0.636689482225 0.488385563146 0.0 0.0 0.0 0.0 0.0 0.0
31.3560727972 10.5298745029 30.1085381722 0.257254925444 -0.728305595541 0.635130587233 0.596746214847 0.636689482225 0.488385563146 0.0 0.0 0.0 0.0 0.0 0.0
31.3505707925 10.7841660378 30.5818146721 0.654074114076 -0.738528302983 0.163594006579 0.596746214847 0.636689482225 0.488385563146 0.0 0.0 0.0 0.0 0.0 0.0
31.4941650027 10.8701100228 31.0923824309 0.802399611235 -0.468171760587 -0.37009467232 0.596746214847 0.636689482225 0.488385563146 0.0 0.0 0.0 0.0 0.0 0.0
31.8206662295 10.8493342402 31.5185870975 0.645880080679 -0.0199489389295 -0.763178197552 0.596746214847 0.636689482225 0.488385563146 0.0 0.0 0.0 0.0 0.0 0.0
32.294395841 10.8240110964 31.77082527 0.243979908934 0.435852818156 -0.866317565874 0.596746214847 0.636689482225 0.488385563146 0.0 0.0 0.0 0.0 0.0 0.0
32.8237406805 10.8980406162 31.8255863261 -0.250612309341 0.726066802553 -0.640328406864 0.596746214847 0.636689482225 0.488385563146 0.0 0.0 0.0 0.0 0.0 0.0
33.2959584361 11.1375770864 31.7343845017 -0.649992721284 0.740435869471 -0.171067780366 0.596746214847 0.636689482225 0.488385563146 0.0 0.0 0.0 0.0 0.0 0.0
33.6200103305 11.5458959365 31.6041877714 -0.802430031111 0.473500970149 0.363184355994 0.596746214847 0.636689482225 0.488385563146 0.0 0.0 0.0 0.0 0.0 0.0
33.7611482741 12.0621493475 31.5567789264 -0.650010756205 0.0266751357538 0.759456683393 0.596746214847 0.636689482225 0.488385563146 0.0 0.0 0.0 0.0 0.0 0.0
33.7541162453 12.5844833566 31.6824882564 -0.250641527416 -0.430285028699 0.867198719332 0.596746214847 0.636689482225 0.488385563146 0.0 0.0 0.0 0.0 0.0 0.0
33.6899504724 13.0087338799 32.0058755617 0.243950608141 -0.723772716767 0.645477463008 0.596746214847 0.636689482225 0.488385563146 0.0 0.0 0.0 0.0 0.0 0.0
33.6813932484 13.2680003896 32.476399475 0.645861829029 -0.742287048901 0.17852852668 0.596746214847 0.636689482225 0.488385563146 0.0 0.0 0.0 0.0 0.0 0.0
33.8200602486 13.3580625431 32.9876189715 0.802399342834 -0.478794120779 -0.356246381773 0.596746214847 0.636689482225 0.488385563146 0.0 0.0 0.0 0.0 0.0 0.0
34.1416342042 13.3389835618 33.4176320942 0.654091930896 -0.0333993011632 -0.755677333667 0.596746214847 0.636689482225 0.488385563146 0.0 0.0 0.0 0.0 0.0 0.0
34.6123084361 13.3122912087 33.6753885448 0.257284058576 0.424684471371 -0.868013832251 0.596746214847 0.636689482225 0.488385563146 0.0 0.0 0.0 0.0 0.0 0.0
35.1416305772 13.3824056942 33.7352812151 -0.237270329157 0.721423512886 -0.650577363545 0.596746214847 0.636689482225 0.488385563146 0.0 0.0 0.0 0.0 0.0 0.0
