t = 100
b = 30 30 30
E = -0.84818971771903 -1.00797039188531 0.159780674166279
29.0855131368116 8.39075797984713 28.7391022058573 0.414608301493844 -0.888433919168549 0.196939109097013 0.72171318288066 0.452849493029775 0.523504822463454 0.270764400320913 0.209257929815198 0.0372793966680584 -0.0857897215801143 0.607468146406757 -0.417581960682036
29.2871535696651 8.36887995277226 29.1813204483461 0.685933225235651 -0.481968081023048 -0.545162601177405 0.727177520415343 0.481425710939236 0.489328131858838 -0.186506217452166 -0.257514002726814 0.0294588504315782 0.520821631085979 0.231084642738689 -0.238448948536901
29.6375425971345 8.29118577224476 29.4467743714245 0.618308841768549 0.0131877406513201 -0.785824497322122 0.680462643953248 0.491337051027522 0.543652809185075 0.294613519574054 0.132114290164448 -0.220287901849561 0.763590913960791 0.0258945730132326 0.309891714617944
30.0154739377534 8.2617161319243 29.6771572860411 0.230893053008803 0.583693877277231 -0.778453426732307 0.681323167664256 0.474180599731459 0.557630149686888 0.298765135682655 -0.275544795396862 -0.509809751182991 0.306952284755332 -0.263224617862481 0.151467560401252
30.4253455193729 8.44304618145436 29.8041577551324 -0.293526448347083 0.723192877940136 -0.625167310625171 0.634816912190564 0.636419565325531 0.438152377691316 -0.412000879697525 0.135042150656129 -0.506637792634458 0.618432774503851 0.156315229452706 -0.0840468262886857
30.7969962248862 8.68748187248193 29.6438716708662 -0.620295480429025 0.778295495829774 -0.0974141621466002 0.746458068684439 0.623888749787973 0.231436967992375 -0.0815597721345474 0.56077512394426 -0.331012765108497 0.43651434409105 -0.146963931096723 0.224970420741921
31.1627061312465 9.03169928925217 29.6357404947384 -0.770136648535552 0.546412962484674 0.329123531126654 0.629551205570464 0.567992757006787 0.530140914310432 -0.0975491660989165 0.0501813906114594 0.0659688417701539 0.381978354218082 -0.0860992979455603 0.0106005269027389
31.315787382676 9.49085256461212 29.7189883377141 -0.655520471891798 -0.0603532171828126 0.752761769173932 0.560664814947974 0.62888807453482 0.538660037304109 -0.247204909235062 -0.0368075060266474 0.339643343527958 0.115440155054456 -0.103101709925558 -0.0478642242464789
31.3545923849026 9.95273088358446 29.8779336193057 -0.241562064733252 -0.559803454462231 0.792633422713802 0.486860949414186 0.636660457277401 0.598021538053492 -0.548652793284189 -0.366517530582279 0.103199148760216 0.642680596201643 0.24078456957956 0.00519622096191957
31.2332683722172 10.3393082682044 30.1922300358667 0.377479717195898 -0.701642903390484 0.604322911434612 0.408213873975194 0.711855749677276 0.571509152068412 -0.49434891547662 -0.533667290158731 0.0472850623837891 0.754744533309303 -0.200224654486149 0.241596719718968
31.3018836734754 10.6685968789013 30.5403034377582 0.550632769019937 -0.798919121886105 0.241933199724765 0.454818036716514 0.530168205767835 0.715585157405522 0.568702018706425 -0.60638289105245 -0.0855493148980299 0.48406607361705 0.23279258994704 0.00301796161152365
31.4376830034068 10.762093969569 30.9764063187583 0.802231585183425 -0.395919081003445 -0.446847230197865 0.595217628834094 0.472412864712641 0.650032265805053 0.295348820073738 -0.953241768936021 -0.0597517357699813 0.529019631221158 -0.263545671983984 0.0258870113543241
31.8477097288882 10.8001566509224 31.3331027093305 0.629049577845356 -0.0424906379763651 -0.776202972868866 0.663937177682389 0.548719794933989 0.508029421315907 -0.322942407942004 0.148603859681039 -0.471183176694026 0.579349879218427 0.179896828599051 0.123310217833893
32.2895870340593 10.8225947265765 31.5532318777505 0.184562192417846 0.471454713954711 -0.862361369246916 0.702335663326051 0.550516870084231 0.451282256332458 -0.397854565255772 -0.105760319228735 -0.599872810697428 0.569820401648545 -0.226655183065765 -0.139971421890465
32.7758476792246 10.9598208794114 31.7060121908206 -0.221909752657455 0.641646668957127 -0.734197177780811 0.733398986587735 0.606035472663806 0.307972107271858 -0.366466487278403 0.227691601822192 -0.334125268945083 0.37549439752675 0.0953676834703369 -0.0923749068341071
33.3010065157516 11.2272302829404 31.7763762864001 -0.600999813606759 0.68060098206454 -0.419024359604706 0.51075054608429 0.730305358706615 0.453638450222129 -0.0397561961234862 0.354424372421305 0.0700885642137785 0.644285512333721 0.287371689317035 -0.294852018071235
33.5360916934198 11.5595715759067 31.5945289220369 -0.697185186456851 0.545460673788094 0.465193884407944 0.706468355921609 0.633003630515219 0.31655765473273 -0.112387477083304 0.131529970274786 -0.187770968637885 0.271568085075723 0.139304625979357 0.143290259465207
33.829714558425 11.9699961982905 31.6970390727705 -0.774721740514262 0.0968556021082524 0.624840060636082 0.511826596031117 0.676298717224068 0.529767365734829 0.251274183250119 -0.0220697696207844 0.518293582221152 0.0288363949451094 -0.305583269437997 -0.224180641799735
33.8959835214433 12.39966662821 31.8931421655081 -0.149759819342919 -0.556849803788714 0.817000719998963 0.706603296801351 0.517706680429631 0.482381029734528 -0.156501578122248 -0.523072884315524 0.609486761950126 0.0847700953308175 -0.00731085599595508 0.0328933126291624
33.7777675354477 12.9207040502263 32.1018525941678 0.16099432354002 -0.599509169493957 0.784008589264652 0.63630940756336 0.670281556040925 0.381880681766139 0.226059349444446 -0.224414583252796 0.0654874569981775 0.288521319454895 0.0756125267803621 -0.268545721776453
33.7853691454364 13.2918053017834 32.4485081284803 0.658390618987383 -0.715495629422344 0.233640060882864 0.406573658761545 0.599304453128522 0.689588226376506 0.295591629830526 0.342731396876072 0.0973835541769988 -0.0571128573629987 -0.219961159000999 -0.0594580322913447
33.966353532908 13.4838557301181 32.925212451656 0.798679259849679 -0.480183700110577 -0.362677452878289 0.601736164721007 0.632301204380848 0.487963785332798 0.497352756989467 -0.142471156655874 -0.0217647460682799 0.50362346844181 -0.240262952665719 -0.228255807105642
34.3541467165259 13.5033693097776 33.2696390756916 0.592022052479213 0.159241894081404 -0.790032780170562 0.613709650949465 0.54630734522277 0.570007571180615 0.311647458322355 0.497832003007447 -0.33335445890358 0.217702676056598 -0.0380269828646304 0.585315002446386
34.7046642993515 13.671748683451 33.5563619994237 0.205151919940451 0.351212897565668 -0.913543688684619 0.676472255353998 0.62367288849404 0.39168520191948 0.0293898164537477 0.408553235037718 -0.0213937966699976 0.501976134230255 -0.078860023025894 -0.348694236497732
35.1745611314613 13.716256502836 33.641745794808 -0.237697257412017 0.762722924406175 -0.601459587492875 0.775800201060862 0.521674916599627 0.354949598449828 0.287701004822348 1.11906229057288 -0.548392698140037 0.46364262755219 0.0865700705500863 0.441020350709905
