t = 0
b =  30.0 30.0 30.0
E = 0. 0. 0.
5.23328860608 0.979186404654 0.85509211307 -0.0388427096204 0.974112393473 -0.222702242447 0.621505756682 0.198067343445 0.757957730927 0.0 0.0 0.0 0.0 0.0 0.0
5.74638421031 1.12907211885 0.909426961121 -0.490268953007 0.852968358635 0.179112626258 0.621505756682 0.198067343445 0.757957730927 0.0 0.0 0.0 0.0 0.0 0.0
6.14772299129 1.47339199723 1.00459053796 -0.755433824287 0.40776738348 0.512879613645 0.621505756682 0.198067343445 0.757957730927 0.0 0.0 0.0 0.0 0.0 0.0
6.37686060824 1.9106624635 1.21666503887 -0.73359675554 -0.192351238165 0.651795060918 0.621505756682 0.198067343445 0.757957730927 0.0 0.0 0.0 0.0 0.0 0.0
6.43877482169 2.30408645899 1.57731624443 -0.43305401428 -0.719392408491 0.543082667116 0.621505756682 0.198067343445 0.757957730927 0.0 0.0 0.0 0.0 0.0 0.0
6.40197435896 2.53352493232 2.06176316104 0.0320131872824 -0.973124375231 0.228044088219 0.621505756682 0.198067343445 0.757957730927 0.0 0.0 0.0 0.0 0.0 0.0
6.37247130327 2.5411396737 2.59819273474 0.484918043764 -0.857150122049 -0.173632252487 0.621505756682 0.198067343445 0.757957730927 0.0 0.0 0.0 0.0 0.0 0.0
6.45350533092 2.35336701779 3.09504283102 0.753594428023 -0.415530206715 -0.509342797496 0.621505756682 0.198067343445 0.757957730927 0.0 0.0 0.0 0.0 0.0 0.0
6.70632123215 2.07087423818 3.47578822058 0.735967689648 0.183956581445 -0.651545497979 0.621505756682 0.198067343445 0.757957730927 0.0 0.0 0.0 0.0 0.0 0.0
7.12690099139 1.83031436711 3.70801379338 0.438734521253 0.713555188724 -0.54621517052 0.621505756682 0.198067343445 0.757957730927 0.0 0.0 0.0 0.0 0.0 0.0
7.64749029856 1.75240942375 3.81572960087 -0.0251812270163 0.9720622498 -0.23336856755 0.621505756682 0.198067343445 0.757957730927 0.0 0.0 0.0 0.0 0.0 0.0
8.16233954423 1.89608610082 3.87024903605 -0.479530206135 0.861266610163 0.168138655947 0.621505756682 0.198067343445 0.757957730927 0.0 0.0 0.0 0.0 0.0 0.0
8.56787986433 2.23608852878 3.96309568314 -0.751697642625 0.423261385715 0.505767192921 0.621505756682 0.198067343445 0.757957730927 0.0 0.0 0.0 0.0 0.0 0.0
8.80207068314 2.67257340293 4.17123197777 -0.738282576967 -0.175547915719 0.651246317328 0.621505756682 0.198067343445 0.757957730927 0.0 0.0 0.0 0.0 0.0 0.0
8.8679699653 3.06904212417 4.52781989093 -0.444381616894 -0.707663628966 0.549306077524 0.621505756682 0.198067343445 0.757957730927 0.0 0.0 0.0 0.0 0.0 0.0
8.8325724439 3.30419889891 5.00962214174 0.0183473491023 -0.970926098065 0.238675274961 0.621505756682 0.198067343445 0.757957730927 0.0 0.0 0.0 0.0 0.0 0.0
8.80135720132 3.31803303906 5.54583042899 0.474105850423 -0.865317509489 -0.162632254997 0.621505756682 0.198067343445 0.757957730927 0.0 0.0 0.0 0.0 0.0 0.0
8.87821440225 3.13461802569 6.04496668859 0.749743612541 -0.430960331722 -0.502153072216 0.621505756682 0.198067343445 0.757957730927 0.0 0.0 0.0 0.0 0.0 0.0
9.12597568325 2.85296559114 6.42963713959 0.74054124121 0.167125881339 -0.650897541748 0.621505756682 0.198067343445 0.757957730927 0.0 0.0 0.0 0.0 0.0 0.0
9.54254336349 2.6094095065 6.66593547546 0.449994871154 0.701718177884 -0.552355152744 0.621505756682 0.198067343445 0.757957730927 0.0 0.0 0.0 0.0 0.0 0.0
10.0616873888 2.52581010259 6.77632443688 -0.0115120739666 0.969716006548 -0.243963806326 0.621505756682 0.198067343445 0.757957730927 0.0 0.0 0.0 0.0 0.0 0.0
10.5782072364 2.66325749289 6.83110184098 -0.468645389715 0.869302511538 0.157113468972 0.621505756682 0.198067343445 0.757957730927 0.0 0.0 0.0 0.0 0.0 0.0
10.9878993527 2.99886241804 6.92169326527 -0.747732486578 0.438626458431 0.498500710611 0.621505756682 0.198067343445 0.757957730927 0.0 0.0 0.0 0.0 0.0 0.0
11.2271458252 3.43445225819 7.12591794223 -0.74274351037 -0.158691119677 0.650499197801 0.621505756682 0.198067343445 0.757957730927 0.0 0.0 0.0 0.0 0.0 0.0
11.2970838911 3.83386845262 7.4784239318 -0.455573856562 -0.695719288245 0.55536216398 0.621505756682 0.198067343445 0.757957730927 0.0 0.0 0.0 0.0 0.0 0.0
