
#id1 id2 FENE BEXC STCK NEXC HB CRSTCK CXSTCK total, t = 100
0 1 0.0250407 0 -1.34331 0 0 0 0 -1.31827
1 2 0.366583 0 -1.30281 0 0 0 0 -0.936224
2 3 0.112617 0 -1.31012 0 0 0 0 -1.1975
3 4 0.361752 0 -1.19834 0 0 0 0 -0.836589
4 5 0.201872 0 -1.14795 0 0 0 0 -0.946082
5 6 0.0454465 0 -1.1922 0 0 0 0 -1.14675
6 7 0.230828 0 -1.24407 0 0 0 0 -1.01324
7 8 0.497372 0 -1.33398 0 0 0 0 -0.836608
8 9 0.0705257 0 -1.17322 0 0 0 0 -1.10269
9 10 0.0639436 0 -1.30415 0 0 0 0 -1.24021
10 11 0.466202 0 -1.03018 0 0 0 0 -0.563981
11 12 0.0200374 0 -1.04058 0 0 0 0 -1.02054
12 13 0.00024858 0 -1.28828 0 0 0 0 -1.28803
13 14 0.051442 0 -1.16696 0 0 0 0 -1.11551
14 15 0.171104 0 -1.18784 0 0 0 0 -1.01674
15 16 0.0917508 0 -1.02805 0 0 0 0 -0.936303
16 17 0.0499402 0 -1.36248 0 0 0 0 -1.31254
17 18 0.194247 0 -1.27292 0 0 0 0 -1.07867
18 19 0.375579 0 -1.22575 0 0 0 0 -0.850169
19 20 0.212669 0 -1.22832 0 0 0 0 -1.01565
20 21 0.106864 0 -0.99557 0 0 0 0 -0.888706
21 22 0.0237539 0 -1.31318 0 0 0 0 -1.28943
22 23 0.115787 0 -1.06003 0 0 0 0 -0.94424
23 24 0.0743504 0 -1.22032 0 0 0 0 -1.14597
#Total energy per particle is  -1.00163 and should be -1.0016310

