t = 0
b =  30.0 30.0 30.0
E = 0. 0. 0.
0.0929298016892 12.2679187522 19.4589799278 0.827900156473 0.130936507292 -0.545377815803 0.51977131882 0.186274645541 0.833750281895 0.0 0.0 0.0 0.0 0.0 0.0
0.464027031345 12.0128628532 19.7520983964 0.547050695776 0.67703456843 -0.492300446274 0.51977131882 0.186274645541 0.833750281895 0.0 0.0 0.0 0.0 0.0 0.0
0.959824484317 11.9121370054 19.9329969628 0.0583675295545 0.965915877607 -0.252189906381 0.51977131882 0.186274645541 0.833750281895 0.0 0.0 0.0 0.0 0.0 0.0
1.46892681749 12.0315917123 20.0564088321 -0.452490436998 0.887829595629 0.0837317953367 0.51977131882 0.186274645541 0.833750281895 0.0 0.0 0.0 0.0 0.0 0.0
1.87488394131 12.3534272034 20.1989073668 -0.791439721298 0.472442006553 0.387842388085 0.51977131882 0.186274645541 0.833750281895 0.0 0.0 0.0 0.0 0.0 0.0
2.10043235575 12.7829558648 20.4298145861 -0.829707823311 -0.122434199622 0.544605173221 0.51977131882 0.186274645541 0.833750281895 0.0 0.0 0.0 0.0 0.0 0.0
2.13684884577 13.1845756465 20.7848645717 -0.552756051273 -0.67079560637 0.494463347737 0.51977131882 0.186274645541 0.833750281895 0.0 0.0 0.0 0.0 0.0 0.0
2.0472645765 13.4332875487 21.252627493 -0.0658030137676 -0.964310547154 0.256466629462 0.51977131882 0.186274645541 0.833750281895 0.0 0.0 0.0 0.0 0.0 0.0
1.94268050818 13.4621848313 21.7788519906 0.446149688836 -0.891467788661 -0.0789660492395 0.51977131882 0.186274645541 0.833750281895 0.0 0.0 0.0 0.0 0.0 0.0
1.93979627546 13.2878720034 22.2870761747 0.788602665425 -0.479941512709 -0.384398205593 0.51977131882 0.186274645541 0.833750281895 0.0 0.0 0.0 0.0 0.0 0.0
2.11667404514 13.0041564926 22.7076767758 0.831452304686 0.113922568115 -0.543791056846 0.51977131882 0.186274645541 0.833750281895 0.0 0.0 0.0 0.0 0.0 0.0
2.48308139384 12.7464096348 23.0043201884 0.558419312256 0.664505560628 -0.496588593902 0.51977131882 0.186274645541 0.833750281895 0.0 0.0 0.0 0.0 0.0 0.0
2.97678044234 12.6401368404 23.1877662154 0.0732334868263 0.962631780718 -0.260723821616 0.51977131882 0.186274645541 0.833750281895 0.0 0.0 0.0 0.0 0.0 0.0
3.48717306646 12.7532959907 23.311780239 -0.439774964647 0.895038092968 0.0741942895718 0.51977131882 0.186274645541 0.833750281895 0.0 0.0 0.0 0.0 0.0 0.0
3.89731897355 13.0704791025 23.4527068532 -0.785705554406 0.487404469461 0.380924749689 0.51977131882 0.186274645541 0.833750281895 0.0 0.0 0.0 0.0 0.0 0.0
4.1283632748 13.4987660784 23.6804652762 -0.833133467749 -0.105402260963 0.542935528677 0.51977131882 0.186274645541 0.833750281895 0.0 0.0 0.0 0.0 0.0 0.0
4.16949477585 13.9030266057 24.03198587 -0.564040047446 -0.658164910215 0.498676022923 0.51977131882 0.186274645541 0.833750281895 0.0 0.0 0.0 0.0 0.0 0.0
4.08205333035 14.1572584209 24.4971796789 -0.0806583828715 -0.960879706146 0.264961158642 0.51977131882 0.186274645541 0.833750281895 0.0 0.0 0.0 0.0 0.0 0.0
3.97622580393 14.1924576769 25.0227713922 0.433366749892 -0.89854023666 -0.0694168797217 0.51977131882 0.186274645541 0.833750281895 0.0 0.0 0.0 0.0 0.0 0.0
3.96918424178 14.0228346577 25.5325395257 0.782748608866 -0.494830308475 -0.377422284891 0.51977131882 0.186274645541 0.833750281895 0.0 0.0 0.0 0.0 0.0 0.0
4.14057024965 13.7404150541 25.9562742374 0.834751184473 0.0968739270208 -0.542038653865 0.51977131882 0.186274645541 0.833750281895 0.0 0.0 0.0 0.0 0.0 0.0
4.50223781629 13.4800778652 26.2564512209 0.569617828803 0.651774137996 -0.500725475834 0.51977131882 0.186274645541 0.833750281895 0.0 0.0 0.0 0.0 0.0 0.0
4.99374978493 13.3683126115 26.4424878165 0.0880771364686 0.959054456864 -0.269178317849 0.51977131882 0.186274645541 0.833750281895 0.0 0.0 0.0 0.0 0.0 0.0
5.5053389396 13.4751638515 26.567165206 -0.426925532582 0.901973953034 0.0646341835075 0.51977131882 0.186274645541 0.833750281895 0.0 0.0 0.0 0.0 0.0 0.0
