t = 0
b =  30.0 30.0 30.0
E = 0. 0. 0.
25.3417403931 1.37727153532 14.240560411 -0.176020687742 0.982961520761 -0.0529468241815 0.827633652318 0.1768975203 0.532662937384 0.0 0.0 0.0 0.0 0.0 0.0
25.8317647489 1.57582242548 14.1449634608 -0.455093188487 0.766956841468 0.452401804945 0.827633652318 0.1768975203 0.532662937384 0.0 0.0 0.0 0.0 0.0 0.0
26.218050598 1.94920115177 14.1524915163 -0.561268178174 0.259572435268 0.785875424618 0.827633652318 0.1768975203 0.532662937384 0.0 0.0 0.0 0.0 0.0 0.0
26.4763953483 2.38174942286 14.3391598996 -0.454208003069 -0.346427878911 0.820781831342 0.827633652318 0.1768975203 0.532662937384 0.0 0.0 0.0 0.0 0.0 0.0
26.6312033699 2.73532944805 14.7129255271 -0.174586613645 -0.820814449926 0.543859497599 0.827633652318 0.1768975203 0.532662937384 0.0 0.0 0.0 0.0 0.0 0.0
26.7462143675 2.90180479354 15.2106639442 0.171363149235 -0.983359888128 0.0603158478723 0.827633652318 0.1768975203 0.532662937384 0.0 0.0 0.0 0.0 0.0 0.0
26.9002876004 2.8441232216 15.7221513608 0.452209186682 -0.77231046393 -0.446142800888 0.827633652318 0.1768975203 0.532662937384 0.0 0.0 0.0 0.0 0.0 0.0
27.1574419316 2.61039345511 16.1319405118 0.561253393574 -0.267847382143 -0.783104340482 0.827633652318 0.1768975203 0.532662937384 0.0 0.0 0.0 0.0 0.0 0.0
27.5425339915 2.31560786943 16.3632210038 0.457068052591 0.33837539829 -0.82255144832 0.827633652318 0.1768975203 0.532662937384 0.0 0.0 0.0 0.0 0.0 0.0
28.0318147284 2.09795496643 16.4070008673 0.179234916658 0.816043707578 -0.549497508614 0.827633652318 0.1768975203 0.532662937384 0.0 0.0 0.0 0.0 0.0 0.0
28.5619520702 2.06631925226 16.3255227564 -0.166692560761 0.983683368833 -0.0676802782777 0.827633652318 0.1768975203 0.532662937384 0.0 0.0 0.0 0.0 0.0 0.0
29.0540918375 2.25891419296 16.2286169239 -0.449290747396 0.77760527196 0.43984982133 0.827633652318 0.1768975203 0.532662937384 0.0 0.0 0.0 0.0 0.0 0.0
29.4438157648 2.62876427987 16.2319748721 -0.561195867354 0.276101931402 0.780273619918 0.827633652318 0.1768975203 0.532662937384 0.0 0.0 0.0 0.0 0.0 0.0
29.7056150765 3.06155181073 16.4131962164 -0.45989329461 -0.330297149073 0.82425842482 0.827633652318 0.1768975203 0.532662937384 0.0 0.0 0.0 0.0 0.0 0.0
29.8625816972 3.41904809607 16.7823072947 -0.183869570238 -0.811210820342 0.555093673267 0.827633652318 0.1768975203 0.532662937384 0.0 0.0 0.0 0.0 0.0 0.0
29.9776352436 3.59162884939 17.2779519932 0.162009278003 -0.983931938241 0.0750395545678 0.827633652318 0.1768975203 0.532662937384 0.0 0.0 0.0 0.0 0.0 0.0
30.12961881 3.53992228642 17.7907019605 0.44633809288 -0.782840862338 -0.433523345506 0.827633652318 0.1768975203 0.532662937384 0.0 0.0 0.0 0.0 0.0 0.0
30.3833451587 3.30976712426 18.2046302676 0.561095603897 -0.284335454431 -0.777383478498 0.827633652318 0.1768975203 0.532662937384 0.0 0.0 0.0 0.0 0.0 0.0
30.764973268 3.01479768631 18.4413539863 0.462683513975 0.322193746449 -0.82590263085 0.827633652318 0.1768975203 0.532662937384 0.0 0.0 0.0 0.0 0.0 0.0
31.2520700988 2.793272323 18.4898131744 0.188490221438 0.806316156261 -0.560647565386 0.827633652318 0.1768975203 0.532662937384 0.0 0.0 0.0 0.0 0.0 0.0
31.7821332816 2.75554675288 18.4104727322 -0.157313657611 0.984105577423 -0.0823931163054 0.827633652318 0.1768975203 0.532662937384 0.0 0.0 0.0 0.0 0.0 0.0
32.2763368111 2.9421480801 18.3123507766 -0.44335144799 0.788016836353 0.427163855199 0.827633652318 0.1768975203 0.532662937384 0.0 0.0 0.0 0.0 0.0 0.0
32.6694783642 3.30837786996 18.3116008352 -0.560952610837 0.292547324214 0.774434136315 0.827633652318 0.1768975203 0.532662937384 0.0 0.0 0.0 0.0 0.0 0.0
32.9347507519 3.74129383158 18.4873831796 -0.465438498199 -0.314065807524 0.827483941197 0.827633652318 0.1768975203 0.532662937384 0.0 0.0 0.0 0.0 0.0 0.0
