
#id1 id2 FENE BEXC STCK NEXC HB CRSTCK CXSTCK total, t = 100
0 1 0.00251492 0 -1.36874 0 0 0 0 -1.36623
1 2 0.154697 0 -1.19831 0 0 0 0 -1.04361
2 3 0.0619762 0 -1.35667 0 0 0 0 -1.29469
3 4 0.115494 0 -1.26308 0 0 0 0 -1.14758
4 5 0.075317 0 -1.40672 0 0 0 0 -1.33141
5 6 0.36939 0 -1.3421 0 0 0 0 -0.972708
6 7 0.221623 0 -1.39833 0 0 0 0 -1.17671
7 8 0.378615 0 -1.23093 0 0 0 0 -0.852312
8 9 0.17572 0 -1.37096 0 0 0 0 -1.19524
9 10 0.625136 0 -1.36396 0 0 0 0 -0.738827
10 11 0.00115375 0 -1.35493 0 0 0 0 -1.35378
11 12 0.0988652 0 -1.00868 0 0 0 0 -0.909818
12 13 0.23663 0 -1.10301 0 0 0 0 -0.866379
13 14 0.0786209 0 -1.31957 0 0 0 0 -1.24095
14 15 0.358498 0 -1.26549 0 0 0 0 -0.906988
15 16 0.142348 0 -1.31412 0 0 0 0 -1.17177
16 17 0.129103 0 -1.29757 0 0 0 0 -1.16847
17 18 0.193908 0 -1.17686 0 0 0 0 -0.982952
18 19 0.0587126 0 -1.34396 0 0 0 0 -1.28524
19 20 0.111324 0 -1.31409 0 0 0 0 -1.20277
20 21 0.0701894 0 -1.17479 0 0 0 0 -1.1046
21 22 0.206986 0 -1.23111 0 0 0 0 -1.02413
22 23 0.0284697 0 -1.26631 0 0 0 0 -1.23784
23 24 0.0329896 0 -1.05309 0 0 0 0 -1.0201
24 25 0.468562 0 -1.17413 0 0 0 0 -0.705568
25 26 0.0100345 0 -1.04407 0 0 0 0 -1.03403
#Total energy per particle is  -1.04943 and should be -1.0494310

