t = 0
b =  30.0 30.0 30.0
E = 0. 0. 0.
20.7361919431 2.40370946373 25.2854485408 0.907919628541 -0.255252260835 -0.332457864171 0.400849716277 0.296995551648 0.866667841368 0.0 0.0 0.0 0.0 0.0 0.0
20.9528169478 2.166651504 25.7162178911 0.807271837317 0.332774062339 -0.487415227613 0.400849716277 0.296995551648 0.866667841368 0.0 0.0 0.0 0.0 0.0 0.0
21.3534595931 2.00544940224 26.035880925 0.399927978231 0.794373955544 -0.457195396937 0.400849716277 0.296995551648 0.866667841368 0.0 0.0 0.0 0.0 0.0 0.0
21.8452658337 2.02532486865 26.2513262538 -0.159355206224 0.954177901814 -0.253279391065 0.400849716277 0.296995551648 0.866667841368 0.0 0.0 0.0 0.0 0.0 0.0
22.30074705 2.2627052178 26.4090365374 -0.658096683557 0.751473710181 0.046861690078 0.400849716277 0.296995551648 0.866667841368 0.0 0.0 0.0 0.0 0.0 0.0
22.6062151065 2.67138402284 26.5774289448 -0.906816228018 0.26327209208 0.329199231675 0.400849716277 0.296995551648 0.866667841368 0.0 0.0 0.0 0.0 0.0 0.0
22.7049743754 3.14007570954 26.8208623273 -0.811021126295 -0.324950995477 0.486468481241 0.400849716277 0.296995551648 0.866667841368 0.0 0.0 0.0 0.0 0.0 0.0
22.618861353 3.5346948066 27.1751862155 -0.407105539143 -0.789719766962 0.458920221464 0.400849716277 0.296995551648 0.866667841368 0.0 0.0 0.0 0.0 0.0 0.0
22.4399486102 3.74929725794 27.6341209826 0.151476248771 -0.954460795567 0.257020496816 0.400849716277 0.296995551648 0.866667841368 0.0 0.0 0.0 0.0 0.0 0.0
22.295564883 3.74633034089 28.15164358 0.652509677229 -0.756586210203 -0.0425256117256 0.400849716277 0.296995551648 0.866667841368 0.0 0.0 0.0 0.0 0.0 0.0
22.2999207573 3.57089957342 28.6594724629 0.905643769928 -0.271271874136 -0.325915529383 0.400849716277 0.296995551648 0.866667841368 0.0 0.0 0.0 0.0 0.0 0.0
22.5107181574 3.33363237371 29.0930088906 0.814708652875 0.317103182339 -0.48548468841 0.400849716277 0.296995551648 0.866667841368 0.0 0.0 0.0 0.0 0.0 0.0
22.9072284206 3.16864885439 29.4158790684 0.414252097392 0.785005438161 -0.46061009744 0.400849716277 0.296995551648 0.866667841368 0.0 0.0 0.0 0.0 0.0 0.0
23.3981674624 3.18260734939 29.6337531599 -0.143585755815 0.954671003435 -0.260742029462 0.400849716277 0.296995551648 0.866667841368 0.0 0.0 0.0 0.0 0.0 0.0
23.8563761266 3.41418312967 29.7921910976 -0.646872979763 0.761641093256 0.0381862948833 0.400849716277 0.296995551648 0.866667841368 0.0 0.0 0.0 0.0 0.0 0.0
24.1671300748 3.81937502112 29.9593336024 -0.904402343559 0.279250997789 0.322607007361 0.400849716277 0.296995551648 0.866667841368 0.0 0.0 0.0 0.0 0.0 0.0
24.2717254803 4.28822218631 30.2000143847 -0.818334136237 -0.309231220566 0.484463924041 0.400849716277 0.296995551648 0.866667841368 0.0 0.0 0.0 0.0 0.0 0.0
24.1897815937 4.68658008503 30.5511287337 -0.42136710874 -0.780231328157 0.462264896173 0.400849716277 0.296995551648 0.866667841368 0.0 0.0 0.0 0.0 0.0 0.0
24.0117870614 4.90708422796 31.0076163803 0.135684328249 -0.954808509409 0.264443705592 0.400849716277 0.296995551648 0.866667841368 0.0 0.0 0.0 0.0 0.0 0.0
23.864721776 4.90993974112 31.524383978 0.641187020415 -0.76663797439 -0.0338440700068 0.400849716277 0.296995551648 0.866667841368 0.0 0.0 0.0 0.0 0.0 0.0
23.8638150921 4.73804010389 32.0334368188 0.90309204345 -0.287208855396 -0.319273917567 0.400849716277 0.296995551648 0.866667841368 0.0 0.0 0.0 0.0 0.0 0.0
24.0687682679 4.50067119904 32.4697111601 0.821897300285 0.301335709638 -0.483406265868 0.400849716277 0.296995551648 0.866667841368 0.0 0.0 0.0 0.0 0.0 0.0
24.4610729591 4.33199177869 32.7957930279 0.428450031352 0.775397800517 -0.463884491644 0.400849716277 0.296995551648 0.866667841368 0.0 0.0 0.0 0.0 0.0 0.0
24.9510428485 4.34006431136 33.0161324112 -0.127772567795 0.954873303019 -0.26812524331 0.400849716277 0.296995551648 0.866667841368 0.0 0.0 0.0 0.0 0.0 0.0
25.411886977 4.56580024349 33.1753526368 -0.635452232193 0.771576473074 0.0294992677733 0.400849716277 0.296995551648 0.866667841368 0.0 0.0 0.0 0.0 0.0 0.0
25.7278797493 4.96741705695 33.3412972215 -0.901712969386 0.295144840938 0.315916513828 0.400849716277 0.296995551648 0.866667841368 0.0 0.0 0.0 0.0 0.0 0.0
25.8383270217 5.43631214618 33.5792549854 -0.825397873672 -0.29341725083 0.482311794437 0.400849716277 0.296995551648 0.866667841368 0.0 0.0 0.0 0.0 0.0 0.0
