t = 0
b =  30.0 30.0 30.0
E = 0. 0. 0.
5.69283384285 3.66796153331 27.2580887526 -0.653689735071 0.716226790999 0.244354075305 0.631598417041 0.338484191298 0.697504044312 0.0 0.0 0.0 0.0 0.0 0.0
6.01116463983 4.0962345683 27.320800899 -0.773951726167 0.222319340702 0.592935777561 0.631598417041 0.338484191298 0.697504044312 0.0 0.0 0.0 0.0 0.0 0.0
6.15307311648 4.57518530401 27.5186727746 -0.60017651671 -0.356050944108 0.716251264564 0.631598417041 0.338484191298 0.697504044312 0.0 0.0 0.0 0.0 0.0 0.0
6.15817133726 4.9729742158 27.8798141484 -0.198384214138 -0.799151522397 0.567450921076 0.631598417041 0.338484191298 0.697504044312 0.0 0.0 0.0 0.0 0.0 0.0
6.11804787018 5.18859651291 28.3703059776 0.278777568192 -0.938641076227 0.203066485398 0.631598417041 0.338484191298 0.697504044312 0.0 0.0 0.0 0.0 0.0 0.0
6.14147175855 5.19025554716 28.9070868185 0.650027091453 -0.721525191956 -0.238466303173 0.631598417041 0.338484191298 0.697504044312 0.0 0.0 0.0 0.0 0.0 0.0
6.31306934286 5.02744289121 29.3895092581 0.774320454799 -0.230289824003 -0.589401756225 0.631598417041 0.338484191298 0.697504044312 0.0 0.0 0.0 0.0 0.0 0.0
6.66117329921 4.81213566263 29.7375775489 0.604436531418 0.348436498329 -0.716413627815 0.631598417041 0.338484191298 0.697504044312 0.0 0.0 0.0 0.0 0.0 0.0
7.14705858192 4.6762545448 29.9223393306 0.204917064112 0.794785969399 -0.571247984401 0.631598417041 0.338484191298 0.697504044312 0.0 0.0 0.0 0.0 0.0 0.0
7.67965471583 4.72154491371 29.9768851163 -0.272453821881 0.939182962581 -0.209055680957 0.631598417041 0.338484191298 0.697504044312 0.0 0.0 0.0 0.0 0.0 0.0
8.15014499248 4.98092206849 29.983776653 -0.646314945756 0.726768645977 0.232560370908 0.631598417041 0.338484191298 0.697504044312 0.0 0.0 0.0 0.0 0.0 0.0
8.47330775691 5.40596615899 30.0436803335 -0.774630215929 0.238242769843 0.585822849663 0.631598417041 0.338484191298 0.697504044312 0.0 0.0 0.0 0.0 0.0 0.0
8.61989353924 5.88531769637 30.237122351 -0.608650515944 -0.340795517762 0.716521433395 0.631598417041 0.338484191298 0.697504044312 0.0 0.0 0.0 0.0 0.0 0.0
8.62773741731 6.28698488475 30.5938954518 -0.211434308858 -0.790359890371 0.575001544981 0.631598417041 0.338484191298 0.697504044312 0.0 0.0 0.0 0.0 0.0 0.0
8.58738483802 6.50848951125 31.0817401729 0.266109327157 -0.939653326516 0.215028956115 0.631598417041 0.338484191298 0.697504044312 0.0 0.0 0.0 0.0 0.0 0.0
8.60769188823 6.51580013241 31.6186007514 0.642553580674 -0.731956753751 -0.226636728271 0.631598417041 0.338484191298 0.697504044312 0.0 0.0 0.0 0.0 0.0 0.0
8.77446904738 6.35626118852 32.1037994804 0.77488098597 -0.246177572572 -0.582199330423 0.631598417041 0.338484191298 0.697504044312 0.0 0.0 0.0 0.0 0.0 0.0
9.11788035165 6.14060605922 32.4562858538 0.612818149377 0.333128584296 -0.716574673094 0.631598417041 0.338484191298 0.697504044312 0.0 0.0 0.0 0.0 0.0 0.0
9.60098357236 6.00088760118 32.6454290079 0.217935452062 0.785873622378 -0.578711316966 0.631598417041 0.338484191298 0.697504044312 0.0 0.0 0.0 0.0 0.0 0.0
10.1337651862 6.0403090601 32.7026548991 -0.259744567177 0.940052132212 -0.220985855986 0.631598417041 0.338484191298 0.697504044312 0.0 0.0 0.0 0.0 0.0 0.0
10.6073380178 6.29401543213 32.7095070574 -0.638743282648 0.737089120185 0.22069582637 0.631598417041 0.338484191298 0.697504044312 0.0 0.0 0.0 0.0 0.0 0.0
10.9353092981 6.71574129231 32.7666668364 -0.775072745823 0.254093627927 0.57853147445 0.631598417041 0.338484191298 0.697504044312 0.0 0.0 0.0 0.0 0.0 0.0
11.0866027215 7.19538780296 32.9557028831 -0.616939114335 -0.325436281799 0.716573342857 0.631598417041 0.338484191298 0.697504044312 0.0 0.0 0.0 0.0 0.0 0.0
11.0972648544 7.60085110294 33.3080818459 -0.224419998639 -0.781327507066 0.582377017844 0.631598417041 0.338484191298 0.697504044312 0.0 0.0 0.0 0.0 0.0 0.0
