t = 0
b =  30.0 30.0 30.0
E = 0. 0. 0.
1.88415693305 8.81568170462 23.8575868968 0.130562305969 0.940333174711 -0.314208537117 0.754763042675 0.111228556728 0.646499000448 0.0 0.0 0.0 0.0 0.0 0.0
2.41939429368 8.85307612616 23.8291663559 -0.271202297646 0.950263738562 0.153127858097 0.754763042675 0.111228556728 0.646499000448 0.0 0.0 0.0 0.0 0.0 0.0
2.89281108203 9.10708319679 23.8356513151 -0.569932614125 0.599173220571 0.562288419859 0.754763042675 0.111228556728 0.646499000448 0.0 0.0 0.0 0.0 0.0 0.0
3.23631171305 9.49767182191 23.9703099373 -0.652136001733 0.0204467784426 0.757826209955 0.754763042675 0.111228556728 0.646499000448 0.0 0.0 0.0 0.0 0.0 0.0
3.43115792196 9.89292129082 24.2777150679 -0.48658201915 -0.566047736668 0.665453152711 0.754763042675 0.111228556728 0.646499000448 0.0 0.0 0.0 0.0 0.0 0.0
3.5150877443 10.1591401603 24.7368102656 -0.136167392274 -0.937491252805 0.320263316969 0.754763042675 0.111228556728 0.646499000448 0.0 0.0 0.0 0.0 0.0 0.0
3.56797820528 10.2116578693 25.2689094965 0.265979503524 -0.952766167983 -0.146599907407 0.754763042675 0.111228556728 0.646499000448 0.0 0.0 0.0 0.0 0.0 0.0
3.68149870246 10.0469925003 25.7675912739 0.567076338993 -0.606069286544 -0.55776737594 0.754763042675 0.111228556728 0.646499000448 0.0 0.0 0.0 0.0 0.0 0.0
3.92428426895 9.74417361831 26.1391299603 0.652731392268 -0.0291165502086 -0.757029692979 0.754763042675 0.111228556728 0.646499000448 0.0 0.0 0.0 0.0 0.0 0.0
4.31585997685 9.43471761782 26.3381037045 0.490402876533 0.558898050354 -0.668683772794 0.754763042675 0.111228556728 0.646499000448 0.0 0.0 0.0 0.0 0.0 0.0
4.81922303589 9.25266244549 26.3846509616 0.141762108905 0.93457793731 -0.326293707529 0.754763042675 0.111228556728 0.646499000448 0.0 0.0 0.0 0.0 0.0 0.0
5.35490077211 9.28364434337 26.3568195578 -0.260736454033 0.955196040572 0.140060792567 0.754763042675 0.111228556728 0.646499000448 0.0 0.0 0.0 0.0 0.0 0.0
5.83114362543 9.53236320876 26.360915016 -0.564176878802 0.612919197994 0.553203855875 0.754763042675 0.111228556728 0.646499000448 0.0 0.0 0.0 0.0 0.0 0.0
6.17878234148 9.92079702462 26.4911133107 -0.65327707478 0.0377841046366 0.756175525261 0.754763042675 0.111228556728 0.646499000448 0.0 0.0 0.0 0.0 0.0 0.0
6.37750652778 10.3178437283 26.7936818401 -0.494186387839 -0.551705801789 0.671863470019 0.754763042675 0.111228556728 0.646499000448 0.0 0.0 0.0 0.0 0.0 0.0
6.46358091141 10.5891290771 27.2494016686 -0.147346029802 -0.931593450086 0.332299249559 0.754763042675 0.111228556728 0.646499000448 0.0 0.0 0.0 0.0 0.0 0.0
6.51606776292 10.6480576697 27.7808691215 0.255473548451 -0.957553171284 -0.133511011555 0.754763042675 0.111228556728 0.646499000448 0.0 0.0 0.0 0.0 0.0 0.0
6.62678981784 10.4887119867 28.2819027351 0.561234454357 -0.619722433275 -0.548598207195 0.754763042675 0.111228556728 0.646499000448 0.0 0.0 0.0 0.0 0.0 0.0
6.86544528428 10.1881005556 28.6578833702 0.653773007714 -0.0464487816587 -0.755263771849 0.754763042675 0.111228556728 0.646499000448 0.0 0.0 0.0 0.0 0.0 0.0
7.25312832841 9.87690112324 28.8617016047 0.497932264938 0.544471538692 -0.67499200224 0.754763042675 0.111228556728 0.646499000448 0.0 0.0 0.0 0.0 0.0 0.0
7.75431504799 9.68981399525 28.911655391 0.152918729729 0.928538018415 -0.338279485716 0.754763042675 0.111228556728 0.646499000448 0.0 0.0 0.0 0.0 0.0 0.0
8.29035959683 9.71438713777 28.8844983579 -0.250191187569 0.959837380614 0.126951063163 0.754763042675 0.111228556728 0.646499000448 0.0 0.0 0.0 0.0 0.0 0.0
8.76937305659 9.95775524141 28.8862798237 -0.558249289736 0.626478474293 0.543950780638 0.754763042675 0.111228556728 0.646499000448 0.0 0.0 0.0 0.0 0.0 0.0
9.12113357319 10.343929133 29.012054887 -0.654219153302 0.0551099214263 0.754294502176 0.754763042675 0.111228556728 0.646499000448 0.0 0.0 0.0 0.0 0.0 0.0
9.32376481321 10.7426653329 29.3097714059 -0.501640222567 -0.537195811979 0.678069131206 0.754763042675 0.111228556728 0.646499000448 0.0 0.0 0.0 0.0 0.0 0.0
