
#id1 id2 FENE BEXC STCK NEXC HB CRSTCK CXSTCK total, t = 100
0 1 1.84398e-06 0 -1.36507 0 0 0 0 -1.36506
1 2 0.317589 0 -1.38606 0 0 0 0 -1.06847
2 3 0.0917896 0 -0.840108 0 0 0 0 -0.748319
3 4 0.259605 0 -1.26726 0 0 0 0 -1.00766
4 5 0.289213 0 -1.3091 0 0 0 0 -1.01989
5 6 0.0320558 0 -1.04381 0 0 0 0 -1.01176
6 7 0.0146103 0 -1.22571 0 0 0 0 -1.2111
7 8 0.170349 0 -1.163 0 0 0 0 -0.992649
8 9 0.00237137 0 -1.21751 0 0 0 0 -1.21514
9 10 0.0914956 0 -1.09861 0 0 0 0 -1.00712
10 11 0.0520728 0 -1.09651 0 0 0 0 -1.04443
11 12 0.00389019 0 -1.35202 0 0 0 0 -1.34813
12 13 0.405518 0 -1.31133 0 0 0 0 -0.905807
13 14 0.137954 0 -1.22512 0 0 0 0 -1.08717
14 15 0.426102 0 -1.21273 0 0 0 0 -0.786631
15 16 0.107805 0 -1.12916 0 0 0 0 -1.02136
16 17 0.085836 0 -1.13459 0 0 0 0 -1.04876
17 18 0.203479 0 -1.3273 0 0 0 0 -1.12382
18 19 0.0339179 0 -1.33811 0 0 0 0 -1.3042
19 20 0.119985 0 -1.35446 0 0 0 0 -1.23447
20 21 0.07258 0 -1.35429 0 0 0 0 -1.28171
21 22 0.311659 0 -1.34177 0 0 0 0 -1.03011
22 23 0.205562 0 -1.0827 0 0 0 0 -0.877136
23 24 0.0154187 0 -0.99367 0 0 0 0 -0.978251
#Total energy per particle is  -1.02877 and should be -1.0287710

