t = 0
b =  30.0 30.0 30.0
E = 0. 0. 0.
20.1491358824 12.1647352894 18.9052352939 0.185830506404 -0.53770781043 0.822397308782 0.756492478038 0.612419907045 0.22947982074 0.0 0.0 0.0 0.0 0.0 0.0
20.2445592703 12.5460277799 19.2715623553 0.518212640049 -0.775364408651 0.360923390057 0.756492478038 0.612419907045 0.22947982074 0.0 0.0 0.0 0.0 0.0 0.0
20.4581092459 12.750575929 19.7201619148 0.653717127686 -0.718447104625 -0.237671358868 0.756492478038 0.612419907045 0.22947982074 0.0 0.0 0.0 0.0 0.0 0.0
20.8206740612 12.791354038 20.1145842805 0.540863548948 -0.388579733756 -0.745970784906 0.756492478038 0.612419907045 0.22947982074 0.0 0.0 0.0 0.0 0.0 0.0
21.3065287396 12.7435553844 20.3389625824 0.222526865208 0.0889155746736 -0.970863437792 0.756492478038 0.612419907045 0.22947982074 0.0 0.0 0.0 0.0 0.0 0.0
21.8431084239 12.7160250389 20.3420325331 -0.180351495075 0.532630369695 -0.826908838689 0.756492478038 0.612419907045 0.22947982074 0.0 0.0 0.0 0.0 0.0 0.0
22.3385769792 12.8099078029 20.1566085879 -0.514711307063 0.773989982165 -0.36879774659 0.756492478038 0.612419907045 0.22947982074 0.0 0.0 0.0 0.0 0.0 0.0
22.7167170759 13.0802216078 19.8871171848 -0.653523687984 0.721297859988 0.229425775408 0.756492478038 0.612419907045 0.22947982074 0.0 0.0 0.0 0.0 0.0 0.0
22.9458864273 13.5149552825 19.6699233945 -0.544051493506 0.394572621344 0.740486609534 0.756492478038 0.612419907045 0.22947982074 0.0 0.0 0.0 0.0 0.0 0.0
23.0510392237 14.0396317986 19.6215235501 -0.227885040589 -0.0820573530508 0.970224200423 0.756492478038 0.612419907045 0.22947982074 0.0 0.0 0.0 0.0 0.0 0.0
23.1042456179 14.5456033385 19.7942863427 0.174858749282 -0.527512367096 0.831357396287 0.756492478038 0.612419907045 0.22947982074 0.0 0.0 0.0 0.0 0.0 0.0
23.1973110695 14.9313284178 20.1565570799 0.511170776818 -0.772556613344 0.376644017747 0.756492478038 0.612419907045 0.22947982074 0.0 0.0 0.0 0.0 0.0 0.0
23.4068979158 15.1409491927 20.6046838329 0.653280479922 -0.724093685726 -0.221162720287 0.756492478038 0.612419907045 0.22947982074 0.0 0.0 0.0 0.0 0.0 0.0
23.765400068 15.1855127892 21.0023965368 0.547198006436 -0.400535460699 -0.73494604324 0.756492478038 0.612419907045 0.22947982074 0.0 0.0 0.0 0.0 0.0 0.0
24.248636023 15.1387743148 21.232578267 0.233225861642 0.0751928824428 -0.969511076724 0.756492478038 0.612419907045 0.22947982074 0.0 0.0 0.0 0.0 0.0 0.0
24.7850358205 15.1091760604 21.2417599168 -0.169352687318 0.522354192387 -0.8357426428 0.756492478038 0.612419907045 0.22947982074 0.0 0.0 0.0 0.0 0.0 0.0
25.2828316676 15.1986484605 21.0604340048 -0.50759131894 0.771064411347 -0.384461606004 0.756492478038 0.612419907045 0.22947982074 0.0 0.0 0.0 0.0 0.0 0.0
25.6649220576 15.4638850175 20.7914700577 -0.652987522023 0.726834368927 0.212882822768 0.756492478038 0.612419907045 0.22947982074 0.0 0.0 0.0 0.0 0.0 0.0
25.8981639213 15.8948034917 20.5710327567 -0.55030284812 0.406467797729 0.72934950796 0.756492478038 0.612419907045 0.22947982074 0.0 0.0 0.0 0.0 0.0 0.0
26.0059642336 16.4183763132 20.516850699 -0.238548921643 -0.0683226856057 0.968724121004 0.756492478038 0.612419907045 0.22947982074 0.0 0.0 0.0 0.0 0.0 0.0
26.0593873116 16.9263749764 20.6834893352 0.163833728491 -0.517156238384 0.840064244275 0.756492478038 0.612419907045 0.22947982074 0.0 0.0 0.0 0.0 0.0 0.0
26.1501562932 17.3164878588 21.0416206422 0.503973206017 -0.769513489809 0.392249916021 0.756492478038 0.612419907045 0.22947982074 0.0 0.0 0.0 0.0 0.0 0.0
26.355805983 17.5311901169 21.48916533 0.652644836595 -0.729519700876 -0.204586713398 0.756492478038 0.612419907045 0.22947982074 0.0 0.0 0.0 0.0 0.0 0.0
26.7102260838 17.5795983363 21.89007447 0.553365782111 -0.412369180661 -0.72369742989 0.756492478038 0.612419907045 0.22947982074 0.0 0.0 0.0 0.0 0.0 0.0
27.1907859321 17.534006988 22.1260167582 0.24385381522 0.0614472857316 -0.967863393191 0.756492478038 0.612419907045 0.22947982074 0.0 0.0 0.0 0.0 0.0 0.0
24.6882490199 7.85527761219 4.27747484158 -0.584527613793 0.565971388443 0.581380990554 0.798896231709 0.276285629255 0.534257486638 0.0 0.0 0.0 0.0 0.0 0.0
24.9828775496 8.3007493928 4.33607539013 -0.556608369572 0.00299488024282 0.830769615245 0.798896231709 0.276285629255 0.534257486638 0.0 0.0 0.0 0.0 0.0 0.0
25.1506271839 8.74690385646 4.58404989862 -0.317224299755 -0.561119433033 0.764534973378 0.798896231709 0.276285629255 0.534257486638 0.0 0.0 0.0 0.0 0.0 0.0
25.2460655291 9.0651511277 5.00630017834 0.0426785852466 -0.912055092283 0.407840712781 0.798896231709 0.276285629255 0.534257486638 0.0 0.0 0.0 0.0 0.0 0.0
25.3512324592 9.17549541195 5.52151776138 0.386367162165 -0.916485773227 -0.103799053335 0.798896231709 0.276285629255 0.534257486638 0.0 0.0 0.0 0.0 0.0 0.0
25.5444717961 9.07692673537 6.01307434694 0.583268394463 -0.572728186097 -0.57600382366 0.798896231709 0.276285629255 0.534257486638 0.0 0.0 0.0 0.0 0.0 0.0
25.8706671818 8.84780465074 6.37333084277 0.558576211976 -0.0113815855637 -0.829375111107 0.798896231709 0.276285629255 0.534257486638 0.0 0.0 0.0 0.0 0.0 0.0
26.3241900326 8.61608813332 6.54453125594 0.321671587664 0.554289069615 -0.767652927432 0.798896231709 0.276285629255 0.534257486638 0.0 0.0 0.0 0.0 0.0 0.0
26.8510379319 8.51072182676 6.54074516013 -0.0374414508641 0.909376040028 -0.414286562153 0.798896231709 0.276285629255 0.534257486638 0.0 0.0 0.0 0.0 0.0 0.0
27.3693510514 8.61264781714 6.44252242946 -0.382329856221 0.918975848878 0.09647419459 0.798896231709 0.276285629255 0.534257486638 0.0 0.0 0.0 0.0 0.0 0.0
27.8005120681 8.92405438119 6.36629099447 -0.581964756985 0.579441368282 0.570582791846 0.798896231709 0.276285629255 0.534257486638 0.0 0.0 0.0 0.0 0.0 0.0
28.0990142001 9.36754462337 6.42012392484 -0.560501516639 0.0197674241328 0.827917446844 0.798896231709 0.276285629255 0.534257486638 0.0 0.0 0.0 0.0 0.0 0.0
28.2697499937 9.8155408505 6.66268066326 -0.326094379036 -0.547416494938 0.770712421744 0.798896231709 0.276285629255 0.534257486638 0.0 0.0 0.0 0.0 0.0 0.0
28.3661525634 10.1387534704 7.08092132248 0.0322014651702 -0.906627735266 0.420700862 0.798896231709 0.276285629255 0.534257486638 0.0 0.0 0.0 0.0 0.0 0.0
28.4698954581 10.2553002695 7.59506075642 0.378263434378 -0.921395940959 -0.089141988962 0.798896231709 0.276285629255 0.534257486638 0.0 0.0 0.0 0.0 0.0 0.0
28.6598635146 10.1618148349 8.08888027118 0.580616800639 -0.586110423763 -0.565118307942 0.798896231709 0.276285629255 0.534257486638 0.0 0.0 0.0 0.0 0.0 0.0
28.982183189 9.9347255107 8.45388104985 0.562384136941 -0.0281517573361 -0.826396733461 0.798896231709 0.276285629255 0.534257486638 0.0 0.0 0.0 0.0 0.0 0.0
29.4326983452 9.70121899256 8.63050466714 0.330492337059 0.540502232375 -0.773713223322 0.798896231709 0.276285629255 0.534257486638 0.0 0.0 0.0 0.0 0.0 0.0
29.95854924 9.5909199753 8.63076033082 -0.0269590272101 0.903810387292 -0.427083123847 0.798896231709 0.276285629255 0.534257486638 0.0 0.0 0.0 0.0 0.0 0.0
30.4782548237 9.68664456427 8.53366238298 -0.374168206311 0.923745865173 0.0818029948265 0.798896231709 0.276285629255 0.534257486638 0.0 0.0 0.0 0.0 0.0 0.0
30.9126687529 9.99293705226 8.45521143039 -0.579224628075 0.592734844667 0.559610788092 0.798896231709 0.276285629255 0.534257486638 0.0 0.0 0.0 0.0 0.0 0.0
31.21504841 10.4343434667 8.50432377455 -0.564223929514 0.036533946674 0.824813086768 0.798896231709 0.276285629255 0.534257486638 0.0 0.0 0.0 0.0 0.0 0.0
31.3888132046 10.8840777955 8.74145228779 -0.33486512681 -0.533546808475 0.776655103641 0.798896231709 0.276285629255 0.534257486638 0.0 0.0 0.0 0.0 0.0 0.0
31.486245483 11.2121901125 9.15561935635 0.0217145362157 -0.900924210658 0.433432861661 0.798896231709 0.276285629255 0.534257486638 0.0 0.0 0.0 0.0 0.0 0.0
31.5886275907 11.3349367274 9.66858745936 0.370044483885 -0.926025442562 -0.0744577710762 0.798896231709 0.276285629255 0.534257486638 0.0 0.0 0.0 0.0 0.0 0.0
