
#id1 id2 FENE BEXC STCK NEXC HB CRSTCK CXSTCK total, t = 100
0 1 0.541835 0 -0 0 0 0 0 0.541835
0 2 0 0 0 0 0 -0 -8.83187e-15 -8.83187e-15
1 2 0.009639 0 -0.696428 0 0 0 0 -0.686789
2 3 0.000111023 0 -0.867406 0 0 0 0 -0.867295
3 4 0.0679127 0 -0.911557 0 0 0 0 -0.843645
4 5 0.0266982 0 -1.23065 0 0 0 0 -1.20395
5 6 0.0145534 0.222816 -0.830148 0 0 0 0 -0.592778
6 7 0.930948 0 -0.631638 0 0 0 0 0.299311
7 8 0.0283067 0 -1.40995 0 0 0 0 -1.38164
8 9 0.0309079 0.010817 -1.08309 0 0 0 0 -1.04136
9 10 0.187758 0 -1.09989 0 0 0 0 -0.912131
10 11 0.205314 0 -1.0783 0 0 0 0 -0.872987
11 12 0.230943 6.60653e-05 -1.08778 0 0 0 0 -0.856767
12 13 0.0746068 0 -1.41394 0 0 0 0 -1.33933
13 14 0.162915 0 -1.33683 0 0 0 0 -1.17392
14 15 0.212887 0 -1.18801 0 0 0 0 -0.975124
15 16 0.0212923 0 -1.30664 0 0 0 0 -1.28534
16 17 0.0926904 0 -1.28908 0 0 0 0 -1.19639
17 18 0.341562 0 -1.35316 0 0 0 0 -1.0116
18 19 0.000502046 0 -1.19281 0 0 0 0 -1.1923
19 20 0.358147 0 -1.25717 0 0 0 0 -0.899023
20 21 0.0485186 0 -1.27928 0 0 0 0 -1.23077
21 22 0.0324145 0 -0.842759 0 0 0 0 -0.810344
22 23 0.0440071 0 -0.949408 0 0 0 0 -0.905401
23 24 0.00823904 0 -1.31699 0 0 0 0 -1.30875
25 26 0.0971562 0 -1.24433 0 0 0 0 -1.14718
26 27 0.284114 0 -1.31173 0 0 0 0 -1.02762
27 28 0.0723795 0 -1.42556 0 0 0 0 -1.35318
28 29 0.194878 0 -1.25504 0 0 0 0 -1.06017
29 30 0.487233 0 -1.00792 0 0 0 0 -0.520687
30 31 0.000720607 0 -0.00219382 0 0 0 0 -0.00147321
31 32 0.0218463 0 -0.665039 0 0 0 0 -0.643193
32 33 0.00814503 0 -1.21609 0 0 0 0 -1.20795
33 34 0.740801 0 -1.15867 0 0 0 0 -0.417872
34 35 0.0811379 0 -1.17605 0 0 0 0 -1.09491
35 36 0.120465 0 -1.42094 0 0 0 0 -1.30048
36 37 0.042622 0 -1.26724 0 0 0 0 -1.22462
37 38 0.152908 0 -1.11301 0 0 0 0 -0.960102
38 39 0.242195 0 -1.41507 0 0 0 0 -1.17287
39 40 0.00144095 0 -1.2767 0 0 0 0 -1.27526
40 41 0.0213934 0 -1.00767 0 0 0 0 -0.98628
41 42 0.123013 0 -1.12071 0 0 0 0 -0.997694
42 43 0.0358915 0 -0.778867 0 0 0 0 -0.742975
43 44 0.598301 0 -1.25679 0 0 0 0 -0.658487
44 45 0.262546 0 -0.827027 0 0 0 0 -0.564481
45 46 0.556745 0 -0.745018 0 0 0 0 -0.188273
46 47 0.0182475 0 -1.20879 0 0 0 0 -1.19054
47 48 0.497535 0 -1.06012 0 0 0 0 -0.562586
47 49 0 0 0 0.624675 0 -0 -4.86217e-16 0.624675
48 49 0.84955 0 -0 0 0 0 0 0.84955
#Total energy per particle is  -0.811423 and should be -0.81142310

