
#id1 id2 FENE BEXC STCK NEXC HB CRSTCK CXSTCK total, t = 100
0 1 0.109186 0 -1.19128 0 0 0 0 -1.08209
1 2 0.460215 0 -1.41329 0 0 0 0 -0.953073
2 3 0.117667 0 -1.32305 0 0 0 0 -1.20538
3 4 0.125248 0 -1.07729 0 0 0 0 -0.952041
4 5 0.0836318 0 -1.16206 0 0 0 0 -1.07843
5 6 0.051235 0 -1.11847 0 0 0 0 -1.06724
6 7 0.0138626 0 -1.26833 0 0 0 0 -1.25447
7 8 0.545712 0 -1.2624 0 0 0 0 -0.716686
8 9 0.11301 0 -1.35912 0 0 0 0 -1.24611
9 10 0.163807 0 -1.43275 0 0 0 0 -1.26894
10 11 0.101775 0 -1.24959 0 0 0 0 -1.14782
11 12 0.251825 0 -1.36307 0 0 0 0 -1.11125
12 13 0.0665634 0 -1.3948 0 0 0 0 -1.32824
13 14 0.403103 0 -1.17911 0 0 0 0 -0.776009
14 15 0.0177443 0 -1.09758 0 0 0 0 -1.07984
15 16 0.122922 0 -1.0565 0 0 0 0 -0.933581
16 17 0.00290984 0 -1.38617 0 0 0 0 -1.38326
17 18 0.0542231 0 -1.2016 0 0 0 0 -1.14738
18 19 0.0780343 0 -1.26541 0 0 0 0 -1.18738
19 20 0.247265 0 -1.14701 0 0 0 0 -0.899746
20 21 0.250994 0 -1.28118 0 0 0 0 -1.03018
21 22 0.169102 0 -1.24066 0 0 0 0 -1.07156
22 23 0.113222 0 -1.34558 0 0 0 0 -1.23236
23 24 2.04189e-06 0 -1.35166 0 0 0 0 -1.35165
#Total energy per particle is  -1.06019 and should be -1.0601910

