
#id1 id2 FENE BEXC STCK NEXC HB CRSTCK CXSTCK total, t = 100
0 1 0.0710774 0 -1.19152 0 0 0 0 -1.12045
1 2 0.210091 0 -1.12057 0 0 0 0 -0.910477
2 3 0.112604 0 -1.22854 0 0 0 0 -1.11594
3 4 0.0044688 0 -0.917418 0 0 0 0 -0.912949
4 5 0.125481 0 -1.28842 0 0 0 0 -1.16294
5 6 2.07768 0 0 0 0 0 0 2.07768
6 7 1.97417 0 0 0 0 0 0 1.97417
7 8 0.0328403 0 -0.993487 0 0 0 0 -0.960647
8 9 0.000484671 0 -0.935122 0 0 0 0 -0.934638
9 10 0.138145 0 -1.04295 0 0 0 0 -0.90481
10 11 0.0627635 0 -1.13023 0 0 0 0 -1.06747
11 12 0.147067 0 -1.39918 0 0 0 0 -1.25211
12 13 0.109737 0 -1.02252 0 0 0 0 -0.912786
13 14 0.147979 0 -1.22237 0 0 0 0 -1.07439
14 15 0.0456894 0 -0.826102 0 0 0 0 -0.780413
15 16 0.119806 0 -1.23466 0 0 0 0 -1.11486
16 17 0.347875 0 -1.30509 0 0 0 0 -0.957214
17 18 0.352766 0 -1.36301 0 0 0 0 -1.01024
18 19 0.0198268 0 -1.019 0 0 0 0 -0.999171
19 20 0.109286 0 -1.14431 0 0 0 0 -1.03502
20 21 0.330574 0 -1.06093 0 0 0 0 -0.730356
21 22 0.252488 0 -1.33104 0 0 0 0 -1.07855
22 23 0.0131453 0 -1.24136 0 0 0 0 -1.22821
23 24 0.00116131 0 -1.19468 0 0 0 0 -1.19351
25 26 0.154315 0 -0.150431 0 0 0 0 0.00388362
26 27 0.165239 0 -1.25449 0 0 0 0 -1.08925
27 28 0.0401208 0 -1.25712 0 0 0 0 -1.217
28 29 0.108185 0 -1.23761 0 0 0 0 -1.12942
28 30 0 0 0 0 -4.1176e-97 -0 0 -4.1176e-97
29 30 0.0158706 0 -0 0 0 0 0 0.0158706
28 31 0 0 0 0 0 -0.000758191 0 -0.000758191
30 31 0.0798762 0.0707483 -0.382635 0 0 0 0 -0.23201
31 32 1.59976 0 0 0 0 0 0 1.59976
32 33 0.15207 0 -1.22643 0 0 0 0 -1.07436
33 34 0.137861 0 -1.16251 0 0 0 0 -1.02465
34 35 0.364094 0 -1.19705 0 0 0 0 -0.832957
35 36 0.133455 0 -1.29683 0 0 0 0 -1.16337
36 37 0.0448475 0 -1.40117 0 0 0 0 -1.35632
37 38 0.228762 0 -1.18212 0 0 0 0 -0.953358
38 39 0.257651 0 -1.32177 0 0 0 0 -1.06411
39 40 0.0336954 0 -1.23322 0 0 0 0 -1.19953
40 41 0.12694 0 -1.2058 0 0 0 0 -1.07886
41 42 0.428398 0 -1.19309 0 0 0 0 -0.764691
42 43 0.0888235 0 -1.33128 0 0 0 0 -1.24246
43 44 0.126895 0 -0.977799 0 0 0 0 -0.850904
44 45 0.134104 0 -1.2424 0 0 0 0 -1.1083
45 46 0.444689 0 -1.27351 0 0 0 0 -0.82882
46 47 0.345074 0 -1.21602 0 0 0 0 -0.870942
47 48 0.242658 0 -1.0407 0 0 0 0 -0.79804
48 49 0.0104574 0 -1.39753 0 0 0 0 -1.38708
#Total energy per particle is  -0.76106 and should be -0.7610610

