t = 0
b =  30.0 30.0 30.0
E = 0. 0. 0.
13.1442755281 16.9383865467 0.699951478588 -0.334272308148 0.0980305845507 0.937364405393 0.673229219991 0.720860089022 0.164691072634 0.0 0.0 0.0 0.0 0.0 0.0
13.1365265823 17.4719146086 0.762982130896 0.115975506571 -0.322908707857 0.939297422687 0.673229219991 0.720860089022 0.164691072634 0.0 0.0 0.0 0.0 0.0 0.0
13.1552142567 17.9318356203 1.04012566026 0.522162287338 -0.621169583404 0.584375644886 0.673229219991 0.720860089022 0.164691072634 0.0 0.0 0.0 0.0 0.0 0.0
13.292928841 18.250161006 1.45047763626 0.729970885057 -0.683437748814 0.00743978935372 0.673229219991 0.720860089022 0.164691072634 0.0 0.0 0.0 0.0 0.0 0.0
13.5970403116 18.4126967354 1.86252551249 0.66045133908 -0.48605648698 -0.572322566541 0.673229219991 0.720860089022 0.164691072634 0.0 0.0 0.0 0.0 0.0 0.0
14.0517016856 18.4644358732 2.14411244166 0.340015287229 -0.104014239311 -0.934650010684 0.673229219991 0.720860089022 0.164691072634 0.0 0.0 0.0 0.0 0.0 0.0
14.5838695551 18.492464962 2.21264587148 -0.109598256992 0.317544756897 -0.941888289253 0.673229219991 0.720860089022 0.164691072634 0.0 0.0 0.0 0.0 0.0 0.0
15.0910544984 18.592878388 2.06647583613 -0.517573590997 0.618463190895 -0.591287459202 0.673229219991 0.720860089022 0.164691072634 0.0 0.0 0.0 0.0 0.0 0.0
15.4802585254 18.8342705179 1.78552180586 -0.728914064413 0.684417118519 -0.0160466376019 0.673229219991 0.720860089022 0.164691072634 0.0 0.0 0.0 0.0 0.0 0.0
15.7033065685 19.2316755515 1.50090994404 -0.663327897966 0.490349539974 0.565290569909 0.673229219991 0.720860089022 0.164691072634 0.0 0.0 0.0 0.0 0.0 0.0
15.7751489964 19.7408557781 1.34515608541 -0.34573237283 0.109989972985 0.931864438757 0.673229219991 0.720860089022 0.164691072634 0.0 0.0 0.0 0.0 0.0 0.0
15.768181719 20.2751082225 1.40182075492 0.103212661081 -0.312156623675 0.944407427379 0.673229219991 0.720860089022 0.164691072634 0.0 0.0 0.0 0.0 0.0 0.0
15.7847417709 20.7382045548 1.67376312722 0.512945479424 -0.61570970002 0.598154244689 0.673229219991 0.720860089022 0.164691072634 0.0 0.0 0.0 0.0 0.0 0.0
15.918227761 21.0609498415 2.08205477842 0.727801734142 -0.685344367211 0.0246522638364 0.673229219991 0.720860089022 0.164691072634 0.0 0.0 0.0 0.0 0.0 0.0
16.2176161793 21.2274708582 2.49596591393 0.666153941864 -0.494605250951 -0.558215524212 0.673229219991 0.720860089022 0.164691072634 0.0 0.0 0.0 0.0 0.0 0.0
16.6688544096 21.2812465924 2.78263180314 0.351423129572 -0.115957330496 -0.929007901746 0.673229219991 0.720860089022 0.164691072634 0.0 0.0 0.0 0.0 0.0 0.0
17.2001995534 21.3085898495 2.85753031191 -0.0968192051263 0.306744718517 -0.946854645223 0.673229219991 0.720860089022 0.164691072634 0.0 0.0 0.0 0.0 0.0 0.0
17.7094747563 21.4058555747 2.71659327451 -0.508278305066 0.612909320468 -0.604975478414 0.673229219991 0.720860089022 0.164691072634 0.0 0.0 0.0 0.0 0.0 0.0
18.1028879036 21.6428339989 2.43775205776 -0.726633978951 0.686219424275 -0.0332560127057 0.673229219991 0.720860089022 0.164691072634 0.0 0.0 0.0 0.0 0.0 0.0
18.3306648125 22.0362361624 2.15133013188 -0.66892925556 0.498823295824 0.551097968241 0.673229219991 0.720860089022 0.164691072634 0.0 0.0 0.0 0.0 0.0 0.0
18.4059592765 22.5433451119 1.9905310052 -0.357087124081 0.121915857408 0.926080617186 0.673229219991 0.720860089022 0.164691072634 0.0 0.0 0.0 0.0 0.0 0.0
18.3998557194 23.0782447849 2.04083198434 0.0904183760142 -0.301309453562 0.94922975642 0.673229219991 0.720860089022 0.164691072634 0.0 0.0 0.0 0.0 0.0 0.0
18.4143630339 23.5444609585 2.30750991633 0.503572423347 -0.610062265498 0.611750640915 0.673229219991 0.720860089022 0.164691072634 0.0 0.0 0.0 0.0 0.0 0.0
18.5436596982 23.8716134195 2.71363642616 0.725410887769 -0.687042223074 0.0418572290008 0.673229219991 0.720860089022 0.164691072634 0.0 0.0 0.0 0.0 0.0 0.0
18.8383137972 24.0421545842 3.12930429266 0.671653627704 -0.503003353371 -0.543938444026 0.673229219991 0.720860089022 0.164691072634 0.0 0.0 0.0 0.0 0.0 0.0
19.2860713618 24.0980361186 3.42098137373 0.362723925024 -0.127865099955 -0.923082808002 0.673229219991 0.720860089022 0.164691072634 0.0 0.0 0.0 0.0 0.0 0.0
19.8165118564 24.1247707994 3.50224169967 -0.0840106611927 0.295851242725 -0.951532580096 0.673229219991 0.720860089022 0.164691072634 0.0 0.0 0.0 0.0 0.0 0.0
